272.503608 749.840287
268.023661 755.057867
280.944351 732.292931
279.604484 751.384346
269.519750 755.813633
286.478902 724.791563
283.236204 730.078234
289.321543 751.214129
293.099028 728.863317
300.674132 762.169290
298.929842 716.184516
319.590362 761.558246
306.579314 697.260980
308.969007 697.348827
309.272205 755.544059
324.333102 671.767139
333.884275 662.398685
329.700916 759.709655
332.945487 659.874025
330.488790 758.394772
341.172406 643.762467
358.662111 752.986603
348.744916 631.660375
362.066913 611.051958
370.836011 495.335900
359.580820 544.972749
353.282169 746.781554
361.485150 614.463352
372.964838 487.558070
371.424688 495.517917
359.894754 742.737482
373.437630 601.168046
379.737414 480.140732
371.098575 503.819407
386.603746 584.749492
374.420257 760.936327
377.249771 599.820610
387.619415 464.917654
393.328958 466.870144
381.685168 494.789553
399.072621 566.948819
384.193114 756.022610
405.985339 438.790607
400.589647 563.617676
387.793365 510.257636
397.164450 768.827888
412.378570 433.718288
407.254965 546.706043
413.131487 538.616955
407.601003 511.493003
417.097610 417.309974
409.058543 546.252274
404.156477 740.785886
417.637567 502.556991
421.272953 412.727456
417.746021 522.281514
422.671677 758.128897
418.513424 524.228846
440.818337 286.022884
440.896408 318.423848
434.714809 388.676789
435.586837 499.505786
426.070542 760.916856
439.226986 282.196566
439.236321 322.765308
433.148130 388.848953
441.141763 377.955427
435.308185 761.510161
449.343743 318.690768
439.495576 284.709217
445.505945 365.518542
441.573520 760.333051
443.874901 278.881065
451.628660 305.009111
448.870549 367.225122
455.588253 756.681496
450.641920 360.938163
456.433522 273.835723
463.607833 329.126513
460.860240 354.165316
474.869658 262.410886
457.394139 759.969645
486.827444 323.012189
462.396989 322.042069
478.324951 269.079990
477.023476 761.141730
491.800624 253.874727
494.138633 746.342706
479.941067 258.170529
497.828085 235.415004
494.391814 781.996795
500.139676 245.665312
507.358559 767.235986
521.466967 242.463473
521.819177 775.954936
522.481904 210.671922
533.320631 191.541564
508.347657 764.593892
537.254716 803.488063
512.876256 787.717321
527.942937 817.916919
527.445448 816.485755
527.854124 829.986360
528.120410 849.857524
531.358698 852.743242
530.048741 853.732871
528.174749 868.523886
530.335307 875.451330
544.363572 876.406986
528.078270 913.432278
528.260332 916.859841
530.156726 900.769492
532.208198 923.968533
536.756088 179.515943
536.858956 941.592964
533.581074 957.383106
531.740740 964.199290
531.320901 942.799119
532.060281 987.420318
542.008868 990.863190
540.928086 1000.403240
541.556141 1002.866374
543.411943 1004.245467
541.114813 1024.062798
542.804723 1035.476601
549.358142 1046.814782
549.852660 1065.847877
548.640211 1055.894658
539.143799 175.810139
549.516496 1078.843492
546.197495 187.057304
548.076324 1078.740125
547.685828 172.062880
562.279234 1075.598846
568.381106 159.028334
575.907256 134.574012
566.603928 1082.984266
569.989085 155.811582
569.330208 1084.407342
577.712390 135.328690
589.990921 1080.450051
595.422061 122.963093
607.684455 1090.536213
598.311877 124.291762
596.731845 125.799505
610.914647 1094.422108
622.737626 149.208749
611.877457 1070.186706
605.028908 140.411078
618.083629 144.411446
625.919884 1093.084206
631.715772 154.662013
634.708440 1083.312690
640.437056 164.028529
653.384593 1085.844087
641.651628 163.670441
657.759042 780.106657
652.195971 177.189128
659.833691 804.913541
659.620338 1076.920054
669.933233 798.908652
668.992635 807.496668
670.140288 811.442405
657.094004 823.616589
658.379076 850.863903
658.807850 847.558857
667.977890 877.905969
662.980363 865.270682
663.911127 878.898057
657.102572 873.128416
666.379112 901.560243
652.122688 911.120314
665.058857 919.577888
668.106050 918.983975
664.007900 953.062187
668.822050 196.740463
663.961495 776.063983
666.397993 943.106949
662.483833 955.547775
661.636975 1083.561505
666.570912 197.167349
664.862444 953.186917
666.171484 989.929538
667.357801 1002.977247
669.726254 1010.939361
665.371181 998.643779
659.541300 784.207589
671.992698 1018.882725
662.366050 1022.652871
667.764138 1032.811843
671.868301 1045.127637
667.941202 1069.904011
666.566914 1077.910973
686.658828 211.057949
673.292766 1049.104996
681.380073 207.372118
694.417338 771.621833
695.304512 219.249010
698.884852 226.252522
700.168648 780.813803
704.431358 229.814260
706.254960 776.653694
715.359443 245.716937
718.222657 781.068286
717.149180 253.440090
716.855144 313.988906
734.834337 319.190359
737.442500 784.578519
722.657590 254.266268
732.630254 318.260551
728.260497 316.971085
749.808841 281.655549
736.543668 788.135852
737.110167 350.586358
742.132992 309.799086
747.556551 277.228002
743.634794 326.569615
750.985442 772.109985
747.174099 313.494770
756.712432 341.029032
762.605464 295.997946
749.771291 781.027462
760.873490 345.572601
760.217008 294.808905
759.582099 313.375814
766.294737 359.795745
766.378347 777.451596
759.955130 303.679724
759.745730 309.158649
777.622753 379.547135
775.727368 775.210238
783.989971 395.881428
788.059237 397.753318
787.329610 779.773692
793.279922 405.296070
797.049760 771.309120
800.062672 412.461407
806.871167 420.442605
819.578205 493.403269
802.404929 779.458145
808.537687 511.262351
804.570728 437.731499
814.329257 510.421294
818.641938 517.854374
809.564766 781.707608
819.702799 445.407084
836.536353 541.379239
827.406316 521.744415
827.011289 779.143161
828.614757 544.375314
828.561884 445.487204
833.378930 448.773461
835.278580 500.621005
834.710553 533.158348
831.936981 784.807509
839.865423 458.972372
841.282176 552.829995
840.573045 462.534224
855.010349 487.680964
856.004024 779.868382
849.907068 565.826643
848.720063 566.048128
842.193206 477.383203
849.962736 479.973712
858.441192 578.497525
860.142272 776.296895
863.534973 597.988211
868.346988 610.359289
865.916710 765.120782
869.702946 606.037459
880.382952 624.268491
874.424068 770.359470
882.743801 628.049029
881.103470 639.737148
891.353358 776.823841
893.488752 645.448830
889.568687 636.208848
882.016643 784.884517
901.963146 651.643468
907.834806 766.412824
905.896503 657.189418
913.350633 677.847477
908.539079 764.302720
917.145623 684.521447
936.927792 757.198470
914.950972 701.754765
929.845257 704.923230
926.437037 763.981385
932.462536 717.002768
941.417302 724.074920
940.813620 759.280137
943.596992 754.911769
938.964119 760.226051
944.341539 734.940826
945.358837 748.044270
