264.000000 737.000000
264.000000 747.000000
272.000000 729.000000
271.568934 719.363667
279.000000 762.000000
280.000000 721.000000
262.634875 647.717002
289.000000 765.000000
295.000000 706.000000
299.000000 765.000000
303.000000 699.000000
309.000000 765.000000
310.000000 691.000000
315.000000 681.000000
319.000000 762.000000
323.000000 674.000000
329.000000 662.000000
329.000000 760.000000
337.000000 654.000000
339.000000 760.000000
344.000000 642.000000
349.000000 760.000000
352.000000 634.000000
357.000000 624.000000
396.918657 446.579406
366.393832 463.235428
359.000000 760.000000
364.000000 612.000000
367.000000 474.000000
367.000000 499.000000
369.000000 760.000000
372.000000 604.000000
375.000000 466.000000
375.000000 505.000000
377.000000 594.000000
379.000000 760.000000
377.715358 557.571015
383.000000 459.000000
384.000000 447.000000
394.855993 508.715185
387.000000 574.000000
389.000000 760.000000
392.000000 439.000000
394.000000 562.000000
395.000000 505.000000
399.000000 760.000000
401.000000 434.000000
402.000000 554.000000
399.824870 553.053747
405.000000 505.000000
409.000000 422.000000
409.000000 532.000000
409.000000 760.000000
414.000000 500.000000
440.262160 394.126458
417.000000 524.000000
418.000000 765.000000
422.000000 514.000000
424.000000 297.000000
424.000000 307.000000
403.598984 412.049207
424.000000 500.000000
428.000000 765.000000
432.000000 289.000000
432.000000 314.000000
432.000000 394.000000
437.000000 384.000000
468.753603 754.167974
440.000000 320.000000
441.000000 284.000000
445.000000 376.000000
447.000000 770.000000
450.000000 279.000000
450.000000 320.000000
450.000000 366.000000
457.000000 770.000000
452.788387 347.994507
459.000000 272.000000
460.000000 320.000000
462.000000 349.000000
467.000000 264.000000
474.405790 799.434360
469.000000 332.000000
470.000000 320.000000
476.000000 259.000000
477.000000 770.000000
484.000000 252.000000
487.000000 770.000000
492.000000 244.000000
497.000000 234.000000
497.000000 770.000000
505.000000 226.000000
507.000000 770.000000
513.000000 219.000000
517.000000 770.000000
520.935494 185.709205
524.000000 197.000000
524.000000 778.000000
524.000000 788.000000
524.000000 798.000000
524.000000 808.000000
524.000000 818.000000
524.000000 828.000000
524.000000 838.000000
524.000000 848.000000
524.000000 858.000000
524.000000 868.000000
524.000000 878.000000
524.000000 888.000000
525.000000 898.000000
529.000000 908.000000
529.000000 918.000000
529.000000 928.000000
532.000000 189.000000
534.000000 937.000000
534.000000 947.000000
534.000000 957.000000
520.288739 944.368662
534.000000 977.000000
534.000000 987.000000
534.000000 997.000000
534.000000 1007.000000
534.000000 1017.000000
534.000000 1027.000000
534.000000 1037.000000
552.654140 1037.539555
539.000000 1056.000000
539.000000 1066.000000
540.000000 181.000000
544.000000 1075.000000
548.000000 174.000000
550.000000 1083.000000
552.000000 164.000000
558.000000 1090.000000
559.000000 152.000000
566.828064 150.914390
568.000000 1090.000000
574.000000 127.000000
578.000000 1090.000000
582.000000 119.000000
588.000000 1090.000000
591.000000 114.000000
598.000000 1090.000000
600.000000 119.000000
608.000000 125.000000
608.000000 1090.000000
615.000000 133.000000
618.000000 1090.000000
620.000000 142.000000
627.000000 150.000000
627.000000 1095.000000
635.000000 157.000000
637.000000 1095.000000
695.924899 210.749797
647.000000 1095.000000
650.000000 172.000000
655.000000 780.000000
657.000000 180.000000
657.000000 790.000000
657.000000 1095.000000
660.000000 800.000000
660.000000 810.000000
660.000000 820.000000
660.000000 830.000000
660.000000 840.000000
660.000000 850.000000
660.000000 860.000000
660.000000 870.000000
660.000000 880.000000
660.000000 890.000000
660.000000 900.000000
660.000000 910.000000
660.000000 920.000000
660.000000 930.000000
662.000000 940.000000
665.000000 187.000000
665.000000 780.000000
665.000000 950.000000
665.000000 960.000000
667.000000 1094.000000
670.000000 196.000000
670.000000 969.000000
670.000000 979.000000
670.000000 989.000000
670.000000 999.000000
670.000000 1009.000000
675.000000 780.000000
691.033644 1029.555212
675.000000 1028.000000
675.000000 1038.000000
675.000000 1048.000000
675.000000 1058.000000
675.000000 1085.000000
676.000000 204.000000
680.000000 1067.000000
684.000000 211.000000
694.784464 781.535352
690.000000 219.000000
695.000000 228.000000
695.000000 780.000000
705.000000 232.000000
705.000000 780.000000
693.066086 250.417201
715.000000 780.000000
720.000000 247.000000
720.000000 315.000000
725.000000 324.000000
710.719809 743.360872
727.000000 255.000000
730.000000 315.000000
730.000000 333.000000
735.000000 262.000000
735.000000 780.000000
738.000000 340.000000
740.000000 315.000000
744.000000 267.000000
737.822031 281.190321
745.000000 780.000000
750.000000 315.000000
750.000000 357.000000
752.000000 274.000000
755.000000 780.000000
757.000000 365.000000
759.000000 282.000000
760.000000 310.000000
739.880710 375.143206
765.000000 780.000000
760.198146 276.798295
768.000000 303.000000
769.000000 382.000000
775.000000 780.000000
776.291343 397.445691
784.000000 397.000000
785.000000 780.000000
792.000000 404.000000
795.000000 780.000000
799.000000 412.000000
804.000000 421.000000
791.856741 492.029580
805.000000 775.000000
810.000000 514.000000
813.000000 426.000000
809.734477 545.341254
806.679546 499.906824
815.000000 775.000000
782.037157 481.602995
823.000000 530.000000
825.000000 505.000000
834.851979 724.056035
827.000000 540.000000
828.000000 440.000000
832.000000 450.000000
874.935337 541.116642
835.000000 547.000000
762.119678 766.884247
826.765291 478.437903
840.000000 556.000000
845.000000 466.000000
845.000000 495.000000
845.000000 770.000000
846.000000 564.000000
850.000000 574.000000
851.000000 474.000000
853.000000 488.000000
855.000000 583.000000
855.000000 770.000000
860.000000 592.000000
865.000000 601.000000
865.000000 770.000000
871.000000 609.000000
875.000000 619.000000
875.000000 770.000000
883.000000 625.000000
885.000000 635.000000
885.000000 770.000000
890.000000 644.000000
895.000000 653.000000
888.347712 740.632004
900.000000 662.000000
905.000000 770.000000
907.000000 670.000000
906.790326 667.939197
915.000000 770.000000
920.000000 686.000000
925.000000 770.000000
926.000000 694.000000
934.000000 701.000000
935.000000 770.000000
970.278678 689.421633
945.000000 719.000000
945.000000 770.000000
950.000000 728.000000
953.000000 763.000000
955.000000 737.000000
959.000000 747.000000
