266.997760 757.016200
274.497268 758.048217
273.218421 759.808463
262.695686 751.456611
276.405008 757.359275
280.476015 739.187965
300.285161 715.767969
298.401274 757.499737
304.507024 688.872190
300.500892 746.284347
316.194175 693.282211
324.661530 769.426346
308.447953 689.470491
308.571441 694.821827
324.972752 746.580192
339.997277 652.840923
330.786916 690.833109
335.210402 765.727820
330.344706 661.601276
334.608191 765.291579
339.153765 649.782764
356.030827 765.813850
354.987538 628.829877
360.326538 615.273911
374.698852 484.083468
380.615889 474.541331
369.369916 765.596732
363.985072 605.644012
368.889838 498.022943
378.869336 513.291512
365.945936 762.189038
365.453256 598.159962
393.024169 459.223018
363.726620 494.591238
386.887575 560.655947
389.795841 762.083812
390.829607 601.133750
387.382028 468.321477
400.427512 447.016410
387.702503 473.306535
385.474428 596.380429
397.314923 770.555823
396.392501 455.119354
392.476396 546.630100
396.396684 504.612676
394.969262 753.481203
403.191988 453.262999
393.277312 549.502207
387.507910 521.546691
408.278847 518.597371
419.157717 416.484257
396.756292 532.758400
417.299716 759.040000
407.699019 518.020750
422.935197 410.405374
409.585462 518.604031
403.942791 738.046232
439.082339 495.336386
441.947130 302.446624
437.904533 340.215194
421.990011 411.821475
422.155969 508.694153
431.713268 763.423538
449.009296 288.347826
437.002824 328.315103
447.908911 374.395979
448.280820 386.042771
446.504916 762.275576
447.071442 308.244660
453.154019 280.169308
442.722405 383.977342
440.924930 759.195017
453.993318 288.198850
451.728086 326.679554
448.724024 379.008529
463.748651 768.413355
469.162795 356.071943
465.606959 265.438270
456.956236 302.425782
434.664988 369.875265
480.055904 250.683838
470.718190 764.381396
467.475730 296.363661
475.455547 300.790842
474.510127 249.869462
488.468027 777.757935
475.871624 248.865866
485.013851 787.846775
493.112767 234.233054
474.650149 249.073903
496.324847 768.618613
507.148733 222.016894
514.262928 771.134906
501.490806 224.749722
509.796440 761.495429
523.649678 202.516215
540.021393 179.539398
515.261755 769.165173
521.770599 784.796307
494.043413 783.345692
510.445369 805.463340
511.382330 822.205633
517.843191 831.265278
517.324456 864.349077
516.987108 843.409139
518.637243 864.951429
517.006583 864.004766
522.251130 868.672274
513.375971 847.657175
523.364679 885.081554
535.742821 909.853748
529.739597 906.407893
526.286675 909.856177
515.158094 212.576794
531.146633 962.258467
533.929664 943.791840
537.238111 992.297797
527.599674 953.506777
530.399966 979.692631
527.705135 973.906136
526.565923 969.856142
536.473759 1009.032027
547.916198 1045.611742
552.601689 1020.185225
538.598270 1004.630015
538.763118 1063.518905
539.439835 1063.103729
553.314225 1075.723112
537.278576 187.195533
547.693703 1069.780188
553.032963 183.472097
564.408602 1081.349222
538.178376 181.467022
552.764767 1076.762024
574.487796 146.653183
569.002801 162.095723
578.386515 1087.518230
590.468767 129.127069
576.783686 1078.207325
609.099339 102.976948
590.621137 1087.142562
598.746620 116.936610
595.315965 1092.427095
592.477847 150.715175
596.993781 127.270449
599.612924 1089.031120
599.198252 110.016810
628.363732 1063.502804
625.400124 167.924419
624.180252 166.537576
636.368624 1069.333480
619.564242 172.573323
638.558116 1078.713999
625.502587 171.755521
654.296303 1079.095226
642.295100 172.859580
651.063174 785.888392
659.020478 193.024637
651.299811 799.615781
652.546327 1075.628074
657.613355 799.537767
674.535144 817.507219
651.159456 798.908936
672.491053 813.510036
659.605379 835.434801
668.291965 835.286657
663.092176 854.034763
641.698111 875.699112
659.563909 906.955690
659.108842 901.331430
671.182469 889.640437
649.498406 906.565677
676.060893 929.868666
655.102105 944.012812
656.244173 955.047671
663.472308 195.967943
671.623905 795.141695
644.437601 958.155948
663.083514 966.252503
641.261046 1085.793048
664.598638 197.465870
667.129855 962.194415
663.833422 984.925545
664.772777 1001.065209
661.600636 1020.487709
666.400282 1017.812090
658.371807 792.460165
663.852148 1017.434995
655.599429 1012.410968
665.223870 1019.298419
657.429527 1041.326282
644.419369 1065.619207
651.291463 1066.144185
679.358886 217.838436
653.090533 1062.569496
696.104324 227.934005
694.254519 785.677442
677.927711 214.908658
701.704807 239.183872
715.678178 780.208090
713.915590 245.088954
703.626133 790.869434
710.015896 242.266866
716.000093 780.156507
724.851413 257.121051
735.758561 296.407700
737.757779 303.625876
720.656744 779.828870
718.120402 249.095506
730.049879 317.522225
737.553086 307.488014
722.521065 252.882725
731.956202 779.342778
752.036261 344.206037
742.307063 302.617354
734.179630 271.897803
751.392855 327.175600
743.232212 775.910202
749.041483 305.305252
776.530651 388.711628
748.891303 285.480073
757.115638 777.641975
770.270958 365.345541
769.848233 299.858815
751.919708 295.282138
763.127738 400.944968
757.726379 772.451369
766.008565 310.538366
770.168202 298.801241
780.025806 388.948938
787.628286 805.542966
786.026110 397.736745
805.628801 423.366541
774.561791 781.142839
793.789448 404.280013
797.644224 773.086059
796.041514 404.733704
813.801216 431.100049
806.401532 520.776900
837.920854 765.656477
807.256169 519.338799
820.291063 436.940500
807.326034 498.784473
809.904309 520.600921
806.600907 768.965892
832.143806 445.897141
824.505882 528.015223
801.443000 531.463703
820.981738 766.706340
819.943953 518.911746
829.265385 442.926320
827.164310 448.761330
846.169047 531.593641
842.918273 538.476712
807.272689 777.403955
839.186784 455.573448
842.179709 545.878166
842.673724 467.639209
838.304174 500.904425
842.102030 764.710851
851.591905 561.305490
845.977026 560.797635
844.023371 458.862973
844.750954 522.685165
852.787459 570.729372
855.794859 726.998657
859.095268 592.378271
868.201071 612.359740
855.615769 755.651084
863.918547 603.941812
863.620230 617.593507
860.194564 759.418423
877.480876 627.461654
893.518947 655.419895
881.833220 758.214616
877.779139 636.368512
888.224679 645.990685
886.256408 752.872795
885.424967 680.962130
899.687617 759.439540
906.605779 675.966262
910.092764 683.808690
911.159787 762.936277
905.880670 677.572557
929.688495 750.819274
925.616814 700.702729
935.118998 724.491308
933.665032 761.795740
920.092643 694.804174
933.572118 721.901155
938.266503 755.420419
939.926298 740.516518
956.167047 753.376105
946.643532 750.461301
951.425382 758.031005
