270.497338 737.986422
272.567535 739.870393
275.167635 733.959755
279.444298 746.799163
280.835101 754.882376
284.663240 726.472981
298.163099 710.058918
295.858408 766.496714
297.892137 712.347788
304.851562 766.440216
308.348136 696.820400
309.010848 762.867994
305.903878 704.242725
313.911244 687.932130
319.183857 756.109877
327.711189 682.332887
336.732690 666.837568
330.439922 753.745045
342.694322 654.786676
338.936432 758.850456
346.213127 647.324462
351.798626 762.868256
358.949286 633.751596
357.019187 642.196779
369.808141 483.435218
372.827038 499.348270
359.743600 763.836527
371.568209 611.310242
369.316289 480.981688
371.848181 494.384041
364.370788 761.284719
378.036165 615.615368
381.311458 463.258171
378.793681 507.490158
377.352866 596.587266
381.098637 753.730426
378.525173 580.387130
383.903223 459.393485
384.138532 458.185636
383.649488 503.806482
388.664046 566.306428
396.147269 757.983452
392.677696 447.703467
390.023961 567.646736
395.078385 498.259731
397.650370 760.158400
404.633792 439.680061
396.146834 550.373345
403.577740 525.798761
409.038309 502.468038
409.426373 419.052112
405.163113 535.008024
407.985124 757.976735
422.285562 494.531487
411.271938 413.573490
418.931563 512.784801
422.771193 764.532418
422.360810 516.488115
448.765391 311.459193
439.353920 316.219213
420.236599 404.344795
425.203950 499.839418
427.023813 765.902776
449.433059 301.814758
431.721352 322.711684
426.793070 386.445494
438.944000 379.951474
442.464088 769.768315
441.243566 313.602511
454.851547 289.109095
456.388338 373.758926
446.680795 771.031069
453.346662 287.345831
446.233201 315.694905
454.277137 358.306068
456.255854 769.503288
458.675860 357.097530
461.594808 281.686427
455.536161 303.314699
459.561524 350.796069
474.431316 268.215117
464.111938 769.764701
468.069641 319.075642
456.828545 312.744733
480.651836 260.937217
472.127663 769.312025
484.436710 255.555181
491.852745 772.609176
493.884362 242.969844
500.434062 234.557087
495.580056 771.746609
504.754435 228.439540
508.769874 775.949659
510.643428 221.954113
514.333666 767.798978
521.158942 211.427507
526.463841 200.727379
522.682124 788.648858
527.770458 796.769432
533.095534 803.673987
524.742524 803.895779
525.266006 821.284081
525.146328 827.954979
522.273598 831.772184
524.262043 845.666013
521.670123 854.488682
523.492134 870.634447
518.481294 863.557593
526.726257 892.671707
528.185678 892.935029
531.968924 914.777353
528.072575 917.806085
531.479061 929.866304
533.013481 193.007148
534.239477 941.692301
533.979359 946.005674
538.773265 956.739749
533.773171 957.694867
533.525443 971.306631
533.426003 985.097026
532.954630 989.018916
536.945252 1006.075422
535.176244 1013.890067
536.234784 1028.944866
536.078221 1032.810172
538.677368 1042.243279
540.415437 1045.638790
543.100019 1062.376621
545.661542 178.039282
546.539398 1064.132260
547.230595 172.842525
557.146494 1078.960515
554.216412 161.484583
562.938640 1078.736986
563.275419 149.973655
564.696978 145.850255
571.971742 1080.253506
577.347668 133.235906
579.615128 1078.599037
586.617512 121.934848
588.037765 1079.812395
589.010981 121.689694
600.222525 1079.909593
595.033093 124.895467
602.437537 129.203314
608.539538 1081.188545
612.097233 136.171202
624.506911 1072.704143
620.365349 141.488466
620.820157 143.306887
629.274613 1083.678817
632.193722 159.155632
639.878400 1083.513659
637.326763 170.865071
645.169716 1087.278478
648.848279 175.772301
657.272592 783.860796
658.112679 187.533216
661.081847 800.219530
648.238941 1082.579024
660.590161 795.360536
659.421202 810.222457
659.781129 817.675584
653.730855 839.883209
661.432734 844.268813
659.732949 846.897808
658.089164 860.407259
656.237512 865.802006
658.526457 871.961597
658.913900 894.189180
658.527582 905.257852
655.747254 917.490708
659.084523 921.090478
659.307367 921.544890
664.437609 942.650595
662.122023 189.964980
664.394365 775.001313
667.389023 946.189477
666.154538 947.379260
660.756856 1082.080142
665.448136 193.153074
669.214420 977.650024
667.434997 973.262270
669.762024 997.204387
669.340086 997.263923
667.838865 1001.794965
675.297339 784.597481
675.627966 1009.356269
675.514581 1030.963356
676.162665 1039.204406
672.945216 1053.325343
674.254493 1057.671756
665.586537 1081.417197
682.412323 210.608336
673.711031 1062.104085
686.109385 213.665045
690.689324 779.327989
691.427270 220.369787
701.641072 233.458631
696.933373 774.090559
700.831817 228.413902
702.716114 783.727279
713.209154 241.454552
716.614473 778.753202
718.611917 248.657295
720.920713 303.712694
719.566265 322.925147
726.950887 779.490092
733.550263 263.834457
733.285734 319.852705
732.816755 327.983661
735.529112 273.742212
733.903679 780.380174
736.526322 330.717891
737.250945 314.664826
746.294621 275.823762
742.233341 354.485955
740.957553 779.592129
744.643974 313.767705
750.570291 351.011616
739.674508 272.855383
753.681212 778.888015
759.065707 364.415975
750.120897 292.030776
750.385661 319.344695
766.813738 371.596268
764.121175 777.257029
751.766757 304.022872
751.598933 312.567205
773.024866 377.352875
772.022207 778.365052
776.097306 383.728297
788.529438 404.390138
782.919039 779.333846
793.614414 406.896624
799.831209 775.646672
799.396776 413.670154
810.678653 424.169755
800.136866 491.075925
802.160938 776.276401
816.911048 505.240880
812.653634 425.134926
813.533392 497.144957
822.907083 514.986599
814.873626 772.733427
813.304655 428.019964
829.927890 537.155531
826.873220 506.620474
826.038430 770.082692
830.185861 535.597987
821.876335 442.500246
825.090176 455.474744
829.314454 495.872330
834.651606 548.628101
834.476341 761.834881
836.070558 470.421952
836.150039 552.749143
841.667053 481.339175
840.847868 487.913312
843.487214 774.215573
840.545985 558.345324
849.115504 571.663317
845.217923 482.970921
852.573340 485.516202
855.627261 578.666190
852.971792 772.201536
860.713736 594.855986
866.531953 603.536632
870.424250 772.452988
866.986823 609.116735
872.955774 623.588930
876.659903 774.189132
883.660553 637.369192
884.586202 636.742077
878.066993 773.800954
889.257704 644.409291
895.253932 654.585685
893.658035 767.872938
899.084922 661.749552
905.673040 771.104678
906.594890 675.118610
910.217906 681.746901
907.258367 770.734367
911.285932 692.990399
916.572444 768.253272
923.726594 699.739365
929.025037 710.101234
929.137358 756.456772
932.821131 712.993020
937.322269 723.071817
936.901875 754.596269
944.008897 736.443461
944.602440 752.782306
949.395965 743.370600
951.025625 754.797320
