513.189338 731.736742
513.252726 731.664963
509.761339 737.178749
507.992562 739.285463
504.573248 749.654654
505.390888 747.726199
505.982211 746.834379
508.287568 751.518139
509.150665 754.771143
505.324592 759.460553
508.206315 754.121243
506.712732 759.524244
508.014449 767.839617
508.192516 770.448043
507.353408 763.703979
509.955453 760.247755
508.291181 771.594846
509.575928 778.241255
508.621889 774.343905
508.441007 772.264455
516.638169 727.207189
518.960750 722.717920
512.768771 732.386469
513.691201 731.276476
508.438626 786.961321
510.282589 784.190252
507.432258 785.016378
510.202325 786.243671
517.145668 798.375861
516.946380 798.099553
513.687379 796.214548
517.711645 796.911745
517.361271 812.278753
513.636835 806.205303
512.686369 805.929615
512.686200 808.192064
513.597882 818.443477
516.032779 812.196262
512.024237 817.258710
516.206405 818.467773
522.170856 824.389539
518.398484 825.196978
518.197312 824.845744
515.808808 828.218738
517.617469 836.077535
518.950824 834.197625
520.050648 832.938060
517.409394 840.737697
517.980989 842.998332
519.014070 845.320309
521.218039 849.364269
521.073809 845.579518
521.826239 719.463355
521.424992 719.503736
525.488294 719.724816
525.330964 717.280218
523.402474 853.279335
526.178988 855.791234
525.652823 851.861026
526.866572 860.903252
526.221321 867.180811
523.326035 868.769157
524.081483 863.240993
524.418274 863.421916
523.055583 869.019197
524.684594 875.438494
527.328282 880.602997
524.328916 873.534260
528.905103 883.213629
528.313177 882.670237
529.300620 883.618374
529.344020 883.947112
529.706668 894.309446
532.698065 898.205787
529.638481 892.931791
528.439422 885.289659
531.821057 714.561728
526.027349 716.326770
537.577630 711.587448
530.986847 714.894309
535.844014 907.358779
533.230397 899.787573
533.040496 899.342759
535.390670 905.643701
536.735488 908.707401
537.704922 910.588706
538.719438 910.971776
540.435693 912.177304
544.097939 707.892966
542.588695 708.945785
539.878872 709.822351
542.256148 708.976884
544.157261 918.609049
548.840631 920.201377
544.819893 919.004959
543.988428 918.276184
545.121558 707.682524
549.810848 706.149590
549.549673 705.239738
550.544100 704.284816
555.503206 924.857451
549.750575 920.712864
554.398401 924.576988
556.393975 926.593872
558.751831 698.398817
560.510590 696.872086
558.751442 698.638425
559.162988 698.439431
559.722094 928.624882
566.586664 933.105656
559.002202 927.584537
563.704512 932.477680
564.269142 695.261889
572.953378 693.100921
569.416107 693.808613
563.442332 695.407840
566.692381 935.165361
574.203161 942.333667
569.938069 939.115683
571.171545 940.974409
576.922567 943.874028
575.742514 943.126488
575.480216 943.237706
576.984287 943.424300
578.354310 692.362499
570.885362 693.640539
580.121257 691.995681
575.716829 692.743904
589.388278 948.728108
586.223633 948.194997
589.714880 949.660490
582.337511 946.824248
590.734627 690.870220
582.143043 691.887358
583.707472 691.735996
581.913907 691.884408
596.108366 948.971277
589.643726 949.396378
599.660440 946.494209
604.565832 947.114780
603.656905 689.766214
595.044834 690.179970
597.965796 690.021826
600.689091 690.095750
605.899572 946.715100
604.958578 946.807226
605.534672 946.424659
605.154216 947.721315
602.300781 690.215491
607.018055 689.445009
604.422928 689.620936
610.028596 689.152294
617.347591 940.885253
614.433984 942.111441
608.494018 946.558727
611.281428 944.609374
617.032145 688.799092
610.959109 689.133554
616.712717 688.817747
617.386511 688.779291
619.832665 934.550084
627.081774 930.648382
622.882468 932.425769
620.533503 933.713513
627.019533 689.656003
623.614055 689.623026
633.836719 689.065323
628.353862 690.881850
628.815017 924.582415
628.309995 925.955204
627.692952 924.868490
626.875353 926.543941
634.279520 912.859986
632.576804 912.142960
634.017511 914.046664
637.737625 911.629205
633.481016 688.066030
637.677995 687.401304
635.371158 688.047188
636.850357 687.202995
643.965764 910.463904
643.970794 910.404925
643.654328 910.393785
645.534595 911.873219
648.028466 688.504859
653.542621 689.763072
649.628942 689.847498
646.175436 689.152393
655.778960 909.974010
656.546143 906.443535
655.929491 910.059965
653.505471 909.809613
659.994113 691.023409
659.239868 690.660838
656.670755 689.974183
649.818694 688.897477
658.756823 910.241346
667.688496 910.114910
664.043213 910.636898
665.471364 910.885233
668.349835 689.916859
665.616236 690.358657
667.113995 690.279925
668.967632 689.745366
666.389316 910.169100
673.114130 906.788087
672.846879 911.248996
671.234831 911.432005
681.814947 688.337096
673.857606 689.051492
677.207175 688.896641
670.906479 689.018364
679.751166 909.550206
677.064475 910.117395
682.721593 912.319989
683.884503 910.621511
688.820158 688.727217
682.744882 688.443229
693.129600 694.194367
686.753624 689.161598
693.487610 911.760466
699.789115 911.189118
695.233911 910.900051
692.975068 911.126710
693.146616 688.491493
697.369881 686.186884
694.936114 686.798873
694.292799 686.925460
703.762482 911.894529
703.623169 913.571810
707.780683 914.985016
704.379604 913.725400
709.445559 684.380695
707.634950 684.311266
707.214609 684.748265
708.483447 684.230734
713.023141 915.131923
716.726388 916.726047
709.456886 913.368570
713.678622 915.230683
717.440515 685.663195
712.517472 684.541578
715.445889 685.721019
720.512179 685.251377
727.388979 916.279567
728.840592 915.828744
718.750395 916.940026
717.663623 915.494431
723.186765 683.460498
720.758411 691.162463
732.940122 679.900362
726.788999 683.682721
732.963999 916.126515
730.891453 916.213849
729.746700 915.852404
735.894587 916.734996
735.544820 678.989271
739.233749 674.901814
735.003725 679.721622
732.885337 681.173633
742.681404 671.585420
742.763371 671.288030
737.482140 671.556920
743.910887 670.064196
742.907271 916.082232
743.464531 916.250327
739.597045 916.749684
740.568832 916.788745
751.747465 660.307932
748.668438 659.980467
747.407343 659.679993
748.380995 660.791782
754.591363 916.953724
751.654797 916.846118
758.996355 918.299705
749.010828 916.650476
754.929213 658.171470
764.590873 656.547235
759.134615 657.399370
759.644471 657.201692
767.363449 919.943376
764.755330 920.175937
756.145472 918.033132
756.039139 917.581182
765.959365 659.499234
763.765366 659.640337
765.941687 659.869481
772.688259 662.290164
772.707738 920.591358
771.993597 921.189135
769.994180 922.259304
771.744552 916.802019
773.196308 662.355769
776.975778 662.557537
775.278763 662.998331
775.726182 663.147680
779.647223 922.550536
778.979973 922.358010
780.821034 923.517545
781.668913 924.284772
787.447952 661.954990
785.004930 663.609879
784.894424 663.622619
784.631460 664.074484
792.843291 929.063492
793.693847 930.297053
785.886052 925.870584
789.072725 927.296412
793.692502 660.031590
797.127457 657.638074
792.899675 660.498806
792.017419 660.856048
800.429875 930.415774
801.891187 930.539660
800.690415 930.409169
797.306813 929.386412
805.929328 650.322856
800.373968 655.387046
801.027973 654.783386
804.664290 651.167874
811.370540 644.848227
809.976687 645.666230
807.668198 647.770049
808.200165 647.133347
805.650202 931.201047
810.599697 931.405806
809.335261 931.360007
810.594976 931.424731
819.618473 639.649951
814.810853 641.784350
823.062735 636.503539
818.067163 640.033571
814.905761 931.699437
815.713146 931.448606
821.784289 932.025127
828.609827 931.771903
828.932698 634.673359
829.394446 635.168946
825.411312 635.890451
827.798045 634.608636
832.543270 930.938064
825.397794 932.248595
828.124788 932.241095
832.085144 930.977903
833.797564 634.528587
840.468261 634.111440
842.251157 633.599432
830.429191 634.583296
845.883744 935.357800
841.285019 934.041970
837.644413 932.940158
841.823731 935.993705
840.170307 634.061420
840.045310 634.533336
852.297709 630.469226
845.433956 632.198986
849.109343 937.979603
853.687241 940.644677
853.078832 938.519992
845.949323 935.809788
859.000040 632.694619
857.713931 632.792546
853.556829 629.725001
860.394086 632.651498
857.766648 943.403425
861.886864 944.375461
860.123278 945.120055
859.446214 944.450771
867.446833 635.336470
873.340592 631.948332
867.302412 635.229815
867.081358 635.597902
873.400911 940.959735
870.791111 936.402833
872.494090 937.371710
869.114559 939.445084
873.564596 633.417790
875.436538 632.355869
879.141740 634.040443
876.853107 634.727667
876.294242 945.673032
881.751061 947.797593
879.402356 946.728527
879.658322 946.521952
890.767708 954.893103
885.675292 951.761127
891.420250 954.931623
882.770436 948.991135
884.291435 640.630112
887.881310 635.174216
882.628144 631.762463
886.915549 635.215574
890.679224 611.873646
890.353246 614.470753
887.651344 616.260433
890.734605 617.026520
888.604126 624.062085
888.978398 622.240129
892.177299 618.014110
888.093800 621.937472
894.807330 593.699938
894.224903 599.474367
894.782850 595.710505
895.791900 591.272657
891.426679 956.842351
891.040712 954.512307
894.382028 958.992674
897.505234 960.730035
899.479083 582.558402
899.704216 583.999296
899.662084 583.235216
900.022353 584.791293
906.707130 963.004245
904.992494 962.615106
903.990721 963.146982
902.112015 961.929198
903.956000 571.834631
903.775651 572.169666
904.160769 571.850683
906.147846 569.948524
912.547449 971.333298
912.406541 971.730943
910.503782 967.807721
911.388927 970.891647
914.570967 563.618211
913.323901 564.353691
912.351054 564.765134
913.015204 564.755862
920.171110 560.564742
926.603221 556.574238
919.672765 561.234205
920.290779 561.366966
921.159699 975.210054
926.440628 976.680184
916.013434 972.997670
926.634282 976.964476
929.160711 554.736519
930.465456 553.975573
932.404206 552.873713
932.035865 552.792495
929.033359 976.378829
930.954504 978.894741
930.653526 979.007761
930.680666 978.591319
937.483542 552.365281
943.511172 552.327165
942.068840 551.360852
940.841944 551.435782
934.810186 978.445616
941.076435 978.784249
944.646912 977.157492
939.963957 978.316152
945.523005 975.533167
946.509292 976.667797
945.203415 976.978747
946.543214 976.355738
951.672637 550.255728
954.921383 553.847654
952.423180 550.450795
956.734175 550.401181
962.627230 967.688502
959.195003 969.136686
958.057044 969.983675
956.082637 970.339424
957.660135 550.638575
955.181896 553.561270
957.399384 551.456773
960.207174 550.904082
963.793984 963.635774
962.902336 968.252663
968.859402 962.979613
964.243180 966.894850
972.388531 548.800546
972.345294 548.722199
971.171409 548.669565
966.442105 549.368495
974.639740 959.850329
975.249788 959.102804
978.950548 957.322347
974.757959 958.989315
980.216047 549.318722
974.821847 549.946380
979.756178 549.280047
977.087400 549.292433
987.367391 955.919550
987.229798 950.218715
984.232226 951.750060
986.884793 955.813207
986.072895 947.480587
989.198914 942.591042
989.207014 940.714396
987.383998 946.797351
996.682309 550.584931
989.884046 549.185155
988.672905 549.182366
994.307242 550.344525
996.742823 931.648883
994.354543 935.065408
994.563751 933.731472
996.953540 927.560247
995.457228 915.326025
997.248691 916.659178
995.423358 915.085276
995.952774 916.006186
1002.228739 550.761234
998.530627 549.511978
999.155612 551.245597
997.845933 550.455712
1005.286985 919.961822
1010.351753 916.428624
1006.354543 918.559156
1004.935599 916.961080
1008.396541 552.434188
1009.904548 553.949816
1008.705332 554.193691
1008.945443 552.621072
1012.198151 915.831462
1008.658099 917.146164
1010.389587 918.333849
1014.557740 916.378920
1019.787997 554.894150
1014.808137 554.094528
1013.885728 554.432525
1020.145811 555.057018
1026.011927 916.317024
1025.737382 917.312903
1028.909624 915.460412
1022.678280 916.350892
1030.272684 553.824364
1029.626033 554.314715
1032.990189 554.991706
1024.035559 555.312665
1033.091949 916.144649
1032.458437 916.447020
1035.327761 914.998465
1036.356223 914.735375
1033.659644 555.112837
1039.742904 556.579257
1039.620846 557.290468
1038.845824 556.600723
1043.903230 912.172677
1049.715175 913.567894
1044.363641 912.662597
1041.449678 912.966347
1055.434928 559.830295
1050.911331 556.950338
1050.794754 557.064208
1049.935357 558.070877
1053.387184 913.536302
1060.372112 914.213700
1052.312687 913.517295
1054.520110 913.757519
1059.457315 559.090238
1059.895841 561.866400
1059.212743 561.204153
1053.795532 559.054033
1061.446327 914.180768
1061.665444 914.261478
1063.007483 914.367609
1064.828854 914.412186
1066.866727 558.519048
1071.488559 558.734991
1069.284499 558.473605
1067.159929 558.498901
1077.580114 914.739276
1076.144708 914.909843
1076.384293 914.819210
1074.197243 915.001545
1081.124198 559.752271
1082.528015 560.050163
1080.358791 559.556227
1080.933002 559.795611
1083.300610 914.717220
1088.854906 914.832297
1088.701792 914.373541
1079.898935 914.739883
1088.594652 560.785790
1085.027346 560.330561
1092.657661 560.949427
1090.762878 560.559034
1094.078041 914.372464
1093.914297 915.805021
1090.384485 915.205095
1088.375534 914.494604
1101.189647 558.243827
1105.069305 560.860173
1096.542496 561.356053
1101.521690 557.142095
1104.281370 913.256252
1103.892735 914.086171
1105.333312 913.758455
1105.746438 913.312093
1100.889715 561.806538
1107.629010 562.472975
1105.950996 561.822796
1110.489728 562.993925
1114.717396 914.928127
1119.876338 916.135694
1115.964246 915.477165
1121.039137 915.713867
1122.339614 563.827769
1118.007251 564.090676
1113.782218 563.307710
1112.636458 562.932453
1124.095393 915.749120
1126.801607 914.054140
1124.365583 914.941310
1126.888698 914.520996
1126.176262 565.287983
1126.204200 565.400091
1129.657480 564.976328
1130.913356 564.070367
1137.913026 914.913999
1135.259399 914.391883
1133.886349 914.401777
1133.989179 915.040814
1137.324254 563.377091
1144.151386 565.581055
1138.016121 563.830340
1132.160798 563.318274
1144.821605 915.063443
1150.799828 913.570651
1141.227113 914.904435
1148.231794 915.069306
1144.990246 565.944954
1148.973520 567.076516
1148.511279 567.286953
1146.081487 566.319623
1157.493525 913.106737
1147.305638 915.076171
1149.747075 914.082539
1156.235571 913.124458
1157.320479 568.592153
1157.311352 568.613972
1153.174424 567.986016
1154.778948 570.402042
1165.971954 915.813281
1160.087098 914.203255
1163.017314 914.957952
1165.291504 916.540460
1161.674350 569.964728
1164.185863 570.711167
1166.993954 573.926338
1164.790449 571.765725
1177.182382 583.665266
1172.412046 579.484224
1169.563865 577.575412
1170.473693 578.350462
1168.321571 916.571058
1176.968131 916.214524
1175.634691 915.953410
1173.158957 916.395663
1182.165712 593.617234
1177.928601 587.648970
1175.775224 586.713818
1175.309197 581.678696
1177.234414 596.914739
1179.387071 592.821543
1181.874698 595.414989
1182.198336 597.402570
1179.290312 607.139275
1182.382163 602.358479
1178.461512 605.482236
1182.253176 604.965284
1180.036782 615.030882
1181.371805 617.890930
1179.788872 618.682158
1179.984048 614.452846
1180.501886 623.117967
1181.713523 621.119134
1182.124592 621.150387
1182.916688 625.290851
1179.836442 640.565636
1182.780789 633.942988
1185.141516 637.551154
1180.281662 633.635792
1180.714019 644.109339
1182.220624 639.101657
1180.903766 646.073392
1184.092173 648.178531
1183.135941 653.285595
1185.478958 656.151555
1182.012345 655.069660
1181.235446 659.678851
1181.987035 918.719478
1183.764488 914.346149
1187.498228 917.691037
1184.354509 917.654016
1188.020795 662.086921
1188.267846 663.334835
1188.824033 663.488054
1185.952322 657.548179
1190.282795 922.986764
1189.831213 922.983347
1190.154431 925.618356
1196.621482 927.757957
1199.278932 670.058233
1196.477495 665.127536
1194.655881 677.963474
1196.762323 676.141400
1201.945733 931.930412
1201.804662 931.411159
1192.781794 925.508722
1202.553656 931.226461
1201.158356 935.704237
1203.232843 936.973977
1196.746632 935.895534
1201.572563 936.343559
1207.747729 666.661972
1206.322034 667.794032
1206.525870 669.045593
1208.896557 667.928685
1211.246104 938.971499
1214.718593 940.683285
1212.462574 940.009803
1210.741339 938.958731
1219.028765 667.619937
1215.507312 668.801094
1217.802171 667.896016
1214.967451 668.122256
1220.415664 944.007720
1216.880673 943.364296
1221.841098 944.865951
1222.605567 945.340821
1225.830394 669.443349
1218.621323 667.818071
1232.353555 668.916131
1225.334189 668.827643
1226.999398 944.851824
1226.611031 944.507395
1228.727534 944.767119
1226.535761 944.273493
1240.618715 667.850825
1237.659364 670.981536
1232.069588 670.324790
1238.217337 673.548607
1242.016051 945.998255
1238.783435 946.019052
1247.668608 942.531845
1244.709832 945.354070
1249.162176 665.811912
1251.086700 666.288269
1246.203201 665.078215
1246.395083 665.531524
1251.889112 943.787719
1245.355634 945.131681
1248.994654 944.592965
1251.903672 943.737585
1252.895959 664.826846
1258.504382 664.976409
1256.128562 665.804040
1252.201347 659.567336
1261.451298 933.510118
1260.074046 934.888151
1256.922978 939.199487
1261.436866 934.817619
1268.662014 918.825270
1265.703389 926.488487
1266.048457 924.187345
1266.519807 923.715879
1265.765317 664.112973
1261.523734 663.887570
1262.479658 663.998203
1266.016854 663.832415
1272.312309 895.488784
1271.981168 896.165475
1273.079136 899.251933
1274.121188 896.522032
1273.492237 906.171154
1271.010261 911.274385
1273.088956 906.804566
1271.635266 906.926061
1269.840566 916.523903
1270.665387 913.039146
1270.516732 913.365511
1271.179799 909.828652
1274.806839 879.041365
1274.761412 875.655236
1274.623151 880.245716
1274.662147 879.716689
1278.628407 664.346760
1273.935336 664.472067
1270.750102 664.461014
1275.010380 664.397795
1279.735189 869.739918
1278.220998 870.349338
1277.662055 871.990066
1276.389437 874.071596
1285.274291 861.811665
1287.783252 859.205257
1288.222531 859.634752
1289.226573 857.556470
1283.285591 663.403633
1287.844402 664.028069
1287.913714 663.391770
1291.849154 662.529449
1294.314906 846.060040
1295.245423 852.308582
1291.461559 855.623079
1291.699631 854.117019
1292.210844 662.056077
1292.250742 662.181410
1290.831220 663.400515
1294.134148 662.848396
1299.768118 849.748597
1301.848950 849.026715
1294.322327 853.851429
1305.455844 850.477542
1305.912175 663.975830
1306.971572 664.004118
1302.979785 663.521848
1309.883955 664.532065
1310.330555 850.054338
1308.053729 849.618305
1309.901069 849.967950
1304.612743 850.108698
1322.622211 665.756711
1315.279735 665.050805
1319.922764 665.586944
1317.971146 665.151203
1318.824165 845.786837
1321.090285 847.953917
1319.385796 846.132125
1321.394061 847.054384
1329.625573 666.461439
1322.767991 665.731284
1324.598826 665.435983
1329.143494 665.934883
1328.780432 839.419270
1333.364704 833.549575
1330.940306 836.132211
1327.135776 840.263941
1335.022041 831.184447
1335.154290 831.154591
1336.431024 825.969387
1335.088412 829.556645
1337.924052 663.019657
1332.530573 665.386493
1336.718124 663.939649
1338.072664 663.008842
1339.363234 816.166034
1337.386759 822.470491
1340.260000 814.020428
1340.128905 814.422074
1344.365797 666.127203
1344.891363 665.023799
1349.461632 668.289263
1348.136273 667.720775
1345.041302 793.809898
1345.182325 796.494351
1344.981714 790.121655
1346.393418 797.760181
1345.848258 803.372026
1344.682282 804.540597
1342.072874 809.417676
1344.981411 804.301080
1349.994887 785.424960
1350.008239 786.055759
1347.517125 788.031995
1352.301033 782.117088
1354.955077 673.181981
1352.795787 671.151416
1358.113384 677.899696
1353.678200 673.838752
1358.551465 774.671448
1357.015547 776.300327
1356.485129 777.174235
1359.468218 771.982265
1365.274694 683.292615
1360.357564 680.397305
1357.225264 678.230207
1358.640448 680.329657
1361.894732 768.282468
1361.257209 770.099900
1361.910614 769.260495
1362.516362 767.387127
1367.673458 757.011471
1366.069062 752.314484
1367.131734 758.127799
1364.287696 762.564184
1371.053435 688.115420
1364.910740 683.150904
1368.548656 685.426085
1369.072624 686.229479
1371.380430 749.093802
1370.237866 751.212606
1371.618616 750.290419
1371.428218 750.992843
1376.678648 695.167364
1374.645755 691.656505
1376.464632 693.842626
1375.876987 693.839802
1379.176843 735.540542
1377.364030 740.058529
1377.555725 738.627343
1379.348399 733.538205
1377.349017 725.362311
1379.569196 724.521794
1381.040225 723.026838
1381.349549 728.615470
1378.276549 703.423123
1380.763444 704.859512
1380.325147 705.688455
1382.323091 707.419236
1383.126812 712.690516
1380.995062 719.120917
1382.422708 713.322834
1382.726501 712.970627
