170.000000 371.000000
170.000000 381.000000
170.000000 391.000000
270.805489 427.327934
170.000000 411.000000
353.782081 403.894491
170.000000 431.000000
175.000000 356.000000
175.000000 440.000000
175.000000 450.000000
175.000000 460.000000
175.000000 470.000000
175.000000 480.000000
175.000000 490.000000
84.947496 583.934070
180.000000 341.000000
180.000000 509.000000
185.000000 326.000000
185.000000 518.000000
185.000000 936.000000
185.000000 946.000000
185.000000 956.000000
185.000000 966.000000
185.000000 976.000000
185.000000 986.000000
185.000000 996.000000
430.398667 1016.119243
185.000000 1016.000000
190.000000 316.000000
190.000000 851.000000
190.000000 861.000000
190.000000 871.000000
190.000000 881.000000
190.000000 891.000000
190.000000 901.000000
190.000000 911.000000
190.000000 921.000000
190.000000 1025.000000
190.000000 1035.000000
193.000000 524.000000
195.000000 306.000000
195.000000 821.000000
195.000000 831.000000
195.000000 841.000000
195.000000 1044.000000
196.000000 1054.000000
200.000000 296.000000
289.810352 503.639033
145.757653 793.994937
200.000000 781.000000
200.000000 791.000000
200.000000 801.000000
200.000000 811.000000
201.000000 1063.000000
205.000000 756.000000
205.000000 1073.000000
208.000000 289.000000
208.000000 539.000000
210.000000 736.000000
210.000000 746.000000
210.000000 1082.000000
215.000000 281.000000
215.000000 547.000000
215.000000 666.000000
215.000000 676.000000
215.000000 686.000000
584.526637 752.556376
215.000000 706.000000
215.000000 716.000000
215.000000 726.000000
218.000000 1089.000000
220.000000 641.000000
220.000000 651.000000
221.000000 1099.000000
223.000000 274.000000
223.000000 554.000000
225.000000 606.000000
121.118998 689.914686
225.000000 626.000000
226.000000 1108.000000
230.000000 266.000000
230.000000 562.000000
230.000000 572.000000
230.000000 582.000000
230.000000 592.000000
230.000000 1118.000000
151.739552 270.115106
238.000000 1124.000000
245.000000 251.000000
245.000000 1132.000000
253.000000 1139.000000
255.000000 246.000000
256.000000 1149.000000
263.000000 240.000000
216.823544 1183.998955
270.000000 1163.000000
272.000000 235.000000
278.000000 1169.000000
281.000000 230.000000
285.000000 1177.000000
290.000000 225.000000
290.000000 1186.000000
296.000000 1194.000000
299.000000 220.000000
304.000000 1200.000000
308.000000 214.000000
310.000000 1208.000000
334.554366 237.022013
318.000000 1214.000000
325.000000 1222.000000
328.000000 210.000000
283.859954 1325.374530
336.000000 1239.000000
338.000000 210.000000
442.852424 1264.084274
348.000000 210.000000
348.000000 1255.000000
350.000000 1265.000000
356.000000 1273.000000
358.000000 210.000000
364.000000 1280.000000
368.000000 210.000000
370.000000 1288.000000
378.000000 210.000000
378.000000 1294.000000
385.000000 1302.000000
388.000000 210.000000
393.000000 1309.000000
398.000000 210.000000
378.396546 1237.510860
405.000000 1326.000000
408.000000 210.000000
411.000000 1334.000000
418.000000 210.000000
421.000000 1338.000000
427.000000 215.000000
429.000000 1345.000000
186.656856 1385.322273
437.000000 215.000000
443.000000 1359.000000
447.000000 215.000000
450.000000 1367.000000
457.000000 215.000000
458.000000 1374.000000
466.000000 220.000000
456.785364 1402.926109
476.000000 220.000000
476.000000 1380.000000
486.000000 224.000000
486.000000 1383.000000
650.746872 1408.569621
554.951327 284.156617
640.042061 1436.387143
506.000000 225.000000
304.088287 1469.661780
516.000000 225.000000
520.000000 1406.000000
526.000000 229.000000
530.000000 1410.000000
536.000000 230.000000
539.000000 1415.000000
546.000000 230.000000
548.000000 1420.000000
556.000000 230.000000
557.000000 1425.000000
566.000000 230.000000
567.000000 1429.000000
570.000000 1030.000000
570.000000 1040.000000
570.000000 1050.000000
575.000000 1010.000000
575.000000 1020.000000
575.000000 1059.000000
575.000000 1069.000000
576.000000 230.000000
576.000000 1434.000000
577.860121 940.320747
580.000000 1078.000000
580.000000 1088.000000
580.000000 1098.000000
585.000000 235.000000
585.000000 975.000000
585.000000 985.000000
585.000000 1107.000000
585.000000 1117.000000
586.000000 1435.000000
590.000000 1126.000000
590.000000 1136.000000
595.000000 235.000000
296.534240 990.624285
595.000000 1145.000000
595.000000 1155.000000
596.000000 1435.000000
600.000000 1164.000000
600.000000 1174.000000
605.000000 238.000000
605.000000 976.000000
605.000000 1183.000000
605.000000 1193.000000
606.000000 1435.000000
610.000000 1202.000000
688.694255 1279.428930
615.000000 240.000000
615.000000 980.000000
615.000000 1221.000000
615.000000 1231.000000
615.000000 1440.000000
620.000000 665.000000
620.000000 675.000000
620.000000 685.000000
620.000000 695.000000
620.000000 705.000000
620.000000 715.000000
620.000000 725.000000
620.000000 1240.000000
625.000000 240.000000
625.000000 980.000000
625.000000 1249.000000
625.000000 1259.000000
540.928656 1393.651983
629.000000 660.000000
629.000000 730.000000
630.000000 1268.000000
635.000000 240.000000
635.000000 980.000000
635.000000 1277.000000
635.000000 1440.000000
639.000000 660.000000
639.000000 731.000000
639.000000 1287.000000
640.000000 1297.000000
644.000000 985.000000
644.000000 1307.000000
645.000000 243.000000
645.000000 1317.000000
645.000000 1435.000000
649.000000 660.000000
613.729521 768.624110
650.000000 1326.000000
653.000000 1428.000000
654.000000 985.000000
655.000000 245.000000
656.000000 1334.000000
508.561096 697.022630
659.000000 735.000000
660.000000 1344.000000
660.000000 1420.000000
664.000000 250.000000
664.000000 985.000000
665.000000 1353.000000
667.000000 650.000000
668.000000 740.000000
668.000000 1413.000000
669.000000 1363.000000
670.000000 1373.000000
673.000000 255.000000
673.000000 990.000000
674.000000 1383.000000
675.000000 1405.000000
676.000000 645.000000
657.222426 648.810685
680.000000 1391.000000
683.000000 255.000000
708.488118 1027.038793
802.199877 673.163637
688.000000 740.000000
692.000000 260.000000
693.000000 633.000000
693.000000 990.000000
697.000000 745.000000
699.000000 268.000000
700.000000 625.000000
703.000000 990.000000
707.000000 275.000000
707.000000 745.000000
708.000000 618.000000
712.000000 995.000000
797.004840 647.943493
639.082851 284.911027
716.000000 750.000000
722.000000 995.000000
723.000000 603.000000
725.000000 285.000000
726.000000 750.000000
728.000000 593.000000
732.000000 999.000000
733.000000 291.000000
735.000000 585.000000
736.000000 754.000000
641.877620 287.620225
742.000000 1000.000000
910.884792 587.916975
746.000000 755.000000
748.000000 305.000000
748.000000 568.000000
751.000000 315.000000
752.000000 1004.000000
821.022560 599.313490
755.000000 325.000000
755.000000 335.000000
756.000000 755.000000
758.000000 548.000000
760.000000 344.000000
760.000000 354.000000
760.000000 535.000000
762.000000 1005.000000
765.000000 363.000000
765.000000 520.000000
766.000000 759.000000
770.000000 372.000000
770.000000 382.000000
770.000000 392.000000
770.000000 402.000000
770.000000 412.000000
770.000000 505.000000
770.000000 1011.000000
775.000000 421.000000
775.000000 431.000000
775.000000 441.000000
775.000000 451.000000
841.542310 493.101387
775.000000 471.000000
775.000000 481.000000
775.000000 491.000000
776.000000 760.000000
776.000000 1019.000000
786.000000 760.000000
786.000000 1020.000000
795.000000 765.000000
796.000000 1020.000000
805.000000 765.000000
806.000000 1020.000000
815.000000 765.000000
816.000000 1020.000000
824.000000 770.000000
676.388994 983.327674
936.457940 812.439159
836.000000 1020.000000
844.000000 770.000000
845.000000 1025.000000
853.000000 775.000000
855.000000 1026.000000
863.000000 775.000000
865.000000 1030.000000
873.000000 775.000000
875.000000 1031.000000
882.000000 780.000000
884.000000 1036.000000
892.000000 780.000000
894.000000 1040.000000
902.000000 780.000000
904.000000 1040.000000
982.476884 706.282822
913.000000 1045.000000
1046.335842 844.027428
923.000000 1049.000000
868.228714 780.344714
933.000000 1050.000000
941.000000 785.000000
900.313830 1161.415087
951.000000 785.000000
952.000000 1055.000000
961.000000 785.000000
962.000000 1055.000000
971.000000 785.000000
972.000000 1055.000000
981.000000 785.000000
981.000000 1060.000000
990.000000 790.000000
991.000000 1060.000000
1000.000000 790.000000
1001.000000 1063.000000
1010.000000 790.000000
1011.000000 1065.000000
1020.000000 790.000000
914.517204 1111.042294
1128.919171 788.741210
880.715807 1018.803409
946.028025 863.217296
1041.000000 1070.000000
1049.000000 795.000000
1051.000000 1070.000000
1059.000000 795.000000
1061.000000 1073.000000
1069.000000 796.000000
1071.000000 1075.000000
1079.000000 800.000000
1081.000000 1075.000000
1089.000000 800.000000
1091.000000 1075.000000
1099.000000 801.000000
1100.000000 1080.000000
1109.000000 805.000000
1184.672641 1052.896745
1119.000000 805.000000
1119.442246 1109.365524
1129.000000 806.000000
1130.000000 1081.000000
1139.000000 810.000000
1140.000000 1085.000000
1149.000000 810.000000
1150.000000 1085.000000
1286.173206 856.339061
1160.000000 1086.000000
1119.941068 800.954449
1170.000000 1090.000000
1178.000000 815.000000
1180.000000 1090.000000
1188.000000 815.000000
1190.000000 1090.000000
1198.000000 815.000000
1200.000000 1091.000000
1208.000000 815.000000
1210.000000 1095.000000
1218.000000 815.000000
1220.000000 1095.000000
1337.790463 839.875966
1230.000000 1095.000000
1237.000000 820.000000
1239.000000 1100.000000
1247.000000 820.000000
1249.000000 1100.000000
1256.000000 825.000000
1259.000000 1100.000000
1212.943120 748.006598
1402.317941 1021.307161
1276.000000 825.000000
1279.000000 1100.000000
1286.000000 829.000000
1289.000000 1100.000000
1296.000000 830.000000
1299.000000 1100.000000
1306.000000 834.000000
1309.000000 1100.000000
1316.000000 835.000000
1318.000000 1105.000000
1326.000000 839.000000
1328.000000 1105.000000
1411.280731 823.175900
1337.000000 1110.000000
1345.000000 845.000000
1347.631597 1080.374544
1355.000000 848.000000
1357.000000 1110.000000
1365.000000 850.000000
1367.000000 1110.000000
1375.000000 850.000000
1377.000000 1110.000000
1384.000000 855.000000
1387.000000 1110.000000
1394.000000 855.000000
1397.000000 1110.000000
1404.000000 856.000000
1407.000000 1110.000000
1414.000000 860.000000
1415.000000 1116.000000
1421.000000 1124.000000
1424.000000 861.000000
1431.000000 1125.000000
1434.000000 865.000000
1441.000000 1125.000000
1444.000000 865.000000
1451.000000 1125.000000
1454.000000 865.000000
1461.000000 1125.000000
1463.000000 870.000000
1471.000000 1125.000000
1473.000000 870.000000
1481.000000 1125.000000
1482.000000 875.000000
1489.000000 1131.000000
1491.000000 880.000000
1307.679601 1161.781315
1501.000000 880.000000
1506.000000 1140.000000
1511.000000 880.000000
1516.000000 1140.000000
1521.000000 880.000000
1733.921188 1140.811605
1530.000000 885.000000
1536.000000 1140.000000
1540.000000 885.000000
1546.000000 1140.000000
1563.774625 907.988688
1556.000000 1140.000000
1560.000000 890.000000
1565.000000 1145.000000
1570.000000 890.000000
1575.000000 1145.000000
1580.000000 890.000000
1619.854017 1213.638475
1590.000000 893.000000
1593.000000 1155.000000
1600.000000 895.000000
1603.000000 1155.000000
1610.000000 895.000000
1613.000000 1155.000000
1619.000000 900.000000
1623.000000 1155.000000
1629.000000 900.000000
1633.000000 1155.000000
1639.000000 900.000000
1643.000000 1159.000000
1649.000000 901.000000
1653.000000 1160.000000
1659.000000 905.000000
1663.000000 1160.000000
1669.000000 906.000000
1581.450764 1203.502802
1679.000000 910.000000
1880.688739 1112.520916
1689.000000 910.000000
1692.000000 1169.000000
1699.000000 910.000000
1702.000000 1170.000000
1708.000000 915.000000
1712.000000 1170.000000
2020.799260 893.168456
1722.000000 1174.000000
1728.000000 915.000000
1507.401177 1119.480546
1738.000000 915.000000
1538.923308 1179.556224
1748.000000 915.000000
1752.000000 1180.000000
1758.000000 915.000000
1762.000000 1180.000000
1767.000000 920.000000
1772.000000 1180.000000
1777.000000 920.000000
1781.000000 1185.000000
1783.200218 947.431871
1791.000000 1188.000000
1796.000000 925.000000
1801.000000 1190.000000
2151.574111 987.184668
1800.730244 1296.341450
1816.000000 925.000000
1820.000000 1195.000000
1825.000000 930.000000
1830.000000 1195.000000
1835.000000 930.000000
1840.000000 1196.000000
1844.000000 935.000000
1849.000000 1201.000000
1854.000000 935.000000
1859.000000 1205.000000
1863.000000 940.000000
1869.000000 1205.000000
1873.000000 940.000000
1879.000000 1205.000000
1883.000000 940.000000
1888.000000 1210.000000
1892.000000 945.000000
1898.000000 1210.000000
1902.000000 945.000000
1802.060313 1109.134426
1912.000000 945.000000
1918.000000 1210.000000
1922.000000 945.000000
1928.000000 1210.000000
1931.000000 950.000000
1937.000000 1215.000000
1994.102706 829.193858
1940.489877 1262.387563
1951.000000 950.000000
1957.000000 1215.000000
1961.000000 954.000000
1938.193753 1284.344924
1971.000000 955.000000
1975.000000 1226.000000
1980.000000 960.000000
1985.000000 1230.000000
1990.000000 960.000000
1995.000000 1230.000000
2000.000000 960.000000
2005.000000 1230.000000
2010.000000 963.000000
1924.649751 1162.183375
2020.000000 965.000000
2025.000000 1230.000000
2030.000000 968.000000
2035.000000 1230.000000
2040.000000 970.000000
2025.018895 1255.334936
2050.000000 973.000000
2050.000000 1243.000000
2060.000000 975.000000
2060.000000 1245.000000
2070.000000 978.000000
1961.845767 1238.799619
2080.000000 980.000000
2080.000000 1245.000000
2002.712864 1025.994459
1864.255566 1232.280501
2099.000000 985.000000
2100.000000 1245.000000
2109.000000 985.000000
2110.000000 1245.000000
2118.000000 990.000000
2120.000000 1245.000000
2128.000000 990.000000
2130.000000 1246.000000
2138.000000 990.000000
2140.000000 1250.000000
2148.000000 990.000000
2150.000000 1251.000000
2158.000000 990.000000
2159.000000 1256.000000
2167.000000 995.000000
2169.000000 1260.000000
2263.840015 1088.499130
2179.000000 1260.000000
2187.000000 995.000000
2189.000000 1260.000000
2196.000000 1000.000000
2199.000000 1260.000000
2206.000000 1000.000000
2306.398956 1177.710415
2216.000000 1004.000000
2218.000000 1265.000000
2226.000000 1005.000000
2122.633411 1241.739379
2236.000000 1005.000000
2238.000000 1265.000000
2246.000000 1009.000000
2248.000000 1265.000000
2256.000000 1010.000000
2257.000000 1270.000000
2266.000000 1010.000000
2233.653509 1270.039638
2276.000000 1014.000000
2222.621056 1207.408339
2286.000000 1015.000000
2287.000000 1270.000000
2296.000000 1015.000000
2296.000000 1275.000000
2306.000000 1019.000000
2306.000000 1275.000000
2316.000000 1020.000000
2316.000000 1278.000000
2325.000000 1025.000000
2326.000000 1280.000000
2335.000000 1025.000000
2335.000000 1285.000000
2344.000000 1030.000000
2345.000000 1285.000000
2354.000000 1030.000000
2422.199837 1289.296942
2569.963771 1077.985122
2365.000000 1290.000000
2564.237821 1065.707574
2375.000000 1290.000000
2383.000000 1035.000000
2385.000000 1291.000000
2393.000000 1035.000000
2395.000000 1295.000000
2403.000000 1035.000000
2405.000000 1295.000000
2615.535545 1051.111798
2415.000000 1296.000000
2422.000000 1040.000000
2425.000000 1300.000000
2432.000000 1040.000000
2435.000000 1301.000000
2441.000000 1045.000000
2445.000000 1305.000000
2451.000000 1045.000000
2455.000000 1305.000000
2461.000000 1045.000000
2465.000000 1305.000000
2470.000000 1050.000000
2475.000000 1306.000000
2480.000000 1050.000000
2480.000000 1315.000000
2490.000000 1050.000000
2490.000000 1315.000000
2500.000000 1053.000000
2463.751469 1343.668774
2510.000000 1055.000000
2442.452807 1323.782299
2520.000000 1055.000000
2520.000000 1320.000000
2529.000000 1060.000000
2530.000000 1320.000000
2539.000000 1060.000000
2539.000000 1325.000000
2549.000000 1060.000000
2549.000000 1325.000000
2559.000000 1061.000000
2559.000000 1325.000000
2569.000000 1065.000000
2569.000000 1325.000000
2579.000000 1065.000000
2579.000000 1325.000000
2589.000000 1065.000000
2589.000000 1325.000000
2598.000000 1070.000000
2598.000000 1330.000000
2608.000000 1070.000000
2608.000000 1334.000000
2618.000000 1070.000000
2618.000000 1335.000000
2628.000000 1070.000000
2628.000000 1335.000000
2637.000000 1075.000000
2637.000000 1340.000000
2647.000000 1075.000000
2647.000000 1340.000000
2656.000000 1080.000000
2657.000000 1340.000000
2673.116630 1069.686464
2666.000000 1345.000000
2676.000000 1080.000000
2676.000000 1345.000000
2686.000000 1080.000000
2686.000000 1345.000000
2695.000000 1350.000000
2696.000000 1084.000000
2705.000000 1350.000000
2706.000000 1085.000000
2715.000000 1350.000000
2716.000000 1085.000000
2725.000000 1351.000000
2726.000000 1089.000000
2735.000000 1094.000000
2735.000000 1355.000000
2745.000000 1091.000000
2745.000000 1355.000000
2755.000000 1090.000000
2755.000000 1356.000000
2765.000000 1093.000000
2765.000000 1360.000000
2775.000000 1095.000000
2775.000000 1360.000000
2760.551279 1132.883147
2785.000000 1361.000000
2795.000000 1095.000000
2795.000000 1365.000000
2804.000000 1100.000000
2805.000000 1365.000000
2814.000000 1100.000000
2814.000000 1370.000000
2751.247025 1068.877747
2824.000000 1370.000000
2833.000000 1105.000000
2834.000000 1370.000000
2843.000000 1105.000000
2844.000000 1370.000000
2559.766862 1089.662591
2853.000000 1375.000000
2862.000000 1110.000000
2863.000000 1375.000000
2871.000000 1115.000000
2873.000000 1375.000000
2952.427186 1105.520558
2883.000000 1375.000000
2891.000000 1115.000000
2892.000000 1380.000000
2901.000000 1115.000000
2902.000000 1380.000000
2911.000000 1119.000000
2912.000000 1380.000000
2921.000000 1120.000000
2922.000000 1380.000000
2931.000000 1120.000000
2932.000000 1380.000000
2941.000000 1120.000000
2850.718964 1299.208639
2950.000000 1125.000000
2739.774814 1315.390005
2960.000000 1125.000000
2962.000000 1385.000000
2969.000000 1130.000000
2972.000000 1389.000000
2979.000000 1131.000000
2982.000000 1390.000000
2989.000000 1135.000000
2991.000000 1395.000000
2999.000000 1135.000000
3001.000000 1395.000000
3170.282963 1151.090090
3010.000000 1400.000000
3017.000000 1145.000000
3020.000000 1400.000000
3027.000000 1145.000000
3030.000000 1400.000000
2912.634298 1146.345436
2987.031051 1421.849609
3046.000000 1150.000000
3049.000000 1405.000000
3056.000000 1150.000000
3058.000000 1410.000000
3066.000000 1150.000000
3068.000000 1410.000000
3076.000000 1154.000000
3078.000000 1414.000000
3086.000000 1155.000000
3088.000000 1415.000000
3095.000000 1160.000000
2876.332541 1527.695629
3105.000000 1160.000000
3107.000000 1420.000000
3114.000000 1165.000000
3117.000000 1420.000000
3124.000000 1165.000000
3127.000000 1424.000000
3134.000000 1166.000000
3137.000000 1425.000000
3144.000000 1170.000000
3147.000000 1425.000000
3154.000000 1171.000000
3156.000000 1430.000000
3022.919896 1099.651556
3166.000000 1430.000000
3173.000000 1180.000000
3010.614387 1468.927140
3183.000000 1180.000000
3185.000000 1435.000000
3587.304915 1082.471915
3195.000000 1435.000000
3202.000000 1185.000000
3205.000000 1436.000000
3212.000000 1185.000000
3215.000000 1440.000000
3222.000000 1185.000000
3225.000000 1440.000000
3232.000000 1185.000000
3235.000000 1440.000000
3241.000000 1190.000000
3245.000000 1440.000000
3251.000000 1190.000000
3254.000000 1445.000000
2976.520531 1253.819914
3264.000000 1445.000000
3270.000000 1195.000000
3274.000000 1445.000000
3129.455192 1283.644078
3284.000000 1445.000000
3289.000000 1200.000000
3294.000000 1445.000000
3299.000000 1200.000000
3303.000000 1450.000000
3308.000000 1205.000000
3189.417300 1415.223208
3318.000000 1205.000000
3323.000000 1455.000000
3328.000000 1205.000000
3333.000000 1455.000000
3337.000000 1210.000000
3342.000000 1460.000000
3347.000000 1210.000000
3351.000000 1465.000000
3356.000000 1215.000000
3344.342137 1432.062218
3366.000000 1215.000000
3370.000000 1470.000000
3332.354852 1265.680297
3380.000000 1470.000000
3386.000000 1220.000000
3390.000000 1470.000000
3396.000000 1224.000000
3400.000000 1470.000000
3406.000000 1225.000000
3410.000000 1470.000000
3415.000000 1230.000000
3420.000000 1470.000000
3425.000000 1230.000000
3430.000000 1470.000000
3435.000000 1230.000000
3440.000000 1470.000000
3445.000000 1230.000000
3450.000000 1465.000000
3455.000000 1230.000000
3458.000000 1458.000000
3465.000000 1233.000000
3465.000000 1450.000000
3473.000000 1240.000000
3473.000000 1443.000000
3463.755715 1260.314043
3480.000000 1435.000000
3485.000000 1415.000000
3485.000000 1425.000000
3580.186919 1237.702410
3254.193687 1340.521945
3494.000000 1263.000000
3413.798467 1331.803176
3500.000000 1335.000000
3450.521281 1377.473151
3400.439181 1416.255859
3500.000000 1365.000000
3500.000000 1375.000000
3500.000000 1385.000000
3500.000000 1395.000000
3502.000000 1270.000000
3453.958662 1358.610895
3509.000000 1278.000000
3515.000000 1286.000000
3515.000000 1296.000000
3515.000000 1306.000000
