112.001400 400.724933
251.379127 370.884235
155.228467 397.810066
168.533912 374.389391
207.408316 470.820283
104.709747 402.536748
172.286906 404.336144
160.442604 369.972791
270.926822 471.059300
148.381740 444.719866
233.237137 482.330904
157.196704 458.132100
192.478965 480.767255
158.581572 432.965867
221.859454 489.497279
210.435023 321.636122
192.423542 482.792108
207.301295 343.423574
243.917315 481.168413
273.976367 939.533641
308.895201 954.255481
161.188024 951.672971
236.493647 985.268989
190.108503 985.595894
235.913283 1005.450187
267.201041 971.643067
181.953847 969.484343
214.564854 973.481567
255.477359 305.906337
175.054431 843.634125
167.861016 919.365844
140.303033 902.365087
345.004580 883.826635
154.927231 901.128330
271.732723 910.718580
239.424068 972.036654
270.094889 935.402264
250.524750 1019.586356
197.421210 1018.753368
183.782827 490.365532
222.708507 321.751854
185.323280 831.911133
250.046927 827.647439
192.321906 856.470314
226.571162 1016.642118
228.943719 1060.494956
224.004525 274.183039
189.181776 545.837725
259.160535 775.404022
183.933335 845.759819
177.939107 783.323992
145.427408 787.375483
266.431589 832.655664
126.727542 976.719245
146.479295 787.913860
193.561811 1090.913293
226.799967 303.482366
208.554895 532.408123
235.186353 720.051837
156.654104 721.580432
124.712771 1000.416375
173.066416 300.781909
220.366042 512.577548
261.271943 627.065350
231.424009 646.705020
183.911718 666.969806
240.715373 691.194288
158.932919 702.399998
240.299652 665.007106
267.294324 696.338601
326.901125 1089.338482
253.731124 603.737621
265.773173 619.005026
224.547214 1088.130410
351.370105 239.211819
152.831112 589.617439
246.283669 546.286919
352.673980 693.121051
286.185271 596.376199
194.191126 1093.015300
202.933136 286.246097
294.289747 583.567397
183.194131 537.987365
192.344570 552.102398
189.273716 618.570633
215.174520 1135.449112
159.518782 328.093130
211.879242 1084.765584
173.307425 295.283516
284.005846 1113.855475
291.073922 1110.815811
212.718343 314.254215
212.158703 1133.320598
392.506984 220.765314
279.833594 1185.966681
289.662632 1194.926686
308.626500 226.547724
230.878711 1162.644077
314.061918 231.599035
281.177015 1183.681520
187.740518 290.635726
311.562041 1160.122212
330.202338 1208.502624
351.340101 225.255367
320.918384 1203.392009
394.296691 222.414454
279.008707 1186.353817
277.526570 244.398863
347.015119 1228.819450
381.305041 1238.293663
232.705690 262.146786
262.144919 1210.234946
342.622471 1230.480086
397.211499 225.395495
360.219157 1237.085715
350.148773 231.684368
276.571953 1242.146325
379.280031 1283.477857
273.453658 1246.364768
269.482875 241.028125
379.090948 1256.013029
309.913465 226.820078
397.679158 1293.042200
326.873342 229.002565
367.177203 1298.007496
451.550535 1312.568673
466.292943 222.086974
400.158409 1331.603787
404.078304 221.033837
439.535585 1291.677192
378.731566 1304.223668
374.571277 230.126640
409.021381 1331.723721
581.118483 223.258312
422.498462 1347.665469
396.642224 218.744686
440.123428 1330.351836
442.060524 1370.174010
470.749016 214.141843
414.059044 1344.204935
471.002161 242.888820
451.066767 1371.237828
374.374779 228.246452
422.698277 1354.721633
531.090249 284.956200
564.387050 1412.969574
469.261797 213.165226
536.004611 1377.751712
571.314188 220.341423
459.513195 1363.108346
548.172053 1372.715164
601.012954 236.030144
469.550013 1383.174241
473.385376 244.904021
512.653961 1404.713677
467.741791 243.549997
567.559067 1412.806852
452.056875 235.970549
638.447361 1377.059970
544.652310 240.466928
584.786216 1416.375332
605.550060 262.271969
444.258563 1372.340264
669.259970 246.443496
539.499907 1407.010796
533.317248 261.873288
566.230195 1404.516947
650.996761 992.048646
559.347748 1093.159544
523.382690 1073.275017
522.469241 1055.039287
593.727846 1032.023562
544.470978 1049.828321
521.445915 1082.240613
463.409158 245.221231
596.239932 1406.616699
558.894905 986.104584
454.601370 1103.171983
510.771817 1137.616045
625.668204 1069.335121
499.378490 246.669982
547.100220 939.095001
574.427434 976.903213
500.616069 1126.943052
557.907737 1105.206352
596.651884 1403.084543
499.292625 1139.121889
641.126343 1193.254462
692.265299 269.218493
642.589546 982.421222
623.839523 1140.650468
590.702708 1131.496104
516.600653 1409.789841
626.606146 1196.835654
647.809731 1187.355897
622.210836 261.028063
757.442328 983.534988
691.909876 1186.161763
618.870960 1181.399623
585.292678 1414.631156
571.495349 1224.211920
675.566012 1198.072937
679.630130 243.276176
548.827589 954.020611
682.311009 1208.498123
699.089297 1240.970647
522.737666 1406.041684
602.130244 692.121468
594.328945 704.681889
709.168566 626.802901
631.459127 691.526615
733.111705 691.455944
588.594462 716.527978
564.832905 733.304375
679.464123 1169.895359
643.287277 253.862573
552.227441 956.377747
702.729621 1246.280493
625.837048 1236.722808
528.090681 1411.601255
623.522269 696.431434
573.330164 723.573632
686.771942 1245.068184
631.149435 237.494688
648.989804 984.502421
677.974085 1282.913172
731.559127 1369.150729
583.537423 707.115460
667.265796 697.825205
469.073217 1321.909525
668.712357 1276.956954
511.509306 1012.463075
670.147483 1350.254786
689.441816 252.077978
623.920810 1284.643335
627.599781 1390.700307
643.161042 686.811277
630.144750 759.134421
734.943232 1368.887174
545.454246 1413.785470
605.913356 978.762501
550.727087 234.975332
646.107912 1279.161202
563.946076 669.231242
718.103738 721.733701
639.663361 1353.816153
560.950242 1413.857584
558.637917 235.919842
703.405259 1005.861023
637.266853 1346.573441
743.887413 615.289575
517.557262 742.899487
723.631534 1374.364730
649.959947 1300.111999
688.987127 1377.892508
635.871271 241.976646
616.519485 1005.632995
684.756928 1375.432654
595.388611 1393.945129
808.706472 662.393543
708.438663 719.520474
669.270533 1377.719844
678.728166 242.837670
661.553995 977.834115
717.284697 641.970335
559.073223 731.215799
708.162228 280.597215
666.618546 668.721867
688.832608 934.599473
687.144624 734.842026
681.691845 243.372641
792.146244 638.116680
708.530579 1002.129888
703.600312 270.437285
663.382253 684.326922
646.334615 656.272863
644.731490 974.183952
786.533153 640.549178
707.553884 279.176618
727.602328 733.559006
672.770543 992.114335
673.899358 602.369519
726.442570 297.268783
758.877472 723.577996
719.022483 626.723024
743.357345 993.424285
741.557333 319.443425
806.244611 595.956062
818.385901 786.147872
735.131483 311.717989
704.026116 976.404285
704.772213 603.238771
647.366058 732.797194
824.288279 422.299243
708.233723 614.326919
746.136113 336.006258
763.425816 995.484927
709.955090 530.118744
692.880112 286.099757
716.221105 352.361434
733.785754 749.022533
804.466211 572.956546
757.660692 357.842695
763.422865 404.493484
738.367441 504.235914
817.551784 1013.027740
727.177870 360.502578
796.339043 471.074272
749.875029 743.340480
743.961408 338.749307
648.843175 282.136951
733.532156 386.913024
763.095914 411.646739
826.993123 443.583773
864.387951 551.737794
703.333273 983.811319
764.961312 409.264471
830.511075 451.485085
790.750084 438.286088
798.085050 467.018514
731.095358 447.604883
807.903176 453.725760
707.915866 463.536551
762.817038 552.968961
801.230266 783.411808
731.506168 1010.796313
794.987237 764.542456
795.517176 970.326475
753.192777 762.887648
797.599486 1002.735026
766.092899 768.547728
721.979828 1022.478892
798.010425 763.092502
874.683768 1055.646829
842.782105 796.893522
626.891996 985.538647
825.226075 789.659065
899.590205 997.178219
870.844775 821.638109
788.461838 991.764495
945.773792 814.355448
816.505766 1006.806645
806.463567 790.762201
822.239164 1011.673049
806.521241 776.282539
823.453960 1017.130891
781.564639 800.262167
870.042340 1036.478152
1043.136885 806.370636
893.590852 1044.445474
926.255749 814.745631
910.476993 1045.606936
846.918253 787.505883
869.825981 1038.588121
906.876054 795.832908
913.464851 1049.097188
904.652112 802.744292
857.876037 1034.876367
976.608178 812.373154
984.447966 1060.179753
930.248303 789.753948
930.433774 1041.531399
955.116411 811.399318
1013.646770 1067.343886
914.690823 824.887244
1040.458161 994.652897
918.425127 816.017253
1015.201286 1066.071627
891.082254 804.071264
964.935198 1055.374929
1014.770656 808.876089
1124.147321 1080.204120
1094.835716 793.947508
1017.050214 1050.994895
1019.346119 812.885069
991.841564 1064.816146
1075.824994 797.884257
975.661459 1055.951562
1039.470134 814.939910
1125.554480 1077.285878
1020.685610 827.359274
1029.198841 1069.790231
1013.668081 805.905512
1077.426956 1083.122905
1126.543419 795.439874
1117.087716 1083.896492
1268.086905 830.476714
1048.267770 1075.412339
1082.490928 802.882681
1172.214702 1091.057478
1120.957113 795.813931
1115.149683 1078.144638
1192.239051 805.277280
1174.053856 1054.598156
1094.439442 794.929244
1108.911662 1084.581858
1218.085273 810.054231
1091.701307 1084.006648
1189.987295 810.242715
1200.077556 1059.835050
1309.874768 823.081982
1182.283027 1084.055484
1173.515499 800.171270
1157.451732 1093.729825
1163.032603 801.112131
1295.073001 1086.930740
1132.178737 800.612553
1203.951460 1083.235941
1218.726984 843.662781
1183.504320 1092.562364
1117.643398 800.039774
1203.925830 1088.982577
1283.924231 820.629829
1317.965738 1070.219690
1238.446735 824.338572
1163.614930 1082.142912
1169.615181 799.135229
1210.886820 1079.863422
1305.640454 817.871073
1201.252665 1098.243208
1131.056640 805.538267
1320.094040 1076.386907
1356.690845 846.848220
1223.405623 1096.909255
1381.396563 851.092128
1214.625302 1085.309133
1303.852751 817.477916
1194.800914 1098.507725
1190.481596 811.481302
1408.044909 1112.495718
1413.264173 858.199299
1153.126283 1090.912589
1266.609572 829.743848
1312.983032 1085.753970
1350.045409 841.326782
1322.505948 1081.385270
1411.221485 863.034890
1249.528785 1091.922067
1448.283746 880.798665
1371.134286 1109.790828
1197.838479 818.717050
1402.690344 1093.291053
1482.164674 881.035818
1335.050321 1097.300526
1300.779288 818.459228
1277.685277 1087.396917
1431.990455 872.917647
1376.706613 1111.248177
1342.269397 844.844330
1408.848146 1102.753805
1245.565411 846.252094
1249.953546 1091.944280
1368.064544 849.849947
1372.652942 1108.258973
1388.484476 863.631405
1412.230969 1119.543239
1390.300228 1112.005949
1550.105685 856.687958
1352.424496 1103.336466
1549.695020 852.404001
1342.236573 1097.419473
1451.546985 883.167005
1545.177441 1112.898385
1555.369344 856.227253
1457.858091 1113.524841
1429.161809 870.214531
1456.704205 1114.770591
1612.521356 896.984044
1638.784235 1131.577176
1546.243334 862.127451
1605.479811 1123.205282
1506.777627 886.585819
1478.420099 1130.043615
1513.548205 899.877161
1598.146506 1125.045363
1535.214628 882.784206
1560.569354 1126.417926
1556.872667 870.761558
1518.171141 1136.625570
1608.490249 914.145906
1525.622941 1142.236202
1383.062882 892.353033
1531.000659 1139.985903
1557.260631 897.410761
1597.542153 1125.932464
1512.482078 938.366378
1649.443335 1169.816087
1514.984634 889.283709
1567.133799 1143.902996
1683.114977 936.066585
1650.382650 1109.489667
1558.871794 906.587385
1547.596623 1151.826391
1553.188843 873.623120
1644.948366 1163.914606
1557.152238 886.846975
1546.639904 1153.458440
1549.598144 899.748146
1720.365449 1170.638743
1601.751868 904.562532
1714.961201 1171.688392
1630.723316 908.482303
1657.489091 1153.631941
1621.725101 908.054831
1547.809607 1149.788349
1713.000411 907.314168
1676.907508 1179.978298
1624.438625 915.555949
1769.174220 1182.595673
1833.550183 917.972627
1650.587063 1170.808398
1672.975605 921.712310
1600.911318 1157.132029
1588.009089 903.757493
1718.924469 1169.714791
1695.146209 911.348467
1827.962723 1197.499949
1676.421743 930.391018
1659.820797 1175.056722
1730.274284 911.660912
1877.648007 1157.783412
1599.441007 952.066581
1653.824743 1169.402062
1739.745834 913.837458
1651.185884 1174.063125
1833.800769 924.689888
1888.665201 1190.598093
1662.102488 918.426879
1857.955548 1199.694419
1684.617174 916.831815
1776.076759 1190.777089
1833.779389 924.516889
1887.524693 1198.057879
1903.275208 953.846063
1754.237436 1188.435348
1824.302504 943.865587
1843.210347 1200.669161
1833.871026 940.234433
1869.711854 1175.858271
1821.716099 995.024049
1885.889761 1178.203581
1922.140502 952.356556
1841.327538 1198.848223
1855.271006 933.434684
1695.096067 1181.066269
1807.642709 957.266820
1775.157779 1193.044283
1855.158256 960.685297
1854.857668 1200.365530
1963.978231 957.016460
1967.058503 1216.926715
1834.911456 919.603794
1945.800189 1199.187581
1886.301575 950.850668
1963.781361 1216.245801
1816.778737 959.679411
1862.031213 1197.914169
1938.583369 956.774026
1947.259046 1188.430356
1919.376096 956.044504
1847.659074 1195.712131
1901.915773 953.153182
1920.109232 1183.235497
1892.544567 950.142305
1954.137148 1158.149403
2021.711247 963.718141
1909.602241 1186.556121
1933.636263 955.481135
2026.014153 1220.274062
1966.817529 961.388425
1997.575065 1207.235761
2011.422410 963.720250
1977.374272 1200.054414
1889.855349 951.452678
1985.002703 1210.608209
2045.141095 984.284907
2087.385346 1231.341952
2007.328014 960.721772
1971.112215 1210.531693
2045.859828 992.430147
2084.945362 1239.789578
1973.916491 959.196057
1997.036700 1205.273638
2024.217694 965.960326
2080.241300 1243.241173
2024.298682 980.071429
2075.866408 1242.186677
2204.872901 1022.577825
2159.151412 1246.001988
2124.013768 994.928619
2238.454631 1259.169228
2039.242984 979.105765
2141.862131 1251.123325
2184.223203 1009.870198
2111.371519 1247.924927
2109.252948 993.146954
2125.613100 1248.907029
2075.519901 993.091692
2057.054250 1237.842447
2098.246139 987.960328
2038.779354 1231.108310
2223.789302 1012.051772
1966.406346 1214.904706
2172.677592 1004.515616
2184.670683 1228.036197
2070.761068 990.896141
2084.620049 1242.955697
2059.427124 1030.484307
2150.388029 1247.416345
2153.889796 1004.005489
2213.432564 1262.892089
2202.625955 1017.344577
2215.599332 1263.981635
2248.719663 1016.153347
2134.668644 1250.160413
2187.383193 1011.249244
2175.816709 1250.858700
2193.850544 1014.308105
2223.643744 1264.918417
2188.998872 1073.916316
2155.946985 1248.137933
2133.451419 1009.408850
2316.622857 1273.508188
2252.535764 1016.745583
2267.948885 1265.550358
2323.496969 1031.205402
2315.687464 1272.750515
2256.693915 1017.054601
2282.091611 1268.136660
2194.490678 1036.507216
2316.807334 1275.183782
2294.711849 1028.753415
2262.362514 1266.305585
2219.568446 1027.750777
2265.343199 1272.294052
2345.027330 1051.891899
2451.094613 1285.337837
2420.189129 1055.202688
2387.659447 1295.551169
2307.068613 1031.628566
2292.090879 1273.061106
2253.814507 1017.991863
2312.734227 1278.934662
2347.188556 1100.394261
2339.376841 1283.285823
2328.800880 1031.560199
2321.417424 1275.373452
2189.709463 1015.390423
2286.150118 1268.905440
2324.737827 1043.869270
2333.652339 1293.837041
2332.951445 1040.050933
2398.300570 1299.214544
2329.686596 1050.871146
2426.045520 1316.968525
2360.217668 1061.912997
2425.814809 1313.372373
2393.358864 1049.097790
2422.516100 1319.246032
2443.376229 1057.461140
2390.767053 1286.825063
2427.963768 1058.269400
2407.211001 1306.554356
2408.460495 1048.811077
2456.376171 1275.927434
2482.977014 1079.188652
2473.466855 1316.395491
2479.761870 1055.028086
2364.904487 1294.862533
2424.989238 1046.569783
2541.894319 1317.074844
2474.019115 1052.265423
2443.177101 1325.412830
2598.257137 1075.967159
2346.974150 1295.613841
2484.957612 1067.016232
2518.660464 1339.767727
2422.638087 1054.562599
2446.338384 1290.509439
2483.906322 1061.397797
2521.697312 1343.097697
2434.515011 1053.705855
2515.905314 1343.469512
2533.937752 1079.493155
2448.789619 1297.164923
2590.076318 1077.217314
2629.232244 1292.574256
2591.533782 1082.630492
2529.390421 1307.293944
2493.463673 1066.946133
2530.924002 1333.681926
2475.406114 1051.150554
2469.991095 1320.994123
2595.535710 1078.366652
2532.661400 1323.246085
2428.530965 1050.372904
2600.046311 1275.122865
2572.019323 1072.679003
2571.911844 1304.291920
2544.047383 1071.585394
2470.600507 1324.244948
2759.307447 1086.996624
2629.346244 1321.034581
2563.415372 1075.562403
2572.800083 1315.670173
2665.931565 1085.414147
2733.156023 1309.803164
2473.057938 1086.490449
2685.528441 1336.609533
2708.768779 1083.366246
2642.045950 1312.225404
2644.142520 1080.784533
2763.215239 1353.685801
2606.663365 1110.184670
2585.928684 1314.829868
2758.607819 1092.222502
2808.892374 1373.029950
2769.750724 1358.737130
2772.979758 1090.124475
2622.515494 1345.784180
2699.596054 1085.274500
2773.909158 1343.546188
2625.734747 1107.248485
2688.511277 1332.387604
2638.280021 1076.790125
2729.570078 1096.413171
2679.791582 1351.187679
2648.277924 1080.003467
2727.480578 1350.595318
2801.734409 1100.118901
2622.722133 1344.491999
2770.389197 1105.170334
2739.495025 1338.165371
2817.236236 1108.103524
2784.874951 1377.663999
2749.913299 1087.643068
2814.223087 1382.544785
2788.396698 1092.687766
2819.211545 1327.480494
2838.044567 1124.324561
2772.150092 1369.581097
2767.729279 1100.413286
2817.310931 1354.831014
2792.511799 1131.458918
2864.752456 1372.218801
2811.722361 1112.853350
2782.330538 1352.389280
2766.109081 1096.356026
2838.107779 1382.473786
2839.353620 1118.248934
2876.248875 1377.153311
2901.654477 1154.565305
2761.219441 1371.261066
2918.869553 1118.160910
2862.804625 1364.404616
2960.905042 1112.893625
2967.325724 1365.887732
2892.412221 1164.143445
2809.193213 1380.643294
2975.569702 1117.760421
2909.987431 1373.571276
2904.727360 1143.824658
3022.571139 1386.679161
2960.157930 1111.923224
2876.929507 1373.620726
2973.406888 1119.303009
2825.521858 1384.717084
2962.807065 1114.923638
2931.695686 1349.380386
2955.570072 1159.807198
2897.641337 1373.521309
2948.306373 1125.972296
2975.127422 1348.768962
2989.988569 1146.864988
3046.262224 1395.287740
2956.039547 1130.056541
2957.847799 1391.948503
2975.809615 1118.372873
2919.516959 1382.453602
2980.597575 1151.596578
3121.542209 1374.667539
2913.257848 1150.127552
3075.554785 1401.215917
3015.045925 1162.047030
3037.574134 1364.087682
2969.575387 1140.009816
3041.748778 1400.514275
3120.620466 1189.257999
3029.187817 1408.129030
3010.496417 1160.645773
3128.689903 1397.326549
3152.125159 1188.031492
3075.938026 1393.929633
3098.453833 1172.952383
3118.367141 1403.627551
3090.287073 1171.226408
3082.253616 1403.583017
3016.975859 1152.143628
3077.312591 1402.127096
3122.723930 1200.550045
3058.988754 1404.653943
3209.472574 1194.558693
3023.586081 1402.819093
3008.054584 1164.719624
3091.198040 1402.732779
3143.245140 1195.705713
2968.225526 1400.555770
3156.174322 1193.025609
3063.562833 1400.361208
3208.343881 1185.921156
3137.535404 1407.280851
3167.454040 1184.455969
3152.429540 1417.804483
3141.002357 1199.778214
3252.830679 1415.152168
3137.134090 1196.107706
3358.033030 1459.882741
3225.353578 1198.118187
3029.485679 1409.141367
3219.084251 1198.933104
3152.488894 1409.879968
3196.248937 1189.735131
3218.241586 1451.765563
3321.873668 1212.349997
3194.850672 1414.386266
3242.580097 1195.290993
3242.920502 1392.440508
3262.772482 1206.771468
3320.723553 1400.577693
3291.243239 1205.675190
3217.767865 1449.339449
3233.312200 1195.959478
3376.766751 1404.195032
3317.599798 1212.156830
3140.612758 1422.484751
3212.943883 1198.606437
3214.179201 1441.864459
3272.764609 1206.534303
3263.882292 1436.559181
3251.982247 1227.278191
3357.255453 1433.934023
3355.952116 1223.620681
3268.527097 1412.941350
3254.213941 1216.751503
3419.319529 1434.200323
3446.920499 1239.496964
3335.685290 1443.562830
3295.222493 1212.228104
3309.495052 1425.206961
3235.888379 1224.310605
3360.988931 1436.862656
3348.253305 1227.780852
3347.629830 1455.326481
3356.140220 1231.235768
3344.616122 1458.319626
3448.275777 1230.349755
3460.102904 1470.224466
3416.194092 1238.192107
3462.216329 1470.249223
3372.529311 1249.605977
3406.958352 1442.685874
3361.806948 1232.968296
3458.446732 1472.269255
3252.398873 1213.790129
3330.356913 1440.291688
3366.871902 1256.280724
3410.495292 1446.615168
3384.076067 1256.850505
3440.899880 1462.223578
3457.477211 1236.198367
3351.417943 1454.799717
3406.683630 1227.338354
3357.929050 1458.035033
3425.183447 1244.555341
3452.045426 1446.430267
3443.951096 1233.354879
3369.514074 1437.424594
3454.977431 1231.748890
3380.172157 1444.972997
3461.869478 1242.044627
3392.994134 1441.354317
3511.922707 1423.040548
3509.639791 1421.952393
3456.932536 1288.372729
3511.575785 1423.029213
3496.345808 1286.010294
3477.169295 1347.973187
3447.951895 1342.261749
3587.357072 1332.019776
3385.995282 1378.504453
3399.879361 1376.821965
3471.916289 1355.190845
3523.572596 1393.840414
3465.465460 1394.699436
3448.097764 1281.648726
3586.731522 1337.832283
3459.538112 1261.473071
3383.781523 1302.357476
3528.797145 1336.371071
3479.823664 1352.944722
