599.026865 934.558751
521.568353 933.653768
541.682297 863.771722
517.034505 777.724904
496.452138 748.869569
451.509023 705.513138
387.520829 698.360774
326.861566 662.645604
256.521540 621.749526
193.739095 459.931898
180.506999 396.269953
224.690391 400.930022
231.193381 393.309549
287.487282 432.045614
348.968184 403.400830
350.074800 407.564026
369.399001 361.722503
398.013916 281.379493
382.628616 250.562359
393.611711 141.895313
401.504746 115.403951
459.270359 113.446612
428.760546 107.951080
444.580958 83.900065
455.133292 176.736912
484.916488 194.982781
458.387875 227.968500
463.720563 300.685915
480.914432 353.941640
485.868065 398.268166
552.222324 409.305373
561.025114 416.929307
607.161990 407.976320
642.628792 376.717325
638.376178 375.977980
639.970864 297.872273
640.023099 265.647708
663.764092 215.283187
665.705233 199.142893
674.728646 294.267471
677.502462 287.173680
706.241348 291.980765
722.975962 357.763027
701.511217 397.653727
752.804063 417.452217
809.176399 392.280979
867.432103 393.906074
882.319658 309.805821
887.905247 317.506762
902.716525 402.720886
874.147871 481.175960
848.523593 598.899338
818.901758 660.145519
674.256211 695.756647
655.265202 749.347561
596.239544 806.853469
567.504079 850.750050
592.500800 1110.137165
621.378982 1129.637942
491.738473 1165.129316
497.888400 580.877629
488.780903 566.651819
464.505236 497.115293
487.459565 516.365472
509.932884 531.270754
574.418576 532.725453
588.158436 505.977243
615.364692 565.925142
651.772292 519.650542
600.826329 564.207580
572.883837 543.155337
427.320894 547.809757
241.064458 383.572879
235.808018 293.281221
654.429833 172.364423
690.221373 142.593023
689.779167 152.555615
648.571441 103.243373
663.068843 73.263210
675.384784 67.583526
666.383341 63.834927
