586.823517 948.812293
514.403560 973.511627
522.282987 856.095648
507.991165 798.459806
512.774545 751.718857
450.643883 734.065066
390.633241 713.154404
319.805916 655.943421
234.429669 601.060262
193.882684 517.671350
184.839291 392.547688
240.133436 371.979122
257.301809 400.672805
285.198534 420.182212
333.138980 404.962208
364.124027 377.611389
371.336973 328.680946
390.635865 251.185001
398.508425 220.582049
394.674479 170.691993
412.772532 128.628768
451.682213 137.333510
445.097763 102.015652
427.713115 65.257511
455.997590 166.718255
469.155602 205.089953
462.464811 260.288135
479.568793 257.457148
488.733387 328.867520
492.009313 379.708461
545.537029 428.248359
568.785092 420.753540
584.534000 405.815257
638.631592 374.486373
638.959347 375.741139
645.200045 343.309711
639.132848 265.945642
638.806074 239.079162
692.782912 208.443360
684.595962 242.934761
689.269979 278.872687
691.724613 307.452364
705.085436 354.228502
714.027722 401.374916
775.091859 403.865420
833.541104 391.897728
861.187036 373.482108
884.448694 343.576387
892.744955 300.746144
896.808819 405.440907
884.996822 480.821135
844.512469 564.742030
799.697612 642.823292
682.376419 700.652164
641.815661 732.247897
600.337248 805.211635
584.371256 848.850828
601.351229 1093.875739
587.836789 1143.461750
510.818931 1158.752665
524.528612 574.792437
484.162896 556.189788
467.637796 562.163728
486.697781 520.482574
503.884076 513.607615
553.842492 528.709806
588.272438 517.797016
617.604325 507.227568
630.118892 536.136219
611.923356 555.588987
566.557564 576.193079
437.872992 575.449818
219.360817 330.168004
225.153889 301.022112
647.691345 175.324068
672.723959 181.876918
657.865826 154.452155
670.505165 111.373793
645.927717 101.216349
669.159179 90.289475
668.712673 56.872061
