-230.799472 -20.856915
-232.228878 -19.163187
-236.744062 -22.604843
-227.329733 -24.507632
-232.448867 -18.404384
-237.941359 -19.892449
-219.937941 -41.102937
-222.469834 -49.275834
-220.782956 -46.178587
-225.524423 -51.818455
-225.220942 -48.105287
-221.502073 -45.187703
-200.712778 -63.396707
-202.882906 -70.706909
-202.783894 -74.299875
-204.059057 -67.501031
-213.854202 -66.729881
-206.272734 -69.334157
-191.194526 -84.872679
-190.560142 -85.422504
-184.554292 -87.068705
-198.563860 -84.090120
-189.035533 -87.444014
-185.030857 -87.249022
-164.742725 -113.536872
-169.728053 -106.765604
-177.299560 -105.213485
-163.685914 -107.810329
-174.003466 -112.709265
-173.702945 -110.670441
-150.041154 -125.129676
-145.400815 -126.760599
-149.226537 -126.717928
-144.096958 -133.578042
-151.510218 -131.157164
-150.112508 -121.831680
-136.401879 -141.714025
-127.458545 -141.796829
-126.831931 -146.961658
-130.190430 -142.220065
-135.146355 -140.559809
-129.058123 -147.572982
-102.135901 -155.708578
-106.831049 -152.976954
-101.065119 -158.806961
-104.710126 -145.291072
-101.155042 -150.419651
-101.584988 -152.723230
-76.346821 -160.746361
-75.371954 -154.006838
-74.551137 -160.506867
-74.563425 -160.285637
-68.553351 -156.570548
-78.828084 -155.230325
-52.356054 -170.515675
-55.309365 -162.512844
-52.189082 -159.884728
-56.972438 -160.339492
-59.204295 -165.424599
-58.410809 -166.326174
-242.058585 8.512520
-239.980010 7.684372
-243.039377 -5.703223
-242.085805 4.693269
-244.960922 10.972994
-242.231997 2.749670
-252.114188 25.828596
-256.550224 35.475001
-255.598059 24.836407
-248.320538 38.194916
-257.346131 36.701642
-253.677799 37.197715
-259.713226 53.871225
-262.629629 58.041446
-261.836900 58.582255
-264.392237 58.491569
-258.520685 60.062866
-255.615146 57.388122
-258.113863 91.686255
-258.387008 88.395328
-257.709826 77.970489
-260.530109 81.082198
-258.383744 87.794702
-267.374557 87.802656
-259.805842 109.488951
-267.278225 109.909382
-260.043415 117.726559
-266.735229 107.960420
-259.998828 101.960281
-253.492370 112.591015
-254.917213 136.955230
-260.644572 137.034442
-251.884048 135.443130
-256.022176 135.729014
-252.889376 139.293027
-258.633856 134.232832
-251.249086 165.879204
-255.801841 160.497170
-254.799534 158.557324
-244.315534 155.945738
-247.126990 160.914203
-242.643613 162.655040
-241.729613 191.304345
-231.712164 184.499726
-226.293657 182.685800
-237.434368 186.880145
-234.176240 176.375405
-230.486353 184.750183
-224.354916 202.880745
-227.644179 205.872888
-220.260258 201.624118
-222.563755 209.174923
-232.060321 203.063047
-226.677239 208.056794
-212.345337 221.381493
-204.517180 220.136682
-208.503376 222.561586
-209.246103 225.104680
-207.682355 221.904282
-218.757529 222.842560
-202.741322 240.341437
-195.189718 235.072173
-199.703244 247.794590
-201.817761 239.260931
-193.661934 237.860338
-197.993184 242.003934
-185.497714 257.162193
-179.491225 255.864074
-184.822634 263.971340
-184.781343 255.170243
-184.053145 257.396023
-178.664859 258.397058
-165.165329 279.844693
-161.450118 277.812869
-171.294954 264.449350
-161.847199 277.735198
-163.132083 271.313144
-166.673865 275.561642
-143.592915 279.933912
-155.004476 288.338406
-151.781236 288.156089
-149.880846 284.015678
-150.291757 281.086733
-148.018993 276.774726
-131.749171 297.093558
-139.618632 290.365605
-132.746013 295.920437
-127.812584 299.021840
-140.221247 290.634488
-123.361620 300.343266
-104.138179 306.859988
-109.804621 310.504326
-99.488676 306.335797
-108.668292 312.207374
-116.779462 311.724379
-111.192697 311.354488
-82.404709 316.224128
-94.236834 324.221317
-91.257129 313.285479
-87.483368 319.248589
-93.697093 316.417635
-94.226404 323.436252
-62.998870 332.998954
-63.080418 326.818215
-61.323885 321.480579
-60.689363 330.555097
-66.401230 323.911174
-68.139931 322.682479
-40.283004 335.371048
-26.963311 328.728835
-43.329939 330.570359
-38.615558 329.370695
-36.212974 330.378700
-36.320295 330.429395
-12.917530 335.189457
-13.118817 331.133849
-8.452930 340.938674
-4.069119 336.877091
-9.681937 339.694851
-13.637282 329.437511
0.833050 334.560644
5.276363 331.257791
3.606510 336.944464
6.960892 326.652654
8.038018 338.706496
1.961702 338.306379
35.569467 334.845847
27.724604 331.896076
31.231499 325.859289
30.295280 324.001464
24.244181 330.971262
27.813279 322.241447
52.017825 326.568292
47.445675 328.280786
50.501349 322.034489
54.125017 325.002403
46.192478 324.293379
49.316736 329.934328
76.725845 307.143610
76.595718 317.307596
82.863113 311.390541
71.445896 310.890471
76.731161 309.608149
79.959589 319.243020
100.664666 310.968954
104.205397 310.119121
91.254887 309.581200
99.778438 308.469122
102.380164 301.570839
101.396064 309.138486
123.865792 292.635246
119.314523 298.869398
121.649820 298.782647
124.603296 301.853452
122.322089 294.410979
113.383108 304.957933
137.715026 281.776255
143.337367 279.092972
138.999796 277.487109
146.027876 281.169709
149.822224 277.417930
148.805922 283.806782
167.303045 267.135233
164.946874 269.053164
162.341415 274.396067
167.557689 265.347483
162.050505 267.456578
161.213827 266.955304
174.332822 252.015799
182.661302 256.277762
180.404855 243.552495
186.387623 248.138491
175.578728 255.514373
191.557577 253.845689
-32.885459 -175.642638
-27.534468 -172.973240
-33.193853 -175.439815
-31.850122 -170.936363
-31.962218 -170.486398
-32.795546 -173.419312
-5.681037 -171.329593
-6.312209 -179.276897
-1.743003 -175.122507
5.437499 -176.278167
-5.641706 -179.205217
-7.278396 -169.928829
24.356668 -175.497756
29.281190 -176.529137
16.044600 -168.178329
23.947180 -168.212185
22.374579 -174.004834
23.939543 -172.450830
47.223381 -165.613285
44.453320 -163.364112
44.656380 -175.704509
37.805177 -165.596411
48.236592 -164.226605
43.039074 -173.296372
70.029002 -159.055940
72.274079 -157.190460
63.040596 -156.267903
70.606962 -158.367578
68.807914 -165.239128
67.529562 -152.269491
84.717672 -147.932956
93.915016 -142.655818
87.377714 -145.315456
96.359742 -147.176792
92.951054 -148.196987
99.344660 -145.413868
115.225387 -138.375749
116.009587 -140.592436
113.748575 -141.573925
121.905404 -139.221451
117.085106 -138.861114
109.266975 -149.644498
138.383790 -136.971251
126.121583 -137.815597
139.544396 -124.346860
136.352413 -121.870115
133.803101 -120.692503
132.151552 -130.865292
144.465282 -121.814591
149.942373 -116.660367
153.021581 -119.558518
143.639167 -120.558910
146.193748 -114.517983
150.518831 -124.779206
169.303083 -107.281779
177.565138 -96.985609
167.754841 -91.070400
178.154212 -101.462726
164.858657 -106.391371
173.415179 -98.229847
160.081375 -112.441604
153.597953 -108.420091
155.076577 -114.203155
156.281589 -106.974654
164.779816 -110.947610
156.807448 -112.544451
189.041902 -84.176615
187.908526 -93.003909
189.747320 -88.545606
182.899426 -86.849460
184.563347 -90.611096
189.989475 -86.545809
183.701029 -70.144543
192.307847 -68.443152
185.097210 -76.657068
195.049550 -74.099537
199.362117 -72.883219
190.861546 -75.275614
209.215066 -58.353491
203.632631 -52.866552
205.268652 -56.976996
199.987735 -58.956917
203.926332 -48.752800
207.854250 -61.012233
221.066224 -26.677023
224.129939 -30.457522
222.493650 -38.540081
206.392026 -31.107474
215.376137 -34.320860
218.013056 -33.088054
216.161774 -17.601922
226.164164 -14.591248
231.014521 -21.977944
223.916301 -7.602776
226.859483 -16.577163
227.678708 -7.597044
235.900547 16.257859
236.423484 10.505655
239.639432 8.229367
235.939055 15.435259
228.957283 12.399962
236.754698 3.850934
193.964002 232.171764
195.454178 235.702168
198.045139 235.285672
194.539059 232.873036
194.032832 237.737631
197.466000 230.033613
209.607536 215.271189
207.556908 208.522416
203.371490 206.652652
214.964191 210.685570
206.355456 210.040807
209.615494 215.434677
221.077378 190.901364
215.277568 188.388340
221.589812 191.614338
213.885267 194.807039
223.000278 186.306554
213.560558 187.917601
228.918908 165.120095
227.648675 180.148771
223.376373 179.116213
239.551089 173.852283
234.248807 182.929270
231.728571 170.442785
234.607326 149.765967
227.451403 150.793496
235.144441 142.501652
240.282247 155.105388
236.790770 144.244377
233.682979 157.437828
239.493909 132.183961
238.731215 123.212901
245.571744 130.275477
237.461622 136.817680
239.173461 130.739970
241.043605 128.596317
242.214247 106.725058
239.724136 112.604089
244.204074 109.426524
247.357322 112.138817
244.149481 109.870834
242.303565 114.139398
247.467927 79.566220
245.168932 80.662253
250.599291 75.546890
243.443450 88.935070
250.016634 86.082337
252.771447 80.263288
247.651057 53.235178
241.996073 51.893373
250.261114 45.449223
247.874479 55.708523
246.231398 47.027051
245.375936 44.944946
240.180837 24.026944
244.804419 20.561273
239.724462 23.301967
244.926781 28.961408
235.918015 23.742108
238.879182 20.482083
-311.386809 -242.939711
-318.508922 -247.938945
-314.355831 -237.770598
-316.281318 -240.684617
-316.684641 -243.119646
-319.177968 -245.011379
-318.246589 -229.181732
-309.250276 -215.338579
-315.660717 -218.481616
-323.749301 -223.059912
-323.086645 -228.563156
-315.173753 -222.875881
-301.979270 -252.708541
-290.580787 -254.893307
-300.617080 -252.065295
-296.795682 -254.125888
-298.491204 -254.592780
-297.246091 -248.064849
-278.360368 -265.736389
-283.704106 -263.262164
-279.970639 -271.605173
-277.406467 -258.175720
-285.244337 -269.619028
-278.045141 -267.199984
-261.226133 -272.243732
-259.890044 -275.651307
-260.254105 -274.823408
-264.368958 -281.994614
-257.768396 -282.353666
-264.110852 -274.171073
-235.953726 -278.475546
-242.149346 -276.277131
-245.035056 -279.485034
-238.817802 -285.047565
-235.928882 -286.568066
-243.244524 -282.670746
-215.760689 -289.872512
-214.439703 -291.733939
-215.338234 -293.049510
-213.788625 -285.358488
-214.107468 -291.369603
-213.792171 -299.137931
-213.793004 -275.152636
-209.288717 -274.579913
-204.721583 -280.841753
-207.576147 -269.040193
-211.474699 -267.267064
-201.957857 -268.755428
-217.663506 -256.905378
-208.456702 -249.706123
-211.193694 -257.598631
-211.804586 -250.326176
-204.687146 -255.890296
-208.753923 -253.608165
-203.899123 -237.975669
-209.463030 -238.506308
-213.863860 -227.840414
-207.071349 -231.318637
-210.499723 -237.173895
-207.927294 -227.946786
-197.927253 -207.711934
-204.553665 -207.457149
-208.295773 -209.041329
-210.796092 -215.848392
-200.977061 -206.209761
-200.306215 -215.593864
-213.969556 -180.989953
-210.328030 -178.182107
-206.745104 -180.237076
-214.328394 -182.223283
-218.581885 -182.381507
-205.655081 -174.836554
-211.550491 -148.380812
-210.769388 -154.214001
-209.550479 -156.569271
-210.623217 -161.044545
-205.773456 -146.074254
-209.479777 -154.132302
-208.901678 -129.948077
-200.129428 -129.944173
-205.075803 -136.456890
-209.321209 -123.478375
-214.161489 -133.430269
-208.101343 -132.896243
-214.912578 -105.776581
-208.877664 -112.140685
-204.292373 -107.382585
-209.702127 -116.979062
-217.972882 -106.143837
-211.797185 -108.189130
-310.506514 -209.383828
-319.758275 -206.520977
-320.858718 -212.328212
-314.560223 -211.611323
-308.410187 -212.270377
-306.607730 -200.784493
-317.227300 -187.619188
-314.283683 -177.389196
-318.519140 -183.915239
-313.540893 -180.722111
-317.139848 -182.070321
-317.173293 -178.267781
-316.313231 -157.252589
-326.878327 -164.313531
-320.350427 -165.117498
-310.230750 -166.702404
-316.031307 -163.162118
-319.268285 -155.586325
-320.886808 -138.547511
-323.948836 -148.636598
-322.600480 -149.249676
-319.238794 -155.146689
-316.367674 -146.931544
-311.116170 -151.122413
-322.091691 -125.279701
-323.312969 -128.331790
-324.280254 -127.191832
-319.086410 -123.039774
-315.864847 -125.353643
-315.832851 -120.558272
-312.966500 -100.705834
-316.995238 -103.571303
-315.034491 -99.607364
-324.268079 -94.454761
-316.332209 -100.444266
-323.695175 -101.433608
-315.810849 -82.339243
-320.078939 -78.704524
-322.134137 -78.784203
-315.823149 -80.324051
-316.391956 -83.513666
-315.882533 -83.727971
-313.680276 -69.711270
-319.799652 -60.799956
-316.346647 -54.199614
-319.774113 -70.353242
-316.830750 -63.132960
-317.870403 -59.868538
-295.006040 -66.528235
-300.027020 -68.903540
-300.256978 -69.535624
-301.147853 -61.121290
-300.536838 -68.244059
-295.838076 -71.688238
-283.554722 -74.174691
-282.560199 -66.979989
-282.133732 -80.290912
-283.297594 -74.214957
-276.955842 -78.096628
-279.885696 -82.385335
-268.665854 -86.623981
-266.629966 -73.391136
-263.874874 -81.593540
-267.882147 -77.625590
-262.231375 -73.342724
-265.540685 -84.685378
-252.464502 -80.684117
-243.373164 -91.441705
-248.814114 -86.332493
-258.947621 -82.477668
-250.990651 -85.786205
-250.400919 -86.929567
-236.096092 -92.831579
-229.891508 -97.065855
-231.213519 -91.972974
-237.500890 -96.932167
-229.298392 -98.475876
-236.978178 -105.265846
-219.690992 -99.680765
-217.118008 -97.964398
-215.419851 -96.494323
-223.211984 -91.764405
-220.544283 -96.213217
-225.553574 -100.963915
203.537298 -283.072887
196.850318 -295.706603
202.974232 -287.387554
201.597407 -290.806095
203.069562 -287.539945
205.139757 -294.941118
203.148484 -262.545364
205.692225 -263.036043
211.537379 -268.039100
196.136197 -262.229761
196.742770 -270.718164
200.784247 -264.877386
208.477879 -251.156720
200.435052 -245.117212
201.869554 -243.084967
208.773118 -240.159662
202.713238 -248.260225
200.615065 -250.735648
203.290638 -226.841411
203.696984 -225.370013
206.691682 -236.822961
195.304889 -227.985114
208.881515 -225.906984
200.132236 -234.497059
199.163213 -201.863711
206.458993 -211.559399
207.635431 -201.637012
203.132885 -213.898342
200.931123 -207.874227
201.661776 -206.638858
200.870816 -183.389802
208.435435 -197.280692
209.816933 -185.037939
200.223767 -188.020607
198.992936 -195.053842
203.340321 -189.815414
206.588718 -166.016004
200.250324 -167.584212
202.624028 -175.650703
200.967952 -179.506816
200.758480 -173.515102
199.530110 -173.673575
201.539774 -152.757438
200.567823 -157.922692
198.256947 -154.784564
201.276901 -146.940414
202.769718 -154.540951
202.108566 -153.575143
201.065194 -147.713621
198.048102 -141.869492
199.021883 -134.063037
200.169204 -135.200489
207.186645 -137.537469
207.436262 -130.758141
202.589252 -127.923992
201.289631 -120.369779
198.038536 -116.037765
203.750533 -121.738769
201.918495 -120.406564
200.123129 -111.778711
199.158977 -102.324153
206.636866 -104.501606
199.484311 -100.448546
206.433095 -107.198809
209.198545 -97.801086
201.328229 -102.010104
210.553525 -99.634497
223.239957 -95.879900
212.949556 -96.065867
215.718782 -93.143606
214.569548 -88.509548
214.525379 -96.104144
236.173030 -90.313783
225.119760 -83.138785
236.380260 -85.493483
228.004746 -79.997467
237.798211 -94.085119
229.245664 -84.344774
247.344154 -74.379039
253.956726 -75.295133
249.612027 -75.675855
250.604970 -69.384890
250.744939 -75.715191
249.197583 -68.023934
261.311043 -75.207334
269.871586 -77.345637
261.531370 -69.742218
267.750321 -72.558898
257.139018 -71.986709
270.028544 -65.425499
286.923321 -60.120924
281.458299 -54.054575
289.079405 -63.679888
286.591350 -60.439606
288.526436 -62.154783
285.230639 -63.135616
311.153555 -36.982720
309.015475 -39.061578
306.344110 -40.364369
305.359671 -46.329513
304.240578 -44.416450
313.584588 -44.726820
306.461826 -234.736508
309.980841 -236.167023
309.481553 -226.792380
315.927361 -235.243214
314.781671 -231.696408
314.422307 -232.892476
312.423843 -208.577373
309.824673 -202.579721
314.655726 -212.406834
311.808695 -211.381966
314.962663 -211.942228
310.938804 -209.181605
311.918905 -195.360918
304.162338 -185.922074
313.401216 -184.689536
305.168764 -194.916960
314.924963 -192.208988
315.945792 -194.949337
305.957037 -173.917979
310.569408 -175.238962
308.544658 -174.000808
312.337067 -167.500921
311.774936 -173.178893
306.428954 -177.387866
310.982624 -162.604750
304.992860 -161.022854
311.118606 -157.804048
312.531091 -157.075825
316.713392 -156.339107
312.032393 -157.354402
303.461494 -141.004896
312.370976 -142.331983
310.114173 -136.465046
309.619319 -139.349087
310.284762 -141.727920
310.919383 -140.105081
304.376843 -113.828734
320.283527 -121.911519
310.054254 -123.527874
306.856415 -121.737041
310.806442 -121.084412
315.508075 -116.954424
311.596508 -105.528873
313.104620 -109.381647
307.255134 -97.824138
317.559721 -103.449687
307.655894 -107.318638
311.307821 -106.182624
313.560736 -95.598928
308.947206 -86.764041
301.622414 -82.402798
307.465871 -89.286828
304.152968 -88.168462
312.794661 -90.146693
308.859463 -72.010417
312.832885 -62.288351
305.995074 -67.636419
309.960776 -71.264126
303.636448 -76.745136
304.076998 -77.162986
218.215481 -282.014167
230.895713 -280.840061
221.409710 -281.853193
216.554304 -285.253344
225.188485 -281.394857
219.704134 -279.793746
232.797558 -274.405180
229.233587 -275.018907
235.940921 -273.007747
232.730861 -283.399257
234.663768 -276.622566
232.991881 -274.702367
259.783822 -267.678488
250.441518 -271.038853
242.086422 -268.364261
253.927872 -268.068974
244.821556 -266.352506
250.249375 -268.291666
273.205061 -259.530419
261.387965 -258.099535
271.844110 -256.512557
265.100796 -259.642621
274.610412 -258.706243
273.496419 -247.937899
294.948147 -241.488094
296.761451 -242.268645
295.257314 -236.254219
296.567653 -248.714053
297.388063 -246.236631
301.624616 -246.470620
-378.204860 -65.288793
-366.013062 -59.654238
-378.279195 -67.579249
-371.154970 -75.422701
-370.827582 -67.199735
-372.466111 -66.140485
-385.470846 -65.790161
-383.902186 -61.668854
-387.690899 -66.538749
-391.263231 -66.900998
-383.112139 -65.474117
-384.736493 -67.135043
-382.579559 -57.709490
-392.006549 -64.418376
-393.571091 -53.805893
-389.563038 -54.781149
-381.380909 -57.367274
-387.620969 -63.729581
-394.050956 -39.760855
-393.812179 -47.996020
-396.536938 -39.474426
-400.248147 -36.876597
-394.972828 -39.883233
-400.514480 -33.509052
-400.091914 -21.485018
-404.549692 -21.489777
-395.602282 -18.980264
-401.049288 -21.583323
-386.017629 -18.780248
-393.050171 -15.640196
-391.827661 1.079461
-394.409794 -4.844988
-394.999516 -4.997909
-395.091107 -4.625948
-398.152763 -3.699142
-395.703636 -13.163817
-405.704065 6.130316
-397.230794 6.736028
-396.172480 -1.862323
-389.772252 6.200041
-403.857629 0.863885
-399.865436 1.562421
-402.073003 12.035853
-400.333212 11.947959
-401.403611 17.531599
-391.856840 14.264513
-399.543175 21.513184
-396.387796 11.056311
-391.972662 29.582198
-398.632100 37.637009
-404.134562 43.034115
-399.566971 32.587527
-401.862149 32.967212
-404.898667 38.710133
-389.555665 46.867811
-386.711491 39.954318
-385.993323 48.389929
-392.089398 45.605719
-391.070217 44.681818
-388.205148 47.213444
-377.121261 48.002743
-377.784127 47.796455
-381.019869 52.598455
-375.207881 49.837065
-377.155963 51.428223
-375.429052 46.166497
-362.150708 -60.521202
-371.783393 -65.974887
-360.858138 -60.026038
-360.474259 -64.197512
-368.191159 -57.092457
-369.797945 -67.643307
-364.634159 -40.002391
-367.272464 -35.323568
-371.187829 -39.390266
-372.100965 -50.969444
-365.298648 -47.926764
-367.236297 -41.627160
-368.087270 -27.370629
-366.029587 -25.842746
-361.871723 -23.628124
-369.719882 -31.980564
-371.229340 -36.631302
-369.588748 -35.015727
-367.186579 -22.761995
-368.600696 -9.253108
-372.524152 -15.196298
-364.759438 -15.703599
-369.741048 -17.300277
-371.893926 -15.682569
-372.137884 3.051546
-377.691378 6.660744
-378.229130 5.905823
-376.720943 3.849649
-371.179321 3.127109
-374.660087 -0.052745
-367.330555 20.549492
-370.569212 4.936383
-371.045576 20.203472
-372.857813 16.023083
-370.698769 12.791996
-368.894542 17.759858
-368.907093 33.559932
-372.497078 28.068975
-366.403622 34.720443
-380.367153 34.503028
-376.052547 28.394228
-372.793651 23.530092
356.386394 -54.016464
356.566172 -47.654321
359.148719 -54.392859
353.913830 -59.507374
368.010538 -53.996507
360.201292 -54.612175
361.028690 -36.843210
362.565146 -28.824658
360.156340 -37.407539
362.286899 -38.460217
364.641829 -35.639130
361.882606 -37.499980
357.552251 -30.241628
354.520643 -29.473814
362.908831 -24.228778
362.424871 -22.638564
360.795448 -22.142035
361.828349 -23.637190
361.203614 -5.558866
361.870745 -10.344099
359.062520 0.068177
355.264538 -1.437322
360.134140 -9.871184
355.496958 -5.662526
357.609399 13.355018
359.851949 9.773165
356.252026 20.085684
361.358931 20.124984
357.236012 17.979245
356.550317 18.466823
358.681389 33.831015
356.360598 33.090283
366.953630 36.099036
365.244576 39.577363
360.277424 35.540546
364.408555 40.166192
354.000987 56.828532
360.804979 49.953013
355.904702 58.241448
357.238041 56.469205
363.041623 66.053144
361.121473 64.281390
366.662708 59.356174
375.996389 59.194694
371.472646 61.618102
378.289890 64.379912
368.696598 66.393400
367.010989 64.186412
392.302703 53.447990
376.958500 53.498815
383.963880 55.746016
379.710659 46.887299
385.295887 54.135617
386.321574 56.181933
391.254972 31.044435
383.737561 36.926367
382.576348 35.692516
379.875465 37.050896
392.821305 34.497502
382.347940 42.890435
382.431225 26.459023
394.203576 27.379375
379.718056 23.905092
387.825946 22.640981
377.838003 20.008329
387.795750 30.866195
381.934332 5.885007
386.208592 7.058480
387.044186 7.504098
387.689863 2.404449
383.469200 9.439510
386.165990 10.172118
385.472417 -10.676513
390.879148 1.372494
385.235383 -5.071113
390.145207 -6.368621
385.825569 -4.827571
386.263829 -5.141197
385.852188 -21.520972
387.696165 -20.430586
389.227340 -19.397852
381.914724 -13.431930
389.482353 -24.255072
391.433837 -13.919715
382.957590 -59.544220
373.677712 -61.381014
367.479825 -61.161838
377.570855 -58.085494
366.523487 -60.129866
372.245939 -60.119815
383.453900 -52.047083
380.388136 -54.239909
382.357779 -59.707861
379.378481 -57.039359
382.313472 -53.959350
381.698641 -57.388177
396.060284 -49.375470
392.546255 -49.302436
384.678161 -47.979182
385.202561 -45.391623
387.989020 -49.207071
384.023345 -46.176931
386.160784 -40.107045
397.546519 -39.449694
388.013275 -33.773608
389.062443 -40.789558
385.610039 -35.851916
385.297038 -40.771018
-378.335927 -259.463626
-384.723714 -259.509680
-368.379298 -254.693157
-374.463303 -260.151532
-382.276142 -256.544726
-385.274212 -255.684250
-361.451825 -267.876768
-358.403111 -271.771566
-357.301098 -266.532502
-363.429019 -267.224469
-370.261032 -264.107005
-368.479393 -267.296048
-343.612354 -289.835953
-343.426143 -272.877267
-355.342852 -275.805865
-344.685895 -273.860099
-341.999975 -283.801215
-342.548821 -283.882319
-321.693545 -285.129139
-326.847769 -288.648371
-327.584552 -290.730347
-336.226561 -291.106527
-330.937034 -292.908957
-327.280942 -290.442633
-307.905593 -308.168292
-305.735742 -304.050233
-308.124952 -303.006590
-304.062856 -302.812815
-305.351757 -301.200440
-304.279739 -304.808587
-288.086037 -308.797305
-281.350396 -308.728260
-288.920917 -318.201320
-290.530706 -304.132427
-283.433614 -306.821549
-287.995946 -303.179488
-264.814731 -318.580933
-259.702022 -327.249190
-260.277129 -325.023843
-258.544595 -327.215419
-259.569500 -332.531492
-261.606752 -324.562650
-229.383240 -333.418400
-229.525849 -338.789410
-227.092616 -332.949774
-234.994923 -338.282235
-227.500249 -337.238998
-228.609722 -345.155733
-209.161059 -345.267494
-205.195922 -348.849436
-210.238358 -345.473240
-206.814057 -355.510517
-207.893698 -344.118938
-208.469104 -346.347698
-181.168944 -353.411360
-179.494815 -349.530815
-181.002094 -354.003823
-179.271418 -358.170165
-180.398001 -347.188360
-174.318233 -352.959226
-147.086110 -360.772385
-141.861127 -365.433420
-152.430275 -364.258176
-152.071862 -366.809660
-152.653728 -363.240166
-157.750815 -370.278146
-121.264574 -368.290808
-114.981239 -369.614831
-117.558492 -371.990882
-119.463169 -370.836529
-119.817625 -362.647919
-125.539243 -364.848483
-84.953270 -373.643092
-86.448179 -373.918006
-82.167855 -370.103354
-81.956490 -372.560364
-84.264796 -368.931261
-75.735246 -366.520027
-39.704690 -375.660882
-47.324100 -374.793514
-49.081950 -370.273503
-49.614394 -376.588558
-47.896499 -376.919674
-48.928352 -375.213777
-25.675259 -367.828131
-25.330649 -378.748555
-24.211140 -377.136192
-24.307587 -381.750014
-24.742763 -378.898363
-19.520919 -376.294082
-1.855596 -386.262529
1.058685 -378.970267
3.123173 -374.693346
6.052688 -382.457627
-1.727576 -371.183648
5.352814 -382.266256
35.901293 -376.654013
28.784866 -378.515051
31.177421 -383.357823
31.767640 -372.062936
28.724271 -377.313407
37.734408 -375.980312
56.362647 -374.403160
50.900802 -375.969541
53.289264 -367.961889
61.498548 -367.849188
62.013286 -379.484213
63.827002 -375.279533
100.968003 -370.993995
96.385236 -364.709824
97.784246 -359.848168
99.754919 -374.333748
97.396811 -366.929322
94.971962 -371.355178
128.430730 -365.923264
126.349494 -352.372855
132.649379 -360.810213
133.109384 -366.248385
134.302494 -363.111400
126.302109 -361.979429
153.861848 -350.322285
151.965429 -357.845544
153.649415 -355.651007
152.971346 -356.022415
158.366137 -361.968382
159.732057 -355.841589
181.627579 -352.723873
182.416007 -347.344224
187.322046 -358.281559
172.487600 -351.166078
191.817402 -349.434162
182.478349 -349.472122
205.021908 -337.776916
202.231038 -339.230851
202.283277 -347.707423
205.833753 -339.777875
201.943765 -335.327090
204.196904 -346.511827
231.385600 -330.551036
238.497207 -326.399448
227.729508 -330.719299
237.794887 -329.100138
232.211173 -330.448641
229.806676 -332.736802
252.228926 -313.308819
255.826778 -318.485499
251.060936 -317.226748
256.271001 -319.433375
258.139532 -322.739584
253.100382 -313.278465
279.703814 -312.449505
275.195741 -305.028496
274.251846 -310.492497
275.434423 -310.662823
274.512639 -317.763720
278.287462 -308.386335
304.239478 -293.895360
302.412657 -291.717550
305.533986 -292.046505
290.194172 -301.277802
293.578858 -296.537650
301.599907 -300.400810
325.984301 -288.992735
323.634520 -292.386769
320.487555 -283.367376
320.409025 -281.409996
323.651826 -284.178126
317.969291 -279.879669
343.264156 -277.303998
339.025528 -273.163224
340.359586 -261.865962
331.910718 -273.220557
334.177281 -270.101041
339.196022 -269.817040
357.358125 -266.133469
359.997178 -258.617298
357.238949 -258.233726
353.312255 -266.456996
361.015905 -260.387100
361.066583 -258.260036
380.912925 -250.743700
376.548609 -254.546006
375.022114 -252.974397
369.588216 -250.288614
377.686774 -246.364435
370.770803 -247.914750
375.295497 -230.169507
377.809893 -238.815226
375.486423 -235.501491
378.098960 -234.391346
377.836495 -228.452838
375.444829 -229.359605
368.579094 -221.521393
353.097061 -227.109021
367.721553 -223.866440
364.271467 -220.986397
354.077038 -225.709788
366.059610 -219.434126
365.088121 -206.603225
363.652564 -207.397648
359.096119 -205.847337
353.391818 -214.115534
366.086756 -204.507378
363.795152 -215.782686
-381.142089 -236.943730
-382.532069 -236.446229
-376.413331 -238.045866
-384.047786 -237.933175
-381.594342 -229.128740
-381.820724 -237.306490
-369.046419 -232.074047
-364.337600 -231.174516
-368.421297 -230.272548
-371.406601 -234.150432
-371.707382 -235.901006
-361.548706 -227.790070
-365.143060 -213.876559
-378.769930 -210.767953
-369.076345 -211.960445
-362.413703 -210.820285
-377.921816 -219.892530
-368.289742 -210.063743
-371.727745 -191.963177
-364.967523 -206.663641
-371.605800 -198.125047
-364.221283 -196.250734
-373.181220 -204.111878
-370.616573 -204.889935
-366.952267 -185.707219
-369.194067 -177.049274
-367.466698 -176.353541
-369.515364 -180.668210
-368.840437 -182.546792
-375.453821 -184.175135
-372.764866 -159.632628
-374.730630 -157.380895
-370.843583 -162.787747
-370.662150 -164.626024
-378.539602 -167.568798
-372.896722 -159.711649
-373.525888 -146.514598
-361.328373 -148.092333
-368.087330 -157.476805
-370.979637 -147.272657
-366.234834 -153.247249
-363.334421 -147.887360
-370.695142 -131.585911
-365.094379 -138.699132
-372.047024 -128.472375
-367.450819 -139.207614
-371.119958 -131.900458
-373.880687 -131.097093
-372.594056 -124.925124
-365.551435 -115.211862
-364.042115 -121.196146
-367.115103 -109.468199
-369.612274 -127.380476
-373.020764 -126.605102
-371.243314 -92.826337
-375.483271 -98.412174
-371.527332 -97.822527
-371.375268 -96.304645
-363.419457 -98.484522
-371.611682 -94.726167
371.348761 -194.173432
366.618491 -189.860283
358.670399 -191.727296
365.356408 -194.755156
359.839526 -191.307752
363.979107 -190.873256
362.516412 -168.972461
363.341507 -168.774974
362.013125 -174.816747
360.637265 -164.436207
359.799534 -157.650862
365.062097 -167.699051
356.192706 -137.343891
360.425164 -154.822192
358.017829 -145.836979
353.257061 -145.742469
366.941711 -145.721288
356.412443 -152.500714
364.348697 -117.173827
360.790254 -128.937064
359.068722 -128.637932
369.382771 -130.358152
361.690511 -118.322644
357.376996 -130.706627
354.528595 -109.284943
369.655407 -103.109703
359.579662 -107.918168
353.032542 -109.602926
360.970609 -106.948550
362.895265 -107.190762
361.490823 -85.782119
356.290721 -81.706336
362.431292 -94.018504
361.328013 -98.089692
366.498206 -81.918401
359.058928 -94.241166
-394.400852 -90.598214
-382.873588 -94.062961
-385.990044 -85.113816
-385.846778 -91.434384
-379.581038 -90.677209
-384.611944 -87.684308
-395.316377 -98.804897
-393.466586 -89.181482
-393.670998 -93.787080
-393.609919 -89.065462
-392.464769 -94.491911
-397.161883 -91.892254
-400.224170 -80.903979
-407.607453 -82.654038
-405.797394 -81.108975
-410.262578 -79.214232
-401.286668 -88.645804
-404.832743 -79.691859
-413.047491 -72.291230
-404.694381 -77.020415
-414.368870 -71.583879
-412.131896 -79.098816
-413.474412 -71.328763
-405.802799 -71.744834
-417.159759 -71.612926
-419.274478 -66.587977
-426.162175 -60.419649
-417.283559 -58.262623
-420.012180 -63.549425
-420.333550 -63.115713
-418.963724 -56.929543
-419.875610 -51.684069
-419.354035 -50.344067
-429.524346 -49.014471
-420.290641 -52.124442
-413.944731 -58.675276
-420.059384 -44.377792
-415.188913 -42.065432
-419.222447 -40.032677
-420.903286 -37.923506
-415.567634 -40.854125
-415.052206 -38.779899
-421.057683 -28.012807
-419.115378 -23.357642
-418.445273 -36.084401
-416.171114 -33.539482
-415.659152 -34.506637
-422.472642 -35.659231
-423.196366 -14.023279
-427.744283 -13.184880
-418.324475 -11.686657
-424.479072 -15.483491
-415.701594 -22.432120
-428.170939 -16.704874
-415.308142 -6.043633
-418.130962 -4.839425
-421.093909 -3.172770
-420.500095 -2.261167
-420.115018 -1.549427
-421.304647 -3.258247
-424.755328 4.009816
-421.092059 9.010401
-426.002090 9.034421
-424.694082 3.352667
-420.833825 5.719989
-423.464353 4.393710
-421.879822 16.708212
-418.823004 23.094926
-415.043295 14.034414
-422.901308 17.382876
-417.046722 16.203271
-424.001815 8.529427
-417.091255 29.862439
-422.229966 34.298969
-413.797719 35.068238
-426.713633 41.963183
-423.133878 31.596951
-418.393895 39.874798
-421.712554 50.470524
-423.931841 42.785577
-423.385012 43.121001
-420.242779 44.048577
-420.505563 46.876438
-418.539235 43.596189
-416.259833 60.517972
-424.629218 51.749209
-419.904956 62.111038
-413.326360 60.321946
-420.663704 65.732436
-418.740384 51.216733
-407.598618 68.851614
-399.118663 63.117321
-404.975108 61.368561
-405.903885 64.781630
-409.954509 70.020739
-407.256644 63.890434
-403.029374 70.905434
-395.784560 62.927997
-397.644632 61.141771
-389.265363 71.054904
-393.734790 76.377700
-391.293185 61.540145
-387.067510 69.710311
-379.645375 74.505561
-389.436660 74.300972
-387.019149 70.006855
-388.629717 62.602079
-383.368375 74.218631
-372.373675 74.491836
-376.852144 69.810863
-369.362096 69.799227
-374.174262 66.614280
-375.568515 78.903546
-376.621650 71.112679
359.967453 84.900946
363.874145 75.165427
358.828976 73.440685
355.619438 87.403639
362.342638 79.204887
365.131393 82.112988
369.333409 86.203954
364.646088 79.939612
371.404539 85.250677
375.188234 79.225082
370.097414 84.522270
371.652222 88.281078
386.026229 78.146386
379.286604 81.381881
377.098575 82.671295
379.448585 94.715498
381.534838 85.705223
386.267702 89.866852
387.573313 75.967448
386.811565 83.102497
396.337798 91.013105
394.162596 81.997464
395.774046 85.192459
393.651603 84.113157
397.333184 66.852254
403.589107 71.294810
395.936996 67.761994
401.983675 62.799134
404.253936 74.741794
392.109155 69.521269
404.029550 50.951308
400.071738 61.046895
399.228472 54.183164
397.479484 56.821479
395.991562 53.513245
402.647180 64.863841
405.374560 39.453530
405.396834 39.771241
401.909902 40.235447
406.663365 42.967106
402.189108 50.189964
408.220281 38.057430
406.942381 22.303859
398.347048 23.640428
411.178203 31.786067
406.012685 26.691225
400.290637 21.811582
401.707380 18.178927
405.895598 13.129916
400.007554 8.099180
410.301823 13.211111
405.643062 13.408459
401.735283 10.662024
406.916601 11.065127
406.849590 -9.045069
403.118251 8.147569
404.813590 -0.710064
404.794857 -1.477804
406.913678 -2.596081
408.960506 -5.957750
404.561831 -15.046857
399.290318 -15.553533
412.443806 -10.513987
407.531552 -14.772175
403.803771 -19.634193
402.180641 -24.176838
410.837229 -30.886802
407.482961 -28.980249
403.019897 -30.345534
406.205306 -25.282738
406.105705 -31.227498
402.457424 -32.468986
398.702773 -44.544905
411.633004 -42.475693
400.767550 -40.435418
405.402969 -44.729226
405.502676 -43.751096
405.243477 -44.223891
401.490512 -53.524826
399.123558 -54.532332
398.534128 -61.634520
401.524416 -65.459465
400.073465 -58.305218
402.952891 -58.138066
387.442085 -72.008209
389.810410 -65.969951
395.362982 -70.729242
394.686373 -68.876144
399.213343 -67.065640
397.394866 -67.545318
391.371913 -68.836166
381.063452 -78.298170
388.749723 -73.908361
387.075330 -76.752116
394.493154 -79.616212
385.769178 -75.355938
380.773258 -89.176288
375.921007 -90.476825
383.075294 -84.762158
374.083410 -83.828213
368.770327 -82.072225
379.054989 -80.363573
-377.003897 81.630681
-373.580321 81.158121
-378.744725 81.533578
-375.337170 86.564488
-364.430639 85.169665
-375.551275 73.693497
-371.937097 88.293215
-367.812890 101.938536
-367.553549 100.580094
-365.931530 94.624422
-373.782918 96.828196
-379.327869 91.033565
-370.792205 119.798561
-373.194177 110.553525
-373.907112 109.767396
-372.784008 114.014219
-381.193327 114.163327
-375.863388 115.631465
-372.744379 124.133554
-384.394851 131.131442
-372.449077 133.680853
-372.275961 131.639026
-371.526822 123.777072
-372.786626 130.772671
-374.564683 151.639067
-380.653248 144.836741
-376.089795 140.766564
-374.211788 147.206365
-375.582034 146.112843
-375.480604 143.462480
-379.206778 158.483212
-372.927703 161.364583
-373.027323 164.957024
-375.211163 163.166951
-379.758194 166.866871
-380.108469 167.450820
-374.757558 187.678081
-384.226408 182.571105
-385.980967 182.373780
-380.686823 179.409661
-377.050109 184.485966
-377.643639 187.802762
-372.037057 209.522038
-378.216743 203.731487
-372.480717 198.958135
-377.432974 201.053255
-368.761761 199.579580
-380.931378 203.964228
-374.673460 235.131897
-375.973067 226.781303
-374.747377 223.822582
-377.651879 235.640840
-380.492769 233.247534
-381.488513 221.532987
-378.090307 238.797411
-376.610559 245.644763
-377.757958 242.917605
-375.952920 243.112217
-384.091959 237.913333
-376.511426 243.083396
-382.806918 267.786005
-376.449440 262.435303
-380.670944 253.996565
-381.744711 268.231725
-376.375652 261.591928
-378.217139 253.959593
-375.476616 270.715108
-368.327348 280.762183
-376.915532 280.693825
-379.356952 282.381923
-376.349336 289.033798
-377.798207 282.421462
-378.978396 294.490058
-377.228825 297.707661
-379.468427 306.400338
-382.971325 303.630066
-377.106258 306.418186
-376.714075 297.550429
-376.185157 303.418712
-379.541822 305.327315
-384.325247 310.214092
-385.818493 316.370184
-377.569391 314.583915
-368.745345 314.574089
-377.688506 334.118599
-378.477540 331.119904
-377.219571 335.677375
-384.379634 333.415399
-374.927658 336.820892
-386.750898 335.709427
-376.441107 349.975639
-377.407300 353.743066
-378.116343 351.540360
-383.632353 352.081396
-379.615524 356.367980
-376.930091 352.289991
-378.194960 369.139512
-383.967745 374.169349
-373.692625 374.363355
-368.939563 367.295649
-378.616487 375.239951
-372.849364 368.793746
-364.608741 386.243806
-367.100589 387.288330
-374.512455 386.606891
-372.289476 377.625842
-370.068549 383.139874
-373.089321 386.942303
-358.884816 399.325812
-361.923117 406.041187
-363.606569 405.531659
-368.957375 399.704711
-362.028144 403.067927
-369.071716 398.365762
-356.690516 415.942107
-350.429633 419.359465
-357.909603 425.328510
-351.382552 419.072707
-360.207012 422.949025
-347.948994 421.592639
-324.402854 424.665277
-336.930450 427.981907
-335.467125 418.559154
-333.010081 416.794537
-334.798405 417.649255
-331.312127 417.121346
-304.249840 426.386864
-305.369104 422.680255
-303.051493 416.915746
-309.358953 417.755514
-299.003791 421.483667
-303.566159 419.103572
-277.380687 422.586956
-272.138355 419.066179
-280.444710 423.595834
-276.317174 421.867260
-282.282318 427.749236
-282.824619 426.914482
-247.473385 420.519084
-252.664650 429.939179
-249.401447 434.864298
-254.137218 423.962524
-251.524034 429.822330
-245.035835 420.619202
-220.269993 428.059816
-222.589425 423.390330
-223.089364 425.260411
-221.671255 425.252234
-220.678094 427.771877
-224.446880 426.278532
-192.691011 433.961287
-188.826828 432.158210
-182.886077 431.361204
-183.159721 427.865406
-178.582754 431.979638
-184.374899 433.932728
-152.141390 424.615135
-150.284078 424.135286
-149.179423 428.346182
-146.937449 420.802082
-150.835885 422.800037
-147.501078 418.723816
-121.253439 429.248350
-110.207929 424.691788
-117.824931 434.836439
-111.264457 421.277635
-124.307282 429.615011
-114.851223 427.721316
-84.053705 426.619145
-89.893550 424.269306
-91.816345 426.982981
-88.004409 427.035250
-83.211587 429.611030
-89.964862 431.266287
-45.722239 424.391283
-57.476298 421.135008
-52.632659 428.133342
-54.917001 423.755725
-51.954747 421.095918
-49.669621 428.880301
-23.964921 423.557583
-19.430668 422.575793
-19.483211 423.634363
-29.517250 422.214471
-27.751187 423.819567
-21.170228 422.961266
25.372514 420.318817
19.630430 422.237275
16.551882 420.411295
21.141752 428.583831
25.282712 426.562890
17.277084 427.675246
56.568472 428.995301
53.670294 420.623554
58.589950 427.506809
56.141625 424.363843
46.727220 420.436435
52.553353 423.531866
88.023245 429.854028
92.774388 419.653308
101.124918 421.699005
93.113764 424.208177
91.883189 432.012791
93.533239 425.060179
132.406289 429.179798
123.267542 421.446019
135.370530 421.012587
122.359788 430.649995
122.280110 424.780847
121.686491 417.856012
156.972572 427.145524
158.498782 428.249200
150.524419 428.741414
162.415491 424.207065
157.524508 432.803082
157.685661 423.242881
194.026339 423.183304
185.859565 431.220407
186.378627 430.790715
179.749091 428.957462
182.368442 429.194007
181.077874 426.659262
219.970037 431.584973
227.801324 427.597585
213.456305 437.377346
211.422244 426.511890
219.682692 428.478569
219.917395 429.833917
247.929618 434.071226
247.326052 431.831620
237.862730 434.757840
244.171684 428.184324
252.929563 428.818737
247.044375 424.356359
275.718301 418.659621
275.659918 431.405731
281.332098 423.708525
275.879204 427.261159
282.124513 423.922271
282.793706 431.583944
303.056829 426.730496
300.673144 426.102443
299.831734 425.808104
303.074312 427.330451
303.338291 426.363985
297.775006 425.695787
330.129090 429.969299
326.730500 426.935835
319.165755 429.949555
326.702143 429.537685
329.035195 437.683695
326.486918 425.768424
360.907047 93.196087
361.825292 89.421198
357.903342 85.023264
361.138441 92.962306
353.542793 98.848063
366.100387 95.470319
349.895357 106.425575
358.484944 111.556774
361.322011 110.351475
359.839191 107.247087
353.855082 101.973865
353.710242 105.028737
353.567259 134.131477
354.965520 119.400507
353.062675 135.537838
349.302254 122.136880
355.773201 127.357962
365.094177 131.576519
356.786845 155.450255
358.751524 148.926039
351.810427 143.273380
360.981425 147.978870
357.886652 146.434428
350.454714 145.950196
358.477829 180.129904
357.464645 173.047351
355.885058 174.603406
360.680475 172.410182
359.952451 171.621900
355.036782 171.416024
356.157129 204.516947
356.555566 200.849618
347.278457 197.353530
349.761251 190.441793
357.560111 196.374084
350.628860 193.884710
358.737169 222.729525
360.713324 218.401971
350.206654 218.107141
352.874092 216.940598
354.271945 214.488069
354.967762 225.121505
354.714830 248.080967
356.504971 250.375152
356.672122 250.898112
357.970953 248.428255
353.251727 250.401916
363.999623 244.805191
349.300630 269.184052
351.722275 280.083328
353.797982 268.452223
350.651078 268.971590
354.883860 270.481744
351.211673 278.339526
351.256811 293.984342
352.519505 298.626014
347.853322 298.509587
352.049456 298.314460
349.955400 303.128685
351.841660 300.191177
348.274697 326.101448
350.582544 319.707144
351.504910 317.742681
355.386902 328.141432
353.613532 318.071434
362.134289 323.488827
354.601589 343.330623
351.863960 343.900304
354.799644 342.772548
344.661860 341.500118
350.249447 344.083793
353.822108 342.091371
352.124401 363.036315
356.612682 364.252167
350.272838 362.987092
354.850926 365.933456
345.614389 356.070122
341.078410 366.149530
341.415291 394.874071
347.675169 380.830327
344.698186 379.491554
352.979982 381.637496
339.641932 389.568692
357.326858 391.573807
346.801694 408.960245
348.561022 410.492860
350.528826 408.064233
345.037065 417.587486
337.218382 417.592139
342.265579 416.366129
