4.000000 1732.000000
4.000000 1742.000000
4.000000 1752.000000
4.000000 1762.000000
4.000000 1772.000000
9.000000 1707.000000
9.000000 1717.000000
10.000000 1780.000000
14.000000 1697.000000
19.000000 1682.000000
20.000000 1780.000000
156.160983 1704.643044
29.000000 1775.000000
32.000000 1659.000000
34.000000 1632.000000
34.000000 1642.000000
38.000000 1770.000000
39.000000 1622.000000
44.000000 1612.000000
47.000000 1765.000000
52.000000 1604.000000
106.909278 1657.896745
56.000000 1760.000000
62.000000 1584.000000
64.000000 1572.000000
66.000000 1760.000000
69.000000 1552.000000
69.000000 1562.000000
75.000000 1750.000000
77.000000 1544.000000
82.000000 1534.000000
84.000000 1745.000000
90.000000 1526.000000
90.000000 1735.000000
98.000000 1519.000000
100.000000 1730.000000
102.000000 1509.000000
107.000000 1499.000000
110.000000 1725.000000
115.000000 1491.000000
120.000000 1720.000000
123.000000 1484.000000
130.000000 1476.000000
130.000000 1720.000000
135.000000 1710.000000
138.000000 1469.000000
142.000000 1459.000000
145.000000 1705.000000
149.000000 1447.000000
154.000000 1437.000000
155.000000 1705.000000
162.000000 1429.000000
164.000000 1700.000000
167.000000 1419.000000
173.000000 1695.000000
174.000000 1407.000000
183.000000 1693.000000
383.862281 1449.219321
332.550604 1416.933344
193.000000 1690.000000
197.000000 1379.000000
203.000000 1690.000000
204.000000 1362.000000
212.000000 1685.000000
214.000000 1357.000000
221.000000 1680.000000
224.000000 1347.000000
231.000000 1680.000000
271.513681 1401.154830
241.000000 1680.000000
244.000000 1332.000000
250.000000 1675.000000
139.721577 1258.509441
260.000000 1675.000000
262.000000 1319.000000
270.000000 1311.000000
270.000000 1670.000000
278.000000 1304.000000
280.000000 1670.000000
287.000000 1299.000000
290.000000 1670.000000
255.405553 1145.049829
300.000000 1670.000000
304.000000 1287.000000
310.000000 1670.000000
192.839593 1195.517528
320.000000 1271.000000
320.000000 1670.000000
330.000000 1266.000000
330.000000 1670.000000
338.000000 1259.000000
340.000000 1670.000000
345.000000 1251.000000
350.000000 1670.000000
353.000000 1244.000000
359.000000 1675.000000
367.920355 1120.770935
369.000000 1675.000000
417.650838 1170.560395
379.000000 1675.000000
380.000000 1226.000000
388.000000 1219.000000
389.000000 1675.000000
397.000000 1214.000000
398.000000 1680.000000
405.000000 1206.000000
408.000000 1680.000000
415.000000 1201.000000
417.000000 1685.000000
423.000000 1194.000000
427.000000 1689.000000
432.000000 1189.000000
436.000000 1694.000000
441.000000 1184.000000
446.000000 1698.000000
450.000000 1179.000000
447.120583 1706.628715
459.000000 1172.000000
459.000000 1714.000000
465.000000 1722.000000
467.000000 1164.000000
475.000000 1725.000000
477.000000 1159.000000
485.000000 1151.000000
485.000000 1720.000000
490.000000 1710.000000
495.000000 1146.000000
499.000000 1705.000000
505.000000 1141.000000
500.480634 1782.348361
513.000000 1688.000000
515.000000 1136.000000
523.000000 1129.000000
600.655951 1653.356584
532.000000 1124.000000
533.000000 1680.000000
542.000000 1119.000000
542.000000 1675.000000
535.467658 1114.816119
552.000000 1675.000000
561.000000 1670.000000
562.000000 1114.000000
570.000000 1665.000000
571.000000 1109.000000
580.000000 1665.000000
581.000000 1105.000000
590.000000 1665.000000
591.000000 1104.000000
596.000000 1095.000000
599.000000 1660.000000
606.000000 1094.000000
535.831892 1519.221822
615.000000 1089.000000
618.000000 1655.000000
625.000000 1089.000000
628.000000 1655.000000
635.000000 1086.000000
638.000000 1653.000000
645.000000 1084.000000
648.000000 1650.000000
655.000000 1084.000000
658.000000 1650.000000
665.000000 1084.000000
668.000000 1650.000000
674.000000 1079.000000
677.000000 1645.000000
684.000000 1079.000000
687.000000 1645.000000
693.000000 1074.000000
697.000000 1645.000000
703.000000 1074.000000
707.000000 1645.000000
658.498072 1115.130489
717.000000 1645.000000
722.000000 1069.000000
727.000000 1645.000000
732.000000 1064.000000
737.000000 1649.000000
742.000000 1064.000000
747.000000 1650.000000
752.000000 1064.000000
756.000000 1645.000000
840.877855 1051.367649
765.000000 1650.000000
771.000000 1069.000000
1026.759551 1636.980885
781.000000 1069.000000
785.000000 1652.000000
790.000000 1074.000000
795.000000 1655.000000
799.000000 1079.000000
805.000000 1655.000000
819.939529 1183.385267
814.000000 1660.000000
796.420964 1002.336956
824.000000 1660.000000
827.000000 1089.000000
833.000000 1665.000000
837.000000 1089.000000
843.000000 1665.000000
846.000000 1094.000000
1086.762249 1666.194969
855.000000 1099.000000
862.000000 1674.000000
865.000000 1099.000000
768.805461 1642.435002
875.000000 1102.000000
881.000000 1683.000000
885.000000 1104.000000
891.000000 1685.000000
894.000000 1109.000000
899.000000 1691.000000
904.000000 1109.000000
906.000000 1699.000000
913.000000 1114.000000
776.875031 1706.272091
922.000000 1119.000000
924.000000 1706.000000
931.000000 1714.000000
932.000000 1119.000000
941.000000 1718.000000
942.000000 1119.000000
950.000000 1723.000000
951.000000 1124.000000
959.000000 1728.000000
960.000000 1129.000000
967.000000 1735.000000
970.000000 1129.000000
976.000000 1740.000000
1239.438614 1231.538088
984.000000 1746.000000
988.000000 1139.000000
903.208112 1828.868853
997.000000 1760.000000
998.000000 1140.000000
1005.000000 1767.000000
1008.000000 1144.000000
1132.632933 1885.531732
1017.000000 1149.000000
1022.000000 1779.000000
1027.000000 1149.000000
1029.000000 1787.000000
1037.000000 1149.000000
1037.000000 1794.000000
975.237279 1842.046106
1046.000000 1154.000000
1049.000000 1811.000000
1157.458138 1873.113627
1055.000000 1159.000000
1063.000000 1825.000000
1065.000000 1159.000000
1073.000000 1825.000000
1074.000000 1164.000000
1080.000000 1810.000000
1084.000000 1166.000000
1085.000000 1785.000000
1154.152293 1810.293978
1090.000000 1810.000000
1093.000000 1791.000000
1094.000000 1169.000000
1095.000000 1801.000000
1098.000000 1768.000000
1103.000000 1174.000000
1103.000000 1758.000000
1110.000000 1750.000000
1113.000000 1175.000000
1115.000000 1740.000000
1176.264511 1124.472918
1125.000000 1730.000000
1133.000000 1180.000000
1134.000000 1725.000000
1140.000000 1715.000000
1142.000000 1185.000000
1148.000000 1708.000000
1152.000000 1189.000000
1158.000000 1703.000000
1162.000000 1189.000000
1165.000000 1690.000000
1171.000000 1194.000000
1174.000000 972.000000
1159.518541 964.488461
1174.000000 992.000000
1174.000000 1002.000000
1137.729690 1083.622250
1174.000000 1022.000000
1174.000000 1032.000000
1174.000000 1042.000000
1391.001437 1796.817783
1179.000000 962.000000
1179.000000 1051.000000
1181.000000 1194.000000
1183.000000 1683.000000
1184.000000 1060.000000
1184.000000 1070.000000
1184.000000 1080.000000
1187.000000 954.000000
1189.000000 1089.000000
1189.000000 1675.000000
1097.978033 1234.288505
1194.000000 1098.000000
1195.000000 946.000000
1197.000000 1669.000000
1199.000000 1107.000000
1200.000000 1202.000000
1203.000000 939.000000
1204.000000 1116.000000
1207.000000 1664.000000
1209.000000 1125.000000
1210.000000 1204.000000
1212.000000 934.000000
1212.000000 1135.000000
1217.000000 1144.000000
1217.000000 1659.000000
1219.000000 1209.000000
1221.000000 1154.000000
1222.000000 934.000000
1227.000000 1655.000000
1229.000000 1160.000000
1229.000000 1209.000000
1232.000000 934.000000
1234.000000 1169.000000
1236.000000 1650.000000
1238.000000 1214.000000
1240.000000 1177.000000
1242.000000 934.000000
1244.000000 1187.000000
1246.000000 1650.000000
1248.000000 1214.000000
1252.000000 934.000000
1252.000000 1194.000000
1255.000000 1645.000000
1177.808895 1339.014308
1382.224192 1052.710643
1262.000000 934.000000
1264.000000 1210.000000
1264.000000 1640.000000
1269.000000 1219.000000
1271.000000 939.000000
1274.000000 1640.000000
1281.000000 939.000000
1284.000000 1637.000000
1291.000000 939.000000
1292.000000 1644.000000
1301.000000 939.000000
1302.000000 1645.000000
1310.000000 1630.000000
1311.000000 939.000000
1319.000000 946.000000
1320.000000 1630.000000
1328.000000 951.000000
1330.000000 1630.000000
1496.091414 855.061426
1340.000000 1630.000000
1348.000000 955.000000
1310.982220 1605.435780
1358.000000 959.000000
1360.000000 1630.000000
1368.000000 960.000000
1370.000000 1630.000000
1378.000000 964.000000
1380.000000 1625.000000
1388.000000 965.000000
1390.000000 1625.000000
1395.000000 973.000000
1399.000000 1630.000000
1391.724672 973.272494
1409.000000 1630.000000
1415.000000 979.000000
1418.000000 1635.000000
1425.000000 979.000000
1428.000000 1635.000000
1433.000000 985.000000
1435.000000 995.000000
1435.000000 1005.000000
1437.000000 1640.000000
1440.000000 1014.000000
1440.000000 1024.000000
1440.000000 1034.000000
1445.000000 1043.000000
1445.000000 1053.000000
1447.000000 1640.000000
1450.000000 1062.000000
1454.000000 977.000000
1454.000000 987.000000
1398.285217 889.981551
1454.000000 1007.000000
1454.000000 1017.000000
1494.860069 931.669797
1454.000000 1037.000000
1457.000000 1644.000000
1459.000000 967.000000
1459.000000 1046.000000
1459.000000 1056.000000
1464.000000 957.000000
1465.000000 1650.000000
1472.000000 949.000000
1475.000000 1650.000000
1480.000000 941.000000
1485.000000 1650.000000
1488.000000 934.000000
1494.000000 1655.000000
1495.000000 926.000000
1500.000000 916.000000
1504.000000 1655.000000
1508.000000 909.000000
1510.000000 1663.000000
1515.000000 901.000000
1520.000000 891.000000
1520.000000 1665.000000
1528.000000 884.000000
1529.000000 1670.000000
1535.000000 876.000000
1539.000000 1670.000000
1543.000000 869.000000
1652.287879 1741.070836
1550.000000 861.000000
1557.000000 1680.000000
1558.000000 854.000000
1565.000000 846.000000
1567.000000 1684.000000
1573.000000 839.000000
1577.000000 829.000000
1577.000000 1685.000000
1587.000000 824.000000
1587.000000 1689.000000
1601.190008 1571.223448
1595.000000 816.000000
1521.124450 1635.192810
1605.000000 811.000000
1613.000000 804.000000
1613.000000 1705.000000
1622.000000 799.000000
1622.000000 1710.000000
1631.000000 794.000000
1631.000000 1715.000000
1639.000000 1721.000000
1640.000000 789.000000
1649.000000 784.000000
1649.000000 1725.000000
1658.000000 1730.000000
1659.000000 784.000000
1668.000000 1730.000000
1669.000000 784.000000
1675.000000 1738.000000
1678.000000 789.000000
1685.000000 1742.000000
1688.000000 789.000000
1694.000000 1747.000000
1697.000000 794.000000
1704.000000 802.000000
1704.000000 1750.000000
1710.000000 1758.000000
1712.000000 809.000000
1715.000000 819.000000
1715.000000 829.000000
1720.000000 838.000000
1720.000000 848.000000
1720.000000 1760.000000
1725.000000 857.000000
1725.000000 867.000000
1602.692424 965.532746
1725.000000 1085.000000
1871.613349 1128.430044
1729.000000 1765.000000
1730.000000 886.000000
1730.000000 896.000000
1730.000000 906.000000
1730.000000 916.000000
1730.000000 926.000000
1730.000000 1060.000000
1839.010932 984.116454
1733.000000 936.000000
1735.000000 946.000000
1735.000000 956.000000
1735.000000 966.000000
1768.486098 986.607374
1735.000000 986.000000
1735.000000 996.000000
1735.000000 1006.000000
1735.000000 1016.000000
1735.000000 1026.000000
1735.000000 1036.000000
1735.000000 1046.000000
1735.000000 1099.000000
1739.000000 1765.000000
1745.000000 1099.000000
1749.000000 1765.000000
1754.000000 1092.000000
1759.000000 1765.000000
1797.526977 925.269849
1769.000000 1077.000000
1769.000000 1765.000000
1777.000000 1069.000000
1779.000000 1765.000000
1782.000000 1059.000000
1787.000000 1049.000000
1789.000000 1765.000000
1792.000000 1039.000000
1799.000000 1022.000000
1799.000000 1765.000000
1807.000000 1014.000000
1808.000000 1770.000000
1812.000000 1004.000000
1817.000000 994.000000
1818.000000 1770.000000
1824.000000 982.000000
1827.000000 1775.000000
1832.000000 974.000000
1834.000000 962.000000
1837.000000 1775.000000
1839.000000 952.000000
1959.068682 957.884303
1847.000000 1775.000000
1849.000000 932.000000
1854.000000 922.000000
1856.000000 1780.000000
1859.000000 912.000000
1798.248847 941.957799
1866.000000 1780.000000
1869.000000 887.000000
1874.000000 877.000000
1876.000000 1780.000000
1879.000000 867.000000
1884.000000 857.000000
1886.000000 1783.000000
1889.000000 847.000000
1894.000000 827.000000
1894.000000 837.000000
1896.000000 1785.000000
1946.201961 868.908833
1904.000000 802.000000
1905.000000 1790.000000
1909.000000 787.000000
1914.000000 777.000000
1914.000000 1795.000000
1918.194470 834.051969
1919.000000 767.000000
1924.000000 742.000000
1924.000000 1795.000000
1929.000000 722.000000
1929.000000 732.000000
1934.000000 702.000000
1934.000000 712.000000
1934.000000 1795.000000
1939.000000 517.000000
2020.036881 584.880700
1939.000000 537.000000
1939.000000 547.000000
1939.000000 557.000000
1939.000000 687.000000
1943.000000 1800.000000
1944.000000 507.000000
1958.322098 498.982005
1944.000000 576.000000
2148.650151 477.121332
1944.000000 596.000000
1944.000000 606.000000
1944.000000 616.000000
1944.000000 632.000000
1944.000000 642.000000
1944.000000 652.000000
1944.000000 662.000000
1944.000000 672.000000
1952.000000 499.000000
1952.000000 1805.000000
1957.000000 489.000000
1959.000000 477.000000
1962.000000 1809.000000
1964.000000 467.000000
1970.000000 1815.000000
1974.000000 464.000000
1979.000000 1820.000000
1984.000000 462.000000
2020.568300 1945.672945
1992.000000 454.000000
1997.000000 1830.000000
2000.000000 446.000000
2007.000000 1834.000000
2010.000000 441.000000
2014.000000 1842.000000
2018.000000 434.000000
2024.000000 422.000000
2024.000000 1845.000000
2034.000000 419.000000
2034.000000 1845.000000
2040.000000 1835.000000
2043.000000 414.000000
2050.000000 1835.000000
1866.978129 497.007951
2060.000000 401.000000
2060.000000 1835.000000
2070.000000 396.000000
2070.000000 1835.000000
2078.000000 389.000000
2080.000000 1837.000000
2085.000000 381.000000
2090.000000 1840.000000
2060.873016 509.733441
2099.000000 362.000000
2099.000000 1845.000000
2104.000000 352.000000
2109.000000 1845.000000
2112.000000 344.000000
2118.000000 1850.000000
2120.000000 336.000000
2128.000000 1850.000000
2130.000000 334.000000
2136.000000 325.000000
2137.000000 1855.000000
2144.000000 319.000000
2147.000000 1855.000000
2153.000000 314.000000
2156.000000 1860.000000
2162.000000 309.000000
2166.000000 1863.000000
2171.000000 304.000000
2175.000000 1868.000000
2179.000000 297.000000
2178.398025 1905.788219
2187.000000 289.000000
2194.000000 1877.000000
2196.000000 284.000000
2204.000000 277.000000
2204.000000 1880.000000
2302.680192 1831.179672
2212.000000 269.000000
2220.000000 1892.000000
2222.000000 264.000000
2229.000000 1897.000000
2231.000000 259.000000
2235.000000 1905.000000
2239.000000 252.000000
2244.000000 1910.000000
2247.000000 244.000000
2250.000000 1918.000000
2257.000000 244.000000
2260.000000 1922.000000
2262.000000 234.000000
2267.000000 1930.000000
2272.000000 229.000000
2272.000000 1939.000000
2279.000000 1947.000000
2281.000000 224.000000
2284.000000 1956.000000
2290.000000 219.000000
2291.000000 1964.000000
2296.000000 1973.000000
2299.000000 212.000000
2300.000000 1983.000000
2500.527951 2079.462747
2309.000000 207.000000
2309.000000 2002.000000
2315.000000 1850.000000
2315.000000 1860.000000
2315.000000 1870.000000
2315.000000 1880.000000
2315.000000 1890.000000
2315.000000 2010.000000
2336.420718 252.818674
2320.000000 1815.000000
2320.000000 1825.000000
2320.000000 1835.000000
2320.000000 1899.000000
2211.246276 1884.275403
2222.179882 1885.945770
2320.000000 1929.000000
2325.000000 1770.000000
2325.000000 1780.000000
2325.000000 1790.000000
2325.000000 1800.000000
2325.000000 1938.000000
2325.000000 1948.000000
2325.000000 1958.000000
2325.000000 2010.000000
2385.272489 189.112776
2330.000000 1540.000000
2330.000000 1550.000000
2330.000000 1560.000000
2330.000000 1570.000000
2264.947287 1466.056135
2306.762215 1558.775649
2330.000000 1750.000000
2330.000000 1760.000000
2330.000000 1967.000000
2330.000000 1977.000000
2333.000000 2003.000000
2334.000000 1987.000000
2335.000000 1525.000000
2335.000000 1599.000000
2367.684462 1614.412269
2335.000000 1619.000000
2335.000000 1740.000000
2337.000000 189.000000
2340.000000 1628.000000
2340.000000 1638.000000
2340.000000 1730.000000
2345.000000 1470.000000
2345.000000 1480.000000
2345.000000 1490.000000
2345.000000 1500.000000
2345.000000 1510.000000
2345.000000 1520.000000
2312.138714 1850.687824
2346.000000 184.000000
2348.000000 1723.000000
2350.000000 1460.000000
2352.000000 1655.000000
2438.420358 241.278238
2354.000000 1715.000000
2355.000000 1450.000000
2355.000000 1665.000000
2360.000000 1400.000000
2360.000000 1410.000000
2360.000000 1420.000000
2360.000000 1430.000000
2360.000000 1440.000000
2360.000000 1674.000000
2360.000000 1684.000000
2360.000000 1694.000000
2360.000000 1704.000000
2364.000000 172.000000
2365.000000 1365.000000
2375.803525 1451.976760
2365.000000 1385.000000
2370.000000 1330.000000
2370.000000 1340.000000
2370.000000 1350.000000
2372.000000 164.000000
2375.000000 1320.000000
2380.000000 1305.000000
2382.000000 159.000000
2385.000000 1295.000000
2390.000000 1280.000000
2391.000000 154.000000
2395.000000 1265.000000
2399.000000 147.000000
2400.000000 1255.000000
2408.000000 1248.000000
2409.000000 142.000000
2413.000000 1238.000000
2332.576104 78.323575
2418.000000 1228.000000
2423.000000 1218.000000
2427.000000 129.000000
2430.000000 1205.000000
2435.000000 1190.000000
2436.000000 124.000000
2440.000000 1180.000000
2444.000000 117.000000
2450.000000 1170.000000
2454.000000 112.000000
2455.000000 1160.000000
2462.000000 104.000000
2463.000000 1153.000000
2465.000000 1140.000000
2239.204431 72.131486
2475.000000 1125.000000
2475.000000 1135.000000
2480.000000 1115.000000
2481.000000 94.000000
2488.000000 1108.000000
2491.000000 90.000000
2495.000000 1100.000000
2500.000000 1085.000000
2501.000000 89.000000
2509.000000 1080.000000
2511.000000 85.000000
2515.000000 1065.000000
2519.000000 77.000000
2525.000000 1055.000000
2529.000000 72.000000
2534.000000 1050.000000
2539.000000 69.000000
2540.000000 1040.000000
2548.000000 1033.000000
2549.000000 69.000000
2555.000000 1025.000000
2559.000000 69.000000
2561.955430 1030.185875
2514.689004 166.538600
2570.000000 1010.000000
2579.000000 69.000000
2580.000000 1005.000000
2588.000000 998.000000
2589.000000 67.000000
2595.000000 990.000000
2599.000000 64.000000
2604.000000 985.000000
2609.000000 64.000000
2613.000000 980.000000
2618.000000 59.000000
2622.000000 974.000000
2845.889777 29.230842
2632.000000 970.000000
2507.969831 84.264377
2642.000000 970.000000
2647.000000 54.000000
2650.000000 885.000000
2650.000000 895.000000
2650.000000 905.000000
2650.000000 915.000000
2650.000000 925.000000
2650.000000 935.000000
2650.000000 945.000000
2407.549449 1135.065541
2655.000000 800.000000
2697.438053 765.618258
2853.460817 961.315441
2655.000000 845.000000
2655.000000 855.000000
2655.000000 865.000000
2655.000000 875.000000
2657.000000 54.000000
2660.000000 785.000000
2660.000000 819.000000
2665.000000 770.000000
2667.000000 54.000000
2670.000000 750.000000
2670.000000 760.000000
2669.933848 797.146450
2675.000000 735.000000
2787.296839 119.588898
2680.000000 705.000000
2680.000000 715.000000
2686.000000 49.000000
2688.000000 698.000000
2693.000000 688.000000
2696.000000 49.000000
2700.000000 670.000000
2700.000000 680.000000
2505.788445 769.898118
2706.000000 49.000000
2713.000000 653.000000
2715.000000 44.000000
2715.000000 640.000000
2720.000000 630.000000
2725.000000 44.000000
2725.000000 615.000000
2733.000000 608.000000
2640.955848 56.899378
2738.000000 598.000000
2744.000000 39.000000
2744.000000 590.000000
2629.838025 614.612824
2754.000000 39.000000
2758.000000 568.000000
2763.000000 558.000000
2802.858487 -35.056404
2773.000000 553.000000
2683.628692 58.722672
2778.000000 543.000000
2783.000000 533.000000
2784.000000 34.000000
2790.000000 525.000000
2793.000000 29.000000
2800.000000 515.000000
2803.000000 29.000000
2808.000000 508.000000
2812.000000 24.000000
2815.000000 500.000000
2822.000000 24.000000
2825.000000 495.000000
2832.000000 24.000000
2834.000000 490.000000
2840.000000 450.000000
2842.000000 24.000000
2843.000000 485.000000
2845.000000 415.000000
2797.328406 320.475748
2845.000000 435.000000
2845.000000 459.000000
2849.000000 445.000000
2850.000000 365.000000
2850.000000 375.000000
2850.000000 385.000000
2850.000000 395.000000
2850.000000 405.000000
2850.000000 468.000000
2851.000000 19.000000
2715.754044 324.692873
2855.000000 345.000000
2855.000000 355.000000
2855.000000 434.000000
2855.000000 455.000000
2860.000000 305.000000
2860.000000 315.000000
2860.000000 325.000000
2861.000000 19.000000
2865.000000 285.000000
2865.000000 295.000000
2865.000000 434.000000
2865.000000 455.000000
2870.000000 275.000000
2871.000000 19.000000
2875.000000 255.000000
2875.000000 265.000000
2875.000000 437.000000
2875.000000 447.000000
2880.000000 14.000000
2880.000000 240.000000
2863.643303 301.381504
2889.000000 9.000000
2890.000000 220.000000
2895.000000 205.000000
2899.000000 9.000000
2905.000000 195.000000
2909.000000 9.000000
2910.000000 185.000000
2915.000000 175.000000
2919.000000 9.000000
2923.000000 168.000000
2928.000000 158.000000
2929.000000 9.000000
2935.000000 145.000000
2939.000000 9.000000
2940.000000 135.000000
2949.000000 9.000000
2950.000000 125.000000
2959.000000 9.000000
2960.000000 115.000000
2969.000000 9.000000
2970.000000 105.000000
2868.721603 49.293858
2980.000000 100.000000
2985.000000 90.000000
2907.621235 46.196246
2995.000000 90.000000
2998.000000 14.000000
3004.000000 85.000000
3008.000000 14.000000
3013.000000 80.000000
3017.000000 19.000000
3020.000000 70.000000
3027.000000 19.000000
3030.000000 65.000000
3037.000000 19.000000
3039.000000 60.000000
3044.000000 27.000000
3049.000000 60.000000
3054.000000 31.000000
3055.000000 41.000000
2939.981601 94.099097
