-1.942181 1741.578451
16.939828 1754.682394
-3.020685 1756.871785
-28.470396 1747.811649
-4.798153 1758.573519
34.844508 1713.173210
11.294164 1708.312079
42.818087 1755.110784
12.171325 1698.416866
14.006607 1695.021612
18.971868 1759.932121
20.947129 1660.242825
5.348297 1762.009212
41.089473 1676.211703
50.833297 1630.299317
28.583685 1666.203119
14.833621 1746.776953
39.174632 1648.006620
34.668725 1639.219781
42.394117 1758.378614
67.202987 1598.748582
60.060844 1598.280332
62.382587 1752.128053
73.647512 1604.859268
64.123314 1578.090411
54.792572 1752.970573
72.579598 1541.787993
72.252901 1569.737858
79.605911 1743.619487
66.950881 1552.198420
70.575318 1543.966009
75.016860 1738.985903
84.767418 1526.450085
57.025573 1728.741234
93.876968 1514.965516
75.876734 1750.472340
93.443945 1514.205525
100.287099 1509.471976
108.631630 1710.821182
99.545937 1522.325935
130.660295 1707.301156
126.729673 1492.280071
132.179826 1472.592066
130.188751 1701.158147
156.680433 1714.328290
141.473773 1465.057820
153.890284 1444.643935
146.764271 1712.822933
158.765490 1437.175088
170.668546 1419.884550
159.305075 1713.627262
165.041359 1426.353511
158.076713 1713.507484
178.725197 1405.783953
165.737241 1706.795611
182.778640 1401.928315
183.065753 1685.293584
168.037839 1420.237134
190.852562 1396.589084
209.367054 1685.033345
227.062171 1366.447954
193.390606 1684.217917
228.507788 1360.151934
215.810349 1681.514875
241.270151 1372.621293
225.547415 1683.542302
234.441268 1355.487579
234.183435 1676.735664
233.747353 1354.394024
224.005455 1671.919462
248.851232 1340.971235
247.466884 1674.855337
265.526489 1316.146611
249.708770 1670.822478
269.530969 1310.813482
265.812225 1314.151860
273.176914 1665.303164
288.411766 1299.868534
281.847053 1666.207600
280.711390 1308.804884
268.873210 1655.104413
272.096693 1309.101324
278.628919 1668.993065
305.773233 1295.829941
280.437653 1667.247631
324.785450 1269.473621
320.144200 1272.033558
301.376333 1671.498110
354.099996 1243.151697
335.137407 1669.535786
328.486598 1262.032240
331.766418 1671.049346
335.002025 1249.476530
352.847770 1671.516466
335.015765 1252.193348
375.448317 1667.082845
334.775893 1248.756539
362.554465 1673.023296
363.884106 1236.021947
380.284859 1673.131755
372.632391 1230.663521
388.330734 1218.558329
380.409105 1672.985305
388.216478 1216.148080
422.666421 1685.194078
413.347249 1197.051433
394.318539 1677.750662
397.381571 1206.512647
445.938569 1699.260746
421.189434 1190.362494
424.249402 1686.329172
409.216037 1199.994498
410.032381 1682.585266
447.751543 1177.855755
441.331975 1697.225836
433.866014 1184.633057
465.399105 1705.597803
473.705887 1167.074078
465.461131 1711.217314
449.229921 1702.866009
464.107206 1170.051229
493.041727 1715.283253
485.641027 1157.773780
486.922988 1155.593525
490.885822 1714.298754
486.040705 1711.463351
504.134411 1144.548397
491.747411 1709.572696
510.062159 1143.522878
491.259730 1693.951319
502.542444 1702.261870
520.260194 1135.611558
511.773271 1143.322185
555.167829 1669.781992
522.086024 1133.770761
564.810836 1674.494281
551.500586 1113.393443
539.826357 1674.120091
552.044111 1120.507393
563.197199 1673.072318
545.532776 1652.138574
556.587764 1112.214374
561.053906 1673.933906
556.527775 1115.064175
573.080806 1668.459954
577.230666 1104.782983
604.776329 1661.090522
593.221558 1098.686080
604.378214 1094.129525
613.544049 1660.250284
642.378406 1090.623149
618.062222 1658.051321
614.723795 1092.925278
645.077130 1650.990059
619.610917 1092.456447
622.561266 1657.273304
603.870424 1094.521361
658.855262 1649.143734
664.124424 1082.385588
654.408651 1648.653450
678.259494 1079.456785
639.222712 1652.889742
653.867487 1087.173556
670.820565 1644.226622
673.173059 1080.745822
678.373678 1643.081373
668.020417 1082.686424
695.141847 1641.036678
689.313862 1075.230229
701.238749 1640.900385
722.790207 1070.163249
695.725311 1641.123544
693.994477 1072.449469
691.894866 1641.141641
710.489765 1072.287999
725.188878 1629.055536
756.692722 1068.981971
753.447641 1641.843571
761.632091 1069.916847
733.010306 1640.402349
749.261021 1069.239120
784.860916 1634.930849
750.680797 1068.611470
743.613326 1640.285554
761.534429 1073.934754
782.360778 1639.823120
786.723478 1077.898326
800.224960 1649.634579
772.173221 1074.749429
790.674431 1642.145843
780.867650 1076.318213
798.473821 1651.347704
790.943029 1078.520686
813.302523 1659.035730
838.063775 1086.853941
840.754007 1671.059020
826.037716 1085.205630
835.464386 1667.398307
829.881467 1085.628293
850.699704 1671.328391
862.935834 1098.892419
850.460656 1681.082194
863.556197 1097.988224
875.203474 1678.757956
905.300851 1098.122787
854.242215 1677.270106
905.611375 1100.125089
874.461488 1679.074939
892.282910 1107.344367
925.792083 1683.648611
886.380878 1104.366074
888.248905 1688.170670
904.769770 1102.477799
912.252454 1707.156928
894.507083 1110.695778
904.510781 1703.608283
920.354583 1115.862153
910.749789 1707.756741
932.280983 1708.178856
900.944768 1109.681873
911.933770 1705.830281
922.777382 1114.605100
954.877156 1720.382372
947.505731 1124.744948
955.689860 1721.159418
963.878185 1129.151963
983.856512 1742.405544
964.148438 1129.452417
969.683973 1733.702807
987.462593 1140.507332
999.500100 1749.112859
996.550093 1146.128585
995.445917 1748.763783
1000.501294 1753.803688
1007.463362 1150.404786
1005.064016 1761.736076
1034.542649 1159.485343
999.260984 1752.656172
1033.388206 1171.387202
1048.648746 1789.056509
1043.885868 1160.412926
1044.141098 1777.234090
1013.691607 1153.674075
1050.075446 1795.238086
1053.416502 1794.942026
1048.292856 1164.080562
1056.319538 1798.278919
1056.714033 1811.213415
1057.343922 1162.111993
1060.319985 1809.620820
1072.549703 1163.346034
1056.619436 1811.993012
1085.734916 1165.841240
1090.004673 1789.428367
1109.069398 1166.302138
1077.537910 1777.841718
1088.559739 1767.719134
1083.475785 1796.222860
1084.956873 1779.447964
1106.337882 1169.466058
1083.704923 1787.531805
1088.157663 1778.197041
1108.747032 1177.927591
1103.968042 1746.914145
1118.970645 1730.225817
1089.995375 1169.673859
1097.106980 1735.466104
1137.173449 1184.588329
1093.673043 1753.116073
1111.115733 1179.247864
1147.999385 1704.377573
1145.217221 1707.338776
1161.126748 1191.924135
1159.615713 1701.841229
1136.699173 1201.970510
1158.498817 1700.897874
1170.230563 1180.797323
1148.766101 1704.891649
1186.482046 1198.419907
1195.253962 979.322289
1174.852855 985.628503
1188.837298 996.246189
1165.355808 1017.215189
1209.163122 984.771653
1178.108346 1020.159488
1184.219971 1022.137380
1181.348606 1034.597539
1172.079466 1695.197140
1186.440734 962.153812
1193.841432 1043.474803
1201.423158 1190.090936
1174.350542 1689.928157
1166.942831 1067.800001
1157.698777 1067.767038
1179.598230 1085.034128
1179.213389 964.368938
1180.774300 1072.442537
1200.850600 1670.673451
1183.422488 1194.120505
1180.020652 1107.511957
1199.946531 961.146654
1188.043369 1675.600564
1218.228156 1091.127354
1202.695925 1194.890149
1215.883028 956.710683
1192.185749 1131.624137
1194.493156 1675.801514
1215.352708 1127.878400
1193.250083 1196.388955
1186.744729 961.333851
1184.748678 1110.039165
1187.432030 1128.310082
1216.470159 1633.793605
1219.599232 1203.364081
1219.621971 1156.620684
1234.503177 949.596480
1226.355667 1649.329713
1225.393185 1152.457049
1202.273162 1199.168105
1239.270081 939.384917
1229.949326 1154.039352
1213.567487 1653.958832
1239.085828 1216.559842
1248.970453 1141.715017
1239.476578 943.400002
1216.724011 1186.535994
1258.397919 1641.744592
1238.684405 1212.987503
1247.046274 935.368065
1259.821446 1200.872544
1269.251493 1641.247843
1263.240031 1209.855420
1238.638862 1214.897285
1260.380517 938.455430
1254.927385 1210.237461
1263.354437 1636.251485
1290.640565 1245.956839
1274.663852 944.974026
1269.371135 1641.438075
1298.059574 957.175310
1265.098350 1632.323504
1292.032743 947.359128
1276.431492 1643.628723
1280.318731 943.904378
1290.163644 1634.186925
1293.584686 1632.790897
1299.035762 961.498154
1326.322367 951.922250
1331.945440 1631.989655
1335.011605 964.796108
1338.173957 1631.843129
1325.206329 960.365289
1360.582920 1638.666032
1333.918380 964.813863
1360.451711 1639.470976
1357.431228 963.739204
1364.203058 1635.699308
1366.269792 969.507454
1356.812401 1633.244047
1394.747391 975.891770
1401.979731 1636.229500
1388.656436 975.238905
1389.775261 1637.034340
1409.062456 981.780876
1388.272973 1638.042003
1367.974660 973.089379
1419.458127 1635.702017
1418.599279 992.930398
1407.783101 1634.566451
1434.569630 981.018719
1438.550390 1644.715170
1453.631542 976.088304
1448.846889 982.208445
1449.256699 1011.570712
1416.190591 1636.445436
1431.391465 1008.523855
1438.593974 1022.422876
1444.596184 1018.355607
1426.279356 1018.909923
1432.980576 1033.893892
1445.666335 1644.479332
1440.770560 1044.592488
1457.175214 988.532938
1462.377859 994.204879
1442.004200 999.588831
1461.891178 1004.852448
1447.853761 1017.119541
1473.514284 1010.898515
1456.023175 1015.630437
1466.717028 1648.749202
1442.078874 979.978097
1454.194734 1022.992029
1435.587789 1027.145085
1461.766509 960.777057
1475.796599 1651.699178
1470.772724 953.659182
1495.147293 1654.458323
1471.033730 953.758089
1470.678132 1654.506115
1491.755588 929.980619
1492.589107 1647.971299
1489.303483 928.707513
1512.299934 922.316312
1489.618580 1650.683283
1502.792226 917.073618
1488.082867 1653.871973
1529.338052 890.337184
1528.384019 893.276884
1525.222220 1672.794342
1536.971452 877.355417
1531.288358 1673.990349
1531.408613 883.512858
1559.194374 1682.660759
1551.391593 864.702173
1604.075197 1661.441583
1551.114938 858.879498
1536.946487 1674.378536
1579.567063 846.352135
1576.846233 843.646713
1586.124660 1681.976117
1564.758086 847.729329
1575.877012 835.526974
1556.078198 1683.279572
1559.028770 842.019388
1599.479816 1683.778702
1586.204999 1689.979406
1575.567289 832.058899
1614.651809 1696.738000
1586.127585 825.038778
1619.160093 815.588887
1612.214413 1688.895945
1623.644399 807.345403
1598.931417 1700.337298
1644.808824 792.416757
1626.404478 1711.333668
1646.066191 1728.985240
1641.391634 787.667771
1638.587333 792.318731
1638.649782 1722.321523
1654.598807 1724.772549
1672.413735 785.728817
1665.257438 1729.099835
1679.596661 790.657345
1669.804410 1734.118585
1678.017356 786.994651
1690.155207 1746.894074
1727.107969 803.681714
1696.622599 1753.165032
1696.135371 803.911071
1682.029199 796.396216
1724.885976 1752.777862
1709.639906 1755.036952
1732.122500 820.297790
1694.898144 810.715892
1724.592574 841.627422
1713.955873 824.400610
1719.134460 832.601920
1714.031586 1753.484575
1718.350392 857.804339
1722.456946 858.562001
1737.538782 888.854680
1711.013975 1073.129003
1727.258107 1105.335262
1735.314855 1759.299086
1729.239538 895.144780
1706.803850 882.575834
1753.487449 912.263510
1699.145419 912.764587
1760.180073 941.041965
1724.091116 1056.725430
1738.485105 1064.650009
1719.313201 935.722760
1710.381084 924.132368
1755.585485 973.345065
1724.873156 966.489856
1733.671304 974.779717
1731.849520 983.860920
1728.716772 1020.268920
1735.393102 1034.771181
1752.627481 1016.870889
1748.306589 1035.083016
1737.471338 1026.646245
1739.592296 1054.142192
1729.101292 1099.525151
1776.821311 1766.442173
1757.057053 1109.283822
1740.876091 1757.746508
1757.879730 1105.320327
1746.380400 1761.232770
1783.627131 1074.454768
1757.311765 1081.596396
1751.394247 1764.612073
1799.922087 1068.361275
1778.192532 1767.408781
1765.345575 1060.429127
1789.305240 1041.119100
1804.095315 1764.085465
1784.693410 1038.802589
1834.420855 1029.255847
1781.382630 1766.213795
1801.138820 1027.121829
1817.658473 1766.180775
1821.718809 991.097240
1805.945934 1007.091992
1820.840097 1766.800695
1815.752969 982.237274
1853.593563 1777.219940
1810.302507 970.203947
1842.246514 961.637876
1813.119349 1767.306726
1851.568130 954.259474
1837.871125 959.001076
1853.307846 1776.452791
1858.056449 950.657738
1873.507110 888.011103
1871.039001 1783.031401
1854.683377 927.666330
1864.978817 887.890957
1852.496172 1776.167013
1867.039783 884.844609
1860.433303 879.735856
1865.475214 1780.377921
1886.028300 871.907617
1880.434516 877.004217
1896.569447 1792.543596
1897.988855 848.195477
1902.503369 836.427038
1897.566562 851.852231
1889.554318 1789.587671
1925.619184 822.558865
1900.593150 796.988167
1895.157497 1792.400447
1908.941176 779.007641
1917.067719 766.839669
1900.207113 1793.156203
1917.457321 758.629151
1931.315812 748.662466
1928.015266 740.582196
1935.589999 1800.894671
1952.498510 717.859871
1922.519746 741.800020
1935.951558 684.975567
1938.587615 720.163079
1935.439481 1800.482680
1954.716039 520.184855
1949.539821 540.331163
1950.668497 531.540531
1946.184633 554.146328
1954.882653 546.925325
1932.323989 670.287293
1967.120285 1806.781214
1955.941201 514.388426
1936.209368 568.226689
1932.152021 582.824135
1914.607415 612.954342
1926.331088 599.573716
1930.770270 591.068511
1952.758399 607.815250
1937.874636 628.749402
1940.471925 642.223058
1931.968203 659.073312
1937.633569 664.467222
1923.862837 665.221288
1961.950159 501.040010
1971.345053 1802.604207
1974.001904 488.011259
1974.216196 479.560445
1970.741822 1802.578820
1974.065982 479.605644
1970.755979 1804.421863
1974.567163 486.956873
1978.865816 1808.082439
1986.220396 457.485797
1972.791102 1812.467245
1982.636814 458.823254
1999.729334 1828.438386
1996.746972 441.671737
1998.263102 1823.478575
2008.173767 430.553723
2001.529632 1828.481794
2007.266370 432.335484
2019.283853 422.367134
1986.401841 1824.418891
2035.649456 417.422791
2029.353679 1833.825429
2019.385804 1831.358438
2030.694675 416.442507
2028.654466 1834.311979
2052.528999 408.019492
2050.959937 410.614072
2055.874493 1837.703192
2071.699350 394.413670
2061.905727 1835.962290
2071.167325 394.518239
2108.712891 1830.604013
2082.978229 378.594138
2089.227017 1839.147067
2087.284648 375.270092
2104.014678 356.398747
2091.668767 1843.730328
2100.142020 357.979419
2106.584942 1844.262868
2101.640601 355.660910
2126.570927 1852.340609
2106.776297 351.699820
2157.104845 1854.689977
2117.616650 341.998603
2127.749106 334.720703
2129.689051 1850.941945
2137.978966 325.800005
2143.566050 1850.752949
2141.329740 322.970583
2148.019530 1853.761429
2162.746638 308.938102
2163.846410 1857.680531
2177.032679 297.314636
2188.877650 1860.394583
2190.392259 289.947733
2196.226039 1861.076092
2179.788468 294.775618
2203.810524 1846.036585
2217.027337 278.729411
2206.132689 277.879749
2230.139327 1871.849500
2213.049876 1876.537939
2189.805880 290.735494
2232.035728 1890.736938
2221.110625 279.925728
2252.061049 1910.422273
2224.481843 267.801100
2253.781863 1899.487906
2211.357837 271.552065
2233.532675 1888.927222
2238.191455 254.469609
2262.085305 1919.674960
2267.526726 236.708736
2256.293712 1916.975364
2260.694486 240.464421
2267.405936 1926.648819
2282.695809 223.956745
2284.561256 1937.897240
2279.772885 1942.429050
2305.187902 212.716613
2292.913739 1954.258433
2311.962975 212.979692
2299.023448 1952.823543
2298.849267 1958.412998
2302.271040 211.935560
2303.220626 1957.037534
2327.780001 1963.381798
2302.745429 212.154788
2310.657977 1965.520964
2306.353451 1868.239762
2287.149502 1872.294247
2328.800194 1877.528824
2331.273077 1876.356384
2296.246806 1902.266103
2314.958274 1971.543718
2307.529178 210.658615
2308.923358 1795.797175
2316.499150 1814.168761
2306.475980 1838.124151
2329.130742 1870.138480
2310.508352 1896.612640
2313.977697 1912.307857
2315.209792 1940.014265
2324.736709 1752.355978
2324.362647 1778.500112
2323.947892 1780.827317
2307.237075 1800.845270
2320.521236 1949.235202
2323.826869 1955.557053
2329.999533 1954.596472
2319.111476 1976.512349
2361.770059 200.547319
2308.047830 1548.267578
2326.912373 1550.783145
2351.045405 1539.798386
2355.233900 1558.299137
2329.263931 1592.841099
2347.892187 1598.764906
2312.886853 1753.998940
2330.637298 1740.201130
2321.099064 1959.336129
2328.259264 1953.612429
2312.134778 2004.118561
2324.610354 1984.380138
2355.360988 1521.713786
2342.075304 1609.141167
2331.551382 1624.738504
2316.616861 1617.089412
2312.729550 1765.487734
2354.792173 196.637242
2337.240597 1631.722131
2329.831017 1628.672741
2318.684571 1752.393453
2351.609035 1486.545541
2329.427857 1454.652379
2350.724678 1490.890393
2330.779520 1509.854788
2329.728120 1519.768599
2336.056970 1510.224125
2346.315499 1644.219549
2358.975298 197.051879
2343.226784 1708.442359
2345.596021 1456.890107
2346.307387 1642.008875
2324.358030 201.226568
2338.808193 1722.699159
2360.226815 1437.523460
2348.337555 1667.411089
2371.363817 1369.981073
2352.194213 1422.489806
2355.331270 1412.769329
2359.852920 1430.804904
2353.974820 1437.913337
2354.178743 1678.700565
2352.527818 1682.264482
2340.629541 1706.205789
2351.827179 1689.905934
2374.021476 166.652636
2356.118182 1387.117884
2356.678211 1377.670138
2368.479817 1395.698181
2373.343425 1342.998717
2379.422696 1334.448304
2374.668656 1343.729695
2376.129833 164.614878
2380.906845 1316.458608
2377.166584 1319.841564
2379.333276 160.439440
2389.320877 1289.211703
2403.321452 1263.135064
2375.839345 164.708403
2394.150542 1279.294344
2399.798767 148.286479
2421.627455 1240.829402
2423.269354 1244.276185
2388.608515 154.269895
2431.155069 1226.890143
2434.614057 119.439912
2429.550172 1227.884031
2435.456784 1216.430796
2427.422106 122.112697
2438.099032 1203.986391
2450.751489 1174.590874
2428.387340 121.547956
2453.991253 1168.413560
2461.113634 107.456345
2449.350519 1178.300212
2466.516646 105.119916
2471.271070 1148.443153
2463.450143 106.241651
2454.673854 1157.830232
2452.030536 1130.299050
2484.845611 96.939464
2471.086019 1133.326348
2473.631025 1127.801151
2466.670378 1127.057225
2473.814506 102.732080
2489.905399 1093.570187
2477.360201 100.481897
2488.750270 1098.563296
2498.597627 1081.231963
2482.649357 98.019395
2504.013950 1072.876388
2525.912689 79.172238
2500.630664 1076.775339
2526.355462 77.346362
2531.998717 1037.303332
2553.458147 65.411117
2509.962757 1064.625493
2559.260759 66.449922
2526.882968 1018.028162
2537.780969 1029.149911
2557.394471 65.387488
2544.016768 1018.777072
2551.309760 66.581070
2582.639532 1002.288811
2593.954885 64.601323
2553.023626 1017.874509
2590.389904 66.994545
2572.088246 1007.107963
2578.827823 1002.313197
2597.847922 65.580523
2598.737223 989.216439
2574.597103 65.164007
2595.628081 990.841626
2641.657839 69.071284
2612.388980 977.256225
2636.116415 63.177540
2638.100015 953.486842
2593.402050 65.492840
2632.319711 960.674486
2633.392131 59.039112
2635.316775 958.245790
2647.903171 58.066343
2641.385799 889.038280
2647.701079 886.447041
2636.812132 900.577709
2648.246516 921.033228
2646.077765 939.440126
2644.378448 939.346499
2646.140030 937.955990
2645.503790 943.229472
2662.459745 802.749608
2667.198764 793.276915
2661.308248 821.838741
2653.678948 841.367060
2647.963061 868.644822
2644.982882 882.360226
2648.778452 869.341103
2631.968263 58.650330
2652.408949 784.353357
2663.743493 810.632816
2669.530564 779.867804
2677.469682 56.101841
2620.380377 772.187094
2675.652963 745.659671
2665.000212 738.073318
2680.360411 715.940919
2669.105959 57.579956
2682.211641 710.663672
2679.394347 720.556535
2695.703486 54.967693
2686.336205 700.784856
2678.731948 706.792700
2678.137530 56.827417
2693.037128 656.525762
2694.526625 685.339454
2718.835817 654.296263
2709.625040 49.260060
2718.322654 653.856200
2705.652945 48.779049
2732.641305 607.428240
2722.771734 632.886449
2751.193709 51.534565
2734.662062 608.661168
2732.538612 610.535460
2719.188962 45.917342
2732.135629 611.543537
2732.368426 44.478850
2748.908285 573.187040
2735.079123 567.884260
2768.091929 43.167975
2755.343411 554.991846
2735.619313 569.669496
2773.288925 39.956707
2737.683391 566.775764
2796.417547 31.201476
2766.181332 540.831868
2783.966067 519.043899
2779.658182 42.060770
2783.661076 524.430624
2792.052916 32.296068
2771.189908 494.484787
2819.878708 30.121134
2792.052112 514.274259
2807.078109 28.851288
2792.549263 508.920068
2811.551779 29.496910
2816.222660 495.945979
2839.135346 26.722995
2811.295040 496.403803
2858.975169 440.159029
2846.400234 28.598389
2826.637781 479.441110
2851.613132 423.609782
2858.715063 425.341790
2836.870873 437.576545
2835.363077 441.998675
2853.950500 440.629749
2860.213112 369.815765
2863.241795 372.371702
2859.962449 387.753296
2855.378134 409.715447
2848.222652 426.412089
2830.707212 460.462268
2854.218986 23.221764
2846.833732 333.783350
2851.102930 334.425161
2860.320485 362.380291
2835.584166 437.200231
2858.928505 446.234314
2841.951498 292.716408
2827.858926 324.088130
2849.501769 305.628728
2860.423764 33.557770
2884.335178 262.689992
2886.528191 277.444502
2854.948752 431.249004
2850.849889 450.058868
2859.715848 275.506516
2873.306092 13.385525
2874.538130 251.935810
2883.514577 252.264061
2859.497424 437.368153
2854.757178 445.701419
2874.511881 15.390306
2878.551928 241.548457
2898.632734 203.063963
2883.690617 16.424713
2870.651125 232.497130
2882.397710 212.766521
2912.830338 15.291936
2899.017428 193.772334
2912.023665 14.017163
2908.044459 191.315793
2909.306909 174.002457
2913.421208 19.115747
2915.545700 164.014700
2910.515081 164.348081
2930.612974 17.933356
2935.608245 139.553846
2953.215123 33.307186
2955.569837 124.750084
2968.292024 18.259615
2955.588446 127.755745
2965.793385 19.412207
2949.612330 107.243990
2969.092334 17.883793
2972.227877 91.330784
2974.903139 20.951320
2999.858470 80.126277
2979.096888 77.922753
2998.035155 27.502803
3004.705225 75.982924
2988.625076 35.277661
3023.659850 71.956260
3018.763214 28.450814
3034.001215 65.392605
3007.140157 30.678291
3027.882755 63.964339
3033.231618 27.393452
3035.605750 64.191654
3033.246414 26.401827
3043.076814 55.733160
3035.785199 30.640228
3048.165200 55.715459
3044.652519 35.773443
3046.236722 56.677591
3049.241548 53.570505
