35.788357 1750.858752
32.947883 1748.405552
22.116782 1747.532393
62.326551 1756.195773
47.284100 1757.865082
45.831068 1748.203526
-16.375849 1729.513667
2.621620 1743.403500
10.792053 1741.918386
23.570138 1699.086123
-4.811585 1736.288288
40.657215 1631.534252
36.273581 1750.877693
2.471761 1695.618926
33.998522 1637.185398
42.846599 1630.082142
33.861514 1753.774196
15.513017 1659.956190
36.523499 1634.831057
87.599588 1747.906812
73.997970 1589.973769
58.242070 1619.389878
69.918377 1762.275027
66.886606 1584.112228
70.793368 1568.430843
82.590233 1750.980367
70.718782 1561.122359
95.394419 1555.156999
-5.977723 1735.438716
96.421612 1574.170267
86.230174 1566.960871
154.443851 1712.801303
90.749295 1562.271270
113.013073 1732.154131
78.310852 1527.619072
108.625381 1733.786026
141.018434 1508.544309
103.340899 1505.733183
107.910551 1730.046996
144.751825 1552.453297
128.914311 1698.497914
131.083921 1494.049580
211.566731 1484.101880
130.487558 1683.758902
122.551260 1683.506896
133.047070 1464.902387
99.498610 1511.675614
168.990659 1701.666510
122.901879 1480.436039
156.325487 1451.160587
126.950243 1674.614402
166.469931 1434.384456
185.809933 1692.057692
142.753894 1457.990711
172.985950 1692.002105
180.229180 1418.734554
182.029906 1691.751938
196.265917 1397.514202
190.400926 1419.246847
123.250683 1724.193028
242.669544 1339.187136
201.211245 1693.116930
262.760919 1322.446382
175.771342 1689.151923
210.156340 1379.749824
264.865066 1664.053194
232.495023 1353.945227
227.754192 1677.687318
241.443367 1338.487952
266.707616 1662.185365
274.722662 1313.884457
195.610069 1676.869325
279.838348 1302.668867
271.321341 1662.670177
249.079351 1332.024712
273.766159 1311.730290
252.530538 1665.890572
254.121260 1330.484031
273.181040 1666.198486
308.466178 1280.696471
243.548620 1669.068743
305.074413 1276.056865
354.201961 1650.470025
310.814260 1273.872860
305.909640 1668.206121
323.200321 1269.572329
300.865921 1278.311871
309.308141 1647.855312
321.808994 1265.430549
311.349716 1647.123669
339.433936 1254.521224
366.636806 1670.505571
316.033041 1267.178037
345.918510 1636.358482
346.124071 1251.791474
355.477514 1655.363228
337.331915 1253.062050
366.248847 1662.163927
372.807072 1206.665594
359.286991 1656.823621
379.471179 1223.309043
434.282762 1174.101000
448.433592 1692.822266
441.727548 1184.406594
396.661911 1686.519287
372.038773 1214.379888
413.904305 1703.286574
394.139912 1191.015229
406.347061 1686.623530
425.842302 1179.784242
416.530241 1708.326612
401.711129 1191.704669
445.072409 1681.268430
396.015658 1193.672522
416.805365 1706.308495
445.405338 1166.495415
435.014067 1703.415416
471.722344 1155.524540
499.180025 1715.439677
416.135927 1701.673578
450.454656 1162.227170
500.049650 1713.379325
547.280504 1143.199534
472.449395 1155.825917
483.776280 1711.782087
488.654153 1699.935372
538.440040 1142.133054
492.826446 1712.085247
549.782068 1139.273731
459.556844 1697.935755
466.861939 1692.606470
469.535760 1156.172727
525.746106 1138.110197
502.850045 1683.313834
554.752911 1133.643777
533.564674 1688.014539
505.808206 1141.836837
563.108783 1649.033923
574.210618 1117.801332
566.389755 1653.335048
549.316425 1628.940887
584.517085 1116.397071
558.119157 1659.924328
553.114466 1127.077590
598.167142 1652.814490
563.916310 1120.080108
582.768654 1641.186552
555.004400 1124.096821
591.624748 1111.399076
596.285106 1649.537980
640.887314 1100.322874
647.187384 1661.335782
620.287471 1104.880094
663.086285 1662.084857
613.805825 1099.528473
577.726663 1638.887496
647.581711 1086.667543
611.685864 1650.711052
636.868453 1101.443924
678.715813 1641.917470
618.218534 1099.604919
676.002313 1654.871992
614.027087 1113.382177
697.619966 1672.790202
651.798165 1094.817094
696.103269 1667.984323
673.365429 1090.571858
717.414516 1658.314180
693.484065 1078.527503
723.111505 1659.696299
711.935175 1072.350696
724.914529 1655.662415
744.804792 1070.886166
743.107143 1644.515089
713.419228 1072.032348
692.942387 1671.903753
761.126762 1075.022590
788.254342 1661.875553
749.785621 1074.195085
726.835486 1643.294154
749.396317 1073.688604
718.731029 1659.773080
783.302390 1068.840199
742.184353 1617.947941
811.678907 1069.061117
788.163462 1649.852247
741.716997 1074.153921
778.884684 1664.695702
776.907239 1066.801387
789.387470 1648.964630
810.209358 1071.115670
745.988226 1641.281859
795.009656 1085.818180
813.656863 1634.808162
768.478861 1083.744850
813.489083 1632.404713
773.709239 1070.706658
784.580563 1662.912096
858.975468 1091.033074
872.670255 1683.386881
810.983498 1068.712956
843.708687 1681.303687
856.536449 1096.729513
819.432217 1662.883638
872.072137 1098.740014
900.747393 1654.104674
879.621600 1100.669771
850.305808 1678.956745
856.268255 1099.051422
875.327466 1669.606550
915.733393 1108.227046
881.934057 1689.339119
916.922789 1109.675173
903.675818 1689.018542
894.726857 1106.791054
907.656931 1692.435113
909.078003 1111.843473
915.666811 1692.003750
927.837147 1706.317720
928.456617 1111.416603
907.110019 1695.482832
884.047972 1104.034346
984.875085 1742.673977
972.174965 1140.617069
920.816574 1703.029081
911.987357 1114.817854
1005.759440 1760.524233
1001.075060 1160.043020
985.199131 1732.508153
967.267941 1141.570584
1003.129974 1750.556978
941.437996 1121.861913
995.190018 1764.111872
1002.187611 1747.149282
1005.035290 1158.441553
966.754096 1737.692799
989.568514 1155.665423
1010.612718 1796.456493
1070.883907 1152.701334
1028.018265 1777.136087
1070.089831 1149.319813
1028.767353 1796.942292
1030.822238 1158.445261
1005.913677 1805.780644
998.538291 1789.992901
1050.285189 1156.867341
1081.767071 1790.264372
1041.738681 1797.485563
1053.202962 1158.332658
1097.604886 1785.644942
1069.579087 1156.003006
1007.402490 1800.253013
1114.095191 1155.285314
1109.273215 1788.910850
1121.271508 1179.314555
1042.882953 1763.709921
1120.624667 1756.544397
1101.553528 1775.138476
1046.780819 1788.592915
1093.483351 1168.220535
1063.742527 1777.781150
1108.377994 1760.569162
1115.098252 1173.865804
1130.156713 1732.859147
1093.095483 1755.920797
1129.779402 1172.810990
1152.391686 1724.884641
1106.583257 1167.623656
1143.166789 1723.457866
1177.412799 1166.037350
1121.416251 1730.550288
1132.068419 1727.324531
1159.374467 1174.442673
1175.035675 1708.037322
1135.191182 1190.178714
1124.064387 1730.629565
1188.167166 1165.293279
1177.257659 1713.419902
1156.700576 1167.880652
1150.646589 982.390113
1150.540538 982.273817
1240.093401 1011.471371
1204.425990 1003.950467
1133.454321 1017.463918
1160.573334 997.099153
1154.557644 1040.602056
1191.069149 1058.970648
1185.048161 1711.826429
1177.773737 990.517690
1134.365563 1081.078098
1160.188777 1191.692197
1190.252641 1678.195295
1205.670832 1097.140598
1173.682949 1078.702583
1243.905889 1069.084519
1159.474373 981.336751
1136.043523 1137.963093
1143.031868 1694.258615
1189.505013 1244.779310
1257.715384 1068.098333
1236.532064 935.433772
1135.718528 1716.896066
1177.845439 1144.226558
1220.351803 1193.832242
1231.004468 928.856692
1168.413554 1135.101814
1233.157830 1667.182800
1201.826145 1136.295894
1200.166504 1224.388617
1224.288420 938.799552
1216.855540 1123.884338
1177.420027 1158.701967
1257.165541 1656.502248
1200.350218 1229.736071
1211.354912 1199.214630
1183.510385 976.404586
1239.743422 1666.642122
1191.371160 1154.741415
1220.461753 1233.472603
1242.400899 929.455352
1201.239211 1169.082330
1240.880427 1649.272965
1260.818609 1197.079944
1225.260056 1196.614660
1237.458478 926.725308
1218.584414 1179.101214
1288.678940 1650.587602
1248.692036 1245.171804
1273.158893 941.713441
1204.300518 1193.745522
1262.681978 1653.772050
1278.124382 1213.129343
1250.727020 1206.498505
1286.658890 953.049307
1226.419497 1215.283468
1314.953295 1650.133731
1258.974799 1202.507771
1288.332605 956.713671
1220.894424 1671.485909
1246.412419 961.423467
1247.532883 1660.028453
1318.729775 945.403793
1238.637629 1617.816352
1359.208485 958.428327
1290.313717 1648.564385
1322.194624 1638.566553
1344.679169 961.578351
1328.573749 954.925477
1275.100223 1640.399467
1315.731334 960.567608
1346.207927 1643.421881
1334.351067 963.807308
1361.605323 1628.221711
1322.853997 967.902397
1339.818258 1646.954515
1362.357108 974.120724
1324.162344 1647.301871
1366.606599 975.374874
1374.526540 1633.089554
1386.617102 977.218713
1368.550282 1633.253487
1455.452386 959.961009
1360.993180 1626.122381
1411.752935 979.430231
1409.995833 1635.849279
1360.909116 968.902233
1357.900244 1626.300628
1398.715503 982.024222
1398.792477 1646.418237
1465.139467 962.025127
1434.736023 1643.582053
1381.890840 972.264569
1467.163060 1044.181057
1436.909722 994.698006
1398.628777 1650.260216
1419.301723 979.385330
1447.672819 1002.476988
1447.060264 1018.408975
1457.018967 1043.064365
1445.621159 1052.094985
1485.425688 1627.349614
1462.043455 1054.364134
1444.932739 1010.519298
1444.340975 1005.038836
1470.672483 964.605877
1435.607882 1008.478284
1452.023866 1003.236194
1468.241896 1039.584545
1422.416526 1004.660375
1492.341401 1637.186695
1451.975708 962.180244
1450.876985 1038.238837
1457.226871 1048.402323
1449.860802 960.365722
1456.420482 1647.388528
1470.554652 948.613188
1507.062199 1650.889967
1477.392277 931.378250
1434.024573 1644.256972
1522.989187 950.669339
1497.016423 1648.466483
1493.299381 956.088387
1478.425904 916.838408
1544.182500 1677.476760
1516.520353 893.610967
1499.113744 1652.758268
1498.315917 917.695111
1518.933089 894.656525
1504.726353 1654.185429
1555.300246 868.206030
1528.028215 1672.642727
1536.377125 860.849080
1557.069320 1671.658939
1593.497093 860.765050
1544.111142 1680.264651
1532.728118 880.602055
1558.623672 1679.410606
1548.403810 860.993965
1557.917820 848.228052
1577.991757 1692.349030
1530.313682 856.874986
1621.770914 825.033495
1589.406611 1696.968959
1578.402619 848.808927
1550.823906 1686.221092
1612.050669 1691.695389
1622.300027 806.884588
1612.841744 1690.994756
1619.094468 806.187762
1645.734301 796.554149
1660.085462 1723.165563
1601.679249 814.713029
1610.739119 1706.585001
1627.437130 802.475263
1621.988339 1713.539750
1625.883198 1709.185311
1683.018178 814.856510
1635.209529 798.961944
1663.706202 1729.711634
1635.070637 1709.173749
1600.675980 808.167266
1674.340596 1736.246194
1663.336645 793.980296
1660.156023 1728.757948
1669.795792 783.592706
1674.478084 1736.852785
1646.316788 797.217842
1717.368393 1749.777390
1651.307894 792.110545
1698.860221 795.716164
1696.923075 1747.882892
1698.147433 1745.439406
1757.453811 877.074482
1734.299072 834.773158
1761.230891 872.183068
1708.473536 853.530239
1689.366447 844.039389
1678.601995 1740.042813
1633.374558 827.867305
1754.219325 888.347515
1752.880212 881.121241
1727.075089 1048.845509
1673.744468 1045.425475
1692.701051 1747.990016
1770.238580 916.629712
1772.089281 906.825568
1728.782143 910.080372
1703.572549 937.688155
1759.674034 914.118895
1745.980318 1052.095568
1775.548448 1042.849977
1711.380457 899.511872
1732.639413 1000.695385
1714.492345 952.770640
1719.617569 979.492631
1746.825228 989.322374
1713.352498 990.161891
1746.971837 1003.790573
1705.240088 1013.851382
1726.013562 998.758494
1718.328766 1047.679164
1759.016677 1044.251166
1735.302321 1011.280374
1781.087216 1062.215726
1755.002768 1760.981297
1750.529200 1077.180582
1727.257498 1759.201949
1739.801030 1065.482247
1760.747825 1761.939400
1757.309227 1089.599216
1759.848802 1094.477306
1781.622579 1766.760382
1821.204637 1043.405173
1799.237980 1773.386033
1800.876487 1050.000934
1747.611410 1065.050355
1766.249038 1765.174334
1818.078261 1049.329353
1824.251034 1019.815532
1832.080050 1777.409574
1847.857969 1034.933734
1818.307175 1768.319976
1778.201348 976.058698
1795.812486 989.322412
1862.898467 1784.870734
1814.878783 957.174451
1839.394745 1776.974444
1844.977997 965.875702
1869.183993 919.872860
1868.932315 1784.363975
1770.451684 952.118931
1825.051816 956.743495
1868.409933 1780.547994
1867.616138 933.425822
1874.669349 917.833165
1822.993074 1772.122020
1835.340527 952.351522
1917.253085 878.255682
1904.438745 1784.063088
1798.190071 905.192627
1887.080968 898.118199
1865.256843 1785.073772
1890.367493 869.838475
1901.481291 877.079682
1826.458285 1774.574060
1918.080493 842.489310
1912.164683 867.838614
1917.386825 827.539595
1880.329966 1763.774374
1850.242678 829.757600
1927.050542 789.942557
1865.432637 1784.127611
1928.663025 749.481159
1886.974550 793.582411
1921.185671 1799.715110
1893.910267 761.524932
1893.029845 803.957534
1903.450854 722.764360
1953.370938 1809.505137
1939.461582 709.372442
1888.557758 774.735398
1915.791679 701.479777
1925.707342 699.608320
1934.863710 1797.043266
1971.606498 509.556612
1950.784338 534.337558
1968.502589 525.938901
1960.392874 553.081410
1920.082174 567.805617
1917.274633 715.061293
1965.128215 1811.783204
1963.543479 525.832591
1938.122098 570.527154
1908.912140 588.459076
1964.252871 594.440487
1951.958597 580.896780
1943.374561 594.792408
1905.998585 626.532510
2013.564388 594.424076
1939.967713 633.374985
1965.608801 631.885459
1913.066352 694.874161
1924.142585 675.545690
1975.072560 511.841079
1976.522874 1815.093422
2003.821437 474.518237
2014.628158 467.769161
1962.773542 1814.571136
1955.125801 525.903823
1972.048990 1815.895598
1992.076233 490.878153
1973.552105 1814.458215
1976.273309 493.370309
1977.814627 1820.316734
1987.247286 481.455092
1948.729212 1808.005029
2030.979169 427.375165
2007.553133 1839.425485
2016.003437 447.026351
2016.373407 1847.256029
2041.998797 419.083204
2050.609568 412.349440
1995.779619 1834.609197
2035.504242 420.136233
2008.790910 1839.917888
1988.920912 1830.156620
2074.317236 396.368063
2077.745777 1835.939487
2041.619957 411.153246
2084.224847 385.819056
2051.369399 1829.973729
2058.310071 401.572308
2065.260863 1830.946400
2082.897949 388.855607
2121.645300 1835.168290
2086.836147 379.111964
2105.987753 1834.356656
2094.505142 373.717677
2103.393543 356.884619
2130.454823 1853.196149
2103.286876 369.166125
2134.908547 1853.978915
2095.125091 333.991509
2098.343718 1836.435683
2120.075635 341.270615
2071.606450 1836.128358
2095.265004 367.464872
2100.216687 333.115804
2146.119471 1860.306036
2156.779935 307.915540
2104.175529 1846.369701
2150.194605 313.202893
2085.856233 1834.003315
2120.485884 336.064137
2211.783284 1869.015273
2167.560164 291.552817
2137.512082 1852.483928
2179.914494 274.106608
2150.039027 1860.656333
2188.794372 269.597661
2207.924732 1874.726333
2173.589103 279.891438
2170.248718 283.908815
2196.658701 1876.952196
2156.947816 1864.721415
2197.006156 267.241238
2216.765544 1894.920959
2184.745327 272.167826
2272.060812 1898.917486
2238.286625 242.438421
2246.926375 1897.265497
2219.702032 254.622132
2271.067821 1891.734237
2248.033356 244.770633
2206.069454 1867.405061
2253.757093 245.256176
2288.524614 1917.591987
2253.381449 229.501035
2240.551458 1916.283895
2246.248213 229.869220
2255.946988 1935.860683
2290.161871 1925.152293
2287.772569 228.644260
2257.656588 1920.389256
2299.738858 224.789270
2250.164418 1938.043572
2287.024368 1961.881543
2298.677388 223.556274
2312.928523 1990.453640
2289.525621 1977.408991
2322.130993 204.103680
2317.784878 1974.909118
2294.002445 1861.208434
2320.117017 1888.218470
2340.163049 1880.106119
2269.067123 1893.380075
2326.024313 1874.363770
2324.860065 1983.623734
2319.543722 194.012558
2319.440861 1830.632687
2349.172477 1800.379308
2318.600667 1842.931778
2324.502319 1887.404715
2285.528481 1910.793676
2345.914282 1877.516295
2282.052550 1916.784736
2330.445852 1787.217016
2327.730460 1750.763652
2347.247453 1808.960596
2294.168121 1817.994647
2315.342908 1921.633766
2328.360509 1911.915268
2323.762390 1902.056328
2334.529258 1902.158022
2321.999578 201.109495
2308.764585 1543.978717
2281.541833 1587.850439
2309.541851 1578.773926
2348.605751 1579.872794
2386.691735 1569.152708
2310.432264 1527.229388
2333.840876 1736.452835
2356.786547 1769.312245
2285.685511 1946.265363
2300.807140 1981.066374
2332.020411 1983.508238
2323.938367 1958.252360
2329.397337 1530.016440
2290.227454 1621.401387
2303.549409 1605.374858
2386.787317 1623.888084
2360.560575 1728.121011
2351.997626 180.021150
2314.196642 1633.808763
2369.176549 1688.636524
2302.886747 1742.097587
2385.498955 1442.515268
2357.910022 1512.300562
2335.262502 1505.758932
2343.889026 1509.992704
2356.885984 1497.906256
2348.340129 1513.061343
2386.499769 1625.824094
2341.693980 181.106298
2354.448732 1716.951683
2380.727372 1459.044734
2368.425568 1671.884335
2372.612272 172.411390
2333.581392 1725.326061
2395.147989 1423.183212
2371.994219 1641.572762
2367.332141 1390.401633
2389.199038 1383.088907
2285.807294 1417.131570
2363.229558 1468.758045
2324.715927 1462.444552
2361.143344 1704.507806
2360.156715 1708.522987
2371.599975 1665.659802
2368.490436 1683.223584
2366.302803 165.999995
2370.570141 1355.572551
2378.029452 1346.231029
2361.210435 1362.515510
2373.093786 1317.612949
2375.906939 1332.342273
2339.538799 1368.235023
2379.289329 139.946346
2393.679548 1317.264079
2392.415453 1286.483748
2438.984172 156.753389
2411.232091 1272.212258
2395.295598 1269.488267
2375.106258 140.609965
2409.098274 1255.542443
2443.998342 134.657376
2377.620053 1266.305309
2370.517515 1292.481450
2366.071869 150.333435
2371.782338 1284.453105
2402.053705 141.062493
2417.593116 1214.149727
2406.941052 1232.816181
2406.983064 142.941977
2414.165971 1232.486388
2420.253390 1206.732303
2414.614571 118.949155
2379.602716 1193.286049
2405.550752 124.057558
2423.253160 1173.980785
2460.309715 113.539112
2438.055793 1157.917395
2483.748322 67.357760
2466.263671 1118.241327
2443.129614 1124.797093
2462.626891 117.471261
2489.014008 1087.940741
2474.453640 1131.726525
2446.357095 1103.511709
2509.427017 76.423877
2480.405003 1109.380027
2507.699886 73.658985
2484.642120 1075.529820
2433.581932 1093.541331
2482.063819 63.227926
2503.390475 1076.023577
2553.341578 83.930193
2495.398868 1075.143094
2530.730383 94.920222
2537.222276 1047.241682
2524.270252 77.728947
2547.832578 1040.686930
2578.129888 66.042917
2546.321738 1042.013060
2555.185321 1028.429425
2596.038140 63.997712
2548.735277 1038.613768
2553.292223 72.444575
2582.372211 1001.745670
2615.379671 72.473506
2544.144377 1032.150087
2582.986112 73.998135
2560.284655 1010.343889
2600.212517 987.400629
2610.889917 63.535152
2573.656927 997.560901
2552.618661 82.693577
2556.195481 1006.999022
2626.938823 57.431705
2575.412825 998.245997
2620.863416 70.687686
2606.711710 974.682254
2617.262450 64.630386
2632.310182 954.128409
2658.080607 62.737035
2618.045454 975.736531
2667.025272 55.033125
2672.230206 829.913774
2633.696669 918.669853
2659.556050 854.988773
2659.701325 869.771885
2648.626898 907.038856
2631.593927 952.392498
2636.810458 949.301420
2639.717575 933.882809
2666.405901 826.827274
2667.671964 819.846680
2658.153365 846.585514
2656.282462 844.927812
2676.312463 829.029126
2654.374248 827.619107
2651.161456 895.736209
2702.074941 56.318620
2673.042879 796.569580
2657.202144 815.460866
2666.012954 767.498670
2683.513888 61.351704
2690.602173 728.015300
2666.469746 774.131247
2701.774792 738.933788
2705.639456 714.577529
2701.759946 57.526499
2683.526107 681.373085
2702.355663 687.607492
2667.463331 51.161995
2698.751995 670.969463
2703.616153 663.363497
2708.729623 55.579310
2659.707522 651.251776
2707.850993 699.059093
2715.865360 655.110653
2694.269949 59.182504
2705.925057 632.728769
2695.414810 59.604665
2719.516694 620.754627
2694.048142 640.786212
2723.608283 39.799839
2759.918666 599.850773
2754.772892 616.880840
2745.113108 45.611709
2753.516847 588.718301
2739.863581 44.966938
2698.459808 583.895554
2738.651183 531.933519
2763.897294 31.398791
2763.959072 560.395859
2761.149901 589.185004
2744.569856 45.425817
2791.189314 533.440316
2829.444093 12.940018
2813.117414 509.420074
2789.533147 526.494606
2799.743637 45.280324
2738.451268 531.750122
2759.679209 36.324498
2798.842077 516.281152
2801.620477 50.324270
2774.682437 514.356757
2786.073005 20.683905
2824.018635 484.525971
2773.586296 32.631110
2830.485427 487.547021
2804.451245 10.033624
2835.935186 473.301850
2830.352603 465.786776
2835.219850 12.865042
2801.519959 497.030212
2874.093617 396.527829
2835.591142 435.208823
2842.735734 423.261598
2808.918173 484.847695
2818.305149 459.552378
2839.040573 369.084919
2832.423225 383.736638
2851.845531 362.274088
2911.003938 387.426758
2875.637053 401.886175
2878.826667 426.675344
2851.235903 15.571291
2893.364428 323.062229
2847.268338 356.489160
2864.937232 355.283166
2836.816517 426.273954
2840.636522 467.867524
2807.650898 309.086433
2852.409830 313.097827
2923.839470 319.693674
2788.985190 16.283119
2885.154687 303.965970
2884.775908 272.927488
2878.524466 419.068866
2854.964100 438.330724
2848.944230 263.041165
2923.839669 26.900202
2904.461108 250.121669
2852.265640 248.820777
2866.965606 424.866039
2892.578326 414.444941
2905.923000 13.905937
2866.128606 253.986580
2908.582267 226.176735
2861.987647 11.257779
2905.137553 240.832525
2911.020245 221.909860
2809.229483 10.744835
2897.114979 234.249542
2893.629228 9.752538
2910.105607 221.937183
2902.863173 176.349368
2910.477860 24.172458
2918.982139 201.477100
2964.259771 139.981320
2919.764901 17.574802
2935.899840 166.295586
2929.343766 7.684660
2924.214464 102.451215
2956.988551 8.263237
2982.840571 132.701022
2980.244285 20.747565
2975.008086 133.213746
2962.939380 7.667766
2983.439356 122.281162
3009.571097 26.574846
2992.326415 122.428704
3025.215027 61.114314
2918.333951 8.932522
3012.994301 73.244349
2967.911368 4.524365
3002.718731 92.845691
2974.771531 10.817610
3041.667006 52.814041
3017.364191 29.660850
3031.485572 73.039317
3017.673139 24.942963
3046.048855 61.469182
3031.116104 47.347293
3000.264959 57.682045
3032.637938 48.145023
3008.153197 46.003709
3051.052796 62.685561
3050.949087 62.334506
2994.185090 81.216584
