-11.367827 635.635107
-21.140791 582.675987
53.894179 705.189326
34.887848 565.394356
1.230025 754.487727
15.839337 551.929526
73.904869 772.511066
43.514415 515.033233
45.325206 788.701712
148.589124 472.532100
61.368192 809.968298
71.167596 427.742681
77.157421 839.034407
181.876303 448.823372
175.975907 878.282966
179.176568 436.683071
239.062823 852.974985
228.682408 467.608103
255.830446 808.067594
293.397835 474.642254
218.249517 856.581077
264.755882 440.813062
315.921548 863.366242
290.840531 358.437495
358.197934 880.947088
302.108790 385.086018
264.481292 987.442688
304.120007 305.480682
352.745506 296.623730
345.466319 1015.740439
322.665530 294.695267
446.894608 531.292351
300.087813 594.948247
300.818432 667.929322
373.013138 792.674236
312.783375 1025.658008
284.844706 273.042717
400.055020 232.961191
352.321615 1063.930015
362.208607 113.268475
343.059043 1075.781236
364.901109 476.485216
414.032202 596.162940
366.320093 70.159457
395.887202 710.530157
280.193817 1064.852527
427.243492 82.913102
394.664745 1111.577814
389.966439 59.969512
404.964729 483.784979
413.069865 579.500546
475.896067 730.463346
423.202975 1180.325796
416.256128 38.501667
491.487697 552.009677
482.074189 581.329279
431.898204 1198.031348
466.217595 718.438004
463.638766 516.421542
467.831325 577.653427
413.654074 694.375160
500.355651 9.679352
472.423294 550.715266
467.978771 1221.838065
476.131182 527.209803
428.993409 599.460099
470.729484 700.226564
483.401148 780.117113
525.688647 -1.318986
499.375561 1218.105753
538.613887 492.895454
536.808254 599.782871
628.078979 723.542010
517.591293 821.924975
520.327901 -4.164084
505.071296 1194.265178
493.413523 556.832492
555.067745 562.591360
487.743853 731.396077
572.499163 811.142358
537.154257 -12.924501
605.219041 1188.390517
551.726225 47.012008
628.597509 1159.234167
633.949626 44.733616
561.472136 103.037854
613.681915 1154.253722
619.367417 126.241723
628.420424 1106.165869
656.765092 204.360884
651.108647 765.157507
632.547894 420.529219
553.040654 178.747023
648.226827 1088.191641
689.081599 222.473494
729.367844 740.652830
746.629093 502.185498
671.158379 283.731105
747.214545 1030.342964
703.238396 292.639564
695.189553 999.414614
724.391564 747.555408
726.976553 501.534182
721.654233 373.760521
689.558497 977.208328
770.604536 342.773917
755.741637 683.605262
711.866420 965.160944
730.844185 508.554301
773.939878 410.370763
741.290591 926.357580
766.707151 660.697639
740.109929 510.844211
765.361800 926.047274
810.406568 412.821379
799.308972 664.563677
807.217894 883.841223
802.639752 539.224859
828.116314 425.173814
798.810616 685.873263
826.641560 823.158977
846.530076 533.901821
891.808592 401.562269
797.964010 643.863572
909.787881 865.010621
843.712400 482.564305
941.633870 354.801633
920.436095 643.942856
886.561989 348.883092
874.217487 820.331660
926.111948 518.250968
947.036497 286.573079
968.747201 679.166259
960.070084 896.135310
980.572035 531.294848
892.436245 278.824428
962.480471 695.532732
1006.935696 924.334712
999.478187 496.373307
921.900858 276.412331
974.815532 926.555960
965.239328 666.543483
957.490430 525.615975
987.644423 296.626207
1015.797157 929.303036
994.339912 686.876897
1111.863979 517.752783
1023.432090 323.746765
959.497131 340.952157
1082.225987 375.753943
1024.223460 959.842500
1012.909624 681.806674
1157.182910 461.541037
1063.525876 942.684257
1119.678332 407.305658
1100.739155 837.468236
1125.300026 891.807431
1124.896546 767.808206
1086.487170 420.463577
1189.820839 828.936583
1134.363777 420.855997
1116.786780 439.653986
1205.720174 535.210922
1116.917365 827.042901
1230.842083 700.985468
1218.701254 519.368155
1190.115461 745.504156
1247.268212 635.063212
1197.543007 521.927060
1116.378930 630.907616
1254.205700 501.475367
1244.678872 626.121939
1288.555775 519.112750
1287.688274 626.412555
1335.767752 505.749597
1372.926093 627.349617
1319.469828 533.666168
1414.570036 615.335322
1398.364632 520.054920
1418.041290 611.037363
1390.004707 558.771457
1463.764873 552.014750
1437.354592 529.019098
1419.458558 593.199392
1407.874000 526.269221
1471.631654 601.996474
1445.869401 511.948288
1523.150971 627.603716
1464.950094 537.549959
1522.046069 649.833011
1484.979890 529.117601
1534.275804 599.145096
1560.231802 511.646015
1578.732358 613.184721
1598.641052 511.147528
1608.986794 638.243990
1635.199577 543.403700
1661.792996 645.926050
1709.782753 553.033264
1714.755565 642.709441
1669.718677 559.064893
1689.308090 638.370834
1742.106414 550.356170
1738.159100 655.862650
1800.869509 604.666141
1794.907809 700.422057
1803.970238 602.070320
1822.072632 712.777451
1882.985439 677.107780
1896.015518 770.068053
1866.902234 824.308964
1837.540354 907.909674
1870.141015 902.128609
1862.165409 713.557023
1858.864398 820.960894
1876.586541 678.976004
1887.830571 920.952575
1922.495303 755.292713
1998.709511 813.800661
1996.444270 821.163513
1926.570400 853.469516
1919.043926 880.776478
1994.007708 901.250512
1999.121426 893.915480
313.605341 540.137519
369.644708 516.813615
350.503147 510.270526
352.004360 557.943150
495.231856 540.144470
448.225798 502.530862
448.529746 512.949195
433.283290 556.542511
455.938117 733.755431
451.057156 784.766955
416.563037 725.448314
439.505140 732.902233
397.740733 770.244909
456.185005 750.167259
354.090575 818.101756
331.347105 766.646830
337.806504 717.748708
1853.602392 867.930021
1848.436600 870.155408
1804.230422 868.192421
1047.558034 758.117420
1092.759318 797.454914
433.674712 775.503135
450.349840 813.323987
457.350939 847.617847
541.721051 809.474730
1887.888455 923.017923
1929.860464 960.992512
1974.844467 937.450595
1980.684510 1017.512699
