88.634970 140.398731
79.350954 125.762893
68.263493 149.223244
60.204605 119.956213
104.086596 116.116009
96.184815 134.995217
94.090633 145.237830
112.892082 136.206835
93.645395 162.796356
99.397037 146.093474
114.866282 170.015780
115.899207 160.940074
98.066408 170.097669
176.392555 167.100660
185.191899 146.665142
185.924089 161.917811
183.921150 164.984870
220.550989 174.078799
217.839337 161.399858
218.820147 149.960012
225.571385 99.262635
205.394391 99.971738
219.822850 100.115672
228.067057 101.132635
213.941910 55.041014
212.098622 54.221949
226.154942 36.314394
208.308049 28.843564
242.196285 46.311956
229.001111 37.112026
220.334276 41.444308
241.195757 47.613872
250.136844 64.239427
241.654695 96.850198
276.440874 100.228997
276.453487 122.103122
303.547799 127.572752
303.853570 149.101297
310.510079 125.465464
326.123021 138.706166
327.392783 118.421717
334.638493 143.809125
353.269160 94.100439
336.683403 112.897540
347.856844 91.396537
358.815555 108.137032
351.695963 78.446235
367.550685 67.078282
369.765176 41.979702
398.941783 19.861425
384.794929 6.399061
407.295373 34.870428
400.152580 12.765883
402.952221 19.829136
409.647882 42.616244
394.455629 26.301491
402.642688 27.762555
395.651856 82.218179
400.764809 49.692313
391.091441 93.927590
395.660501 90.458868
428.405942 108.819395
388.341734 91.454912
372.502443 117.094856
407.425624 151.533019
395.480318 177.890661
407.640597 155.102006
443.321370 141.662367
452.963147 163.967826
462.502953 159.002703
421.142241 164.695631
460.903640 131.570609
477.277797 115.847730
479.849514 139.108264
480.112137 127.268278
501.298032 163.621742
533.938721 127.056405
561.533422 109.719676
545.561281 138.960402
532.131455 133.160591
522.047234 144.233133
511.416842 161.683706
506.743713 174.442772
480.497124 207.478193
486.114954 199.102990
462.310790 195.491377
470.110027 234.111715
462.798653 230.398747
447.596933 257.863403
474.155977 283.570269
477.543768 261.784162
491.641911 261.747090
492.652226 272.995695
518.215238 271.491607
500.202589 271.306733
551.621727 264.836616
548.380730 267.019941
533.136070 302.598007
529.221932 329.200390
523.257297 294.939609
493.036642 317.120416
501.561935 307.252842
486.057339 317.305393
492.881284 319.627743
430.369404 347.128954
466.249944 357.310877
466.537647 357.440857
459.772360 377.395778
492.916432 379.856013
482.964055 374.446016
489.593085 410.570816
505.624988 418.511775
520.040466 433.271247
536.885763 435.609454
532.465456 468.422952
547.378047 465.223362
512.750798 459.235953
510.748549 454.879110
526.124492 449.149958
506.545076 474.283291
476.666051 446.066717
470.943608 426.120920
474.821282 438.312300
451.016312 420.984899
442.200548 455.344026
426.706307 423.040662
420.856393 430.371573
425.327279 420.368038
412.739665 425.694870
387.248705 424.681526
378.277028 408.732445
414.974994 435.106339
396.212814 457.669552
396.102360 421.003933
386.374688 437.152891
393.596261 487.519078
382.372708 484.241768
414.924464 500.492182
389.256979 507.307974
404.189718 529.820694
413.423587 532.754507
387.744202 535.291400
413.235902 552.551920
403.522006 555.040124
372.850883 567.934901
410.060135 577.217321
384.749901 560.135719
373.393680 551.849712
371.179219 530.063804
368.628427 508.540061
340.921854 497.613223
352.336890 483.546647
347.997183 503.774740
324.198214 477.775727
329.160942 446.546628
314.315380 469.977846
305.186240 448.129854
289.749739 481.433750
274.023372 492.620981
281.054511 480.277840
266.312793 483.532082
273.857969 526.695232
247.320677 537.361864
250.171769 525.068338
239.129380 533.046133
224.353076 555.615683
214.086688 560.761958
215.840459 570.820665
208.816085 573.269204
211.928074 550.064618
216.835948 527.018740
223.193415 522.972343
236.088615 508.739501
225.965835 503.199614
208.138975 516.581627
211.203992 493.778496
218.050321 463.645338
224.011155 456.076937
201.193962 445.749816
179.016593 438.028193
138.419280 444.942748
126.970826 439.019300
119.636745 455.193207
135.853575 468.440019
112.273148 454.500421
102.312310 465.059749
94.646679 461.849867
84.118440 448.406162
51.399041 440.571238
60.419386 485.143060
82.171669 459.158211
79.202515 464.078185
102.202511 410.498479
116.514513 387.333672
121.991387 397.957035
126.554755 370.057086
157.552187 372.025383
149.064369 370.581810
163.068869 372.167389
163.420960 346.429713
136.800234 341.487834
174.419505 331.667839
171.604798 346.522129
166.319519 296.694008
154.670503 337.754434
149.922750 334.993792
136.174234 324.036141
139.011950 334.240903
125.650480 335.162550
112.084895 328.083312
95.047443 311.302216
50.944767 294.905706
23.202258 294.533375
22.440023 313.427638
23.834032 294.517416
44.754121 290.359050
52.500341 291.396825
48.199310 268.469115
70.030106 289.699181
105.452494 283.421620
80.108392 276.393938
109.661692 261.293443
95.029374 237.929877
131.884288 271.781202
135.357641 262.979634
134.412447 254.341299
145.005313 268.091384
159.773408 254.296429
162.469301 259.258651
156.045318 214.472040
142.382524 198.674092
151.218632 211.702543
145.432755 215.880757
119.803662 200.825382
139.932752 196.113023
563.329631 292.524169
568.340894 284.255253
597.036207 272.942093
573.145212 289.049973
582.154189 309.260877
591.791828 317.193092
