76.335035 142.048945
72.149257 133.733566
67.166493 132.612473
58.655309 120.443921
93.113819 115.046471
99.108381 122.676408
105.989859 120.031791
98.445930 125.480190
98.005719 153.953277
109.793125 150.077662
105.914095 162.387332
119.009559 162.603725
106.132158 183.969220
173.410429 151.559620
179.309717 155.784200
187.540055 167.571163
195.358420 171.448234
202.638664 168.412484
216.769119 154.802311
212.375387 149.224205
226.019953 99.341832
235.250631 97.271930
223.221980 86.562013
216.265911 77.731682
223.548709 71.143323
208.521686 40.617942
223.223837 30.133426
212.151668 29.920340
248.840197 37.744767
243.568583 40.678512
242.913684 45.200469
248.406245 52.549821
242.659063 63.858567
273.901767 87.166204
289.000936 100.581788
294.363371 115.681660
287.091730 114.794956
302.684912 144.846028
320.997293 129.279852
321.870048 119.769834
333.224606 104.772508
320.623957 105.362315
346.222948 110.152546
341.944254 81.192713
350.827168 82.557757
362.552412 83.017184
352.829024 77.657141
356.720948 81.701150
385.507981 49.423384
383.350852 21.146802
398.208339 15.767806
400.629539 12.903482
401.611802 11.637367
398.597648 19.208384
409.212504 27.182509
405.414398 20.746709
388.321573 43.027854
393.493703 71.166359
394.972057 70.761781
399.067933 84.695121
397.229204 87.642502
397.291872 118.955448
399.443032 110.437325
398.807046 98.737871
408.126470 125.740477
400.771860 167.764999
412.481454 159.803010
429.801603 163.893476
439.997650 158.604200
451.111588 159.226363
437.122276 147.867175
451.250749 149.979560
481.639107 153.931269
486.035717 133.788311
484.848530 143.013588
504.056845 127.135854
512.251209 133.985252
553.171854 122.763985
543.809979 131.451508
543.783667 124.027493
528.277221 141.707359
520.363187 145.666252
493.444645 182.630871
491.803299 199.763442
475.785222 198.412106
462.516184 214.879679
465.986676 231.559127
451.551337 240.477805
456.914221 243.878405
478.178743 261.437992
487.211958 260.581554
492.676227 257.836912
506.933484 272.738635
514.875377 267.592028
525.878607 268.940543
531.014184 281.280425
551.057014 280.670794
535.765122 315.610756
521.398837 311.611789
505.400159 321.141710
499.100378 323.618569
489.939993 326.905103
484.629555 317.779765
472.324897 328.372323
451.801203 335.011503
466.568507 360.218172
468.425595 359.834653
472.861722 363.662696
480.135048 377.975745
495.351144 397.598869
503.500824 400.321055
516.682889 416.165580
517.594038 432.741425
518.175914 425.360660
533.704591 462.993777
542.457419 463.224701
516.302078 450.061034
515.054951 443.717860
521.981251 448.032204
505.911250 447.910320
490.278696 447.831214
485.876217 446.071513
483.611583 440.387496
437.801471 433.793193
433.637518 417.756883
426.051535 426.742243
426.110339 423.818515
424.483725 420.004000
417.378622 414.207858
398.464195 407.006405
397.896056 423.725548
395.011428 434.875450
398.806621 452.432182
398.150647 447.292479
397.716350 445.249652
397.720616 473.514640
407.639390 479.740589
392.970913 497.511640
405.358202 506.222017
388.622155 538.091434
388.450236 542.748335
404.027990 553.320197
402.641686 562.231318
408.496638 558.411435
404.386863 573.759728
393.423003 562.808023
382.394629 546.491612
378.494101 532.570750
374.419138 521.880550
355.697021 512.735478
359.599601 511.245937
360.350388 511.058177
350.824700 487.483953
330.567996 477.710465
321.308523 448.860535
305.831745 448.702280
308.694204 456.921377
287.802307 459.418128
273.048993 484.603945
281.539557 489.331300
274.588969 499.152981
265.855565 510.135329
260.308630 520.572575
260.636504 526.884993
248.814355 541.258824
235.489309 540.770666
226.666098 560.483014
222.998718 568.440425
231.468776 578.223381
218.527997 553.380057
217.314438 550.142331
218.304171 546.636885
214.502913 509.713871
215.926066 508.805672
227.040050 498.663208
217.886942 480.042288
213.319675 473.871486
216.133684 460.768005
217.129139 443.567874
186.648419 429.247536
149.959785 431.473419
122.777097 442.163067
117.233612 447.390284
116.625220 451.496235
105.962535 445.585514
102.886997 454.583520
96.715030 454.051735
79.044487 459.461797
59.003835 454.796562
57.529530 467.872325
80.529125 453.130670
93.288702 453.050867
107.537144 409.278301
124.179293 393.289646
137.027690 400.133642
143.885917 379.519313
135.751094 372.040640
141.899121 372.064656
140.384187 358.117974
152.590747 356.892720
163.785869 352.612272
159.299879 349.204118
160.277655 344.828517
153.682176 331.093163
144.134004 325.023932
147.925543 333.970443
149.655679 327.353520
139.819500 330.802618
136.988796 329.395821
114.782218 325.223877
95.573531 322.314495
51.039888 306.894455
51.312572 303.517051
44.872519 288.499685
6.566932 291.897334
38.579498 291.555869
38.514287 287.783644
60.576437 278.206101
57.608238 269.571810
79.061990 265.969541
99.399210 272.716950
108.112001 258.926605
133.370149 255.976534
143.631425 260.601256
137.162838 257.246103
140.550492 249.931382
138.367269 250.389297
170.480348 248.753669
159.897534 243.619563
154.549162 220.275735
145.982691 216.689608
145.487804 212.296094
144.043360 223.277453
133.609835 205.631605
130.229398 200.426462
571.499010 294.033434
586.491923 279.683924
598.432378 284.340915
588.274286 287.274165
576.098075 299.552770
564.250855 307.103000
