-361.047684 234.605747
-353.569915 226.706826
-358.882741 236.965956
-350.685936 228.298803
-354.108008 233.140869
-353.284364 233.575385
-333.957181 228.423673
-331.745882 230.266080
-334.810512 233.284252
-331.722824 233.113641
-331.586663 239.959094
-340.119378 231.905889
-318.553549 236.331323
-313.346372 227.447436
-319.937409 228.273625
-315.266114 233.737307
-312.827500 234.724645
-317.651067 240.092487
-293.948064 238.490841
-298.626998 234.439433
-291.538484 235.667756
-296.746769 233.983068
-291.322557 230.743129
-299.311832 238.573984
-277.914292 233.774871
-273.314788 234.744002
-269.381785 228.300366
-274.285043 233.745406
-268.790982 237.820728
-276.640739 233.904905
-249.500112 230.851616
-251.532797 234.915872
-256.132049 236.440080
-248.115210 231.927175
-252.939873 233.947728
-250.959946 233.821026
-222.572383 234.249151
-224.062479 235.595040
-226.143570 227.731566
-227.389244 236.470947
-226.079161 238.840868
-221.009195 236.672884
-206.697342 229.904913
-205.589536 232.127259
-207.326534 231.433858
-200.783058 239.270848
-206.802100 231.201754
-203.510737 234.053490
-187.642082 229.915106
-184.105273 232.571926
-179.190950 233.695340
-184.685197 238.913065
-189.016430 232.807173
-184.043469 233.116836
-170.304629 232.812620
-163.190444 234.105977
-156.562601 236.742993
-165.361688 233.282715
-163.737199 235.090977
-161.808069 236.579456
-141.730595 232.377779
-145.344455 234.696366
-147.575323 235.782234
-144.952554 230.258234
-138.757679 238.311322
-144.484804 233.644796
-124.852710 235.388232
-123.908619 233.254521
-130.449493 235.200808
-127.656276 227.669388
-127.125849 233.106094
-132.301266 239.424368
-112.717661 234.270196
-112.319331 239.390157
-112.649985 235.873259
-110.989200 234.345897
-112.346583 228.647758
-112.454211 237.113840
-89.866255 233.488127
-100.874778 234.252737
-93.474312 235.292134
-95.967801 230.729065
-92.605446 233.276090
-96.809078 238.228792
-82.331383 232.989177
-79.668362 234.480774
-80.994405 242.119493
-87.237750 238.273407
-84.214873 237.805940
-80.513734 236.194471
-60.315717 240.493857
-66.098792 241.289411
-62.550693 236.100905
-63.366771 232.136567
-63.434956 232.996606
-66.300843 233.648015
-52.106734 235.734509
-56.723944 230.910640
-58.847218 239.214691
-50.316624 233.450494
-54.981027 231.478165
-49.403037 236.118379
-351.786158 217.508999
-359.944236 221.508948
-349.017199 218.411343
-356.817802 220.998099
-354.061985 216.868871
-356.854915 222.600538
-356.503934 203.167649
-346.605652 203.609917
-352.601717 210.382163
-349.742154 205.348521
-354.966944 204.571366
-355.142486 203.730442
-353.994989 194.457525
-354.119823 195.976745
-349.936191 192.364982
-353.089417 191.041358
-356.988993 191.944828
-348.214749 187.163490
-360.405310 179.159709
-358.292243 175.436278
-356.446508 180.106739
-352.202592 174.978424
-355.127349 177.935347
-354.897853 172.179759
-351.176937 164.828923
-357.664104 161.376404
-356.517381 154.297017
-351.677756 161.200975
-354.473865 164.692352
-354.488045 158.778159
-353.119047 150.971506
-354.817260 141.179599
-358.161932 146.160619
-351.598895 152.899152
-358.370293 154.537001
-354.440814 146.858105
-354.363932 137.938993
-360.153694 129.198615
-353.948519 131.644427
-357.555595 133.375762
-357.189079 133.188121
-357.304818 126.979195
-351.196534 125.441557
-354.814680 121.553631
-350.483865 116.112964
-355.450754 122.535057
-356.927217 124.058023
-353.389651 114.580816
-343.031249 120.363226
-343.720543 119.377241
-340.863185 115.863557
-344.109918 113.074302
-343.842591 119.182074
-345.007844 118.215855
-326.243941 125.089306
-324.609080 124.121622
-331.019040 118.191360
-332.720735 116.635633
-327.960407 126.367943
-335.008415 121.461500
-314.952896 114.164726
-314.895503 115.865683
-313.474737 119.680836
-311.157344 117.862194
-308.166047 120.234088
-316.460749 115.224832
-305.111335 117.995697
-301.581107 118.115597
-295.905067 113.349930
-298.658650 112.452443
-299.920288 119.627702
-300.709472 119.663155
-285.587686 119.622796
-287.822325 122.411722
-287.181076 118.545687
-285.738412 115.570516
-285.641413 120.609628
-283.326696 117.647985
-270.111458 126.834825
-269.247736 121.678549
-278.069317 122.040789
-270.277237 120.441741
-271.776773 119.893602
-268.319792 117.974275
-252.263464 125.210959
-252.477177 124.071661
-256.094511 115.516411
-257.107784 120.055506
-254.915706 120.462838
-254.537540 125.872908
-235.954443 117.532389
-237.953597 119.076670
-235.323765 120.581163
-236.806744 116.016475
-234.915110 119.286745
-233.262986 120.909912
-216.490552 121.186162
-220.115992 126.418703
-218.543400 119.804224
-224.401186 122.328654
-212.194144 123.399859
-219.518769 118.892839
-203.217953 119.285786
-197.106417 121.127240
-202.901859 114.442195
-204.698998 119.920991
-202.894062 123.311408
-200.204193 117.172383
-191.440362 122.176790
-188.454411 121.571254
-189.296694 125.798224
-190.758518 119.478627
-188.074824 121.219800
-188.589945 115.771303
-169.443640 119.606173
-170.613369 114.574360
-166.121115 122.312963
-173.817088 120.302829
-170.780244 118.321630
-166.937702 122.012329
-163.717032 121.810241
-153.134496 123.162727
-158.155671 126.968805
-160.494797 114.656749
-155.756148 127.154502
-157.107679 116.688405
-141.500164 121.815103
-141.715147 126.582640
-141.211104 122.957082
-143.940471 125.737472
-142.892883 122.675573
-139.422449 114.739054
-130.295190 120.163650
-132.278915 117.556635
-127.917057 116.781663
-125.339434 119.949629
-124.792256 117.307276
-126.252706 118.515289
-112.831216 116.462719
-109.030232 125.884406
-112.704511 120.656941
-112.156516 119.631152
-115.738140 122.733951
-114.377858 123.238538
-99.924678 121.492145
-94.133598 124.113808
-102.561997 118.983698
-99.762259 120.461665
-93.460876 122.944389
-97.306705 119.041338
-85.383878 124.822131
-83.504319 127.831837
-85.778862 126.452968
-81.427845 126.431901
-79.890309 125.160293
-84.064866 121.559528
-73.809673 120.367105
-73.192828 119.092028
-71.268630 126.836333
-71.128245 121.761387
-72.694975 120.600982
-73.743415 120.869318
-52.597564 116.855435
-52.812178 122.261220
-58.312263 121.516016
-53.688907 127.517391
-56.049345 120.090938
-59.612191 126.347775
-48.267765 224.723786
-53.708608 217.321843
-49.926686 221.980121
-51.745161 223.743073
-51.323157 221.743394
-51.539038 222.184522
-50.040088 207.692232
-51.667675 208.002139
-58.656652 209.275299
-55.836627 212.603400
-46.741895 207.409966
-46.993654 206.751345
-54.492663 187.427989
-51.741283 192.012125
-50.689231 198.816441
-53.587765 191.592201
-56.875740 190.131727
-54.861766 197.291347
-55.334286 175.344191
-55.594064 178.976688
-52.443733 175.353230
-54.049363 179.761230
-53.014545 180.573471
-53.143550 177.595124
-46.040616 164.346998
-52.757978 166.490789
-50.979505 163.082750
-46.528335 161.210833
-55.431638 164.539288
-50.191169 164.403732
-47.619413 150.927496
-54.839906 143.414776
-53.081665 145.213761
-56.161391 146.097448
-49.751890 149.803073
-55.161671 152.130213
-54.502091 131.893889
-57.243658 137.905558
-47.305725 134.583451
-52.039876 136.158585
-52.305638 133.509021
-47.089637 132.414988
-353.511989 62.732866
-352.711890 61.633334
-358.441354 63.814712
-355.616869 62.493829
-356.143023 62.961681
-356.797590 57.831840
-55.032629 62.806969
-59.286566 61.342541
-49.207719 59.654424
-54.124434 62.546579
-48.582461 59.001295
-52.781794 65.018735
-56.248104 -52.073797
-53.340426 -52.049070
-53.507313 -51.626282
-56.935162 -50.455852
-52.927255 -55.404812
-52.676548 -50.997731
-225.983108 -51.549998
-226.126366 -49.221129
-226.739895 -46.642282
-220.672981 -47.131023
-226.171916 -52.067665
-225.825346 -53.604923
-222.181026 -117.461186
-227.097922 -119.428602
-223.651522 -123.638194
-228.080344 -118.623225
-223.619586 -122.299755
-228.755431 -117.805285
-51.934202 -116.505248
-54.295132 -118.354484
-53.696810 -119.170630
-53.372559 -122.566974
-56.254462 -124.258163
-50.224926 -122.405607
-51.237200 -230.469781
-56.091638 -227.524086
-53.319305 -230.783248
-51.294846 -230.835083
-55.697118 -226.136433
-52.867370 -227.591085
-353.728101 -227.201272
-356.701720 -221.900977
-358.536217 -221.906797
-348.499172 -223.227896
-360.805080 -225.285526
-354.660871 -228.427186
-344.247382 60.684723
-335.467867 61.026819
-338.924141 59.842960
-346.665979 59.370186
-344.881263 63.805489
-343.800541 62.705127
-317.549062 56.308388
-322.608811 67.491221
-322.055352 61.984092
-325.891744 62.727845
-316.176547 61.125777
-318.826386 63.444481
-293.833777 63.876126
-302.948247 57.068007
-294.921042 63.013794
-301.986108 61.915876
-300.157319 62.171971
-295.134537 60.309906
-282.278755 57.228780
-274.671528 61.493331
-278.603945 69.116092
-280.121398 69.337603
-280.190024 62.880186
-285.508896 66.141484
-261.555221 62.284435
-260.337664 64.480320
-260.629526 63.128272
-261.320107 56.305534
-264.150154 62.054089
-262.523748 59.727146
-248.388725 57.517767
-244.332698 62.753227
-246.334593 59.833774
-243.099789 59.247156
-247.951412 58.668564
-246.633246 57.795498
-233.411553 59.510477
-231.319230 62.144003
-229.912435 64.545232
-228.482149 62.737857
-230.972334 63.861034
-236.101086 65.380544
-213.292298 60.737984
-214.257737 57.496819
-211.074895 62.169779
-214.817068 62.092623
-213.564482 62.240402
-211.021022 60.357811
-195.744016 61.740479
-199.131243 58.468985
-200.506390 64.024295
-198.951047 61.119056
-201.098563 68.732733
-204.060059 62.766259
-181.891613 64.566924
-183.858093 64.888269
-185.138976 66.753103
-189.791485 58.399027
-184.761083 61.820912
-183.958093 62.726775
-166.447626 61.600940
-169.476276 63.908651
-163.909448 61.654153
-167.870420 67.459094
-169.045927 60.615038
-163.694741 60.360454
-161.080490 59.227461
-157.059163 58.142728
-155.739410 71.331632
-161.232737 62.301914
-157.328699 63.281203
-162.139423 66.950425
-142.603285 62.798873
-147.442286 67.577921
-142.909144 66.452445
-146.107327 60.540409
-142.011427 66.938779
-137.577208 59.432622
-126.817640 61.655330
-127.158544 64.431295
-132.787515 64.552331
-126.969272 63.803493
-122.819896 58.803612
-123.625289 61.111994
-113.191212 61.788580
-112.474585 60.141683
-106.124210 65.137287
-114.516136 61.694799
-111.794468 59.992654
-112.190616 62.429601
-91.627326 67.858410
-92.975070 54.681878
-91.879443 59.364017
-91.441425 60.175311
-93.195949 61.240315
-87.089006 57.450174
-75.459173 61.840518
-79.624064 63.745546
-77.163676 61.579608
-74.595129 61.184905
-79.980506 58.533588
-77.390594 61.586649
-61.844840 64.192244
-60.684680 65.255014
-68.314264 62.562122
-68.708133 61.490391
-67.003481 64.970096
-63.000613 62.646960
-49.867551 48.490463
-55.834442 47.288829
-50.797720 45.671203
-53.320712 49.189697
-48.392930 46.898829
-54.378233 48.982724
-49.991141 31.319063
-54.522276 30.582984
-52.446900 33.210115
-55.265244 28.654782
-52.425483 31.977331
-46.394317 32.510768
-50.970867 9.399019
-49.785189 6.836688
-51.400970 13.439622
-45.347615 16.309907
-50.920207 8.808820
-50.422244 12.618513
-51.909127 -5.931287
-48.033006 -5.463596
-45.809001 -3.830045
-50.669703 -2.851863
-44.841822 -2.890777
-49.402517 -8.724470
-46.432009 -23.371016
-50.947085 -26.450830
-54.273233 -24.953095
-56.724305 -31.177381
-53.930743 -27.821106
-51.796603 -25.430001
-50.418834 -39.251097
-44.689123 -40.395872
-49.696722 -39.551114
-50.152231 -40.799146
-50.979552 -39.776374
-49.420991 -41.570197
-211.862066 -51.414590
-214.236161 -53.280830
-209.555889 -54.479122
-215.537110 -47.262786
-215.102185 -50.596411
-216.597200 -56.521202
-198.505049 -49.579927
-194.458024 -52.682791
-198.363027 -52.986275
-194.542626 -54.270967
-195.558416 -52.367265
-195.129683 -52.637757
-173.288449 -52.150375
-172.809967 -50.794291
-177.234433 -56.204493
-175.192245 -48.541685
-174.404045 -58.217843
-177.917838 -50.155866
-166.626433 -52.368500
-161.331990 -52.109737
-159.383398 -56.059425
-163.481541 -54.099224
-156.645034 -59.400256
-161.425057 -53.387447
-141.258650 -56.904593
-138.569627 -56.338975
-145.744288 -57.166145
-140.577497 -53.991877
-140.471707 -56.867368
-149.280956 -61.806246
-124.565940 -51.852018
-130.754018 -54.977395
-133.303974 -52.077672
-126.753416 -59.116432
-127.027610 -49.293209
-127.289906 -49.098047
-113.801327 -48.736380
-109.634444 -58.938173
-109.151964 -55.040516
-113.116690 -59.332711
-107.139542 -52.694432
-111.341215 -50.302988
-98.042017 -50.560486
-103.837590 -50.394799
-100.942072 -53.228067
-101.847930 -46.730971
-98.136192 -49.029852
-100.597037 -54.056642
-92.674346 -51.400299
-89.259783 -57.138566
-80.603867 -55.997582
-85.959924 -55.300110
-85.220271 -56.748628
-93.121372 -55.853691
-77.171123 -57.782618
-65.257557 -54.852443
-69.835359 -55.207321
-72.960830 -46.598659
-71.980608 -58.231469
-71.987173 -57.252442
-227.923311 -64.236067
-231.890796 -64.044097
-225.106691 -69.430536
-225.987192 -64.565210
-228.809260 -62.787921
-226.131732 -63.934325
-224.920437 -82.123565
-226.492700 -71.167625
-230.424057 -80.214324
-221.016239 -75.853709
-225.132263 -83.166807
-223.338319 -78.295599
-227.552028 -86.773848
-221.529558 -94.698413
-228.934086 -87.678386
-222.781351 -96.232748
-225.387401 -90.959097
-224.657283 -93.344144
-232.656147 -106.490850
-227.360738 -101.919511
-232.335661 -108.315985
-232.948982 -107.149245
-223.044140 -101.227611
-229.714888 -104.049158
-215.759141 -119.896304
-214.407798 -117.440637
-216.786115 -122.823006
-214.995467 -115.151689
-216.703836 -122.446646
-221.959631 -119.942482
-201.124542 -119.534091
-199.528169 -116.342788
-202.355955 -124.956092
-202.091955 -119.259802
-201.779216 -118.765400
-202.084127 -117.947213
-188.318346 -118.490264
-191.457265 -115.230146
-191.622523 -116.431970
-188.797806 -116.930849
-191.524855 -119.213448
-184.235263 -112.532624
-176.095174 -119.095057
-171.322828 -114.795597
-166.100354 -119.037750
-175.938065 -121.047012
-177.179390 -118.765758
-177.085700 -116.952465
-162.581082 -116.350588
-162.134213 -117.481733
-167.521937 -116.691465
-163.778440 -123.240494
-161.016291 -116.928285
-158.867023 -119.874636
-149.975994 -113.952562
-146.627785 -113.999622
-146.213062 -125.619771
-154.190437 -114.112486
-143.138585 -120.515994
-148.495894 -119.948689
-135.265753 -117.899398
-131.081001 -121.340932
-135.180167 -118.422169
-142.325619 -116.755852
-137.845518 -121.802803
-135.762149 -117.363695
-120.640395 -118.099403
-126.504438 -117.976450
-120.047545 -120.289056
-118.678571 -120.779780
-118.545863 -115.000576
-119.234553 -122.481114
-103.351268 -117.395045
-111.467474 -115.148874
-106.847958 -119.730357
-107.667001 -119.735999
-106.021993 -118.495285
-110.440598 -122.865407
-95.972154 -118.710558
-92.118598 -119.873776
-98.831188 -120.612156
-96.472392 -119.409469
-98.802400 -116.273635
-95.963967 -119.000553
-79.727146 -118.477257
-80.735767 -122.766259
-84.036364 -119.735942
-83.713223 -118.724320
-82.513590 -121.465970
-86.499032 -121.643383
-69.713322 -118.049962
-66.638069 -113.246462
-60.860083 -119.074429
-61.271404 -120.276258
-66.396368 -119.341225
-73.751080 -117.211008
-358.468948 46.207961
-355.773108 46.406109
-356.774721 45.483942
-357.032732 45.636203
-353.552692 44.694027
-359.352670 44.505867
-360.211608 24.110315
-357.327757 29.344464
-359.058035 29.279092
-360.025709 26.664168
-356.515335 30.094660
-363.858092 27.985322
-361.775694 10.675401
-357.710070 8.188220
-360.312517 10.982642
-360.755471 11.331666
-356.760502 8.293349
-355.954406 16.829811
-358.012092 -2.669914
-356.305512 -1.335799
-360.009013 -2.380728
-356.900698 -2.243824
-359.445605 -5.009273
-358.347843 -1.127845
-363.662388 -14.292283
-364.061848 -17.551690
-355.475348 -21.641432
-360.588295 -16.310419
-351.359275 -21.215585
-362.939234 -13.553241
-359.280295 -32.788153
-353.219247 -31.645137
-355.185611 -39.938990
-352.053593 -30.196818
-355.729068 -38.833343
-350.910907 -35.662865
-356.856285 -53.377270
-363.766070 -42.360312
-355.482067 -45.731303
-361.931806 -47.746982
-357.751745 -46.194318
-357.910537 -46.535228
-357.976448 -61.371272
-361.520696 -58.828997
-360.511079 -64.672089
-359.941386 -66.750249
-357.242371 -60.047974
-356.648698 -57.342571
-357.280297 -85.003353
-357.110527 -79.252551
-354.766733 -79.450378
-361.333646 -85.099866
-358.580798 -80.352392
-355.164759 -86.545656
-356.550398 -96.339585
-353.437342 -96.272320
-355.023485 -96.464985
-360.152547 -100.940119
-354.901398 -102.340648
-352.783943 -90.455446
-358.227606 -115.782128
-361.578387 -113.601401
-360.463200 -111.542576
-360.936759 -109.950839
-355.985498 -117.772803
-356.320615 -115.136295
-359.276687 -126.273807
-358.651602 -126.537533
-360.590938 -128.872049
-358.609387 -125.094420
-358.252553 -124.098046
-355.147365 -129.647940
-353.997107 -147.952400
-362.258495 -137.806138
-358.899697 -144.777474
-362.178327 -146.829282
-351.625339 -142.885684
-357.367485 -141.486403
-359.182442 -160.457180
-352.586109 -159.114748
-354.869873 -152.709210
-358.357209 -162.278011
-359.348342 -164.895372
-355.277659 -161.339275
-356.755528 -176.115170
-361.848645 -171.130055
-361.002330 -177.020729
-357.766589 -173.623629
-354.944592 -174.797716
-357.144645 -173.272771
-357.119407 -182.381381
-358.417692 -188.051891
-359.884900 -189.804960
-357.848404 -192.013042
-357.789224 -195.482613
-357.560430 -187.899557
-360.579055 -203.869484
-356.888987 -211.006031
-358.793344 -204.953877
-358.458741 -204.833914
-361.019749 -207.187810
-357.588109 -198.073637
-335.417716 -226.301939
-331.237306 -226.822077
-338.076687 -227.418962
-332.696978 -220.776137
-335.966427 -231.865078
-336.823680 -221.144541
-321.122303 -225.760939
-315.630637 -226.921152
-321.018380 -226.910528
-326.038087 -223.466151
-318.382371 -225.234373
-317.366381 -224.901724
-305.504274 -225.070235
-309.099066 -229.746244
-304.031339 -219.692304
-312.568660 -224.012895
-307.616370 -231.839413
-305.517935 -220.378458
-286.411159 -223.369946
-292.541958 -224.604165
-291.271298 -225.681534
-288.533205 -225.868382
-289.497542 -227.456210
-290.179802 -225.131484
-279.461966 -224.269774
-279.120375 -225.778214
-272.644121 -222.416389
-277.806312 -228.187108
-284.987876 -227.993448
-275.723423 -224.853113
-261.547292 -228.589559
-265.829559 -223.498578
-264.608626 -225.642076
-268.505270 -225.574751
-264.623882 -228.237943
-268.741482 -230.586379
-246.071641 -224.091436
-248.487548 -225.397290
-252.300016 -225.387501
-244.842285 -224.293376
-247.852956 -218.789937
-248.545505 -223.760589
-226.441389 -223.912670
-227.903163 -223.153867
-227.256466 -223.561854
-233.058071 -226.260646
-227.314757 -226.319501
-228.967824 -227.618880
-208.828124 -225.123182
-208.723094 -223.668712
-211.594436 -228.710254
-213.028430 -224.538446
-209.183906 -224.236694
-207.158431 -225.305278
-194.477824 -217.718425
-196.691046 -229.388701
-193.261944 -224.240033
-200.183533 -220.921771
-194.102117 -220.851315
-196.002044 -223.596877
-182.141241 -225.744647
-178.724775 -224.969271
-184.667134 -223.812437
-178.743372 -223.104020
-182.472922 -225.251511
-178.005115 -223.909960
-162.545058 -228.927698
-162.472158 -227.725491
-154.762337 -228.300259
-161.893255 -227.402287
-167.923771 -226.309712
-167.278769 -228.780708
-152.792465 -223.086283
-142.063525 -223.494259
-148.069586 -223.013574
-147.307829 -229.941539
-147.372836 -228.553081
-147.795451 -221.022511
-133.052307 -227.247590
-132.030423 -221.756174
-139.665805 -221.436416
-135.395140 -227.868761
-135.106045 -222.215414
-137.377519 -222.523143
-118.224279 -222.782703
-119.332049 -216.886543
-119.122082 -222.796259
-116.846071 -223.180065
-118.059947 -223.690903
-119.883277 -222.791096
-103.480707 -221.325379
-103.420904 -221.759788
-104.222811 -225.752501
-100.179705 -219.747011
-106.263843 -218.945862
-103.542545 -222.869042
-91.095748 -216.370618
-93.844739 -219.365415
-89.853186 -222.410606
-93.214432 -220.171721
-89.705226 -222.378983
-91.801613 -221.374126
-72.795489 -229.310079
-72.254393 -221.228458
-72.055229 -224.904371
-78.478197 -221.877551
-71.622501 -222.465053
-71.648066 -223.516118
-52.584381 -132.365674
-46.024772 -143.289128
-55.538140 -140.275038
-52.249096 -140.324007
-50.588882 -138.403087
-46.239773 -140.301203
-53.897204 -154.127656
-50.681028 -147.449659
-52.313574 -154.732012
-53.216150 -154.977599
-49.810610 -150.211674
-51.813291 -158.162853
-54.351080 -168.836356
-60.080897 -167.099386
-55.201273 -169.041901
-55.776717 -168.568521
-46.361805 -169.760458
-49.182997 -171.242391
-56.164095 -188.024633
-54.313359 -177.889908
-51.064168 -180.264427
-52.904482 -174.998924
-57.296838 -180.531438
-54.022935 -182.324777
-52.303913 -196.880433
-52.440845 -197.203974
-55.067901 -198.468687
-52.888597 -203.624314
-52.968058 -196.791781
-52.454304 -190.489913
-51.681679 -209.057835
-54.316315 -213.687647
-50.879709 -208.593150
-53.493853 -215.404528
-54.328687 -211.230499
-52.448352 -211.092491
199.520554 60.964675
198.909049 61.217766
200.737507 54.233657
203.026414 66.376174
199.985883 60.630882
199.216742 61.425476
346.836448 59.877460
349.357114 64.120724
346.685685 62.143384
346.620559 63.478773
342.762914 62.499899
345.216565 67.970808
200.973440 -50.925220
205.817437 -53.537669
202.978278 -52.162821
203.036695 -52.334908
201.850263 -51.213517
205.838157 -52.400223
339.170845 -52.718388
342.613993 -51.330831
338.824386 -54.454411
341.720428 -53.601901
341.982169 -53.212981
335.975356 -49.864374
202.287019 50.883720
198.533139 39.707650
204.834539 43.851024
198.689367 39.317115
195.367537 41.546691
197.767264 44.202566
204.457922 35.075218
197.253364 32.638490
198.940699 38.084776
195.555400 36.491651
197.755149 35.256446
199.973194 31.565341
201.282994 11.680483
204.125544 16.707024
199.932826 14.771652
201.989063 14.413385
196.675338 16.279903
201.608258 13.386376
198.759231 -0.291909
200.250450 0.277412
202.131692 3.290811
198.623351 -1.771234
201.480089 2.983766
194.816480 1.665792
193.805690 -12.740480
195.772998 -20.636121
201.047157 -20.407708
191.989272 -15.401429
198.279630 -17.020727
203.238071 -20.005977
199.544696 -23.415183
197.652979 -30.324951
199.177581 -32.756202
196.795327 -37.017179
196.471125 -28.372615
204.202581 -34.808423
215.801327 -49.172096
213.698022 -49.949239
217.757131 -55.439895
219.903423 -48.631813
214.574614 -58.472837
219.288664 -58.533932
226.999553 -50.316514
231.739797 -56.999746
229.487772 -52.584748
231.910824 -53.947105
234.846627 -53.247584
227.815376 -50.994678
242.402416 -60.378774
244.856187 -57.799831
252.946022 -59.514097
244.532430 -50.681270
252.530975 -57.021815
251.177863 -49.894725
256.889943 -60.002723
264.873158 -55.391484
262.282024 -56.195269
262.135004 -54.023517
261.491533 -48.914504
262.077210 -53.427242
280.767697 -56.707391
280.736858 -49.778732
276.060899 -55.452622
279.549075 -54.322817
279.310321 -53.273001
277.749576 -55.048106
295.208413 -57.848401
302.086568 -57.543094
295.697126 -52.479205
296.499390 -54.755589
296.312250 -55.205111
301.643385 -58.889913
317.577319 -51.143259
312.233744 -54.086377
311.763975 -53.250807
308.841234 -58.319318
310.891735 -51.736958
311.158105 -58.535773
329.646235 -55.231085
324.412310 -56.543599
329.983641 -54.586296
333.233047 -56.265425
330.444238 -56.128010
325.689602 -53.495470
347.630559 47.574011
346.708800 47.060852
356.428923 44.205991
350.053770 43.902688
344.562393 49.223894
344.799967 42.294807
351.326495 28.685352
356.422681 28.631510
350.976725 30.603793
345.811070 31.576420
357.172601 27.349347
352.946146 34.428560
347.189355 13.116326
350.836624 15.643150
352.140985 16.667029
347.284826 17.213871
354.767834 11.560012
350.042388 12.926593
344.123995 -2.270980
354.061970 3.117009
346.371006 5.781749
351.743392 4.770359
350.397020 4.099275
349.748665 2.012063
350.378608 -6.639139
356.755619 -8.557925
352.637080 -4.846402
350.818742 -16.403214
349.137001 -12.033815
349.219381 -11.090180
345.786189 -22.239802
347.044666 -24.093933
346.718299 -16.758081
348.796969 -24.541672
355.068730 -24.128066
346.506332 -27.524505
350.503125 -40.964941
349.951452 -33.833138
346.726734 -36.795851
353.091068 -36.061710
351.479782 -30.045198
348.101036 -36.900380
207.585187 63.486184
211.276139 63.213634
206.771869 60.433442
206.659117 68.004249
212.760470 63.402861
211.442369 62.580491
223.415971 57.519686
224.659098 59.848307
224.670403 64.218901
223.459837 56.861232
226.911763 60.814483
223.918115 64.670029
236.465482 63.970757
229.163795 63.232354
234.497128 63.488881
236.952674 62.066879
234.325305 60.953427
235.914330 63.382674
248.249612 68.380435
247.677496 62.006332
248.898231 63.026184
242.823651 68.499153
244.207457 61.763120
247.694770 60.394537
256.601459 69.281276
256.438001 68.469216
258.231717 65.272570
260.038149 61.210030
258.284878 63.729990
256.232959 61.469489
264.256666 63.754705
269.510162 68.771013
271.302794 64.454399
270.896380 65.222447
267.254023 62.536966
272.268579 66.598108
280.780622 64.723779
283.595827 63.778513
285.444210 65.948508
285.281169 60.309824
283.413518 62.055524
283.917963 62.841869
291.330091 62.555855
299.910924 65.876846
296.783321 63.187492
298.081300 60.503338
297.877652 67.800812
295.857167 63.923259
313.335372 65.418046
309.620359 66.423175
309.700877 65.627014
310.472088 67.539493
314.052182 70.851197
315.733924 70.932164
321.389854 63.692490
333.567956 63.644768
326.270379 64.752388
328.036654 64.961618
330.150026 61.349324
331.676108 67.988641
336.640040 68.362217
344.804892 64.433565
343.413583 66.224141
342.720510 67.748350
341.301450 61.624087
340.295370 63.888690
341.519530 236.803366
345.836764 228.657530
351.285520 239.697920
342.854817 230.613576
346.142685 232.387655
348.456583 239.556184
346.495247 120.557610
347.492634 119.579675
351.509523 123.372694
346.791211 113.167511
345.459295 118.101293
346.502776 119.795026
346.571732 221.163132
347.862282 217.314919
350.236674 221.612982
343.098001 220.450381
345.934525 220.596221
352.489920 220.113170
350.034004 205.648680
349.748950 205.201852
351.494044 206.355481
351.679092 211.971562
353.457571 201.898105
351.788708 207.646795
350.248682 192.054845
352.336145 187.515060
350.092067 192.133782
349.490596 192.201591
348.609925 187.232562
351.306085 189.435370
349.853504 177.263620
350.210093 176.805948
351.894333 171.925675
352.553646 172.473376
354.736377 174.908491
350.358579 178.881664
350.483207 167.278854
351.879927 174.304092
350.719579 165.535507
350.383926 166.831095
353.898751 167.848969
352.806427 165.435836
350.166148 159.094279
345.387956 158.828091
352.644872 158.904994
350.821946 153.568442
349.975964 153.739483
351.090320 154.512520
354.186644 139.212359
350.643264 136.984446
351.521989 141.272974
352.300994 132.830543
343.234584 136.653864
349.145783 133.664425
187.632656 108.317833
182.897155 110.988228
180.614712 112.388597
178.217327 113.888280
180.440467 109.644406
180.939277 111.104545
202.861592 115.287121
199.762993 114.707360
201.034754 115.178387
200.907760 114.935547
205.350844 114.252880
200.120725 117.033874
222.966601 121.736298
219.934151 118.217705
215.920316 123.002065
223.027145 114.827300
222.695520 122.524556
221.123324 119.585669
242.469105 124.661419
242.679379 122.506073
241.210215 121.370892
242.565200 124.174175
245.326775 117.220797
245.883240 118.768958
259.799395 120.150811
257.592089 121.881526
263.688405 120.468805
261.174437 117.446564
254.449163 127.335285
255.049389 126.912393
285.269315 127.994916
282.543569 118.959611
278.555620 125.469725
275.800187 123.791042
278.782487 120.911020
278.983396 125.556010
299.556049 130.161426
290.070441 123.259522
301.628589 129.650131
298.018710 124.089346
297.643618 126.653776
301.008090 121.494286
313.104042 123.757273
315.442179 124.072816
313.151681 123.409003
310.539366 120.376526
316.691529 117.673503
311.865713 124.332342
331.040955 121.581891
334.870653 120.643852
326.469838 125.034426
330.813080 122.041515
331.623355 124.433391
323.853978 119.859993
166.174336 102.098262
164.419018 102.968679
168.639850 102.855843
161.559731 106.101487
166.713846 103.688523
169.959652 99.822863
145.965771 91.727963
151.719043 96.173945
154.597927 94.756548
150.128676 94.398899
148.051118 98.534226
155.916760 94.039834
136.280462 79.327721
139.288534 77.463316
138.061794 78.647040
139.497388 80.560891
140.254648 79.921806
140.545986 80.840483
125.206365 66.190412
122.750994 60.350892
124.603312 64.827118
131.617575 63.075357
129.215203 66.888033
133.400430 66.258821
119.390555 48.716659
126.359746 50.248930
114.112088 49.722389
117.528889 45.281317
119.552247 47.064147
116.527415 43.536320
107.566158 33.541705
118.095591 35.156150
107.325962 30.787113
114.488132 32.232893
113.147807 31.150862
115.872682 24.504778
118.049761 20.546755
110.915705 15.131914
118.519085 18.291438
116.954588 11.684242
115.161206 13.765406
108.569458 10.380790
112.219457 -5.733543
112.738090 -0.941906
112.549493 4.576798
112.683350 -0.767771
112.653261 -0.464624
116.215774 4.505071
112.179213 -17.928847
113.826087 -14.814861
112.749687 -14.862785
112.557049 -8.748922
113.126675 -14.870065
114.185488 -11.169941
113.435515 -28.992527
116.384323 -31.368920
116.344726 -32.913576
116.522344 -31.594269
114.541981 -38.256350
117.024491 -30.693457
126.792768 -48.554177
122.775819 -47.230947
120.695193 -47.810138
120.538549 -48.859189
118.457734 -43.279265
117.411276 -46.377813
124.210779 -58.441382
125.943231 -60.855544
128.032058 -61.576755
126.427640 -65.450791
126.927952 -60.286345
129.660761 -61.069063
132.055774 -74.328286
127.137684 -72.074400
130.742994 -68.349616
137.615242 -76.587306
133.873158 -74.290155
137.937168 -75.316543
144.918341 -87.100896
143.256842 -83.898149
140.796697 -76.857059
147.386524 -85.674774
135.413816 -88.106302
145.319568 -82.811133
143.753955 -95.951821
146.457179 -95.794183
148.139304 -93.902812
153.883181 -93.349432
148.791558 -96.924600
148.849706 -94.063280
161.667880 -104.754075
159.599958 -103.821620
161.057301 -102.022496
161.090651 -103.698022
156.022404 -109.512373
157.337045 -102.687588
177.594580 -116.440249
168.472188 -119.188887
169.438451 -115.115075
171.257147 -118.206481
173.404021 -110.470679
171.497554 -112.893112
184.410230 -114.681982
183.377309 -120.720697
182.586520 -123.366437
187.797074 -124.346160
188.283205 -118.503091
178.287370 -119.028516
198.356668 -128.096591
198.180469 -127.891455
198.143815 -127.722937
200.323499 -125.502719
199.410941 -127.720341
193.939820 -134.004769
218.807272 -131.058545
213.535931 -123.789664
218.431520 -134.505925
216.229167 -125.010576
218.669153 -125.330948
213.203514 -128.743971
235.098238 -131.155328
231.936403 -130.473945
233.538829 -128.293603
233.824589 -134.497452
231.481575 -133.368488
233.576832 -137.322340
246.588248 -130.726571
244.797779 -135.370881
248.609462 -136.529444
249.595340 -130.872818
246.554653 -131.636801
248.618580 -133.704884
272.516583 -126.059249
264.546095 -125.320266
265.271473 -126.870412
266.033743 -128.831928
263.358572 -126.626221
265.261408 -121.165426
279.874711 -121.875337
284.027324 -116.581616
282.238837 -118.478968
283.274180 -117.831261
278.138564 -123.552899
282.091754 -118.075525
293.519186 -105.144271
302.573746 -106.846145
296.874496 -111.883804
293.990178 -106.739661
299.000648 -108.798834
296.356978 -114.159277
315.854171 -100.779842
311.261901 -98.316052
313.735479 -95.672230
314.099253 -97.520962
315.953464 -94.422949
311.767441 -99.342570
330.499423 -74.307975
330.775064 -74.003337
331.446501 -77.419903
326.778514 -74.948595
324.388615 -78.043151
321.800151 -81.851218
334.816112 -75.345508
339.030218 -73.274361
332.537112 -73.357095
333.757992 -69.945417
341.112471 -69.158584
340.928423 -69.880596
337.386001 -87.093982
343.358546 -81.308460
342.089417 -84.576820
333.037748 -82.290337
334.549090 -85.415672
336.757166 -82.736941
343.214360 -98.629714
337.089642 -99.903431
332.454928 -94.849793
333.392742 -101.949609
344.881024 -95.506614
334.242048 -93.526176
336.124661 -104.711926
337.266414 -110.183611
339.630295 -106.302570
343.737999 -110.533885
336.268107 -111.497235
339.229950 -109.474639
335.146725 -125.410323
338.586186 -123.977970
334.402266 -129.352150
336.669010 -128.258191
337.024299 -129.621278
334.938817 -123.517971
336.376982 -144.591932
336.403348 -139.263926
335.956487 -140.991241
335.340509 -134.095141
336.961658 -141.268358
336.456149 -135.953425
335.000711 -155.765206
332.215984 -156.592515
339.061236 -163.036305
335.219109 -157.690241
340.723317 -162.493527
335.746387 -158.103539
338.018986 -170.503997
339.964515 -174.954781
335.909332 -171.798361
332.474992 -175.974907
335.766255 -164.531870
337.661945 -173.358290
336.555411 -189.720954
335.598266 -185.355206
335.758137 -187.047716
338.458718 -195.766461
337.563818 -185.223702
341.339934 -188.984293
340.068028 -207.723959
335.704634 -202.753713
336.451037 -201.199441
338.325411 -200.317964
336.729484 -196.913981
336.148685 -201.278456
10.932299 -103.185025
8.199830 -104.976755
5.866436 -101.126234
6.216665 -97.782209
7.396453 -100.563105
4.843954 -97.564000
21.942027 -116.594211
15.966500 -110.926093
12.574433 -120.982120
20.417596 -112.281955
9.429145 -112.861363
13.664264 -117.464232
24.388900 -132.245540
23.860529 -135.145691
23.070029 -137.219071
23.821128 -133.491926
27.423467 -136.506297
23.084256 -128.825622
33.856113 -148.401765
38.387458 -146.953816
37.618128 -150.240404
35.450136 -148.222220
34.249416 -146.248595
36.612482 -148.498558
44.834629 -162.202108
44.974575 -162.122452
45.051123 -162.650471
45.847146 -160.783944
41.760928 -165.647448
45.374123 -161.903144
61.084741 -173.370517
53.031505 -180.103555
58.383885 -180.881014
49.650048 -179.545845
54.456101 -178.753949
53.587519 -179.053034
69.978666 -187.576244
67.608323 -189.284317
69.725181 -190.978546
71.032235 -186.513958
67.331286 -187.443262
64.222472 -181.877824
79.514678 -193.598452
81.883013 -201.232570
79.393882 -196.936189
80.225972 -203.060833
81.821481 -197.647264
85.725838 -198.743385
93.962667 -201.502345
90.205685 -206.150525
89.055497 -202.777667
94.380715 -209.912372
96.516850 -212.187139
90.888595 -205.915403
109.077245 -215.385602
103.438181 -218.409570
104.947419 -222.248118
101.059445 -218.286323
110.655253 -222.646733
102.135254 -221.975324
118.988392 -226.640948
122.738093 -229.274648
125.013481 -220.838673
124.975882 -227.221242
123.814067 -221.678648
119.005602 -218.216931
143.353974 -235.574896
141.266332 -230.319629
145.937628 -229.199227
142.730701 -233.732360
141.102438 -229.354606
135.767162 -229.432173
155.601756 -230.362249
158.243022 -236.695031
154.511900 -232.594879
157.634224 -236.473035
161.594889 -231.313535
158.825997 -235.082988
170.184414 -245.193961
175.916950 -238.886535
172.787619 -241.206824
164.984414 -244.252626
177.666347 -244.872498
168.167655 -237.329586
189.124508 -246.576999
183.346759 -247.513353
185.066580 -242.061181
190.318142 -239.789082
189.288470 -246.706601
190.377616 -241.124091
201.757414 -244.923494
199.837679 -243.096252
207.041930 -247.686112
201.905728 -244.886082
195.557904 -243.308076
203.914118 -239.349676
223.092598 -239.490276
223.841429 -245.665183
217.502958 -243.384519
215.523156 -248.683508
217.711413 -246.083421
218.554775 -242.389610
233.414814 -247.148715
233.437272 -246.422134
240.366146 -245.609842
232.076007 -243.111296
232.512392 -246.504912
236.930417 -250.278730
255.367600 -245.480141
250.764420 -247.474767
246.889103 -249.556942
248.248464 -242.894622
252.240748 -246.001963
252.891868 -244.573399
264.946626 -241.761763
267.694325 -233.413381
263.126291 -238.828538
265.076662 -233.020990
267.053486 -239.880356
263.600587 -234.410457
282.082888 -234.060687
285.265892 -234.062089
281.881377 -234.446519
284.986908 -234.984195
284.236532 -235.947129
288.314852 -234.108973
295.557355 -233.358009
294.926742 -227.744055
295.262280 -231.909720
295.522295 -229.682881
295.380720 -228.500103
296.067096 -228.004578
311.477294 -219.811620
310.691405 -219.172636
311.520963 -217.220609
310.374606 -220.822869
304.476817 -216.938335
316.224134 -214.715220
323.734741 -209.442252
322.476647 -204.936295
318.401591 -212.633779
322.962172 -213.408558
319.022508 -207.027549
329.976885 -208.396167
-4.486301 -79.089822
-3.293796 -86.527096
0.755433 -84.040539
6.120841 -81.536926
-0.094716 -83.306673
-0.122974 -82.026697
-7.206316 -66.225659
-1.261032 -66.342483
-3.920302 -67.569497
-7.099170 -72.263133
-4.277602 -60.414386
-6.882289 -66.689495
-14.569409 -45.114132
-12.510462 -44.520585
-12.670517 -44.713913
-12.560748 -44.512028
-8.242867 -47.052578
-15.021295 -45.865132
-17.671670 -28.181041
-17.915979 -25.572910
-16.469100 -30.479939
-12.842180 -27.491035
-15.067176 -23.398243
-17.844798 -21.481210
-18.725371 -5.158926
-18.558024 -4.790963
-18.594186 -2.824093
-16.767024 -4.552987
-17.270814 -8.755147
-18.976001 -0.380673
-18.780987 9.530090
-16.944845 14.321558
-17.220795 15.417056
-16.029008 11.646531
-13.248798 15.527226
-18.005502 12.550254
-15.300457 34.122270
-10.870326 38.341151
-19.878454 36.875841
-10.311838 37.554889
-14.438020 33.522546
-12.152214 30.169231
-17.573384 53.691997
-13.358957 54.200091
-13.070979 54.517348
-14.906602 47.458842
-11.484589 52.068386
-9.849409 52.128058
-6.790945 64.138795
-8.420960 72.586455
-9.821008 63.567262
-14.067085 67.463813
-11.636186 73.168066
-6.618908 63.865862
-0.090481 90.849125
-6.342637 89.034291
-0.239298 82.757868
-4.441596 88.459656
1.543107 81.625451
0.797613 88.681228
9.382919 106.954600
8.116871 102.995683
13.667275 100.078276
12.618888 108.394093
8.609914 98.883860
12.968994 103.486853
14.456542 123.742832
19.952551 117.812324
15.274836 121.718771
17.728871 117.862172
14.346031 114.186226
12.787777 116.614983
23.346821 134.780460
30.327004 134.774372
29.243024 138.362926
28.822936 133.082087
30.155070 134.677902
28.542400 140.693590
41.261621 149.894955
41.638972 149.417774
43.601958 154.650339
41.434577 150.180663
44.137361 153.903072
40.120801 157.875323
49.975895 169.500710
47.027500 165.111937
58.181583 166.508719
54.452002 162.113434
54.987064 162.218716
59.951085 164.097972
65.660410 178.569916
70.026458 181.005829
66.186108 181.240806
70.067161 178.663337
69.216668 183.777422
67.821314 184.738844
80.646305 193.177677
74.449521 194.332540
77.992664 192.189694
81.921896 191.994871
77.713877 187.054915
83.868053 199.053207
97.991701 203.731144
97.616254 197.394110
93.033967 204.324722
96.808455 204.046007
98.001831 198.746782
91.484041 203.336023
106.375823 207.286963
115.655279 206.197468
106.302832 215.054866
111.837475 210.141593
108.188111 208.363469
104.071881 209.053883
121.524281 218.854541
127.433026 214.387507
126.146918 217.702779
118.020680 211.656207
122.442792 210.333267
126.459376 216.065818
146.455162 226.301143
140.481236 222.136482
140.104924 222.571156
145.222037 224.331599
137.462682 229.335954
144.347144 228.954850
163.644004 227.248299
153.923998 229.528030
156.922721 228.844992
155.332098 227.221960
154.584767 231.946178
161.316457 230.194874
177.054006 237.922941
173.618877 240.763672
175.743374 233.966232
170.308083 230.596202
175.220297 234.273078
177.810505 235.579958
196.084560 233.040579
190.881345 229.055087
191.986683 228.925070
190.604324 238.831567
200.372192 230.668314
195.804125 237.543767
212.497686 237.007325
216.360980 232.462065
209.468435 241.317179
216.613180 239.574536
211.908161 237.895227
212.418549 236.542422
235.674450 233.074356
237.216959 235.201563
230.167459 236.304375
237.728478 241.459615
230.413003 239.691280
229.617280 239.474649
244.715747 233.392912
252.822726 236.871971
249.788795 239.764895
249.816738 231.694613
252.994885 232.098528
249.514055 244.845217
265.648418 239.613137
267.671111 237.985041
272.090983 236.834306
269.380916 239.825861
266.955677 236.283569
267.920635 233.285334
276.315433 241.307762
280.095705 241.026101
280.171756 243.086301
278.026046 242.047265
283.808623 242.486969
277.836437 244.975393
297.991811 236.789734
296.672414 239.181134
301.368744 237.508333
289.968449 241.267461
298.346256 236.226912
302.408096 237.869614
316.709366 239.212708
311.311203 239.369575
314.277862 233.912064
314.946600 239.066411
317.518942 244.497345
317.694136 238.884262
329.291693 243.144418
329.527280 240.546931
329.233661 241.569536
329.888106 237.253313
324.341336 240.104465
327.474380 236.032642
350.065576 -51.347628
356.416088 -50.279360
349.086703 -51.256302
354.441444 -48.552212
351.542712 -51.668488
349.203179 -48.736154
313.158910 -87.300681
320.560343 -90.559390
318.317390 -94.551986
323.155550 -86.012090
315.612026 -85.693775
321.595193 -94.673706
