27.159215 147.344780
29.710000 147.350000
30.316962 57.618551
30.230000 55.830000
30.630526 70.637309
30.320000 73.960000
32.607133 92.896860
30.410000 93.030000
31.663222 132.459428
30.500000 129.040000
22.358200 21.564717
31.500000 19.040000
34.083268 41.751199
31.250000 37.080000
92.991663 141.705612
91.500000 142.620000
96.255707 126.803524
92.350000 124.600000
88.380688 53.045576
93.500000 53.280000
95.801168 73.411740
93.230000 71.020000
88.586168 89.523111
93.250000 90.100000
91.270998 103.359558
93.500000 106.660000
95.225408 13.283720
94.500000 17.260000
93.140997 25.779326
93.590000 35.010000
159.858427 85.398493
152.410000 91.390000
155.865710 108.491859
152.500000 109.030000
151.979330 124.804332
152.250000 126.590000
147.328737 19.731876
153.500000 17.920000
151.428648 39.466520
153.250000 36.350000
153.598438 57.073079
153.400000 54.980000
153.180285 70.479800
153.320000 72.200000
208.326411 52.968657
207.500000 56.540000
200.205068 78.482944
207.410000 74.190000
213.172521 91.677366
207.250000 94.360000
214.366536 22.711982
208.000000 19.890000
207.437264 36.225474
207.860000 37.960000
200.914985 107.213250
207.020000 113.450000
33.078096 103.264927
29.820000 110.360000
35.997598 165.433758
29.820000 165.200000
