30.215504 140.147228
29.710000 147.350000
24.477908 57.359267
30.230000 55.830000
30.426884 74.046682
30.320000 73.960000
32.734225 92.012558
30.410000 93.030000
30.455347 129.108696
30.500000 129.040000
35.494837 22.005793
31.500000 19.040000
32.471319 36.197347
31.250000 37.080000
87.877415 140.163818
91.500000 142.620000
95.732089 121.227398
92.350000 124.600000
93.804026 47.116076
93.500000 53.280000
91.604665 70.224947
93.230000 71.020000
94.599928 83.318408
93.250000 90.100000
92.854419 104.283627
93.500000 106.660000
88.780653 17.588116
94.500000 17.260000
94.082877 36.061280
93.590000 35.010000
148.363183 93.769879
152.410000 91.390000
159.494157 110.423240
152.500000 109.030000
154.337503 131.405462
152.250000 126.590000
147.657334 22.557754
153.500000 17.920000
152.035142 35.424100
153.250000 36.350000
153.203000 57.930320
153.400000 54.980000
153.313729 73.190488
153.320000 72.200000
205.445804 59.618622
207.500000 56.540000
206.807195 74.785104
207.410000 74.190000
208.396132 94.921022
207.250000 94.360000
207.298482 15.378833
208.000000 19.890000
201.414399 40.002662
207.860000 37.960000
212.095634 108.613598
207.020000 113.450000
35.047682 110.592134
29.820000 110.360000
29.763019 165.527579
29.820000 165.200000
