40.784888 174.502111
43.853592 669.127862
43.294995 128.287826
83.711608 741.263399
75.845250 36.604511
66.718092 640.904308
55.383940 227.273876
94.864498 587.757947
79.197342 217.117590
113.256995 773.912816
119.819944 74.455919
97.108870 784.260523
114.859951 566.331809
122.707279 233.191210
140.235623 856.554073
138.863866 253.553138
129.345805 60.267058
149.911820 576.329421
179.706696 405.519024
147.862315 837.575741
181.275566 57.506142
172.857051 309.059373
163.698501 531.505064
182.814482 325.782420
213.615027 476.875578
182.538087 105.469869
185.422913 322.307051
194.953823 513.539660
215.623108 453.668277
236.640404 102.895315
219.375697 829.462517
227.882788 115.339262
243.367525 975.644392
254.030947 956.820117
260.058562 850.294096
232.015880 906.191877
250.905774 1034.108630
234.314161 1062.482000
265.789356 1120.198487
265.521359 172.746864
261.240188 808.789877
245.009787 894.174383
277.851479 792.426521
274.133416 814.715645
264.064084 1123.165854
285.651167 758.986607
265.427835 720.689355
292.937470 351.660212
283.863540 424.089231
307.578891 250.992977
301.022336 668.294955
283.527402 420.406933
311.430257 633.136628
294.770809 351.589222
291.293926 583.929365
309.139739 538.710640
298.584014 1171.736473
316.363317 622.595793
323.290403 200.216716
302.572236 534.455374
320.164827 324.223663
322.392371 437.841677
347.062565 339.852373
356.208220 240.734616
337.070041 439.009810
362.986149 1195.521500
377.111094 378.795080
370.416066 1139.852791
393.899793 243.701738
410.543829 1143.994175
449.086760 238.874674
435.347476 1175.870983
470.134596 247.350111
495.457614 1184.362672
504.843695 374.818225
535.890514 375.226661
516.577635 404.981093
517.395135 1156.089336
548.192035 216.192900
539.328629 575.808076
530.910705 527.314956
552.239299 613.939195
512.238676 349.797428
550.074413 425.763198
548.976554 1170.420872
561.377728 690.753743
533.450311 653.828518
570.274445 210.835252
551.109982 733.411193
553.520809 1118.122727
568.585068 780.150801
568.106908 220.157178
584.315739 809.413623
587.138405 333.055680
566.284662 1069.007326
572.648736 1107.466566
563.215823 421.427899
588.715502 843.453955
580.319576 1016.023251
583.046112 354.898817
590.403422 875.380866
581.972693 917.441482
586.842006 942.923818
596.469272 166.264324
598.092065 1025.453232
612.197603 124.018625
613.336516 869.407820
626.557891 124.486366
650.621288 491.495222
638.470639 862.523255
640.720649 459.681359
637.386064 54.403430
660.766174 529.075576
643.297639 310.860151
650.694608 421.484247
651.872295 792.012226
681.714185 264.046398
648.417694 360.406374
685.462102 46.022987
664.198118 391.883443
679.522412 576.846445
698.645828 277.049087
696.522914 34.045821
719.814115 580.275117
715.923754 787.065117
737.753449 239.755530
738.092611 610.563427
758.007262 43.782529
776.050904 785.453830
738.959352 200.659262
757.395974 652.600173
792.156927 52.887668
788.145945 179.201759
799.475670 647.167602
800.032401 740.160843
807.716538 157.278626
821.219807 732.385345
822.876779 679.591647
830.932561 80.988938
