42.658630 181.477705
40.748979 679.039532
62.583989 91.662819
49.630820 737.484342
46.773157 54.913308
76.715985 618.342504
69.252114 175.835576
82.978819 617.319016
84.816199 223.469946
76.545051 779.310410
99.402815 37.173944
115.494340 801.978797
131.677380 581.961730
128.511057 226.442948
125.441260 816.428870
150.861899 248.013433
144.089765 43.836582
159.458414 555.335550
169.398479 357.940437
149.153979 832.377369
167.526358 66.177126
184.639196 257.252272
177.129796 517.229850
182.273143 339.122432
182.676065 440.661657
186.325663 95.437844
186.958398 296.657048
206.890573 504.302898
201.009397 467.705534
220.481515 98.204898
211.024746 836.054307
225.493915 139.953540
244.134749 1009.252475
245.258487 950.441740
249.086647 850.295845
246.051993 928.358338
254.468768 1018.407425
250.649903 1077.272766
259.128901 1127.892095
249.795307 177.287934
264.016302 834.398532
273.749079 871.477744
283.240875 770.786463
260.112044 814.200866
284.171908 1140.769928
283.352202 740.585278
284.080725 727.331934
272.377091 355.325484
294.665972 413.796726
291.172034 230.438776
295.037917 659.826485
299.856861 435.351240
298.950873 639.691587
299.496470 328.919268
309.584759 603.867075
316.841730 566.092656
301.605525 1187.665719
303.439684 608.151434
307.561771 216.926320
319.156730 578.138225
330.758141 338.432292
328.856536 432.218041
346.370923 358.867100
342.228447 239.047112
352.273629 430.543380
350.839556 1175.491778
363.677410 364.112234
383.297764 1143.925588
404.053073 261.332978
422.578658 1145.617069
436.880520 236.490228
458.154062 1174.415050
485.881984 232.046586
486.986617 1188.751420
491.799470 363.963721
514.669352 372.554964
522.646119 434.597607
512.891747 1168.976931
515.107292 233.245239
534.628628 582.239619
538.473137 555.387360
546.165933 608.049551
549.409118 322.173204
542.246229 442.593332
547.453398 1137.841422
550.652080 676.210385
558.394925 635.362486
553.208491 221.299050
569.651866 747.038046
559.007008 1122.082457
565.843975 764.369680
573.642905 193.973325
581.952979 801.663820
571.960907 342.673359
576.962930 1081.879908
591.503780 1106.120691
574.896537 409.824239
590.303542 860.734521
590.010838 1037.659355
588.274265 375.637184
583.003470 889.059817
588.028321 926.227400
588.852163 944.560161
598.312105 160.721764
584.772662 980.542859
601.166123 141.194320
622.397124 824.362444
631.095590 76.685785
643.945087 475.383644
623.445728 833.123324
646.416637 443.344535
649.868385 44.320739
659.793460 527.164593
645.853369 326.395126
658.564395 428.325858
660.111768 847.599755
659.158423 267.072806
672.295844 342.635100
687.515048 35.618550
678.260518 392.645113
678.071708 541.655551
702.510279 250.571730
716.691355 23.263313
705.511357 588.242581
727.614161 818.120560
741.586862 223.962255
746.958723 612.106374
746.690548 43.400310
765.603653 778.065092
769.133711 202.648723
766.697576 648.223418
792.834215 90.461154
791.133190 181.624499
808.600917 663.818205
798.249835 753.505570
796.252891 125.870523
823.228329 707.195148
813.743245 691.616842
809.968735 95.061875
