86.832508 175.924403
85.048923 181.082657
80.579383 195.375343
76.247017 214.674972
81.526915 208.238180
73.800426 218.128406
75.140678 216.494634
80.899190 177.750632
88.185566 232.269002
89.418139 243.586257
92.142882 249.384290
106.381635 167.088272
96.047720 271.881774
95.741011 274.849215
99.006707 294.240732
97.139371 181.839485
100.185049 290.689993
108.251778 316.951155
99.220916 176.433487
107.195682 315.362065
114.928036 331.030244
114.198927 172.324455
114.208439 331.238113
125.790369 347.253020
120.357798 190.437344
126.559283 354.068979
113.215794 368.575610
110.501460 368.821239
108.832494 365.936036
117.640007 397.275717
127.254311 412.204131
118.528400 400.384737
126.359538 430.839907
124.654077 443.372476
122.304829 217.001891
115.111046 204.912555
123.625175 433.695571
125.512318 447.776113
129.891627 225.286067
121.172442 209.446134
131.746700 457.254432
136.107340 492.381623
140.006194 578.765142
142.786018 583.936337
121.490808 227.044948
135.328834 520.510543
130.241149 240.072844
143.035053 502.142254
137.256262 554.279552
156.282345 493.847269
149.332162 558.754236
144.670580 546.919833
143.355720 594.878062
133.597533 251.278442
156.901408 266.568812
137.560585 533.768798
156.975585 285.287494
150.419994 541.546517
143.777312 524.882087
136.114004 533.643745
169.188315 99.750531
167.879633 117.352521
166.073280 112.695180
158.226749 139.329775
171.330895 143.045844
159.998875 154.814503
153.865075 159.615822
159.842781 156.197624
154.396904 270.229228
142.122834 577.139546
157.132770 287.300689
165.350689 164.485878
174.616715 105.206636
161.760428 158.641037
158.719728 183.104182
161.986035 204.954499
158.503363 228.817208
168.084620 190.839063
153.425828 247.823811
155.380732 256.309448
173.518649 597.703173
151.420394 301.063019
157.938082 236.780993
180.466588 235.023348
165.520618 108.472627
161.448816 271.758473
168.309140 260.967176
161.682139 284.502282
143.733106 593.485083
184.535049 104.351552
187.723682 592.415102
177.686221 100.819838
175.240877 591.509342
198.143844 109.115791
186.550688 587.489203
215.389859 108.879853
191.946713 110.131341
199.448377 109.277323
198.009333 110.332309
200.363544 145.304435
194.519011 130.591694
214.348076 592.397107
212.158243 156.056472
218.696560 173.631450
218.538367 173.875861
205.232846 200.783961
205.613153 198.951761
209.183063 204.144257
220.322481 224.823533
229.918219 597.381716
227.089752 225.562615
224.322891 224.647139
230.801923 227.921410
239.277398 235.897992
233.936217 598.306151
247.729511 74.101249
241.161890 86.356140
240.325879 104.728671
216.419780 125.957252
236.287944 109.670191
225.412286 109.253039
233.329607 152.217415
229.645019 140.244784
237.073632 154.164505
229.294652 161.851786
235.001573 162.128198
239.241271 173.336631
213.816321 189.766529
238.944567 187.049988
233.652484 222.651779
237.068061 228.937603
238.570953 243.241615
234.228442 245.664705
255.396612 69.316610
220.908603 581.298249
256.414494 65.357402
245.665393 598.179214
257.704822 65.090050
265.487405 590.564977
272.579717 61.779267
256.019112 595.428174
268.532599 64.349424
300.550007 573.026715
257.139941 71.561382
283.561035 586.525410
284.782693 76.914190
299.570179 153.161364
276.936356 144.231944
287.004725 79.693599
294.813409 96.262114
304.863309 105.416265
296.725885 103.472476
299.245137 98.608934
278.226112 139.601422
289.694820 147.286420
294.912167 160.296298
299.870278 159.608484
294.115357 196.387470
300.726749 181.586564
283.085604 197.522474
297.002696 215.892259
304.887790 224.157130
290.889434 227.289372
302.082545 238.020999
293.089311 240.983757
294.826314 584.463980
306.691376 250.155699
314.188989 223.332543
324.885835 239.683502
294.947916 580.986965
298.631470 580.953608
319.164974 213.400403
326.949561 234.692237
309.946659 570.782477
316.565286 196.707050
315.651642 212.798910
302.631674 550.476596
319.673058 123.439782
309.455357 120.581334
313.267363 136.273472
331.939815 125.126972
323.371339 157.835462
307.969778 172.759778
329.819178 177.139469
312.415953 184.395568
327.281046 94.189716
305.342744 569.804220
341.061026 88.313383
330.453069 553.117196
350.229673 80.648776
350.138755 542.035053
349.660282 80.959910
342.144871 547.905923
361.264635 310.619076
337.346939 323.956995
355.846612 334.835135
364.051755 94.606745
373.842344 241.037586
368.844095 234.630014
360.244861 274.158349
354.165765 287.558840
364.156051 277.272487
375.893825 305.174608
360.823850 325.317729
377.261909 345.141915
375.357420 366.890250
359.118739 537.931071
379.832316 231.775128
369.166743 245.485883
361.088166 96.719245
365.558551 531.374754
370.075819 188.897636
371.349642 193.462451
376.256550 213.813821
369.565879 198.669253
382.904334 232.062024
366.520113 372.812460
371.261265 111.159327
380.621445 389.770588
372.162244 110.032748
375.404791 129.603984
369.483908 121.286601
372.141243 138.532374
366.747057 167.103577
374.205765 185.660040
372.474787 527.206202
400.634394 394.342322
375.509912 509.290990
393.719675 503.573729
387.468582 401.834696
401.635925 370.717450
398.777358 504.044628
411.393172 362.840203
409.401837 491.064501
413.201206 361.104045
413.145355 489.088052
418.375605 358.457687
418.515077 472.482275
421.776910 350.360917
432.620963 450.474419
444.254573 330.670440
432.005718 445.580022
445.371886 437.930620
444.860766 328.822493
446.604057 418.182400
462.354751 344.206848
447.754235 427.841085
458.725243 380.530446
484.426014 303.905246
463.382075 402.421498
456.806009 317.574980
472.844936 374.460541
483.428278 303.688792
485.840661 373.503209
481.958142 367.468251
492.283776 314.934921
495.011742 370.532160
491.477681 311.822608
493.632327 369.403506
489.053818 303.394549
506.642143 344.435791
521.902173 333.976847
528.615698 344.122374
512.751457 327.665966
523.348785 336.074270
527.130266 340.412161
