92.861484 123.778855
93.439400 117.898418
95.946906 115.498885
105.822548 126.851895
97.847849 125.937705
107.559983 130.206065
106.836679 142.565892
97.367622 129.695161
104.038040 129.630577
106.216460 112.661863
112.129031 115.623731
103.103326 107.383509
113.202466 93.727500
114.403119 84.361704
115.070283 81.210520
116.377700 88.980514
123.746277 97.224705
113.658698 104.746026
114.053377 143.992813
115.142559 139.182106
117.913090 148.457168
114.616359 79.843387
117.991778 78.874634
122.351686 77.637248
112.890975 151.421792
121.553911 151.205699
121.681559 144.483798
120.155538 160.665832
119.405667 155.016693
125.112749 156.456863
123.302830 70.398526
119.378208 63.672461
129.554749 72.222989
129.968339 173.155197
131.985874 165.018223
133.075047 164.215579
135.912195 61.481598
125.361302 57.363971
142.299435 61.003752
138.918315 183.283795
135.929610 180.103773
136.677473 176.434237
140.161805 54.636319
141.955154 47.809528
139.495521 58.034094
142.716475 181.570594
150.553165 179.785082
144.036291 182.054060
148.134321 188.719210
141.904989 186.958235
148.216374 189.723433
149.488666 46.973137
147.893175 43.514376
144.387208 46.734579
151.502117 209.133689
153.535145 200.639412
156.943180 195.900661
162.698112 205.928455
152.027249 212.058253
147.568699 214.873785
161.713237 218.493048
168.841393 217.255929
158.911590 221.358540
159.051204 228.628707
157.916591 226.262522
159.919349 223.268510
166.389127 239.783345
161.743052 236.128788
150.300120 236.203767
158.156487 241.357156
157.648174 248.743867
152.933064 249.847649
159.161937 259.209219
155.253242 267.225108
158.485325 256.411465
161.073617 272.164566
157.214541 264.707836
158.410789 262.093886
160.796972 45.385729
168.771657 43.288008
162.176069 45.389880
157.788320 287.680055
159.067016 276.490679
160.789987 282.421853
172.876026 285.374350
159.104320 293.299300
168.375996 292.642554
166.484469 43.271973
176.628532 44.563916
169.891746 53.035983
171.171631 304.208072
176.496182 300.158422
173.995432 295.022632
180.449536 34.724068
180.647324 38.283352
169.720849 42.536180
184.899011 310.009761
175.919729 299.465516
186.663899 307.287381
182.302474 301.790882
187.452371 309.463250
184.882106 318.594039
182.320766 45.663382
185.833261 35.721776
192.346112 33.550564
194.661046 319.338080
193.644483 326.026951
190.739216 319.840683
196.668613 25.389889
203.468194 37.332318
197.989010 36.107993
207.170079 327.426895
206.748237 321.083024
209.032437 322.174588
207.729071 28.078147
203.848321 27.849478
207.844946 29.031833
211.589813 326.995472
221.237479 320.506230
220.897512 321.115640
217.165762 29.083624
212.173550 21.789748
217.639495 28.105562
219.794852 326.057434
225.512188 330.919033
225.019097 326.849633
229.356416 26.943628
231.482978 27.391462
235.915805 27.454173
236.223092 332.168349
232.463416 329.171832
230.960455 335.324174
234.436551 32.376051
236.457354 34.125802
235.673727 34.024237
237.909585 45.131087
233.622216 43.982859
245.513437 36.246719
241.799222 340.641997
235.255442 346.605308
243.117302 337.016513
254.420988 43.554499
248.649393 41.662174
249.679776 52.394846
260.414094 345.920779
255.180604 346.676878
249.076264 345.424303
254.544082 55.560177
259.155996 56.523500
255.382568 55.529314
260.675159 350.773090
265.296394 348.161545
260.118914 351.056295
260.171117 66.849249
264.657643 63.064530
267.234307 66.551871
261.949380 398.333129
266.115682 410.042203
264.093592 402.091794
258.450789 415.266851
258.195108 413.693604
266.766598 420.430817
268.320166 77.288842
269.422001 72.355909
261.841490 70.040830
271.707143 363.728848
267.295350 362.920805
272.647015 361.384067
272.627519 417.352422
271.398678 421.498814
270.615145 416.666892
275.493845 72.192067
268.991969 83.125916
273.033797 81.283609
281.517031 406.248795
274.832912 404.948981
274.264688 401.859167
283.135002 86.814265
274.649044 91.836354
276.003040 91.387086
277.511956 108.240057
274.300141 101.854558
276.976055 100.321848
272.343393 106.250441
277.929433 107.672844
274.500317 109.478093
278.348954 116.448690
275.026210 118.645332
270.211041 113.312741
276.394688 130.469748
286.208583 130.985700
277.837525 130.576025
278.804078 354.086450
279.518619 357.425623
282.833977 359.918554
281.011020 366.467714
288.752264 366.804520
284.837030 368.708075
272.962133 425.759749
285.712375 420.247959
282.663805 431.058758
284.336802 404.158707
290.694988 399.926205
283.162236 401.293927
293.091011 133.872524
283.893846 144.212126
288.268242 129.597371
284.945907 372.850279
289.065534 378.287034
290.703337 373.125446
282.718358 378.280748
292.460202 381.023367
289.984646 383.573556
288.581322 387.830849
287.447919 397.943661
287.143787 387.931485
290.324880 415.281873
297.768528 422.813073
292.279147 425.770305
286.243380 147.950085
296.515452 147.628291
298.566240 142.604774
301.739301 149.048896
297.451523 150.744747
300.190766 149.173147
307.279317 429.037999
300.175619 423.956409
297.984049 417.703226
304.949745 390.427890
306.324756 387.040742
304.780145 390.611808
306.080949 400.904910
305.148621 391.283465
316.965165 405.250577
305.897194 156.115078
317.107427 155.225691
313.890500 143.006911
311.460018 427.933355
308.838406 426.941526
315.798741 428.227825
305.183865 381.638188
314.458734 383.063093
317.369058 388.644960
327.660932 374.682512
317.318902 377.706939
318.393493 378.423256
319.176132 401.350293
319.951309 405.350334
321.106671 394.295339
321.567751 148.451433
321.262117 150.034410
324.978579 146.598241
319.092771 435.861846
313.848956 426.918095
324.973293 423.786807
326.560479 405.049772
322.894509 412.992751
325.012316 408.970536
329.794542 376.443895
329.941735 377.953178
327.510535 372.756477
331.764015 149.119549
336.104538 152.021556
331.946216 150.017588
332.965508 430.928126
333.543132 425.734260
334.801027 415.883687
335.681789 384.415883
332.307166 385.734364
339.588963 381.392225
334.064512 414.604003
335.805340 409.041056
343.099186 407.530076
337.749895 151.150227
343.877306 151.992758
337.272714 148.788030
347.097327 387.696271
346.110912 388.238232
348.932811 387.584971
353.348869 148.625527
356.466250 147.952171
352.832629 149.006635
352.590965 401.864250
353.476592 397.506513
354.576825 397.278739
360.892147 401.658204
354.958214 397.459323
353.986275 406.789551
355.135910 357.591712
354.291130 358.700218
359.403173 359.533897
357.846329 365.657808
366.796470 369.289938
365.009577 368.812292
354.098445 412.786887
354.190905 416.681866
359.915368 413.061995
364.625844 146.742575
356.407069 147.728223
362.764712 145.141635
366.185669 371.776832
373.506847 377.442358
358.274328 382.075571
365.690983 343.824663
367.887831 350.105705
366.512463 346.611853
369.876974 404.961389
370.176332 404.861304
373.020672 403.265969
362.314305 146.303044
378.909037 137.835269
371.219748 140.255637
375.401025 382.383461
376.561373 378.410817
373.662841 379.743496
383.618444 413.677584
379.393210 409.694163
376.673329 418.255288
378.481591 343.051519
376.988920 349.146990
370.617212 352.282697
383.288111 139.420742
381.004733 148.457232
386.652877 136.322073
378.294099 376.498330
380.852626 385.430506
377.207341 381.353774
387.662571 416.484231
386.205144 416.691099
386.815877 414.345261
385.204768 344.511554
397.090907 351.789504
391.588022 348.716863
391.503720 140.497694
390.606001 143.310433
390.294786 144.656560
395.743009 393.806078
397.722158 384.771065
395.192558 381.195570
400.183169 420.126202
389.539911 421.819631
406.390405 417.644780
396.949157 354.098638
398.856905 351.861493
397.556738 342.061167
401.816340 144.888265
400.390320 147.559444
401.848955 151.040158
408.123433 387.764467
399.414306 380.615721
410.887163 383.114234
410.437034 417.781851
407.189089 411.761006
403.882443 415.512064
418.127012 133.159669
408.591848 127.455395
410.805315 124.058478
409.359388 350.611230
407.089395 346.521849
405.533960 357.227875
408.648958 396.316077
411.814948 390.830514
409.692458 392.404019
410.447333 406.115311
409.189475 396.554368
409.942490 403.306286
406.693599 117.475511
414.655608 106.246387
415.382342 120.003380
410.695506 114.963378
419.253122 127.094234
410.644415 113.524625
417.703560 98.969042
420.062648 98.326573
420.493161 92.722381
426.016997 351.481433
425.734136 352.041355
419.839029 352.245315
426.176252 53.258871
425.603861 64.979031
420.470673 63.628949
427.275032 68.616493
422.636564 73.872295
426.385612 75.201901
427.961208 84.922299
432.286123 84.981039
422.194639 80.485480
425.718157 45.638341
432.840518 44.734582
435.808460 52.974000
430.947328 350.179665
426.946023 355.457594
437.673266 345.873045
437.990785 34.557077
432.514209 42.290544
434.910475 38.595984
441.431735 22.475716
442.149428 29.080892
440.148785 26.807417
446.547408 342.789957
431.849498 343.825959
435.060500 350.521120
447.168254 14.404562
451.477462 19.004365
452.372814 23.688900
449.028660 341.833447
441.785877 350.001342
446.066876 347.055914
452.928957 26.049779
455.698535 10.099977
454.191223 16.409676
459.555064 343.507323
456.661368 341.309881
458.464940 335.032080
461.864233 14.443233
467.325381 4.635126
467.884104 16.964422
471.196815 343.990663
466.889922 334.020930
465.100665 344.103441
475.384265 329.391554
471.297767 333.067471
476.325175 320.664444
473.425949 16.713405
472.409798 15.400986
476.986436 13.228318
483.213133 317.461109
475.892749 319.833914
483.320200 311.848074
484.765905 14.025497
492.826542 17.228828
491.937039 13.940128
484.363469 314.876347
490.128899 311.353713
489.551473 310.031098
498.702167 17.658380
503.232911 10.725097
491.762917 11.119579
498.327224 302.275304
498.382749 302.311395
492.250578 301.855212
505.939728 292.810974
513.571442 295.154414
505.872184 295.744949
508.871793 14.300728
507.472685 11.818624
506.784020 11.819534
518.310202 286.390193
512.901508 288.415930
511.612454 287.389520
510.313371 8.484225
510.383279 19.014207
517.007186 9.556313
522.416147 273.701817
523.642629 283.952448
517.709615 277.843659
523.091184 92.126886
513.765320 84.962495
513.759172 83.008067
512.604626 100.737196
517.544840 89.849190
527.065663 94.080409
520.706526 104.697389
516.653841 100.211882
527.346496 103.331917
532.672888 29.425776
521.741751 29.460721
522.403887 27.823873
533.778371 49.154765
524.622977 45.260331
525.768216 41.563909
524.900657 113.529520
521.589160 120.368060
529.066857 114.179703
517.244706 127.539496
524.408666 123.456553
519.970144 120.660978
531.340496 268.924584
530.071683 274.347637
527.095208 269.067538
528.435068 20.289456
526.547196 20.270670
528.809690 27.350947
525.347532 78.380402
524.893625 74.319964
528.144023 78.157925
538.840706 55.347804
526.408517 51.272049
537.253022 50.348496
534.472362 138.664597
527.836410 129.039399
529.477233 132.111958
540.359911 266.385410
525.354715 258.696222
530.819168 264.793296
537.986122 67.079887
532.294829 63.769939
531.918124 60.498913
533.457810 246.111914
533.823801 244.685133
535.309328 244.887310
539.628108 139.004986
545.661366 143.015537
543.570797 134.221156
538.164753 150.848080
544.081892 147.224523
534.312152 139.828753
543.446761 68.744010
541.081513 67.080229
543.485120 67.216428
537.108626 245.462199
542.929802 238.019404
542.933693 233.030502
545.374879 156.772762
547.617062 157.630504
545.838860 166.407256
541.726462 168.018951
546.994315 159.097619
544.439947 166.770083
546.519619 170.324988
545.173332 177.730319
543.799684 184.231063
546.555591 189.341244
546.659805 185.743074
546.868683 182.668138
547.876934 195.312843
546.626967 195.221199
549.485313 202.155356
549.008577 206.988429
552.038770 200.256624
547.038481 207.079522
550.331085 217.161142
541.621581 217.054353
551.169940 226.751703
541.967072 224.642012
550.317646 226.023754
556.688039 223.251327
