17.608523 302.414719
36.396096 102.163219
48.434474 68.135870
73.421818 23.760904
137.263965 47.271442
192.218210 63.201080
237.494339 46.844196
271.679538 38.591010
334.533481 27.608855
387.068749 26.886581
464.449653 52.567139
486.308491 91.591938
496.533886 148.393896
494.620134 214.907974
464.983450 269.489419
421.948049 304.254311
389.785099 306.986008
355.239831 303.612883
362.046596 406.198019
337.013454 381.976802
288.973780 334.805552
275.983400 324.795512
258.252606 295.294795
275.888996 275.534076
280.837820 258.010594
306.416063 243.182028
316.448356 253.919481
317.452555 216.159513
341.813651 190.045345
289.551556 219.993178
246.818134 237.425983
252.174009 246.052765
209.520027 249.881567
197.527955 238.840024
206.470662 216.493587
194.677650 194.955303
175.252019 177.719775
168.235554 174.079928
161.539914 133.916497
147.931761 189.722616
186.490825 220.017890
177.406075 250.252825
170.360973 266.224720
148.427741 267.184552
135.650056 282.769582
82.650914 290.098803
