104.000000 262.000000
104.000000 272.000000
104.000000 282.000000
109.000000 252.000000
112.000000 289.000000
117.000000 244.000000
122.000000 284.000000
125.000000 236.000000
130.000000 275.000000
133.000000 229.000000
137.000000 219.000000
138.000000 268.000000
144.000000 207.000000
144.000000 527.000000
144.000000 537.000000
148.000000 263.000000
149.000000 512.000000
152.000000 199.000000
152.000000 544.000000
154.000000 502.000000
155.000000 255.000000
159.000000 187.000000
159.000000 492.000000
162.000000 544.000000
163.000000 248.000000
164.000000 177.000000
173.754731 482.459080
170.000000 240.000000
172.000000 169.000000
172.000000 474.000000
143.052287 509.970379
177.000000 464.000000
178.000000 233.000000
180.000000 530.000000
181.000000 164.000000
185.089172 445.060510
183.000000 223.000000
188.000000 523.000000
189.000000 157.000000
189.000000 442.000000
193.000000 218.000000
195.000000 515.000000
178.267826 140.845224
197.000000 434.000000
200.000000 210.000000
202.000000 424.000000
203.000000 508.000000
220.638397 145.797268
201.617220 507.976767
209.000000 412.000000
194.982510 181.658037
215.000000 490.000000
216.000000 144.000000
217.000000 404.000000
219.000000 215.000000
222.000000 225.000000
222.000000 394.000000
223.000000 483.000000
224.000000 235.000000
226.000000 144.000000
227.000000 384.000000
229.000000 244.000000
230.000000 470.000000
231.000000 254.000000
234.000000 264.000000
234.000000 372.000000
236.000000 144.000000
238.000000 463.000000
239.000000 273.000000
239.000000 283.000000
239.000000 357.000000
244.000000 292.000000
244.000000 302.000000
244.000000 347.000000
247.403930 455.097658
246.000000 140.000000
249.000000 87.000000
249.000000 97.000000
249.000000 107.000000
249.000000 117.000000
249.000000 311.000000
249.000000 321.000000
249.000000 331.000000
253.000000 448.000000
254.000000 126.000000
257.000000 79.000000
258.000000 438.000000
265.000000 71.000000
265.000000 430.000000
273.000000 64.000000
273.000000 423.000000
278.000000 413.000000
280.000000 56.000000
285.000000 405.000000
290.000000 54.000000
294.000000 400.000000
300.000000 54.000000
303.000000 395.000000
309.000000 59.000000
310.000000 403.000000
317.000000 65.000000
318.000000 410.000000
322.000000 74.000000
322.000000 420.000000
329.000000 82.000000
329.000000 428.000000
330.000000 125.000000
332.000000 135.000000
334.000000 91.000000
334.000000 437.000000
335.000000 101.000000
335.000000 111.000000
335.000000 340.000000
340.000000 142.000000
340.000000 310.000000
340.000000 320.000000
340.000000 330.000000
340.000000 349.000000
342.000000 444.000000
345.000000 290.000000
345.000000 300.000000
345.000000 358.000000
345.000000 368.000000
346.000000 454.000000
322.126728 150.456017
350.000000 265.000000
350.000000 275.000000
348.646272 379.466559
354.000000 460.000000
355.000000 240.000000
355.000000 250.000000
355.000000 386.000000
357.000000 470.000000
360.000000 144.000000
360.000000 220.000000
360.000000 230.000000
360.000000 395.000000
365.000000 210.000000
366.585148 384.929983
365.000000 477.000000
369.000000 487.000000
370.000000 144.000000
370.000000 413.000000
374.000000 496.000000
375.000000 210.000000
375.000000 422.000000
379.000000 432.000000
380.000000 147.000000
384.000000 500.000000
385.000000 212.000000
385.000000 440.000000
365.978010 523.546152
389.000000 152.000000
390.000000 449.000000
394.000000 217.000000
396.495856 519.638972
395.000000 458.000000
390.603808 499.302087
397.000000 159.000000
400.000000 467.000000
398.775937 267.028785
405.000000 476.000000
412.147789 521.986365
406.000000 164.000000
406.000000 234.000000
411.000000 484.000000
412.000000 540.000000
414.000000 171.000000
414.000000 240.000000
415.000000 494.000000
418.000000 181.000000
420.000000 248.000000
420.000000 503.000000
422.000000 540.000000
425.000000 189.000000
427.040572 509.133038
428.000000 255.000000
429.000000 522.000000
430.000000 532.000000
433.000000 195.000000
434.000000 263.000000
437.000000 205.000000
439.000000 272.000000
445.000000 212.000000
447.000000 279.000000
450.000000 221.000000
454.000000 287.000000
485.732659 301.410343
460.000000 239.000000
464.000000 290.000000
468.000000 245.000000
470.000000 298.000000
472.000000 255.000000
478.000000 305.000000
470.367369 266.604804
485.000000 271.000000
487.000000 300.000000
490.000000 280.000000
495.000000 289.000000
