104.184318 263.076382
101.167058 277.888872
105.021203 281.968128
108.726947 248.788549
111.205526 285.307249
106.672710 250.299274
119.312426 284.851364
135.820655 237.383349
138.665367 273.891943
131.456689 233.448532
142.533311 232.377113
134.245982 266.225133
156.204920 209.684519
149.638974 532.889366
147.040768 532.483867
156.927369 264.311635
153.482053 517.544816
161.395905 204.001762
153.773773 541.333313
154.555888 510.352084
147.335445 243.462254
164.818025 190.725900
156.311136 481.713724
157.563211 542.962336
164.097028 246.229325
169.943345 182.644549
162.389872 486.889725
171.168102 245.559086
173.529127 176.881244
178.175235 473.957202
179.605405 541.479546
181.969183 469.744373
169.508351 228.412370
180.270061 532.060646
184.915753 165.160001
189.498473 459.565822
183.763539 226.679905
184.234984 520.030960
195.066524 158.827816
195.705711 435.322816
201.865258 209.682248
191.435105 510.319045
212.137037 144.711072
200.828401 427.435661
197.211096 217.822597
202.445892 428.286944
192.243412 509.199396
207.996687 149.502421
200.560106 497.339839
212.754889 406.563668
207.558747 201.507704
217.156827 486.889608
213.227759 151.789939
219.420644 395.822866
225.781163 224.229358
231.051647 219.993812
227.729456 388.963391
226.676029 482.590482
226.953542 229.791061
228.436096 141.098314
226.022164 383.527407
225.616866 242.332131
224.285109 469.586334
223.219440 244.855231
232.655057 274.822016
238.610075 374.710737
231.264884 138.676463
233.513484 456.329250
231.564563 275.819734
239.118936 292.836325
236.310528 350.681173
247.576368 299.984571
243.023776 295.715243
241.046517 344.340498
245.102623 454.032240
237.509809 135.382869
256.885699 98.055260
255.599957 105.949924
255.406462 113.883886
249.979910 117.719067
257.827512 320.640549
252.032238 316.759658
241.925800 335.472531
249.264179 452.047895
263.660236 122.364668
260.565051 92.113145
253.288120 429.705444
272.944359 73.462260
261.887688 430.724741
272.686303 73.732638
269.338513 425.002579
275.269195 412.781926
294.874799 62.279892
288.408915 406.495703
293.047525 62.465153
290.153778 404.624767
295.663777 60.885620
304.641384 385.732932
299.984091 66.327850
310.454728 385.457528
321.226790 88.799839
313.144350 400.242071
312.958215 73.723360
321.637720 417.070387
334.725570 93.358014
334.752961 428.727646
324.200049 124.521273
334.132946 142.752736
334.674687 91.670497
333.960822 437.800123
344.769673 112.684069
333.868060 108.500934
328.333563 341.535087
344.934301 136.562892
344.000768 320.931190
348.327546 318.277923
346.370082 334.306679
336.123605 345.618708
339.851915 436.700526
354.834610 284.452605
333.144746 305.868927
343.401491 356.306739
347.738630 365.411114
359.350671 452.160313
347.452625 141.085868
354.992062 263.582185
355.216903 272.843966
353.198770 388.102552
358.427962 459.382674
352.169854 241.858052
350.803129 257.331771
350.172895 385.491219
361.715215 462.456332
352.441300 137.819922
360.700354 213.623594
349.665089 227.235250
354.908371 399.957075
370.071067 213.954083
362.756035 401.917428
364.105976 476.807437
370.511547 478.426335
373.682827 143.557241
364.696962 415.869079
375.446836 488.351113
376.691019 202.615089
382.254617 412.083736
382.003451 455.380643
395.944969 164.828431
392.238860 507.125292
393.047900 211.144034
380.097461 438.982169
387.125002 501.044273
380.957127 156.019408
388.814441 461.157235
391.172996 216.199854
402.784824 515.775927
390.098614 459.745602
397.997464 511.918530
396.286467 172.943859
407.009264 478.941308
408.379935 221.424713
406.221965 475.134757
406.353075 533.831659
394.064698 160.516562
401.474879 239.661891
410.838558 484.388793
404.691698 534.999987
411.214382 177.273460
415.505218 239.353317
415.182423 503.457835
416.153795 183.616948
421.118010 251.873973
416.893684 507.060780
410.995349 535.597493
419.621032 186.650928
416.367428 510.807280
423.795588 262.803604
419.360454 521.418449
416.669903 524.433351
433.749530 209.613862
435.738914 263.707725
426.206032 206.182840
437.337811 286.308831
435.446950 216.476713
457.165950 279.981423
446.477021 230.519675
456.781890 282.754682
442.516453 226.116563
457.597905 249.186512
471.110953 277.690219
454.545665 238.343435
479.531333 297.155487
469.038938 265.072693
481.111502 305.364010
475.984890 280.704200
476.066408 277.198235
483.783157 299.584488
477.004876 283.565515
482.649215 300.168485
