104.343159 268.965493
102.811298 279.180932
108.009280 285.378979
112.687354 257.232737
113.877594 286.500317
116.549184 250.984024
124.311371 282.640991
127.262092 241.356094
133.294762 265.752380
131.304503 239.562822
142.027667 226.727541
139.779185 260.978234
145.424589 220.371467
147.486330 529.417529
146.657733 532.036535
150.567764 265.645944
148.118260 521.663468
151.445553 202.742175
147.858369 534.165091
153.337107 502.869788
156.785173 255.086062
159.706776 188.536002
156.578686 494.512414
161.943706 533.551725
163.131553 251.128046
167.895107 177.691081
165.290598 484.733784
171.515484 237.502379
179.210626 167.973768
171.000618 475.495777
173.481754 529.662770
176.789976 469.690146
177.452823 233.802027
180.606567 524.570812
177.956579 169.029195
186.167111 456.553392
187.450949 221.712069
189.997019 516.532154
188.783539 160.181617
189.601185 438.699615
193.590776 215.215888
197.501713 510.529561
198.496866 151.885422
196.460929 433.805433
204.964328 209.356139
200.758419 428.267681
198.139465 511.007050
208.054983 148.527668
209.329713 498.002122
212.628789 411.914999
212.091701 205.054818
215.835424 484.320622
212.687008 144.774927
217.368301 410.904519
221.842514 215.496050
220.664169 227.365886
224.219696 398.234941
217.163528 485.208097
221.325560 235.650491
225.209351 144.796356
227.335283 384.623286
229.170063 248.929804
231.157022 462.492073
229.206540 251.167862
234.563832 263.357585
230.801260 373.418091
237.946819 148.232584
239.295340 457.071498
240.471499 274.349751
239.875275 282.231019
240.070390 357.653738
243.175425 292.502606
245.173324 302.578693
245.214010 345.665884
241.472126 456.675900
243.549250 137.296607
252.153782 90.743079
250.481843 96.387661
249.508054 107.858406
247.619114 113.416249
249.277642 312.897763
246.655943 322.087126
246.198591 333.841363
252.790603 452.408911
254.189761 118.447884
259.807639 82.226996
251.959960 443.979872
268.236745 73.590239
267.360079 425.530342
274.302206 66.570152
275.805907 415.927642
276.519619 411.774834
282.541592 62.917324
284.013960 402.676621
289.918212 61.474361
298.425347 398.226171
301.304754 61.839088
303.128614 399.723678
303.527986 63.167214
306.372207 404.150229
313.101465 69.629930
318.011465 408.409657
321.726382 79.764733
321.244290 415.974748
324.621477 82.341589
326.043541 429.827538
333.498536 124.033943
332.565686 134.723421
329.700551 90.283187
333.976564 430.885045
333.240274 104.433840
333.777444 109.174573
332.140242 336.606312
337.048249 151.738156
339.351063 309.777133
340.217545 320.966096
341.383834 330.937801
340.802806 346.214682
341.525737 441.673435
346.152230 296.349417
349.285210 301.119523
346.345912 356.006800
346.719330 366.683705
346.898301 450.904216
352.900004 139.132521
351.328461 261.109918
349.452755 272.667804
348.058262 382.912775
355.273341 459.678798
353.417743 239.335886
353.301864 245.894467
355.284514 387.456537
357.584796 466.725779
362.387724 139.710330
365.290263 222.762048
361.629234 234.114648
358.623065 393.101267
372.226341 203.840902
361.120577 400.047785
365.330755 474.077142
366.405420 487.812814
369.958118 146.700989
367.510383 416.985641
376.655677 486.823847
375.961556 209.444342
374.075774 427.547034
380.264323 438.383368
378.572889 152.738679
382.866214 497.693965
385.687510 217.238653
383.578887 446.011014
388.195032 506.341365
388.489003 156.615936
391.781885 456.439876
392.915995 212.457115
393.427698 514.079710
393.567793 458.927728
395.548395 525.534083
397.374170 160.972576
396.183864 464.013043
400.895206 219.834651
404.081184 478.056622
402.712887 526.834098
404.600995 168.885686
408.639282 236.076174
408.273497 488.261053
407.827677 531.272946
414.057184 177.142628
412.787527 237.384533
414.603961 500.302508
417.352899 180.697792
417.061395 248.854282
419.443733 506.562328
419.980273 529.608231
426.211480 194.507578
420.198535 504.290873
427.155018 248.709819
421.421775 513.701691
417.336828 527.915863
431.384092 197.950995
434.547147 260.685937
437.559322 209.232288
439.485926 261.485835
441.292371 212.720741
444.699320 273.182734
446.446886 223.341759
455.478635 280.457601
453.171922 230.467207
457.231550 236.852099
462.514002 285.229557
462.912264 248.677271
470.364913 291.564118
473.409318 264.935975
471.599832 302.970983
477.097566 265.827123
483.619751 272.620681
479.158253 299.073537
488.326491 278.118044
489.950324 282.194941
