105.327180 275.667081
110.453881 271.236165
109.707712 276.298030
117.750158 268.833333
112.846657 279.170520
131.022240 249.643947
117.754842 289.037920
136.778877 234.647357
128.748375 282.089501
138.489098 238.885306
141.866032 224.264690
144.434583 269.872275
149.315845 204.866130
146.535445 529.721576
149.018361 526.983787
147.766603 250.790903
152.698709 525.122216
147.676316 205.658675
156.736766 540.742326
159.017258 517.719952
154.262310 250.516697
158.451872 191.973508
166.238571 500.434773
156.832124 543.193219
161.369938 241.995580
162.317197 193.156196
172.658005 478.644033
170.737922 235.676357
179.250801 170.871743
173.456293 480.413901
175.854522 532.536374
180.309174 467.547250
183.266593 232.595444
186.433296 524.821288
184.368639 164.534873
186.776008 457.242275
190.058676 216.549981
190.545706 520.253531
195.628426 159.453356
194.864099 444.948569
198.887261 215.523773
193.275895 517.833516
202.749485 163.255046
200.790959 443.924825
198.229699 206.259276
204.098430 429.043030
206.498613 501.994356
211.781711 155.358483
200.372018 495.863032
205.507475 407.651478
208.065312 210.674166
216.373827 473.959551
222.640056 145.814934
214.557836 415.973154
213.375618 218.628028
218.012831 229.899805
220.051566 409.488226
217.399607 475.836403
226.732124 230.448922
229.453716 147.144637
229.063172 389.560723
234.303683 253.234104
234.043616 463.053884
234.055731 259.434284
238.489780 257.973661
238.634686 359.952536
234.424931 153.165655
236.058020 462.747155
236.702206 280.739572
235.887005 282.338309
238.512901 353.618401
249.549002 293.142078
244.814897 309.353758
249.350141 356.597520
247.919912 445.335749
244.226866 138.089890
256.048732 90.253249
253.684460 96.917957
250.512412 104.221625
249.225602 111.647952
251.360136 313.249179
244.026672 313.785185
247.481995 329.338607
251.796764 441.972860
244.014436 124.290379
267.307831 73.689370
259.839737 440.306684
266.863539 75.767687
266.633232 431.305192
276.533568 68.823728
275.738859 409.685332
277.611677 401.171494
284.594931 61.106842
289.143701 400.371519
289.309953 61.079148
294.132120 400.181734
288.017264 61.252831
303.272698 390.011426
307.503252 65.045261
309.564362 397.149937
308.273731 63.993471
315.335369 409.433155
314.434373 82.697560
323.547421 427.859921
318.812592 81.661597
327.719386 427.674007
338.333088 129.645440
330.073563 113.285031
333.950674 101.109736
333.678720 443.474804
330.154891 99.209593
335.165563 113.928134
333.198657 342.147454
340.193011 146.898116
336.689983 310.515079
336.573655 324.635659
337.259521 324.768946
339.599692 353.255157
345.491454 444.521887
342.772154 282.364305
353.603951 304.677261
341.575085 358.841220
339.410385 368.862102
352.282079 453.215749
354.041590 146.875974
351.654460 265.346119
355.639148 268.845569
344.811671 372.724328
356.005701 454.171856
354.338319 244.508466
350.000903 247.491655
349.505014 382.319906
359.971973 455.797079
359.129126 144.000487
363.866074 224.638902
354.330317 235.790978
362.128898 403.075376
369.293228 204.474583
372.069921 415.053978
371.784733 474.775172
378.070931 490.144382
361.126822 150.689768
371.296709 414.718398
380.979481 490.825623
371.248972 207.945245
378.292568 427.342413
376.057145 423.130870
377.888861 156.207025
380.958257 486.955737
379.484425 196.361824
384.115695 441.997254
392.146172 499.215610
386.459054 164.129539
387.766784 457.874450
388.959982 209.161916
395.390371 507.059551
392.877295 469.727698
390.408468 517.674211
396.200781 167.813130
394.956927 472.485839
402.977863 230.105034
398.091084 474.510896
407.249744 522.371291
404.579608 172.219751
404.298196 237.371526
408.246469 495.774896
408.005733 527.546147
408.983261 174.965943
412.627353 239.778083
412.854955 507.732353
417.041822 186.765132
414.503881 247.604549
412.684448 504.259189
422.311811 528.098333
419.303945 191.082606
424.935170 520.309230
430.030921 243.372574
422.950693 520.284149
420.490763 526.785305
424.493916 200.020550
435.854995 255.317493
431.761550 216.287026
438.696673 266.563142
435.708564 216.651593
444.295313 269.191973
438.020983 220.328991
459.310604 288.578046
450.688003 233.145526
461.564986 244.060168
472.916472 291.634871
468.007846 251.611800
475.341694 291.215417
466.702957 250.083524
473.619092 301.025458
474.147161 261.354014
473.142002 277.539668
478.047876 296.527799
491.777699 276.364000
492.045659 276.631065
