104.850523 265.903035
107.842586 269.716849
108.684819 276.207690
110.751363 258.828496
111.268325 290.878577
119.961657 246.886233
121.927541 280.558636
125.175228 243.513452
125.421044 283.711148
131.912163 237.140154
144.068636 214.818907
137.779919 265.917200
145.839293 212.154842
143.676289 527.659160
149.292082 535.443307
147.987569 263.030167
148.482598 513.200911
151.021074 203.813569
155.532671 537.036606
153.669991 504.329023
155.933140 252.376609
156.126992 197.631253
149.555525 510.895350
162.001527 534.605559
163.720462 245.252828
170.587088 184.873008
165.209092 491.573016
170.880026 236.304333
176.994041 174.494958
171.917094 482.786222
170.822420 528.382063
177.355585 469.963068
179.644579 226.788736
182.222508 523.722342
179.793468 167.669670
182.557666 457.031628
184.499544 219.039676
186.381459 517.278531
190.912309 160.009735
189.512707 444.397881
192.689673 216.847928
196.048186 509.633931
200.370040 152.722791
196.495520 436.919828
202.144963 207.053891
200.496099 425.561014
200.078546 501.524647
207.782304 153.308392
208.579907 493.451804
210.966707 416.328859
203.775322 218.846239
215.114218 484.936643
216.380897 144.311202
214.104568 410.387683
211.643058 208.062057
220.190549 227.383347
220.654988 401.594239
217.555231 478.577893
224.473392 233.360206
225.438443 142.675367
225.802074 385.808637
228.848257 240.281100
217.969018 457.135926
230.583321 255.418284
233.383763 264.350179
233.815996 372.269549
234.922890 142.919835
226.478275 437.467209
239.006541 273.440582
239.196141 282.474462
240.775230 354.751055
244.072536 291.416140
244.498710 301.786948
244.865050 345.851586
242.154394 448.126548
246.073802 138.441245
251.562786 89.289732
249.353769 97.272800
249.380708 108.222558
251.251560 119.779576
249.636449 307.838168
242.769428 343.286267
248.793274 331.400647
254.038998 441.974166
254.285232 123.343093
258.864783 80.448140
258.489224 434.708398
265.838584 73.686282
265.382751 427.420635
273.438917 68.253565
272.987893 421.298992
278.266470 411.461295
269.772186 69.505946
286.755673 400.801199
291.486466 60.828073
297.335627 393.964319
298.878411 59.840072
303.193381 384.900494
306.205855 63.514233
309.072319 397.693726
313.434586 68.278483
317.033052 405.266465
320.913634 79.924114
321.613548 410.704179
326.116812 84.500711
352.089582 389.476434
330.497391 121.282485
332.257904 129.946862
331.939670 92.763846
334.090758 435.926406
332.979950 102.704910
333.630086 112.886023
334.879567 339.719305
343.552830 137.975753
340.019914 306.954280
339.389076 322.492720
337.188561 334.030760
340.488038 348.787338
342.342723 445.326471
344.993005 289.174797
344.859081 299.174839
345.666682 357.350791
345.008538 367.956374
347.242009 452.966196
364.153478 150.029346
353.354564 267.024503
351.840454 275.995356
349.570580 378.779939
353.529892 456.261038
355.387351 242.833650
355.842901 253.817943
354.709812 385.604764
351.431353 460.745109
359.888278 144.143529
360.231931 221.486742
362.580746 261.453465
368.120058 370.347989
366.462236 245.572011
363.441762 400.834101
344.589483 495.065353
368.634269 482.326401
367.667237 146.867682
370.095295 417.543704
374.874327 494.618550
371.879884 203.841943
391.705035 449.849251
379.147028 439.643834
377.307408 150.126653
383.389073 496.598842
359.377881 209.802568
383.475894 442.008492
387.677403 507.096611
386.600844 154.698926
390.179201 448.114739
392.909761 214.620921
394.093246 516.434771
394.411144 455.570654
400.398991 523.308961
396.841208 162.759675
399.442675 466.127696
402.227350 224.226359
404.610712 478.369899
405.662007 525.268654
402.642597 168.013576
405.571320 231.672954
409.976208 489.474659
412.398597 528.418451
410.564136 174.083349
412.725188 234.519403
415.731030 498.773121
418.062530 182.665841
419.605122 243.643342
420.258274 505.023022
418.722099 529.465223
425.435756 192.682267
421.566932 489.612197
427.490029 251.241162
428.672861 519.521469
422.956285 522.086104
429.854075 197.351229
432.520367 259.851312
437.321363 206.693865
439.001713 273.616324
441.412789 218.966639
452.519741 293.732788
448.390860 237.395106
454.820221 285.564232
452.488658 234.496831
459.190195 243.567524
463.528945 288.245972
470.416129 252.912664
470.610198 295.415295
453.923123 283.894609
472.220521 299.435974
478.557301 271.557191
470.386206 252.895198
482.217172 293.306415
488.358782 282.562915
486.225935 287.912106
