37.564396 74.334843
33.313442 109.125543
39.081813 132.693393
39.475525 52.662795
42.340374 31.684554
104.666155 41.823414
121.309353 94.871765
129.427212 106.526899
157.258673 106.120522
166.502789 42.412371
187.285344 100.322185
174.778500 55.278658
177.167494 73.896577
188.553445 24.148420
221.193288 174.592362
230.428451 164.169496
229.838632 91.440358
232.822452 58.205981
242.807838 67.296086
238.012562 118.139339
235.346564 147.090282
55.111096 28.340143
208.001340 25.145832
223.630956 31.614492
116.254366 76.637667
117.671493 46.845039
79.742720 32.131824
41.766658 153.760443
51.567062 164.383357
49.137819 174.857107
