36.066236 72.858851
37.558539 102.338356
31.668229 132.796223
34.514258 50.130262
42.691871 33.128506
111.310148 38.130241
123.234832 91.454923
136.664396 102.699955
154.277219 102.470627
174.197012 34.410945
173.844195 95.501338
179.592288 56.196089
185.608623 76.386928
187.608252 26.284829
226.626459 175.750057
226.271414 157.005679
235.656857 84.611130
226.288301 54.055989
228.807207 72.109807
235.396770 116.124849
233.931073 150.441756
59.475273 25.389611
197.328520 26.862860
219.989207 29.742922
114.747713 70.484235
106.406432 50.401923
75.441195 28.600532
36.845915 154.443353
48.103621 163.333517
44.831263 173.749767
