58.965858 144.415545
59.187474 147.219223
55.732267 133.180334
72.089631 145.901137
72.308329 154.238732
75.635973 155.858366
97.747410 236.285633
86.282152 234.862232
95.733107 235.836828
94.113931 272.990415
92.412011 269.838371
97.246883 267.688297
102.821010 154.308970
102.971222 143.186696
102.637622 143.561953
117.445631 233.009872
116.678447 238.621989
112.110650 226.795460
113.161080 189.025874
121.694809 183.037110
120.999744 184.921219
113.668565 216.294090
119.385188 208.710908
124.809316 204.903412
129.281248 269.476512
122.592098 269.744621
119.518651 267.992640
125.561385 167.585992
130.466897 164.261232
126.083642 159.307604
132.271677 137.483937
131.989598 145.428542
135.238610 140.196371
137.712812 305.905964
133.364677 300.293160
132.064044 300.608278
143.718413 155.135875
150.148055 150.925474
144.887434 156.241516
150.103168 127.343224
158.413554 132.878532
157.227408 141.010798
163.599024 344.872147
169.841314 334.773595
165.753439 342.425321
169.608685 186.105653
173.769168 191.875422
167.293221 186.530016
182.195113 135.808390
173.514236 147.285229
186.709466 145.308596
182.969680 180.990605
171.080679 185.232610
182.873704 191.763773
182.538655 105.385924
183.453461 103.568804
192.171571 107.276281
186.368567 244.238731
193.923159 244.747950
197.047644 241.429123
196.752882 151.538342
194.925837 142.098116
187.785816 139.292801
192.942618 98.033602
193.387711 90.063773
197.105101 89.572332
195.719123 364.945254
201.981413 368.550036
196.761392 359.762838
193.561755 155.684704
204.403483 161.902454
199.913710 164.886310
205.231021 228.236808
195.911327 235.175743
191.798543 234.214827
203.845760 60.192471
200.112480 61.048903
199.071594 61.260082
203.267648 185.646109
197.892595 193.406928
203.356071 191.951794
200.469422 305.945829
209.992483 312.935039
203.637624 306.834625
200.795026 216.564413
199.717213 220.480257
201.693750 217.661756
211.937614 144.650667
207.971455 136.033235
213.101201 152.635521
213.412785 169.539005
208.271588 160.505760
219.113557 165.733776
212.724405 311.715512
211.642093 315.494009
213.746852 316.259227
223.100823 326.718395
220.454968 324.365888
221.353500 327.821473
214.617080 258.844185
228.362791 248.380830
220.457903 257.769390
215.203894 272.087196
221.059015 272.575606
213.253221 274.452900
230.116574 185.046901
216.359003 179.460087
224.623691 184.456580
223.714880 316.558479
228.263027 315.869021
217.019737 317.703264
221.684866 164.623352
228.104955 168.536624
228.565145 162.126732
222.988269 75.848853
222.586331 76.501099
226.701237 73.095873
237.463911 329.900165
229.875043 331.866102
224.386043 335.485628
227.677368 95.917162
238.672407 88.871260
234.952110 93.953973
236.224185 385.042736
241.386828 386.952202
238.296003 384.393895
244.317818 295.089388
237.498368 293.245824
246.442875 296.181104
244.081745 156.240071
230.398029 166.189978
241.940117 161.701417
235.202745 139.628741
239.150036 152.531496
239.525849 142.069261
244.954413 334.299218
246.505750 330.347578
254.048037 335.920761
242.529636 191.460396
256.242334 193.039017
251.356256 183.978972
247.186318 117.557612
244.433206 108.096398
250.856455 113.943038
252.350717 140.785526
252.356122 140.279806
261.610803 136.378026
255.121665 166.549524
247.590547 159.791436
249.902947 166.976546
267.712346 372.977364
262.552061 373.987726
256.957474 373.953634
267.081636 176.838457
252.521164 183.665534
265.034403 188.829804
269.172224 157.617089
263.022519 154.738762
264.111724 161.056362
274.149207 144.355780
263.436074 146.684780
265.576908 146.868133
277.430378 131.333753
273.676369 131.511158
281.953809 131.905811
273.753872 147.036001
277.632916 144.506601
276.316003 140.845141
284.655994 283.259308
282.245559 281.139164
296.005074 286.805224
287.168563 237.511154
284.145624 237.739703
299.363163 245.871254
292.696497 348.398155
291.509445 342.779199
296.942904 337.861482
298.980733 238.846570
299.972961 234.523195
296.090866 245.204186
300.914997 140.249805
303.195846 136.318834
304.127986 135.175556
316.113655 332.931285
314.259303 334.978436
309.102652 331.666414
329.284714 140.277158
322.683741 144.864419
327.492792 148.794045
339.224968 313.750061
344.500034 306.541409
337.816448 307.230507
346.656544 163.656166
342.967431 168.228161
342.493862 159.317154
336.343319 137.588302
343.615853 139.264986
352.937189 141.311640
355.825942 183.427946
353.909368 177.847015
352.329398 177.636709
358.782817 228.148154
364.820537 239.210950
360.179882 230.556880
353.745163 269.807154
354.955103 280.804071
352.143957 274.388290
372.431099 268.455563
362.751845 269.804313
366.204193 271.709587
381.610994 249.841198
381.497884 249.715482
389.566665 247.950754
381.866786 142.805958
379.615996 143.982489
380.001958 142.288475
393.518055 121.344196
385.842830 132.066261
380.230806 133.145703
217.874627 46.050962
209.179408 41.446251
211.980517 36.653632
218.173320 14.649599
224.514105 22.896978
219.496499 23.996516
223.031573 37.005794
223.520286 36.636655
218.524580 30.480155
225.680466 36.184387
212.077421 39.852969
226.519439 40.265134
222.038560 51.751076
219.147553 49.916324
226.714540 49.856419
224.420099 54.874033
225.931941 46.537282
227.882986 51.680456
247.484307 109.599359
246.975426 105.462018
241.976947 103.653013
381.367019 150.630001
371.384806 154.283142
371.495126 150.728478
122.676111 291.152624
122.816839 296.165204
121.667705 295.577615
107.739800 275.772073
102.439546 274.854447
108.696593 277.137719
99.782774 218.722015
102.464461 213.251322
100.505292 212.317596
104.253905 216.323968
111.812461 219.515007
108.524197 219.265351
116.814317 224.212310
120.662114 224.807556
118.372809 225.441448
116.620513 208.678894
112.650760 212.248099
117.275085 217.832633
119.935372 203.161970
122.687904 209.163922
112.545924 203.686129
157.211137 152.676865
160.719929 144.771705
159.617167 157.701155
162.125960 141.157605
167.589946 142.920087
164.811642 145.268824
230.882561 142.543101
234.897397 140.084137
228.398758 143.143570
297.036978 148.935511
294.211648 138.923457
293.527092 154.010348
306.877073 146.379580
300.730541 149.003796
296.121963 153.511490
306.164782 150.233562
307.551889 148.463910
310.130272 150.906629
311.179987 154.261095
317.386234 143.628899
328.920275 153.538986
325.910488 153.538299
324.851730 152.572459
331.362789 152.608497
337.614974 153.325415
332.134295 156.849148
327.316414 154.123548
350.583320 201.337542
359.385868 200.534138
361.630381 200.392667
353.327988 210.200931
349.088410 212.234229
361.105916 207.034786
360.960643 222.711039
363.351612 215.894370
359.513981 220.830553
363.781822 227.395974
357.767514 227.739158
361.445853 227.823379
373.595509 222.052116
371.517777 218.735370
370.072139 221.722765
389.231018 224.082553
381.066794 227.364589
380.970887 226.191899
355.305345 284.593720
354.942008 276.983792
360.133946 283.233451
351.585741 284.442056
349.066222 300.709417
354.786537 298.787275
238.802973 185.131675
238.191279 186.790221
234.431927 179.480422
283.924169 183.578798
272.016735 182.574955
276.538678 177.904573
288.028771 179.374775
285.485577 178.407987
290.968193 182.286213
256.365806 326.406613
256.734866 326.792133
259.136170 328.098999
266.190971 318.061884
263.126938 313.663618
261.569016 319.750049
275.981358 309.299772
267.745914 310.020864
263.091459 304.271324
266.569006 313.859445
270.484352 302.131062
274.506352 308.876353
263.349919 288.893202
261.072923 291.666445
267.818431 297.395130
201.051170 328.574557
210.560996 319.259533
211.976340 331.844131
191.692346 300.149971
194.640209 295.978539
190.108649 291.438926
192.011304 296.390974
192.398980 299.938060
198.217301 297.121755
199.598991 301.374401
201.152327 301.284669
201.410524 299.318479
242.926431 316.366332
241.728843 320.731123
252.208075 312.405654
252.034778 310.958304
258.177642 306.831774
249.305996 310.166745
265.546481 308.947234
259.119895 306.057648
257.034278 306.480986
196.207591 312.935926
193.502020 316.020703
203.111559 322.556841
186.093115 302.055538
194.195930 298.345643
193.065900 310.390589
206.908381 292.514440
210.732740 292.882350
219.322018 287.265007
215.295044 289.382510
222.737571 289.305163
222.033796 294.930544
222.203085 288.667051
234.116480 297.031073
226.743866 304.623878
186.516006 243.213372
189.795173 238.199058
182.173540 236.335819
183.868220 242.723330
182.379429 243.682846
175.186310 237.882596
165.478189 243.701081
167.585717 241.038363
171.361012 243.632677
161.745970 245.214819
162.898265 244.030424
156.944018 244.921617
152.814557 239.862248
156.287720 243.195761
154.440014 240.939038
141.332826 239.350669
151.290423 239.608551
157.215144 231.245687
152.054039 238.275618
157.900854 233.345029
155.525322 229.702419
164.242823 233.827581
166.666009 228.946193
160.837184 222.355909
176.166864 228.403360
173.792427 227.781945
175.438847 236.459529
171.764456 230.958607
180.712838 230.859670
176.710526 220.384314
179.268280 226.816514
185.742423 228.343478
184.953825 227.254451
185.351818 232.144792
194.287142 235.418393
186.427584 223.211138
164.733642 235.565591
173.559918 235.190986
168.946982 237.317300
148.070508 222.271105
148.140728 214.421169
145.162752 219.923798
153.788670 217.269442
152.351757 220.497813
148.768202 223.889638
162.547093 207.735825
163.058802 217.961615
161.994146 213.802909
172.925882 212.159110
168.136508 208.482835
166.018818 218.853830
171.479396 215.102585
183.099139 211.679636
175.414096 218.488996
192.105309 215.646253
195.870142 223.801165
194.135637 221.741121
275.563776 231.209545
274.115316 237.203694
273.647181 239.604285
276.468493 250.088524
273.244240 238.785794
276.427121 231.736160
285.331215 242.269076
285.637793 246.709127
293.952779 244.368994
283.398197 242.352522
285.729321 240.177302
289.459464 248.649758
312.607691 233.487948
304.446654 232.747089
318.134538 240.131888
309.624731 236.379135
309.476012 229.992560
317.184819 223.361538
310.059903 226.832803
302.395221 221.577443
304.633398 231.237954
302.372505 229.613843
306.401765 219.598866
296.244600 223.402149
289.362857 221.589430
300.008102 216.328831
298.160152 227.455964
289.482658 218.165010
290.072130 232.798770
287.188814 219.259210
283.575667 226.359904
279.724669 225.959720
280.832211 233.639371
279.267951 227.267400
278.175958 227.980211
276.617274 234.755639
272.453686 227.127838
275.074781 228.795379
271.700934 223.489173
291.911809 234.226465
289.838998 228.046194
287.937460 222.542622
262.538395 217.326474
262.170109 219.271086
261.789949 217.699063
272.027503 218.595396
270.484623 216.787826
273.580432 218.207278
283.147888 215.210989
281.756720 215.415394
277.456146 212.745724
296.736612 216.859264
295.208613 218.718396
302.021148 209.430878
311.824127 212.368463
302.810384 209.459385
305.535269 213.692591
321.546988 212.874596
317.399662 214.450326
315.907332 214.664801
316.224448 219.691310
323.243214 213.645519
323.624042 214.703177
