63.335394 192.130125
63.052106 171.503488
70.386254 180.772678
68.605958 145.717845
83.522993 138.327998
79.214196 144.650893
91.016114 115.576860
99.017407 112.983364
89.436959 104.556434
113.179125 101.116877
110.510361 97.937688
113.140455 95.133098
132.714264 105.838971
127.257978 115.169506
128.305433 123.076749
125.550642 138.403892
129.394772 136.587336
128.603133 118.682363
114.580320 149.509560
122.639288 161.457788
121.983446 165.606652
118.043077 186.228860
114.917890 193.594566
123.669673 185.248095
142.483076 204.442193
137.221729 205.642896
146.526672 201.147826
150.647680 179.923725
162.814390 194.656700
152.927443 195.904965
164.715860 205.659973
169.516254 213.769723
170.512652 215.165925
203.449381 247.083876
189.879342 236.293884
198.781013 232.005576
203.320786 266.586429
207.514298 262.287267
194.188323 258.204830
233.118930 182.517364
225.392314 182.526244
215.741854 190.275119
248.067740 183.814909
240.566918 181.921153
247.402835 193.498991
281.683232 160.359812
284.819227 151.398512
273.660115 156.889823
275.940580 115.441258
285.221232 124.719221
277.592396 122.818620
285.540026 100.699920
279.463417 95.916702
279.116119 100.735513
276.129977 65.247663
275.797999 78.650581
289.960252 71.873083
287.425236 46.480892
281.532764 49.976373
279.246733 54.991569
298.938303 28.034704
309.168031 24.868536
303.699327 28.788735
325.216801 29.333899
317.901265 28.486877
332.412623 27.288439
326.354087 69.643317
344.749007 59.622278
335.668720 64.898724
336.271717 98.849654
338.475675 89.726500
328.817224 97.095238
324.158084 140.508472
334.291975 144.933002
329.692867 144.470666
330.974115 168.392843
330.367321 169.013344
336.591686 161.395099
316.046786 190.178345
321.736544 190.652933
322.003486 190.123719
313.002772 228.708552
314.160136 223.882095
310.417311 227.734977
326.287591 235.832479
329.727140 229.866378
335.249200 225.402722
351.656121 221.922479
339.252573 218.213432
347.453671 226.907614
349.464169 209.989785
356.858592 208.856660
352.016163 204.561074
354.378775 206.290738
353.244640 191.079113
360.708422 205.228730
362.219230 175.132107
368.822932 169.128918
379.782524 173.329527
373.050338 147.854042
381.428927 152.327956
377.167320 154.930547
393.398878 137.472953
403.555493 138.735149
394.765102 136.486796
417.216677 143.449050
408.280016 145.857314
414.870487 150.056433
421.780480 169.717514
421.353304 174.282757
421.888729 167.000304
378.082246 220.348269
380.436892 225.619607
385.555278 220.183032
367.954074 260.237479
371.061218 259.563712
360.697704 253.048140
341.144623 295.061535
343.967110 291.785736
345.500352 291.092782
332.145791 308.245058
330.352305 313.816665
330.265853 315.213241
299.666228 362.169740
289.899124 357.058483
299.616519 354.940355
275.866396 398.128719
277.586118 382.971881
281.967280 395.981001
233.233864 394.847548
239.581428 398.460591
230.719725 399.992576
265.255898 426.716225
258.116095 434.916713
267.160836 426.684358
110.707624 403.888977
114.348182 404.760787
126.167559 406.734340
112.816018 362.633482
118.316795 368.815349
107.792350 358.859870
93.609944 288.990499
85.434496 307.838469
85.142593 293.595377
60.008015 228.647940
64.402197 231.235442
60.340863 221.248726
161.755749 172.069269
151.055942 163.871842
157.610874 165.745369
172.324154 142.588606
163.568176 139.766096
169.763608 134.200049
175.664720 117.480129
163.367759 113.263941
175.797416 113.068961
161.177054 102.306985
169.623919 91.634290
168.176729 93.853521
163.415553 62.507478
172.713599 68.341957
175.361646 71.939556
182.196859 42.212188
183.856721 46.801491
180.146831 43.858601
199.351381 8.542373
201.562560 21.942034
206.411468 21.069503
207.231360 18.061586
217.398461 7.504474
210.505762 19.233282
219.540228 60.909766
229.799616 58.908837
229.938484 43.860085
214.236888 81.051757
231.127721 79.082341
220.393426 75.645665
209.756005 114.040563
220.066330 127.881318
206.333883 128.538443
202.573034 156.026350
217.157331 153.016758
209.114602 167.389404
417.509368 33.543656
426.563965 44.242927
423.672070 34.038805
