-62.761841 -69.040624
-62.421876 -59.383294
-55.007613 -90.204723
-56.719641 -99.380113
-52.778544 -98.422906
-55.907019 -108.622514
-50.364302 -135.495107
-52.861215 -119.345028
-41.753346 -129.699670
-42.870750 -152.333515
-35.271147 -143.066049
-33.789175 -150.856708
-30.394155 -150.511726
-32.391730 -171.318630
-18.136372 -174.874962
-15.572198 -180.515741
-5.870272 -188.378483
1.987201 -196.810448
15.697814 -207.088118
26.248028 -178.847832
34.255638 -180.803317
40.565314 -175.231446
44.988445 -171.226423
34.961349 -149.623631
29.891507 -148.291913
23.119518 -125.955514
22.366788 -119.815046
8.739893 -114.016054
24.808494 -107.082408
17.635171 -109.293202
18.688724 -87.650244
24.267982 -70.606861
28.571582 -77.832115
42.450681 -71.891627
47.582409 -52.546023
52.588968 -74.048712
62.509000 -61.462453
73.498653 -50.974106
74.414880 -44.876473
81.189114 -45.754734
-55.289946 -32.715281
-51.584360 -28.937157
-61.001613 -30.054798
-55.024799 -25.100622
-54.770694 -1.674339
-63.899656 -8.069104
-60.167898 3.772046
-66.852704 15.839434
-58.562509 43.452115
-65.873633 37.407456
-57.065392 44.651211
-61.982876 174.498343
-55.983907 65.865762
-53.562455 71.331607
-61.280210 57.024299
-51.138550 98.700257
-38.561546 101.755202
-38.954153 117.370619
-33.866742 121.387768
-19.995835 120.542406
-19.318890 135.471018
-13.871523 145.501791
-20.815381 148.619159
-31.350732 145.155476
-37.296615 166.686435
-45.914886 149.030284
-56.386565 159.914267
-62.110475 171.266583
-87.914586 166.671108
-93.006454 177.333646
-95.315341 197.225288
-91.107042 184.531063
-100.377543 232.637584
-83.440712 201.091600
-77.842161 197.523240
-64.697761 226.121766
-55.673231 213.106196
-49.351758 203.502046
-36.477763 216.370573
-26.671919 223.631891
-20.817944 209.949769
-4.605046 214.677251
0.154265 203.853220
5.781225 220.783640
31.955306 227.573801
40.678373 214.188260
39.681615 207.605064
49.747260 217.813958
69.325978 220.728242
83.121923 214.334249
92.634252 217.006570
105.214583 218.209777
95.958232 198.622716
106.493885 197.147792
99.715150 189.633479
85.753995 151.952051
85.474603 156.905027
67.879587 168.902334
66.745664 165.779686
49.059572 151.904183
49.438562 157.488806
34.634997 137.527790
32.538108 126.599249
50.897810 115.772643
60.777671 131.098361
61.108612 98.942457
78.180219 -41.202912
77.706535 -1.661641
76.575277 5.697184
75.547434 -2.445440
76.983083 11.348118
65.073798 29.874203
65.815256 42.055204
-35.576766 -109.641916
70.502268 54.495644
66.452820 55.853795
69.240890 84.327716
67.516200 84.600192
59.246224 87.761840
55.773184 95.853558
-38.228657 -101.196725
-22.671219 -120.985358
-25.747241 -109.630090
-22.986810 -95.236160
-21.084704 -100.327457
-14.816685 -96.211146
-14.968618 -73.264635
-24.296687 -64.217333
-29.193085 -73.168732
-38.338961 -52.137620
-35.076711 -96.942763
-38.381640 -83.646041
-44.943027 -87.912613
-43.532421 -80.263620
