56.427521 103.335182
50.879451 108.191804
45.800848 124.511885
54.878497 128.058738
52.196056 97.975476
66.147026 142.471350
80.659001 98.152176
73.721985 151.780084
71.791588 90.192352
85.332952 149.805001
86.364242 82.080036
96.258969 148.475262
95.175700 77.136201
102.881260 155.086976
99.954634 71.404223
106.707847 155.149093
113.216623 67.582474
120.086244 159.175169
124.796798 53.009574
128.289319 160.680260
130.105509 50.097207
148.047142 165.272405
146.757088 53.416054
135.939324 163.747491
143.195759 55.179189
158.180609 172.596095
158.658786 48.155112
162.516187 183.973099
164.574977 57.762345
181.492365 183.854643
177.457977 60.782722
181.241268 54.925624
179.864595 190.423105
190.302884 49.977376
186.043468 192.913023
205.807232 196.044491
192.569228 57.075661
207.836424 203.076354
208.066353 50.811384
212.174134 66.689869
214.583990 75.958624
210.988011 79.941106
219.380709 209.646731
228.578015 89.224448
221.372785 216.048036
224.207170 364.619823
227.841766 98.619372
241.867644 224.172783
228.371125 373.319264
240.431803 344.489308
244.181443 355.944947
253.638981 90.929487
234.721866 226.554174
241.176804 377.846150
241.659786 332.079424
253.555237 95.933227
255.430648 226.896197
252.205722 326.956531
257.273677 375.973841
253.396822 292.702830
260.479043 297.079497
260.372725 315.882521
254.636247 369.422821
259.688028 104.334344
253.537296 239.753533
259.375724 261.485400
259.108294 274.675727
261.448687 276.408463
280.111631 357.370773
271.913217 252.358339
272.049283 384.957961
274.592888 402.847392
282.097868 334.224854
269.740641 351.671615
282.966495 97.319793
274.682176 380.225323
275.854264 314.057659
274.873099 408.451571
282.533835 359.799394
281.652053 370.389970
278.849844 292.147124
281.054033 296.328825
283.719775 304.722535
276.581848 100.367526
284.035357 339.288945
288.119258 344.838184
278.903047 265.378104
283.291703 403.348895
285.039372 297.347305
293.815243 313.736661
291.863958 318.991936
289.562890 103.002748
297.726172 279.720314
302.930531 295.099213
292.793916 402.336877
297.987531 380.625118
309.734059 395.710629
305.679071 100.710243
299.936675 352.331248
301.593685 362.939678
309.270594 373.127242
315.600344 322.878669
297.847625 342.003337
305.176392 347.110935
310.414231 96.970657
313.881961 304.462179
315.394347 287.183284
311.416756 298.470859
324.465701 91.949392
322.964713 265.606477
325.685203 275.462371
331.045282 249.058416
335.314728 95.190490
337.793893 236.658508
335.375026 96.801725
342.714795 235.356653
349.877707 93.169483
355.759203 233.816667
366.203407 102.527749
366.265557 236.049953
374.575378 100.704358
376.536204 235.107220
377.697967 97.499858
383.874893 231.264364
391.748163 91.502758
399.454556 227.597824
394.538760 95.269604
401.261786 234.468151
407.788733 98.440973
413.769232 226.392341
423.016636 103.390367
416.883815 218.061417
434.194417 100.667572
433.428497 212.064429
444.391144 230.770743
450.718669 100.944546
449.991259 231.961584
462.031179 242.548940
457.246401 245.831684
449.846563 263.551577
446.152524 347.515878
450.297589 97.604187
445.187794 277.039950
447.393031 279.834121
452.391540 292.884504
452.763787 320.521475
457.119769 324.527089
456.415920 337.731040
459.053086 352.394999
455.530200 309.368870
459.280710 102.567282
466.329030 363.337967
472.186476 94.289274
476.269451 358.059190
475.614232 349.664427
474.930405 337.159596
472.709780 98.837813
473.607626 240.950041
479.466345 258.165111
492.849798 262.659691
491.688298 272.529068
478.366010 290.235238
489.440362 285.857033
489.517420 306.610634
479.949992 315.504016
487.646818 323.438265
495.239008 95.197239
491.679377 255.580349
493.554758 272.092977
506.269895 98.644162
499.153062 112.924953
508.938709 273.243248
509.419246 285.166716
516.877418 116.124944
512.881617 290.079344
521.999305 309.622791
521.528292 312.662814
510.650289 321.478881
526.319063 327.659248
516.541450 370.214904
517.309301 376.541086
520.606352 131.091770
524.891068 133.261151
531.874880 340.991812
526.387691 352.636655
524.115868 148.134682
530.176350 157.737291
521.884882 168.417360
517.009410 175.393365
519.398111 191.636716
520.822636 199.024610
525.632581 204.883556
528.753318 212.450216
526.873112 390.341773
527.771446 224.486232
536.027550 230.035859
529.655407 387.014517
537.914638 250.273382
534.174666 251.479250
537.255291 258.641424
542.059647 275.277033
544.792070 286.515052
530.975760 297.272572
536.124508 302.455629
540.199480 305.820637
549.359767 328.132943
545.295992 386.988836
546.010375 339.660911
548.233081 348.287100
546.639621 349.023015
555.430862 359.075469
557.791034 371.008791
