49.000000 102.000000
49.000000 112.000000
49.000000 122.000000
54.000000 131.000000
59.000000 97.000000
61.000000 139.000000
69.000000 94.000000
71.000000 143.000000
78.000000 89.000000
81.000000 145.000000
87.000000 84.000000
91.000000 148.000000
97.000000 79.000000
100.000000 153.000000
105.000000 71.000000
110.000000 155.000000
113.000000 64.000000
119.000000 160.000000
122.000000 59.000000
158.988492 178.118223
130.000000 51.000000
138.000000 165.000000
140.000000 49.000000
119.796231 150.520579
138.884602 57.583850
155.000000 177.000000
160.000000 52.000000
164.000000 182.000000
168.000000 59.000000
174.000000 185.000000
177.000000 64.000000
182.000000 54.000000
183.000000 190.000000
175.105455 75.003975
192.000000 195.000000
201.000000 200.000000
202.000000 54.000000
210.000000 205.000000
212.000000 54.000000
215.000000 64.000000
215.000000 74.000000
215.000000 84.000000
219.000000 210.000000
223.000000 90.000000
228.000000 215.000000
229.000000 367.000000
233.000000 94.000000
235.000000 223.000000
235.000000 375.000000
239.000000 347.000000
239.000000 357.000000
243.000000 94.000000
245.000000 227.000000
245.000000 375.000000
249.000000 337.000000
253.000000 94.000000
254.000000 232.000000
254.000000 327.000000
241.709210 393.822922
255.898437 309.918219
259.000000 302.000000
259.000000 312.000000
260.000000 365.000000
262.000000 99.000000
262.000000 239.000000
264.000000 257.000000
264.000000 267.000000
264.000000 277.000000
265.000000 355.000000
269.000000 247.000000
269.000000 387.000000
240.349138 362.308424
270.000000 335.000000
270.000000 345.000000
272.000000 99.000000
274.000000 377.000000
275.000000 320.000000
275.000000 405.000000
261.863850 351.409190
279.000000 367.000000
280.000000 285.000000
270.870580 326.433225
280.000000 305.000000
282.000000 99.000000
284.000000 337.000000
284.000000 347.000000
285.000000 270.000000
285.000000 405.000000
289.000000 300.000000
289.000000 310.000000
289.000000 320.000000
292.000000 99.000000
268.456635 279.894083
294.000000 285.000000
295.000000 405.000000
300.000000 385.000000
300.000000 395.000000
302.000000 99.000000
305.000000 355.000000
305.000000 365.000000
305.000000 375.000000
310.000000 320.000000
310.000000 335.000000
310.000000 345.000000
312.000000 99.000000
315.000000 305.000000
309.380205 276.690804
320.000000 295.000000
322.000000 99.000000
325.000000 265.000000
325.000000 275.000000
330.000000 250.000000
332.000000 99.000000
335.000000 235.000000
342.000000 99.000000
345.000000 235.000000
334.381848 82.705747
355.000000 235.000000
362.000000 99.000000
365.000000 235.000000
372.000000 99.000000
375.000000 235.000000
382.000000 99.000000
385.000000 235.000000
392.000000 99.000000
394.000000 230.000000
385.998752 79.940818
404.000000 230.000000
398.291724 74.542976
412.000000 224.000000
422.000000 99.000000
422.000000 219.000000
402.458920 97.740424
432.000000 215.000000
439.000000 223.000000
442.000000 99.000000
444.000000 232.000000
449.000000 241.000000
449.000000 251.000000
449.000000 267.000000
449.000000 347.000000
452.000000 99.000000
454.000000 276.000000
454.000000 286.000000
454.000000 297.000000
454.000000 317.000000
471.485900 312.186311
454.000000 337.000000
454.000000 356.000000
459.000000 306.000000
462.000000 99.000000
464.000000 360.000000
472.000000 99.000000
499.244172 354.150776
479.000000 347.000000
480.000000 330.000000
482.000000 99.000000
485.000000 240.000000
485.000000 250.000000
485.000000 260.000000
485.000000 270.000000
485.000000 280.000000
485.000000 290.000000
485.000000 300.000000
485.000000 310.000000
485.000000 320.000000
492.000000 99.000000
494.000000 255.000000
497.000000 265.000000
501.000000 104.000000
505.000000 114.000000
505.000000 272.000000
509.000000 282.000000
514.000000 119.000000
514.000000 291.000000
514.000000 301.000000
519.000000 310.000000
519.000000 320.000000
519.000000 330.000000
519.000000 367.000000
555.767354 387.437933
520.000000 127.000000
520.000000 137.000000
522.000000 340.000000
524.000000 350.000000
525.000000 146.000000
525.000000 156.000000
525.000000 166.000000
513.338254 146.758842
525.000000 186.000000
525.000000 196.000000
525.000000 206.000000
525.000000 216.000000
525.000000 385.000000
528.000000 226.000000
533.000000 235.000000
535.000000 385.000000
537.000000 245.000000
540.000000 255.000000
559.762200 271.697223
540.000000 275.000000
540.000000 285.000000
540.000000 295.000000
545.000000 304.000000
545.000000 314.000000
545.000000 324.000000
490.362507 326.188796
550.000000 333.000000
550.000000 343.000000
550.000000 353.000000
550.000000 363.000000
550.000000 373.000000
