49.000000 102.000000
72.880677 92.630012
49.000000 122.000000
54.000000 131.000000
59.000000 97.000000
61.000000 139.000000
69.000000 94.000000
71.000000 143.000000
78.000000 89.000000
81.000000 145.000000
87.000000 84.000000
91.000000 148.000000
97.000000 79.000000
100.000000 153.000000
105.000000 71.000000
110.000000 155.000000
113.000000 64.000000
119.000000 160.000000
122.000000 59.000000
129.000000 160.000000
130.000000 51.000000
138.000000 165.000000
140.000000 49.000000
145.000000 173.000000
146.517228 55.658791
155.000000 177.000000
160.000000 52.000000
164.000000 182.000000
168.000000 59.000000
174.000000 185.000000
177.000000 64.000000
182.000000 54.000000
180.846445 183.138825
192.000000 54.000000
192.514608 180.406977
201.000000 200.000000
202.000000 54.000000
210.000000 205.000000
212.000000 54.000000
215.000000 64.000000
215.000000 74.000000
215.000000 84.000000
219.000000 210.000000
223.000000 90.000000
228.000000 215.000000
229.000000 367.000000
233.000000 94.000000
236.801908 215.305339
243.528682 370.572610
239.000000 347.000000
239.000000 357.000000
243.000000 94.000000
245.000000 227.000000
245.000000 375.000000
249.000000 337.000000
305.954975 105.918844
254.000000 232.000000
254.000000 327.000000
255.000000 375.000000
259.000000 292.000000
259.000000 302.000000
259.000000 312.000000
275.852480 346.064143
262.000000 99.000000
262.000000 239.000000
264.000000 257.000000
264.000000 267.000000
264.000000 277.000000
265.000000 355.000000
269.000000 247.000000
269.000000 387.000000
269.000000 397.000000
279.566475 346.938608
270.000000 345.000000
272.000000 99.000000
274.000000 377.000000
275.000000 320.000000
275.000000 405.000000
279.000000 357.000000
279.000000 367.000000
280.000000 285.000000
299.366763 295.854149
280.000000 305.000000
282.000000 99.000000
284.000000 337.000000
284.000000 347.000000
285.000000 270.000000
285.000000 405.000000
289.000000 300.000000
289.000000 310.000000
289.000000 320.000000
315.132060 101.087198
294.000000 275.000000
294.000000 285.000000
295.000000 405.000000
300.000000 385.000000
300.000000 395.000000
302.000000 99.000000
305.000000 355.000000
305.000000 365.000000
305.000000 375.000000
310.000000 320.000000
310.000000 335.000000
310.000000 345.000000
312.000000 99.000000
315.000000 305.000000
320.000000 285.000000
320.000000 295.000000
306.005866 95.758125
325.000000 265.000000
337.389943 252.633511
296.165180 229.098566
332.000000 99.000000
335.000000 235.000000
342.000000 99.000000
343.517173 227.005463
352.000000 99.000000
355.000000 235.000000
362.000000 99.000000
365.000000 235.000000
372.000000 99.000000
353.402301 261.686842
382.000000 99.000000
385.000000 235.000000
392.000000 99.000000
394.000000 230.000000
402.000000 99.000000
404.000000 230.000000
412.000000 99.000000
412.000000 224.000000
422.000000 99.000000
422.000000 219.000000
432.000000 99.000000
432.000000 215.000000
439.000000 223.000000
442.000000 99.000000
444.000000 232.000000
449.000000 241.000000
449.000000 251.000000
449.000000 267.000000
449.000000 347.000000
452.000000 99.000000
454.000000 276.000000
454.000000 286.000000
454.000000 297.000000
454.000000 317.000000
454.000000 327.000000
454.000000 337.000000
470.069097 360.880948
448.133263 305.384220
462.000000 99.000000
464.000000 360.000000
472.000000 99.000000
474.000000 357.000000
479.000000 347.000000
480.000000 330.000000
482.000000 99.000000
485.000000 240.000000
485.000000 250.000000
485.000000 260.000000
498.471935 256.498487
485.000000 280.000000
484.595059 314.902148
485.000000 300.000000
485.000000 310.000000
485.000000 320.000000
494.833563 96.831620
494.000000 255.000000
497.000000 265.000000
491.129286 79.899008
505.000000 114.000000
505.000000 272.000000
509.000000 282.000000
522.396635 95.225234
493.383138 283.553419
514.000000 301.000000
519.000000 310.000000
519.000000 320.000000
519.000000 330.000000
519.000000 367.000000
519.000000 377.000000
520.000000 127.000000
520.000000 137.000000
522.000000 340.000000
524.000000 350.000000
525.000000 146.000000
525.000000 156.000000
525.000000 166.000000
525.000000 176.000000
525.000000 186.000000
525.000000 196.000000
525.000000 206.000000
525.000000 216.000000
525.000000 385.000000
528.000000 226.000000
533.000000 235.000000
535.000000 385.000000
537.000000 245.000000
540.000000 255.000000
540.000000 265.000000
540.000000 275.000000
546.466573 288.975707
540.000000 295.000000
545.000000 304.000000
545.000000 314.000000
553.941704 335.453994
545.000000 387.000000
550.000000 333.000000
550.000000 343.000000
550.000000 353.000000
550.000000 363.000000
550.000000 373.000000
