12.666866 80.548969
26.666725 81.642221
43.971721 82.271799
60.744788 83.803582
76.719996 82.770302
94.514330 80.753458
117.894451 78.175190
125.750587 76.104595
148.290350 75.197173
157.662544 77.014165
175.210775 81.090699
186.265811 86.818408
208.161479 90.437517
227.524654 91.116723
238.323611 87.789113
256.533325 80.898293
275.476507 73.374166
292.541114 68.003221
309.331453 66.939916
327.099771 72.126142
336.492866 81.139908
359.864854 90.960221
380.796240 97.556800
389.675279 99.595212
409.541097 91.726371
415.674394 80.721005
447.613641 68.338647
455.568676 59.842249
479.133839 58.724095
490.173929 66.903025
501.146498 80.724370
520.321761 96.078613
531.808047 105.208829
554.434032 107.426121
567.892379 96.586798
594.852387 80.815185
611.587096 64.120039
618.150612 52.892690
636.145859 51.609300
652.178759 62.414981
672.926433 80.848427
687.675318 100.314607
699.680317 113.699440
723.273194 115.375256
733.247837 102.094279
749.912635 81.025353
766.853904 58.094524
785.577634 44.441846
799.594482 43.931332
822.012285 58.012504
