-118.266097 46.252374
-107.247191 43.164837
-91.873184 43.339826
-75.894362 50.173827
-68.071845 49.026413
-57.994747 60.908750
-45.618424 60.694997
-43.906033 50.257556
-46.603235 42.536226
-51.931806 29.159818
-50.396706 25.723749
-55.405481 7.731141
-53.310024 -4.362972
-41.319857 -17.197344
-28.002782 -15.501087
-20.664868 -15.399871
-12.179432 -23.489574
-2.553827 -29.662251
7.613878 -30.442455
15.176457 -27.929966
20.197217 -14.733447
25.192349 -14.488502
33.790147 -6.824168
43.893395 -9.353319
50.890901 -12.247593
-113.190515 -177.714616
-109.687766 -164.136117
-105.156947 -157.560564
-92.739972 -148.420606
-83.455854 -138.167051
-75.584799 -136.601810
-67.245143 -127.986656
-59.481649 -117.204285
-51.864382 -115.261534
-43.813949 -105.704330
-34.079106 -98.044900
-28.909219 -90.831348
-21.294375 -84.530545
-13.859850 -81.765352
-4.061139 -77.461847
2.968086 -69.871128
9.707826 -60.637872
16.796285 -56.412406
24.587812 -49.407566
32.241844 -40.075916
41.647043 -36.045849
44.543841 -28.463882
-115.771522 -187.707507
-105.704971 -194.322085
-96.406719 -193.747022
-88.942701 -187.138565
-81.158653 -181.297539
-70.434962 -168.784365
-63.784465 -169.908980
-55.750638 -159.015465
-46.214443 -156.081530
-35.995481 -146.843795
-31.677021 -138.874348
-22.592805 -133.362584
-8.813987 -129.016708
-2.995015 -119.829603
7.852719 -111.338318
14.354758 -100.580041
19.890549 -97.429504
30.257338 -94.139515
40.271062 -88.430627
42.153119 -101.261823
37.016895 -115.857221
41.786150 -128.471224
38.569838 -134.402964
36.753834 -150.496096
28.085214 -161.571299
28.114819 -173.029545
22.380069 -186.032944
17.160276 -199.053807
15.296808 -213.781719
14.907263 -223.099668
15.636016 -233.122904
20.597552 -238.061041
30.627383 -243.341109
37.768875 -237.306691
43.039006 -229.511451
46.793819 -211.611131
51.579923 -199.934594
54.871178 -193.622914
56.604804 -173.684150
59.699185 -168.423058
63.785260 -161.244861
66.782134 -156.955191
69.935903 -144.360296
73.034027 -130.366156
78.105178 -118.921121
78.239692 -104.260884
80.003622 -99.530297
78.652302 -78.243561
81.754986 -61.324474
82.778629 -55.922305
86.650666 -46.581207
94.631715 -37.986939
100.926539 -24.275910
103.611326 -16.670094
99.431752 -2.321087
102.524873 7.561545
100.267119 24.753221
101.488091 36.073507
103.893529 45.311893
104.817240 62.437105
107.712728 78.589840
108.248030 87.514562
108.338000 91.501711
106.935396 107.465911
109.251679 118.561566
109.794251 132.952637
112.573072 145.545962
116.250331 151.492766
121.178089 161.214603
124.249292 179.304056
122.999575 188.157957
118.312880 196.249069
108.872844 196.306321
107.177384 210.799352
100.898583 218.146629
-123.647104 55.578840
-120.809227 63.899591
-114.182777 77.918161
-102.509791 83.149804
-91.038807 88.926831
-84.040843 96.830518
-75.431256 96.320078
-66.477255 105.156421
-59.129621 111.861904
-47.839085 113.382287
-38.154370 125.469833
-28.609437 130.850929
-23.637312 138.281316
-16.425862 149.680030
-7.408427 150.322067
0.497231 157.969165
8.797501 161.753026
19.541599 166.668196
29.007467 169.197083
36.828366 180.414435
39.817506 190.636273
37.531892 200.130598
43.868418 209.800067
51.427977 216.579707
59.294487 220.370652
70.473087 223.866382
82.581771 228.190753
93.379165 220.647264
-8.430582 81.062330
-1.825172 87.385373
7.299831 91.211441
13.397854 92.840353
20.036753 96.949203
30.378217 107.066939
-3.346781 74.112790
6.092710 77.032433
14.526850 73.560525
15.945837 57.981911
1.420195 54.624928
-3.874069 54.812435
-15.491391 50.941337
-19.437639 41.790264
-18.071679 29.267849
-18.963110 20.061685
-11.676108 15.199817
-2.812755 16.060078
6.830704 19.378717
18.707265 26.749587
28.236584 32.506643
30.378203 47.531204
35.737771 50.734591
34.069349 57.763560
33.590678 73.720067
33.111991 83.220338
36.738354 94.083138
36.018805 98.421551
