92.280099 57.250787
75.753117 107.825875
58.931351 155.892117
65.317525 225.704722
69.101341 261.070685
116.283836 258.917006
115.681350 216.289011
126.257308 159.585569
126.999111 111.079721
411.010348 84.493838
370.350613 144.107031
377.235498 219.513456
374.716226 283.595841
372.717168 352.641810
373.383027 433.832316
376.563155 490.020031
378.675302 511.227321
377.951545 544.160739
423.609763 538.734094
445.264180 523.909414
436.895320 476.169479
445.140271 411.339376
463.482366 346.838681
451.825567 264.214960
456.269541 193.582800
424.736627 133.719622
765.342959 286.612324
776.106403 298.468645
812.307242 315.905516
836.044328 321.238476
866.890727 329.656734
864.105035 370.102378
862.787977 382.551669
844.059857 398.070285
816.887669 389.763796
789.539487 399.281429
760.509447 438.988806
832.767107 473.993771
905.854019 448.092884
950.255452 413.684798
937.145154 356.503739
919.384846 311.461562
885.134019 275.632383
848.208735 267.776202
