85.727158 61.615262
76.122118 106.378916
53.012309 153.387665
67.092307 227.189197
64.776342 259.221260
113.261819 257.914074
104.053617 213.549211
125.273320 159.846782
123.309320 107.963565
410.419019 85.269238
376.787335 139.247309
380.318370 214.451955
383.471687 273.014196
363.706134 354.426887
373.772660 426.790650
363.165279 494.653734
365.051477 520.936271
372.830512 539.667408
424.787135 541.081710
444.717314 520.869038
446.606630 482.316542
459.290721 408.784406
454.822259 342.677735
458.370439 264.605127
451.875783 190.261989
427.869927 131.497015
766.341953 280.409099
773.999835 297.269359
812.782043 317.732058
836.966986 325.797817
855.842791 329.496520
855.323654 361.716891
863.012426 382.853068
840.918859 397.068599
815.707050 394.170865
793.750790 397.153590
762.937446 440.094222
831.256219 480.956369
900.531912 444.202052
951.031045 413.939472
940.754779 353.861734
916.993174 305.704231
878.729713 278.059495
835.533495 272.658489
