1.631925 139.376083
-2.113124 129.548905
-0.149617 137.027686
-2.187059 129.148734
5.753381 138.899164
2.397121 136.241774
-0.764671 137.299591
2.003460 142.261950
2.734887 138.428531
1.790237 147.368745
-1.983816 140.538009
0.021048 145.512627
-5.564604 146.280576
-2.091351 142.690346
0.446310 151.659526
1.001786 145.834822
-2.950500 152.277526
0.869963 155.636823
-1.080550 148.370988
2.100754 150.942046
-3.353518 147.060043
2.076439 155.764283
0.137048 156.783680
6.823002 151.198129
3.774908 155.558671
2.277409 156.842947
1.640677 161.146868
1.425768 159.409533
-0.849773 122.772196
1.411164 125.926334
2.361361 127.091741
6.436150 131.577742
2.250954 127.041496
2.525380 122.960416
3.409092 126.641382
5.428061 119.212445
9.519993 123.005247
13.601620 121.746806
11.878466 120.934066
1.248934 121.269455
6.720121 119.229100
6.976362 119.217284
10.444906 163.814211
9.935386 162.692523
9.969793 162.882133
13.318330 165.190222
14.090155 163.549208
5.599784 164.156212
8.559755 164.986784
14.397077 116.331144
11.571099 116.657144
14.160634 117.779237
16.376071 111.239458
19.897985 119.901352
20.093037 118.409589
16.392302 118.125499
19.806989 169.197550
9.393982 162.022798
15.348753 170.715764
8.913903 163.506874
14.089533 169.263451
14.063699 166.420028
7.311266 165.415596
18.244701 121.491221
21.950427 111.021817
23.752311 109.866124
20.068168 118.374116
21.681127 120.743097
21.514020 114.007592
23.139701 109.391699
15.679380 170.369132
19.556400 169.484210
14.830400 172.711454
22.895400 173.964231
18.725974 164.795635
24.548360 173.606594
23.310518 165.001855
29.115731 105.749636
26.358329 113.905288
24.971716 114.650239
24.230131 111.722739
29.205053 111.926420
23.709231 110.236002
27.630845 114.478259
24.612814 171.705946
21.406699 171.224515
27.834991 171.312302
24.103874 174.006433
25.969421 170.208837
33.387131 170.725879
21.286449 168.221994
27.794886 105.127544
36.663124 106.217692
30.743204 105.852869
33.678153 106.613310
31.576731 110.584649
26.211837 106.466702
36.209796 109.660971
36.053049 168.956935
32.000359 170.932557
32.083824 171.077870
34.423097 168.410977
31.744377 167.353811
31.331950 171.073541
28.605454 168.234342
39.997050 109.761277
39.681112 108.114402
35.687702 103.264944
37.368939 109.019479
34.399460 114.890290
42.509601 112.747773
35.700650 113.677052
34.803195 169.097222
36.673252 170.634304
34.133949 170.818982
37.281336 172.529111
33.569278 165.040735
42.970724 168.241577
37.318624 173.435746
41.741213 110.361355
42.076553 110.577374
42.270402 109.595999
37.505016 107.362052
42.903108 104.937464
43.655127 105.013079
46.418981 107.034394
43.186743 169.414913
43.009923 164.470314
49.841314 173.769236
46.381670 174.272735
42.849247 170.169944
46.566573 171.768009
38.675719 170.545827
48.717924 106.566561
52.229336 110.241102
49.871054 108.544542
46.072417 110.952837
56.113810 105.542907
48.172481 103.669166
48.872174 105.596828
49.448780 167.203101
49.296952 168.320478
48.612178 170.034338
49.763901 166.790429
47.924577 172.359649
51.339746 173.606142
51.035701 172.809047
53.865987 107.742965
54.016403 107.010911
59.765648 110.809595
52.892952 106.368211
57.197819 109.649413
58.304866 100.991091
52.474752 101.930157
54.211333 171.578924
49.554074 170.463907
59.414509 163.498254
57.380371 168.116740
55.161681 174.500033
56.786746 164.858894
56.698936 168.894432
62.091419 107.059042
62.045384 106.860187
57.191714 109.753193
59.440811 110.488405
68.331892 105.581586
60.147611 105.269322
62.031193 106.781258
59.490113 162.516186
66.007557 169.380804
61.988546 166.220785
58.812120 163.024048
61.884401 165.330034
63.094412 166.968709
61.338423 164.972404
69.460334 108.901063
67.877758 106.371866
66.695025 105.724448
68.022265 107.728057
66.173654 98.890403
65.419199 111.778802
65.394588 109.456155
64.541465 164.170298
69.113678 159.707488
63.985036 161.455849
60.668809 161.321117
66.893829 161.756985
68.503420 162.781168
70.478902 164.833972
76.822245 107.428247
78.421498 103.627475
73.426079 106.869213
73.785075 106.387755
75.492222 102.682862
71.222089 104.091815
75.401600 108.379976
68.203707 155.475493
80.872607 161.195181
72.385015 157.268937
72.165371 159.087677
74.902394 160.842146
69.732726 162.605779
74.983263 162.975952
80.478593 106.409098
82.405686 102.928264
84.300302 104.443733
81.793163 104.999622
78.947646 112.155256
82.453490 104.865563
76.421153 107.165350
76.180187 156.918619
86.779404 158.770338
79.550792 149.825430
85.338121 157.814038
82.741914 150.429671
84.541255 151.057585
80.356683 159.464047
83.428982 42.853703
84.513586 43.199184
82.329266 44.639354
80.983045 46.363603
83.142167 39.424892
85.744240 41.111466
87.952062 44.639224
82.613311 52.391714
81.700671 58.934349
85.476924 51.068607
81.886878 51.095220
76.145182 54.385886
83.359163 53.184208
89.550890 49.070039
89.457994 55.169320
88.506714 57.581087
81.100242 56.167459
81.504546 57.929164
84.048647 58.973045
88.687810 61.059960
81.007653 60.962258
84.338575 116.191589
85.431137 110.089143
86.544356 107.707215
86.596720 111.673306
88.916166 112.636729
83.480893 109.688273
86.503615 113.311682
87.594068 152.102178
87.622956 153.257059
85.619037 154.493514
89.268219 152.476909
85.519032 151.721198
86.682693 152.775608
84.750250 146.904135
79.234181 33.068127
87.328079 32.626629
81.364854 36.526299
84.774834 34.311434
84.169828 34.542632
81.196736 30.070991
84.315058 35.034813
89.658312 26.371954
88.412415 28.795206
83.177348 28.885986
88.054859 30.516369
87.677473 24.033573
89.120628 28.121396
87.382267 23.291943
85.747306 66.939869
87.579875 68.402893
94.048645 63.077525
86.595662 67.226494
89.399845 62.673474
85.032498 66.757189
93.742301 60.905867
93.108980 115.390046
90.717787 116.689215
85.952027 117.963410
95.662441 116.834964
98.204412 114.877227
90.268287 109.544526
95.604274 115.637797
90.460517 154.224935
90.212346 146.688389
91.990356 146.939994
89.361720 143.787791
92.593200 146.772629
95.859602 144.251615
96.968753 152.073822
90.768737 69.912107
92.463254 70.214547
95.348029 70.419163
88.257502 68.867555
91.381394 65.589523
95.531916 72.564369
91.159172 68.107817
87.814190 23.556492
91.643656 20.509626
90.746146 27.366381
91.746037 19.343128
88.712922 26.939602
99.489258 24.855846
92.742701 25.180048
90.515331 83.436581
95.016931 85.132308
93.591416 84.406116
93.180749 85.863375
93.674934 88.001062
88.488169 90.373279
91.357375 87.309697
94.790370 105.058168
98.031535 101.456499
93.464626 99.610624
94.861350 105.916763
96.530748 103.345374
96.322910 101.934697
95.381804 102.736946
93.155113 70.940016
98.863885 75.710480
99.087339 80.935933
102.252643 71.114371
100.096316 77.271092
98.439070 82.621235
99.256655 81.672108
98.053751 83.423012
91.996938 86.348183
94.376184 80.613698
101.738322 84.784706
95.333539 84.145903
93.503531 84.238353
95.706854 78.084341
94.570344 117.177801
94.147347 118.971608
99.344885 121.603496
94.066145 115.081241
96.616364 121.525339
97.726462 116.067234
92.975031 120.808030
97.666736 143.544452
100.922898 139.928232
98.744934 142.444378
95.156338 140.759128
102.466506 137.486222
98.524663 143.250454
97.128497 149.843058
100.104273 25.916077
101.538440 25.613022
103.846691 32.015515
98.167760 25.040570
96.353321 22.982957
100.100268 26.398492
103.416779 25.807300
98.932849 109.876971
99.163348 103.683294
102.531986 110.292818
102.873800 108.096400
101.792829 109.708094
99.810966 103.115086
102.007132 104.384407
101.628575 66.543591
103.109827 71.895557
107.949544 74.121725
102.564915 76.860651
102.766440 72.283397
101.635340 71.388421
102.924840 72.028379
101.890810 118.249591
99.194287 124.970491
106.457516 123.914458
107.318057 123.168913
104.673283 120.626269
106.248458 128.298244
104.832180 126.481018
104.179385 141.494991
103.927620 140.039212
99.918435 141.984755
105.863478 140.398610
105.459312 133.447148
101.844911 137.910741
109.419971 140.158646
106.858564 30.888685
112.259861 30.516047
104.490579 28.417885
110.831349 33.342893
104.247212 25.820559
105.997695 28.241798
111.350558 29.203809
112.491787 67.401227
101.928827 65.063394
107.587887 70.843370
106.997715 66.585555
105.897962 71.383093
108.411239 65.992166
106.796699 69.517381
100.817962 108.700229
108.751456 104.616610
114.900772 104.320830
107.800368 106.959702
102.395721 102.693816
111.950566 102.708715
102.341249 108.855248
105.229399 136.802603
107.289597 136.007834
109.526236 133.847932
108.866934 133.564563
110.186053 136.621884
103.875263 135.475883
106.265924 140.409821
106.189878 33.525705
107.416775 31.277158
109.324339 35.281113
110.892271 28.168860
111.996943 32.285708
108.611331 31.146416
108.757844 30.638377
108.515577 58.216838
108.764659 59.548147
113.992492 58.205942
111.294749 57.335736
109.716013 58.833743
109.419917 62.901984
110.764978 60.078605
108.138928 114.528873
115.246464 109.943952
116.582150 108.431686
114.611433 110.690491
119.125267 106.229954
107.660657 110.246909
113.690790 111.465061
116.725849 37.492961
111.864982 36.461287
119.374594 39.366863
110.302604 37.823416
118.544126 41.984001
123.705962 35.685462
120.375958 34.520524
116.874013 52.278808
118.663831 58.974732
121.854108 51.486606
114.957915 57.933832
115.767009 54.817323
117.745677 53.588607
120.543033 55.988902
116.201077 134.007030
122.029028 133.702730
120.823651 132.814523
122.451434 134.683252
126.404018 134.690833
118.484364 128.856233
122.511021 134.692392
122.683233 38.401606
123.948536 49.060760
122.774539 44.641897
124.728712 41.556636
127.023242 46.985492
129.879407 46.589638
128.736869 42.205744
122.490522 45.088923
124.431597 45.266364
121.108457 45.247596
123.048849 53.896140
116.794851 45.543033
125.414974 44.289000
123.559168 56.140094
127.321578 112.387721
122.656073 108.661499
132.028878 112.356793
130.472683 117.479172
125.509809 119.836690
126.119649 114.679315
127.606235 112.318575
126.413877 134.389761
122.668751 135.169320
131.775142 140.027222
129.759401 141.480319
127.850076 137.297390
122.486048 136.769321
131.284130 130.707789
133.215994 42.439264
128.581965 42.459943
134.243219 39.762958
134.565021 42.049809
127.786961 39.965164
125.238536 44.008059
123.322024 46.080728
130.025983 112.218212
134.012017 114.214551
134.582440 114.541387
135.970991 114.189945
131.257446 119.383932
134.579154 117.102913
130.300539 117.389753
128.113685 143.544780
132.234898 136.475234
131.262382 144.859756
133.369111 140.861472
140.309358 140.578971
134.081740 139.573473
135.101290 147.400619
136.556562 38.219970
132.706209 39.347899
137.679304 32.744489
128.048418 34.308774
133.379295 33.590412
134.563624 32.895535
134.732918 36.187238
137.551151 122.055431
136.062319 118.302724
132.915555 118.343130
137.170106 118.810996
140.369406 117.871463
135.835485 116.025032
134.498510 118.875141
140.261521 141.353504
144.633147 142.022546
143.771054 140.337037
137.384676 138.870296
143.966883 142.902304
140.118427 142.583326
138.720616 137.443280
140.652735 32.025564
138.266032 37.366378
135.134284 35.316068
139.473858 35.533879
138.380259 31.108191
135.128913 35.460905
139.619035 33.958483
136.758876 118.603289
145.527617 114.715477
142.155777 113.776073
146.010242 119.787707
146.097610 115.991263
142.721726 114.781449
144.199273 118.832198
143.341983 138.425446
142.108023 142.678495
145.987200 144.458029
143.089627 143.247125
152.843674 142.738147
144.961628 144.865895
148.584484 146.568694
144.669310 26.849015
149.716943 32.845691
151.917489 23.364944
147.128475 26.101662
146.640161 27.582562
140.932153 30.123493
148.062627 34.315802
153.084278 118.172997
155.280479 116.027732
156.155599 122.415583
150.637030 122.100719
149.231401 118.899807
151.303198 123.088997
153.112363 117.294241
152.488584 147.095035
153.944620 152.453034
149.122603 149.352515
152.162078 147.362180
155.277478 147.735243
156.463422 148.384823
151.933542 146.856062
150.410741 19.722747
147.969483 30.871298
155.547034 21.226003
149.747169 27.032794
148.588162 26.931872
153.200224 27.667542
155.527050 20.007610
153.982601 122.322837
154.399812 124.862053
156.373147 122.394124
154.202290 122.384510
152.076731 123.232175
155.444087 120.081856
162.780797 121.900912
162.733764 142.573317
158.595610 151.701286
158.400138 149.969225
152.855226 142.514375
161.132643 144.761770
164.119019 147.570604
153.419005 146.420808
152.839166 21.826659
156.678014 24.743357
157.152605 24.138596
161.456871 26.618613
159.128025 23.568019
160.761626 23.043815
153.484898 20.907125
156.251731 122.870930
164.358128 120.614200
166.327080 127.167180
162.666724 123.057498
167.960702 123.470532
161.370549 124.219518
161.841721 125.821242
165.569618 149.142122
160.120334 147.898561
167.689330 148.917825
162.140636 149.813912
164.432609 146.800153
167.867557 149.722523
166.307195 147.599063
166.178095 20.646404
166.897320 29.154417
163.164500 19.992012
172.271755 20.146484
170.581188 19.132654
168.320412 27.324959
168.832273 24.798682
165.411980 120.041097
168.394160 123.568358
171.739263 122.271858
173.237897 126.030631
167.912184 123.629075
167.405426 123.353030
167.097174 125.975760
166.198542 141.640383
160.556823 138.452480
166.951930 143.034415
159.742769 142.655322
169.205888 140.909780
165.818489 141.747163
163.853410 141.952987
166.353446 129.964162
169.766018 134.181349
168.992085 135.666853
159.742899 133.808577
167.385326 133.702971
165.726495 133.426745
170.975216 131.684278
165.065204 150.243958
167.838024 147.566996
172.284984 152.298538
169.255255 150.439059
167.649029 154.759229
170.407946 145.440420
168.209533 147.309500
173.344951 26.011045
170.575626 25.298832
174.438927 22.472982
170.747929 20.664873
170.581811 20.547272
171.325942 19.964864
174.171348 13.736861
168.993886 124.667327
173.160680 123.532323
175.298078 125.735791
175.672263 122.492683
175.727008 129.449544
174.180528 118.905374
177.740591 125.204152
172.688203 145.204664
175.784331 150.589612
179.839865 148.346866
177.911060 156.306419
175.435216 150.132922
175.006284 149.945442
171.143581 148.771098
176.973996 20.676121
175.779030 17.026588
179.381952 19.685461
177.609047 25.525684
171.871549 18.480288
176.373790 19.855231
180.051956 13.162670
181.166990 123.967634
180.530179 123.508678
179.569323 130.363329
185.560642 119.479392
180.617318 120.985861
180.799681 124.038990
178.827013 128.017913
185.179796 148.559096
182.135411 157.223111
181.527312 150.154176
182.346753 150.517474
182.102719 150.928894
176.115090 150.829794
183.967650 154.325899
180.224434 21.269534
185.272805 19.031058
182.829615 13.949465
184.358611 20.564071
186.818397 23.451773
187.301137 12.821363
178.255309 12.601329
185.539537 125.095942
187.494596 132.285093
186.090813 121.623871
187.177904 128.994859
191.571287 120.378576
185.997944 123.649873
190.167207 127.456412
190.087595 153.931760
190.144565 153.017330
189.481401 153.942443
187.167073 155.449329
184.449900 150.154985
186.937717 150.816750
189.854948 149.201788
190.029004 19.270508
191.819176 19.702224
185.389356 16.153698
185.664567 19.333526
189.665058 20.307404
187.595787 14.367360
186.502309 17.098506
197.180615 121.897966
191.985394 124.006403
184.980584 126.573369
190.656418 128.745549
191.787208 126.687701
190.622665 123.712641
191.923167 121.186472
197.320401 16.103314
197.926181 14.798439
199.293650 12.072218
194.745405 18.190027
199.075192 16.774965
194.388264 17.421885
194.651978 24.136544
198.366742 132.632593
194.252698 126.885169
205.483912 126.352801
203.065277 121.451690
198.322806 126.190882
202.051049 122.824445
197.772089 126.552269
200.939236 17.363199
200.076416 9.657435
200.110045 11.351130
202.091561 15.840528
202.365058 11.669574
200.241449 14.923358
195.494488 13.532644
203.245082 127.321109
203.462715 128.977054
201.261913 125.581107
209.723273 126.453220
204.628190 129.204512
206.906944 120.753292
209.548376 125.566074
202.866073 133.782711
203.848545 133.319750
205.130567 132.743045
203.978947 133.021877
198.540531 131.134423
205.241383 129.996976
203.335372 134.091759
205.228456 147.295279
208.036835 143.882275
203.275878 149.109421
202.690766 147.522509
206.268056 148.263766
207.314740 144.540556
203.157560 147.426275
207.075866 159.059816
211.096138 157.985861
211.118179 153.379706
204.804081 155.624139
205.938396 154.682208
204.686158 156.254989
200.728571 152.819622
212.926767 16.363658
206.344808 16.855853
207.652925 13.383990
203.758677 13.456848
203.875308 21.233673
209.903072 21.992933
203.879146 16.295136
205.458345 139.164677
208.882668 136.007985
201.377687 135.751625
209.855947 136.740922
200.138406 137.570202
205.036611 140.446798
203.432855 143.316161
206.497356 118.394162
208.423566 123.748086
204.386935 124.051817
213.627282 120.533633
210.607229 128.146488
208.543536 125.184241
213.062157 124.100729
213.073900 17.911139
211.790219 13.849236
217.964926 13.296705
213.173479 17.178238
206.427205 16.413869
213.119970 17.245454
213.337954 21.395301
215.972543 124.734136
213.245834 123.253372
218.542775 121.499515
215.558484 130.499116
216.089461 131.525651
213.280280 123.442410
216.699517 122.014523
226.418981 15.477516
219.433504 15.995671
219.184649 15.903454
216.793995 22.321746
217.155551 16.413944
219.637039 13.977964
216.105463 16.029912
222.961234 123.725568
222.036448 123.001513
219.200229 126.602219
224.546243 124.098040
221.099517 116.744610
222.921263 130.453353
221.756497 123.151108
223.107657 151.237575
230.348045 148.260387
224.703178 140.682286
223.662476 144.397570
224.651631 140.799757
223.917328 140.633044
222.087723 140.857016
221.531806 152.976583
225.448330 158.229863
224.999344 160.188442
223.207727 159.072288
224.789853 159.784829
225.656364 160.740539
221.245768 154.301697
226.129405 13.490614
225.427292 17.015837
218.512242 19.325589
225.852469 17.688345
229.275371 17.597896
231.557558 16.026882
226.896639 15.212949
226.877756 128.379230
229.036724 122.846508
227.496618 121.572136
227.515824 129.414286
224.240125 121.919371
227.534143 123.710410
228.116394 116.022351
232.998810 145.539642
229.827002 146.712187
232.912220 145.629648
231.947940 145.802696
226.290547 143.854616
223.557350 140.124668
229.582787 141.138325
228.144105 160.008504
230.608451 160.958942
227.519462 165.743016
230.274308 158.836865
228.198604 165.225171
231.500017 167.365282
224.295233 158.328939
227.980412 14.700998
231.494619 16.667972
233.615618 22.168856
231.523146 15.937780
230.972671 10.376950
226.948445 18.467506
236.855442 18.663517
232.755687 119.839057
234.499515 120.790419
238.211019 125.744105
232.411317 125.765090
235.667854 124.909733
230.998152 119.906525
231.310354 123.657084
234.415007 139.634487
233.152256 139.827532
233.831024 143.025081
235.632310 133.391154
235.961812 140.910803
232.667584 146.895021
235.282478 140.853179
231.912809 165.886716
237.194531 156.553973
238.868494 163.739209
236.715509 162.152010
236.611402 162.112064
235.876934 161.618980
236.000128 162.246529
237.944497 18.203566
233.852561 22.241239
234.730743 14.372129
243.306899 16.739978
238.369998 21.516298
237.242958 20.001661
237.802490 23.694126
229.432373 249.243639
239.812670 243.965951
234.765104 243.434618
236.379296 243.453293
233.690678 244.646511
236.312585 242.209740
236.289391 242.379171
234.005391 231.714228
238.605660 234.089240
234.135623 238.196804
237.374033 240.633711
237.490576 235.550086
242.149722 233.121816
241.485543 241.753165
237.698584 258.512782
238.288398 258.362472
243.188334 249.443253
233.121540 252.983502
237.881436 253.908703
239.053691 251.794955
236.100803 248.900957
241.901051 121.196495
239.902664 121.133432
240.062676 116.616527
234.399946 122.674667
239.654338 111.897547
237.185410 116.087774
239.463365 118.098897
241.213343 135.607724
242.402198 133.745792
246.581629 136.510975
235.628449 141.181544
241.538470 142.044485
243.293328 141.851104
238.302018 135.707380
239.822026 163.652494
244.014793 157.232733
236.175655 164.940912
239.663562 164.806458
237.507907 168.493494
240.433814 163.467853
238.942813 166.041242
236.925853 233.522836
237.659159 230.163687
244.439029 232.302963
241.360772 225.273187
238.163715 229.815534
241.264707 223.996208
246.049316 235.387094
243.502546 24.716511
237.230821 19.179262
245.221017 18.065868
241.237647 12.812861
241.632452 18.666802
244.760423 18.382459
240.704903 18.136702
246.592201 250.876486
240.451935 253.250616
242.780384 255.933438
247.710547 256.163969
248.796206 249.705313
245.832638 253.983558
247.295752 250.160570
251.528101 138.745879
247.893779 137.760187
250.252502 133.421259
251.070802 130.525313
249.121802 135.321958
245.046169 139.929699
244.334617 133.174918
249.820742 157.769649
247.813854 164.207795
248.566140 171.662087
244.221374 160.798716
247.989590 164.294861
247.189001 162.167633
243.994032 169.226472
247.533634 225.579420
242.652152 230.349106
251.814277 225.019921
246.260704 230.106422
250.384562 222.495455
247.744882 225.175065
252.235822 224.157496
244.113073 16.924427
254.681220 21.488797
243.129196 22.954292
251.029892 20.813621
248.200860 20.833954
244.604654 21.649801
246.512761 26.425999
245.406842 250.402145
247.195050 251.255291
251.220099 244.638392
254.964827 247.846150
251.618494 248.234557
251.636004 248.753385
254.198126 255.008939
256.277936 133.718828
248.943690 138.194655
250.609960 133.865243
256.648651 136.661146
255.688716 137.788695
255.313628 137.905261
250.136757 138.055331
256.836144 166.530110
257.024976 159.917851
254.680387 165.379099
248.084848 162.697751
248.662386 163.285279
254.222446 168.853196
257.939964 168.486543
249.935087 224.303953
254.372729 221.483875
253.909973 216.641450
253.303171 220.054047
252.676893 221.955806
254.774172 221.375423
256.957327 224.830130
254.665171 24.940038
252.469661 22.761081
250.852242 20.793092
255.848746 26.638754
254.764925 20.646689
256.061087 21.963722
250.953829 24.126408
258.513299 128.029473
253.408389 125.332618
250.081528 133.099881
251.100261 121.344432
253.293552 126.963951
256.290868 126.040733
253.880487 128.065226
261.635049 247.204291
255.728133 241.932000
261.438772 246.129762
258.959253 248.916317
256.383198 247.996361
260.998266 246.051324
257.749904 248.683268
259.692536 114.272360
260.836663 113.883147
256.026841 110.852687
258.041886 114.713972
257.655122 114.853164
260.470998 108.578186
256.247010 113.925785
265.066624 138.752788
254.575181 129.181481
258.675001 133.435710
260.026076 133.238840
262.132569 132.516307
260.652192 134.694059
260.125481 131.288527
262.047884 161.069269
264.980683 161.997923
259.411589 172.019173
260.012932 166.319701
259.864339 166.036744
259.042488 166.460190
263.212998 161.731314
264.200319 214.187834
253.510754 219.526528
257.243938 217.073331
264.197256 216.360510
260.606098 221.955738
259.941020 214.977541
262.530130 213.501321
265.736809 26.223751
263.162335 24.473669
259.018430 23.499209
259.307785 25.753939
261.344757 19.486985
258.143304 20.140822
261.472430 23.793404
261.892092 242.996295
268.448618 241.337031
266.814930 246.537092
255.506868 245.174193
261.746433 242.849618
260.986160 240.326744
261.096354 241.107302
259.445496 108.964711
264.154191 113.146260
263.090991 114.735710
269.793697 109.490248
268.074741 115.027405
266.940300 114.146154
265.610860 112.789151
263.764402 127.677309
269.052527 129.430469
265.344144 133.511864
265.994777 131.210785
266.488785 137.431106
264.618364 125.361323
267.215161 138.076604
268.465528 165.231657
266.337833 165.012391
261.590820 163.138180
264.769252 168.815482
270.266717 164.774311
262.330443 161.075161
265.866888 166.686472
265.957955 213.860208
262.475100 208.301889
267.655857 213.833333
265.929541 213.703178
265.169038 210.295706
267.190668 208.696475
271.176839 211.853460
267.607235 26.276354
265.480948 25.025455
265.445155 26.607943
269.955281 24.277999
265.918508 23.180676
265.972460 26.569235
265.139386 25.801156
266.094252 237.752504
269.157025 234.226580
271.836248 241.779628
270.489186 241.811105
266.943256 242.066102
264.103286 239.043460
269.274579 240.146976
269.706450 110.421638
270.990051 111.193336
269.383060 112.372107
269.588520 111.327516
271.451249 106.617527
270.965063 109.743749
271.694509 113.627419
273.719523 132.449397
272.499812 129.372029
270.795720 122.287161
269.842155 128.230840
268.782791 129.038473
274.856755 129.331499
273.245241 122.786850
276.413950 169.979055
272.022307 165.837769
271.377391 167.714072
278.375043 169.155969
267.677082 164.686106
271.553152 165.575399
272.178754 170.491764
277.293336 205.416243
269.525223 206.844667
274.360905 199.374693
268.565831 203.484156
267.262818 210.894050
273.690931 212.324953
277.693327 202.613857
272.825794 29.118537
273.099841 29.541508
273.159512 29.908646
272.165540 31.289931
269.450897 24.445903
267.634771 33.105343
267.521233 29.542893
273.018799 229.054494
277.169616 237.886728
273.723332 235.206937
275.460342 233.895375
279.386971 235.855973
274.920222 234.366857
274.034220 234.201136
276.830995 106.663474
274.830713 107.114112
275.669926 109.897165
273.437445 111.848316
277.127131 111.248216
278.625587 110.726485
276.348217 109.004140
270.584992 201.289100
275.735806 204.548312
270.567784 202.515029
276.583379 198.552605
275.850869 201.461114
277.539598 199.737815
276.626709 199.655571
281.541309 121.459382
278.914877 125.077979
278.285921 126.723117
282.190342 129.080937
276.698923 127.941804
278.547405 122.350110
280.055622 128.685047
278.258558 164.907069
276.885126 162.122755
275.809729 158.553213
275.736851 164.538471
281.356722 162.082691
276.768816 162.855295
281.306360 167.631969
284.210101 38.154072
277.779235 33.909853
280.949945 35.822855
280.636727 32.053541
275.653097 30.739056
275.300886 32.255187
284.205966 27.971737
284.210703 197.169638
274.002913 192.597940
283.565759 193.725968
276.928614 194.152133
281.747096 194.488014
281.169277 195.439584
271.611780 195.211439
283.145860 232.853649
282.670032 226.084143
280.603767 228.724067
280.098435 229.682140
279.296444 229.200227
275.385335 227.837961
279.236841 231.112617
286.368994 107.894450
285.821142 113.169897
279.523462 108.915463
282.923043 108.186227
285.956254 110.695967
281.613417 108.897549
280.559926 106.990568
280.293020 185.701487
278.536970 186.521957
280.008607 183.916234
281.922786 190.134548
280.068976 189.294951
280.047413 185.023278
286.780272 191.794754
284.312774 123.991859
285.338011 127.282584
285.401360 124.838791
283.894844 125.217415
283.676885 121.731706
286.201699 125.304316
289.576540 128.520630
281.343605 159.628790
286.081331 162.822201
288.284953 162.993838
279.873106 161.572208
288.742883 167.184435
288.224179 160.593919
277.866417 165.728148
289.805063 31.803620
287.519535 31.669609
282.712022 39.013865
284.958768 35.979469
287.382681 40.890502
281.559223 38.323926
284.332313 43.189604
278.272146 176.361331
282.023445 180.225284
281.755051 183.289056
280.413898 179.902767
283.099989 183.512193
282.901550 177.746075
283.211257 182.247922
284.075140 172.379330
283.115176 168.363149
280.914650 172.426423
283.366495 172.047094
284.811840 171.304284
283.598185 172.577989
279.588136 174.796741
285.266056 221.812419
292.844579 221.545122
287.207225 218.886932
286.701038 217.405510
288.060359 222.387408
279.277098 222.857378
287.847966 228.141580
289.225968 108.894774
285.309763 107.008658
290.327893 104.478643
287.918122 104.147785
284.682735 107.474720
290.157841 102.759807
295.086397 106.551540
287.175696 124.669136
290.767184 119.964828
290.930325 122.947410
288.501689 119.978751
289.890202 120.300377
294.747215 125.060796
286.841624 123.641240
291.325871 42.591518
295.220014 44.836925
290.777200 41.163724
285.780042 41.399289
297.400695 43.258596
296.800632 41.487822
290.853043 42.365641
288.051786 220.712527
284.900318 218.496403
290.402957 213.408839
291.076254 216.792408
292.473672 217.459018
290.691470 218.443006
288.712825 220.149748
296.162306 146.465864
286.622786 149.497461
297.404067 148.160347
289.497516 150.587991
284.949847 145.283201
293.573600 146.317300
292.032244 147.584427
300.991568 105.255499
293.297503 106.391827
292.628480 104.265777
292.560829 103.784628
293.764281 103.889089
292.397530 108.188604
288.890853 103.663422
295.845764 118.725134
296.655721 121.489423
296.107067 119.066056
294.061677 115.747879
297.936180 122.797909
297.467614 118.587243
291.790371 113.674581
297.132516 134.723417
299.974910 141.831018
294.907674 143.634323
300.419059 139.670065
299.061249 139.184958
294.838608 139.129181
296.769263 141.100043
301.616520 46.150491
296.933546 45.702361
292.351260 45.153327
296.452427 48.331857
298.611012 47.037057
297.468182 38.953799
300.990515 48.214977
297.073479 213.526658
297.351804 209.479835
296.119303 210.307119
289.860920 212.512212
290.289537 211.639013
298.796655 213.036865
301.334704 211.398556
297.442618 95.906024
297.104457 98.250848
302.062030 96.990976
299.917125 102.187820
293.415640 103.172043
305.347274 103.838190
299.886093 101.688243
300.347012 130.238753
298.874087 136.921625
296.406320 139.031962
304.367705 139.179969
303.659465 129.962097
301.674622 134.913291
295.531515 131.985670
301.258745 111.080974
307.449968 114.695179
304.368307 121.863092
298.174467 113.679924
302.126173 117.749329
307.148219 117.439815
304.338964 112.787774
302.766517 208.137687
300.683315 206.740369
301.510290 205.299602
305.672953 206.584578
302.459943 204.656698
301.402323 199.760312
295.997540 202.197676
304.620115 53.173801
304.162720 47.685264
301.580434 49.163902
304.120323 52.727893
303.817611 43.512025
300.805690 50.190346
302.323026 55.172753
306.035625 102.567245
305.818738 100.442402
306.073556 104.774454
304.009980 101.020906
303.619735 96.453146
305.604701 100.084849
300.552440 98.663444
307.395653 198.515008
305.370180 198.977408
306.307593 199.583267
304.175569 199.003673
304.365053 201.092453
303.670284 203.220228
301.536014 203.475792
305.682268 131.196105
307.010325 130.663627
304.976325 127.913151
309.133168 135.282888
310.945082 127.655909
308.114922 129.698148
307.930612 129.330531
311.267082 117.024884
310.677673 111.881055
307.161563 112.908453
310.626333 111.534814
310.220002 113.380026
310.783997 111.220858
307.229318 111.685873
305.909861 59.011351
307.206607 53.951149
308.901434 55.890769
311.769355 56.363475
309.260290 53.467470
314.430102 52.811024
308.936494 54.858800
307.640402 193.448699
306.997973 188.535149
307.044279 192.856910
308.066640 192.915487
307.502501 192.376449
310.127408 196.771541
309.313378 192.189454
312.376270 182.451819
309.149564 180.252667
307.450493 178.671491
308.874931 184.037768
308.806108 179.221170
315.110931 187.174482
312.810110 179.414810
309.446899 95.472443
312.047495 99.368583
316.278187 99.209146
307.964560 92.089138
314.778486 95.840497
308.237669 99.035423
312.041711 92.119021
310.195535 173.202321
310.312019 177.942983
305.925349 170.058540
315.363853 174.425443
310.056663 173.729966
311.748672 175.899185
312.395931 169.646816
303.327204 179.906674
308.451748 172.830324
307.361666 178.654011
309.205948 177.869757
308.118877 174.396590
308.837659 173.836112
312.615933 175.917009
318.002780 130.106838
312.331449 130.725971
309.485297 128.594215
315.016666 126.899630
314.591560 133.395084
318.215595 126.108011
312.040536 128.503015
315.167561 161.382466
312.874363 166.435838
315.715518 163.206703
309.817544 167.855062
311.965830 165.581690
317.951837 169.750838
311.492287 160.353208
313.097883 109.061271
316.900406 106.769870
311.146949 112.851966
309.700606 105.303373
313.809469 110.900757
311.127101 104.225076
314.248734 108.975459
308.351641 58.887613
319.748632 63.771826
318.374647 63.905144
320.561195 64.276459
315.333610 59.917054
315.654907 60.369337
319.957237 55.769925
314.573542 152.117714
307.586324 159.057016
314.701547 154.276678
317.453306 150.716524
320.406625 155.788490
309.840456 153.890218
320.689498 155.376077
315.563393 92.801302
317.021833 95.900096
318.239614 96.165944
318.174663 96.030344
312.569084 98.302590
314.418210 97.275949
317.862508 91.693700
323.014381 146.314265
316.872991 153.664754
318.222463 141.601411
316.202602 147.843356
316.861070 141.221872
313.497704 148.870261
323.291902 144.169388
318.150286 122.728284
319.284623 129.429903
319.094712 125.359300
316.180901 126.854562
321.533013 127.813578
319.311985 122.002243
318.797142 119.953022
322.883449 165.298719
316.654788 158.624744
318.338292 167.056787
316.549452 169.502492
319.527642 163.941419
324.912520 163.688553
317.765082 169.664364
323.999104 106.322195
319.973835 103.519668
313.862054 100.031454
317.788965 106.145965
318.132688 101.309252
319.296616 106.245462
319.616062 104.228633
320.320202 64.677779
316.704058 66.913239
321.296851 63.427925
323.336154 65.673953
317.784268 63.805347
319.330957 59.626569
327.724139 62.385389
317.617316 147.674728
327.738492 144.051340
319.978054 144.722007
326.643081 147.938582
330.049589 144.418053
322.110772 147.343187
322.052626 139.563631
322.035811 124.195391
327.143102 129.019560
325.028727 126.258560
326.727273 122.432883
318.513878 123.763165
327.574857 124.867676
326.226207 128.322412
326.546620 169.472349
325.615043 156.251655
330.347280 164.037946
326.567580 167.956086
329.780630 165.964438
318.495746 161.999114
322.571233 161.834043
324.755607 106.723702
326.222105 104.333795
323.979538 101.244389
318.091333 97.265239
322.672323 106.145927
320.726807 105.118507
324.010758 103.677778
324.845493 68.595215
333.280746 72.874851
326.237735 64.196587
326.771868 70.952999
325.015070 64.224399
328.793523 69.598532
327.779849 70.886600
334.404024 95.659681
329.003798 92.353265
329.641525 92.578827
329.002759 95.903160
330.545530 93.373038
327.808589 91.111211
329.512725 92.394607
331.231568 137.558266
331.281919 141.489596
327.950426 141.851469
326.612970 139.969019
330.434769 141.516177
332.249908 136.882357
333.889541 139.840397
330.745758 125.812008
332.378004 128.517280
332.273987 125.861489
331.558659 126.097422
330.948250 126.208170
329.200546 125.665575
334.441658 130.696916
330.853787 162.301599
331.220158 159.612158
333.983930 166.960549
330.969954 160.055026
329.800593 161.232251
327.438495 164.379557
331.689968 162.679433
329.360588 81.934905
331.292639 76.159910
338.157069 77.360208
333.150182 74.987515
330.930828 76.501549
329.925309 73.562826
329.124724 74.551625
336.511959 83.926888
334.990111 79.685259
330.346448 84.555205
336.089632 87.391298
333.056602 84.220382
338.326034 80.805783
328.053014 88.410675
333.488745 144.549711
332.965567 140.026960
335.966380 141.375941
333.426181 143.307592
337.294681 138.905281
336.402389 142.238083
336.669350 143.368907
333.322893 125.204110
339.495226 129.075183
337.064429 130.161726
339.583445 125.934725
335.044754 122.772742
337.380567 128.496740
336.690528 127.737842
336.831915 158.864304
336.617345 160.098912
341.465292 157.609786
343.145005 159.657473
333.865804 154.330388
339.213109 156.186415
337.461778 159.236274
339.802648 77.119091
334.736076 78.104731
334.664358 78.116954
334.565408 80.919630
334.174791 76.032375
339.015365 74.989846
330.268278 77.440880
340.000898 70.133617
342.334216 71.470539
342.884473 71.426852
341.531474 66.920523
342.613818 69.983635
339.955064 71.233571
336.728308 69.201871
339.793294 138.977799
342.123527 139.052773
336.630542 136.878697
340.582646 142.398385
348.301291 140.771317
338.441755 136.220040
339.310780 135.929749
341.531667 130.314248
341.325384 128.888348
342.241942 124.292854
340.678814 131.033506
348.702330 128.160175
338.592802 133.527443
338.366397 130.028768
342.914758 156.110580
345.662470 160.718840
343.574725 151.734896
344.906003 156.543764
336.029401 156.419139
340.401621 155.761528
342.679750 157.238599
344.750444 65.909287
346.033355 63.973334
343.941653 62.548994
344.566071 63.780594
350.711447 62.442592
337.891904 61.308187
348.018555 61.963272
340.779457 132.783699
343.397034 136.223646
344.545460 135.272138
341.301902 136.284412
345.866199 137.741969
346.815890 137.217301
344.284225 128.080543
347.082156 55.754086
349.920325 59.017872
346.404090 55.958549
340.701775 53.971820
346.395591 56.591028
344.362006 49.316915
347.243485 60.499312
353.185323 158.900552
353.553090 152.347153
349.929449 154.296702
348.419210 156.065817
349.463466 149.012624
353.688457 148.165563
346.405717 154.897007
347.918427 46.267093
348.502163 47.312886
349.260418 48.356272
347.452994 49.235199
352.145184 49.732182
354.231127 42.938650
349.787532 48.464192
358.411653 44.728909
352.515258 41.070936
352.079281 41.629528
353.988046 38.738720
351.634875 42.661508
347.903579 40.451399
353.867253 41.354545
354.850354 149.045386
359.060469 153.109666
355.786113 150.600147
348.573240 151.254506
353.006997 151.675941
351.891941 151.837940
353.640823 145.988730
353.328848 34.285103
358.664118 38.793927
349.536188 34.174222
359.386395 31.888151
355.521624 39.050523
356.612140 33.285433
358.391896 29.509007
361.328514 31.793825
362.231121 27.559725
355.690589 30.428864
357.775823 27.267306
351.796280 30.707994
365.310899 31.146373
353.296636 25.274255
361.269505 145.593523
355.179647 144.295485
361.309481 145.617000
361.040623 148.542865
361.051507 146.018107
360.488469 140.746841
363.016473 146.712540
363.277978 22.801819
369.982758 21.383734
369.202098 25.406887
362.507156 20.478913
366.657719 23.266113
364.792809 26.268074
363.777263 23.108436
365.407181 144.405776
366.261828 139.761022
366.005889 140.626528
372.460710 142.842162
366.391620 140.907013
372.548572 137.250935
370.591066 137.007415
368.434945 20.740124
366.584356 10.430729
367.062211 20.003466
366.141567 18.145487
367.774538 20.060872
368.222816 17.380879
365.462756 16.201562
377.205442 137.736657
372.854880 134.152421
373.396723 133.621638
370.803824 138.089811
371.372580 141.350776
374.055666 136.491149
373.137321 136.581121
375.874893 12.552314
374.014645 11.928666
375.252543 11.664847
372.740716 13.341789
376.394381 14.771572
377.058790 5.624087
374.151783 11.996692
384.965853 131.234401
381.574397 128.053479
374.552287 130.268031
380.008042 128.798367
374.999690 126.009022
376.758841 127.373639
373.794618 124.395094
379.833127 139.043401
375.227961 145.546149
374.790460 142.477200
378.540475 138.367671
380.789679 140.725074
382.867177 140.710220
372.625256 142.057658
380.497189 9.005908
374.050226 10.957123
377.155525 2.327534
379.446503 10.984345
381.741550 8.168963
379.856657 12.553895
381.997105 11.022125
382.937328 121.925381
379.594826 124.409297
383.351020 121.577374
386.417817 124.018500
382.272166 120.966408
383.363700 119.200476
386.204943 124.290248
383.420210 140.211727
385.566429 140.052200
381.267245 146.930146
383.786454 140.882191
385.321450 140.490420
384.953200 140.574675
389.878903 137.950757
391.160147 9.565596
386.201907 6.423993
390.570964 6.902915
381.281764 5.102001
388.876132 8.153391
381.943204 6.609223
389.859619 7.505869
385.983403 124.743972
384.501217 125.315428
388.827599 122.573602
384.002818 115.474642
387.046737 119.017725
385.790277 122.266203
388.459384 119.617835
387.896045 144.629486
389.367184 145.385020
390.682726 143.072303
389.140090 148.393898
391.205130 146.946963
385.562013 142.986799
395.300217 141.670660
393.973552 -0.274153
388.041846 6.291910
394.574440 2.385740
388.593234 0.535442
386.769720 0.647487
392.754307 3.056338
397.008005 6.151794
399.051695 111.374626
397.670035 112.454886
392.144270 112.940809
393.015916 112.949765
396.650839 111.105863
396.595030 108.470506
388.002139 112.840871
388.577125 39.880311
396.498000 40.118653
393.377999 43.834516
394.004328 40.107379
390.500717 36.357962
392.744928 44.258311
388.731383 43.641670
391.838082 47.857096
384.703050 46.378124
391.096977 41.311340
394.050317 50.072602
395.965414 45.583678
387.797801 49.541642
392.890436 54.334360
393.283202 54.497613
400.629927 52.066753
395.378914 56.074449
396.821698 54.280736
390.360798 59.365777
393.096879 54.829247
396.381496 59.948529
394.911466 122.763013
391.101142 119.363441
394.870114 122.654862
401.104541 121.845811
395.119387 122.835903
396.801806 123.439328
395.022182 121.412333
395.066425 30.337223
388.228159 31.157601
388.695539 29.119791
394.710036 32.820233
393.125957 24.267948
396.239512 27.878671
395.528760 30.532078
394.823021 109.994717
398.323974 108.527507
391.513000 111.469008
392.232329 103.569540
402.345241 109.223787
395.091120 108.991733
395.413112 101.850976
398.157579 137.139417
398.998542 142.319312
400.693447 144.722233
398.753869 140.818063
403.422601 145.104943
396.911508 145.505106
400.082809 146.723932
398.229775 1.577996
396.480505 -0.120608
394.500575 -3.883318
393.016031 0.161751
398.295086 4.237306
396.284611 3.493152
397.818457 6.858086
399.909417 25.591897
395.927928 23.844822
392.009896 23.285005
396.148341 23.522639
396.484265 19.975673
394.092098 26.244471
398.261657 24.872057
390.541193 58.046580
396.525662 65.771431
401.910492 62.217902
395.472705 59.548792
393.806215 60.524727
400.251052 63.292818
394.785219 63.297316
400.377619 14.631082
402.992207 19.164815
395.992702 23.771657
401.174539 15.112723
402.017582 15.346226
404.738505 23.752721
396.605824 21.980101
400.912701 101.176115
396.015930 103.191768
402.106824 100.747089
401.598954 100.777345
403.540968 94.931024
401.112036 103.295636
397.325923 99.665556
404.619233 121.369383
406.925668 122.020215
400.856493 124.054699
396.435840 125.175338
401.345817 125.008821
403.823622 126.211102
399.113743 124.136512
398.598414 67.128187
402.620844 65.780393
400.601449 61.463590
401.389357 66.501818
408.656291 60.589037
404.699794 65.440330
402.557360 63.881972
403.072176 148.814870
403.079328 146.516162
406.736618 146.827127
400.747162 140.624180
407.009127 145.042863
402.568578 152.631340
400.383004 142.507982
401.154683 -0.525105
404.532242 4.180075
404.969598 -5.681447
405.118840 -0.940754
401.575275 -2.838104
405.683116 3.128506
398.016067 -0.816630
401.577801 18.573418
404.287475 12.903215
401.514852 6.371783
409.416984 14.128192
403.657032 11.384403
398.079884 10.406573
403.734151 14.775009
403.174090 92.390356
407.865125 101.765882
403.692684 96.158007
404.780555 94.812265
409.383651 93.079878
405.892324 98.449390
407.620860 98.453446
401.794861 127.794070
402.789545 128.420282
407.566354 125.883043
408.177815 125.102479
410.883754 126.182879
408.928542 124.473753
408.953182 122.477511
406.011869 70.269560
408.582179 64.166448
401.844532 64.504189
415.797809 66.765839
409.010986 65.327127
407.025712 67.410672
413.174969 70.128384
409.882303 149.704442
405.641670 155.658201
410.787622 144.695436
409.237068 149.890913
405.886482 150.517484
410.687702 153.146414
407.338285 146.364848
405.959120 7.372482
403.994466 2.262436
413.047622 -0.845438
411.135642 -0.474408
410.052562 3.955141
406.009252 -0.077343
413.588001 -3.327771
409.413688 90.103700
414.763368 84.925211
410.449188 89.228915
410.254112 92.227705
409.385484 88.546753
408.915898 87.264842
412.818370 84.373923
410.984081 5.980320
409.979535 10.301408
411.392839 15.307205
409.267039 12.020872
409.524731 11.360067
414.921287 13.731223
408.717590 11.513117
407.056065 130.286655
420.292476 125.879905
412.667629 130.199916
413.176984 127.000218
416.295052 128.905364
411.346609 129.858300
412.753416 127.720274
412.488368 57.836752
413.657961 65.099126
413.988334 61.682939
409.365734 63.474578
409.839701 56.992477
412.678792 62.407791
417.321478 67.449715
413.217493 151.429609
413.445999 156.563523
409.342282 152.562191
414.451900 153.982267
414.373066 156.664289
414.259396 155.478032
412.982549 150.763672
412.140945 -1.386462
415.998844 1.081175
419.162447 -1.379947
410.171284 -2.331695
420.603840 -1.061913
413.768706 5.295823
415.335051 -3.463984
417.414492 82.601865
418.449259 86.127802
416.233467 86.208681
417.037642 81.321929
408.948702 82.175300
410.584466 81.256302
418.067721 81.141281
414.195907 13.368042
421.765787 17.016554
417.862861 13.861980
415.734087 15.866637
421.831636 14.108199
411.251085 16.509649
409.923114 14.096915
417.476746 55.544198
421.570255 58.075188
416.872237 50.610022
415.834899 54.268625
419.958889 52.319140
418.690341 56.443641
420.942647 53.335294
415.627438 123.213675
417.224533 129.159817
417.073677 127.207764
419.365864 130.393145
420.767457 129.986322
418.610048 129.861132
417.681682 133.084721
423.363062 23.896138
416.799435 25.553008
418.992987 25.404569
417.558522 19.843737
421.462254 26.863592
419.863371 16.843207
412.437534 16.191207
423.665846 156.794662
421.452594 159.660567
413.851321 161.740654
419.116395 160.808969
421.948539 162.535945
420.984270 160.405285
416.080749 162.544305
421.905315 1.299543
420.688060 1.556889
428.027904 3.848733
422.712433 1.542514
421.688882 4.469453
425.759223 -3.917520
422.956310 -0.858612
415.931080 25.603714
419.879624 31.231726
418.643110 20.354427
419.342616 28.562615
415.699659 28.151262
420.013528 29.634772
420.172753 27.280017
414.867382 49.362803
420.312862 44.049190
419.564214 48.181361
419.945398 46.104850
425.021773 49.426312
420.673055 48.660542
419.535128 53.513393
420.128576 84.189352
421.762981 84.914071
425.367838 80.455174
428.738551 76.964511
423.172328 74.554867
422.043961 86.399084
418.605258 81.085758
422.620547 36.829771
418.842325 39.023316
417.758721 34.668694
421.416389 35.576060
416.296099 38.464543
420.236418 36.151505
425.735306 30.836654
418.070336 39.861723
421.699331 38.595273
421.605045 48.745079
420.150397 42.087269
420.637952 42.268245
420.830972 42.445299
419.609813 42.522364
426.764151 168.006208
424.661887 163.199550
426.634945 170.533907
422.553225 167.038592
422.420398 166.810359
418.281322 167.813205
428.316544 163.767558
422.514807 129.593239
425.484164 130.862994
426.979226 132.587652
424.373585 132.290039
418.126427 131.180937
422.113572 134.169996
431.567716 131.155665
428.379343 177.006786
425.795093 176.016187
426.028421 174.053255
426.291114 174.605346
426.713474 173.509657
425.905971 173.634015
425.934704 173.157133
428.018665 0.872930
428.612437 1.322556
430.552992 4.131575
427.109558 2.952232
428.857753 2.026221
429.451478 -0.455382
426.811894 7.186006
426.333355 74.408412
427.913202 76.785209
423.847258 82.346878
435.092055 76.488402
428.680223 77.024603
427.757557 76.452968
426.620822 76.225719
430.505874 180.662229
428.349920 177.047667
429.562315 180.313512
427.392809 181.179078
429.879694 179.491651
428.429681 182.690227
433.195090 185.101560
433.049580 140.620906
429.368637 133.427267
429.554117 130.690505
432.799390 138.851582
432.470163 138.326280
428.564662 137.204053
427.368940 137.384727
429.253319 189.493969
432.443942 185.959654
431.911834 186.117760
431.541903 186.050057
431.332698 190.658157
432.927029 189.073364
433.471821 186.186154
438.395525 1.359355
433.144870 2.220470
434.511735 6.570080
430.719129 -0.934232
429.966695 -4.171178
435.007854 0.609454
431.121739 8.294565
433.865175 80.318765
433.043938 75.013008
430.793021 70.453505
434.070553 73.913016
435.368155 77.622796
432.087702 77.379738
437.407036 79.720865
435.072579 192.706846
435.079515 191.860354
431.903832 195.697995
434.173385 191.472183
432.444089 189.698755
433.130268 190.756261
427.795975 190.440050
438.321278 139.209573
435.719198 141.582179
438.387508 143.871968
439.256117 138.269553
436.527083 142.189737
436.992094 141.915195
432.904396 145.967032
439.138117 6.115427
446.527864 3.001859
443.763919 5.277336
439.708918 -1.734369
436.453859 -1.169926
442.538286 -0.150775
436.925293 1.168273
443.417458 71.604854
435.271874 78.007311
443.137761 71.053816
446.958186 71.127758
442.518683 72.706307
439.976151 73.425937
436.877382 70.872776
440.012596 197.776099
441.077765 203.412578
444.096112 197.972429
442.208918 199.386183
444.009097 196.577960
445.139304 196.274939
439.842095 199.402271
449.566851 144.851216
445.401392 148.813486
442.604369 143.512667
443.659680 147.283568
444.572010 142.533319
440.496156 153.392045
438.751075 151.380283
446.516674 0.729757
445.764064 4.619203
451.155386 0.063964
452.646504 7.357592
447.036095 4.822685
447.102927 4.827464
445.664187 -0.230551
445.200778 71.291387
445.758156 70.867916
442.575035 79.210085
439.636477 73.111207
444.054218 76.671882
451.910306 73.617817
446.128963 69.674149
443.614377 203.544044
439.159529 201.222767
444.708178 195.627273
446.131899 198.770478
446.140668 202.365164
445.819550 205.031265
447.612568 197.557672
450.592907 158.154700
445.378835 152.937261
450.016409 151.243053
445.276792 155.986030
446.211727 156.076328
447.895381 154.371029
453.045516 149.742745
448.570991 11.123069
454.079667 1.084738
449.401860 8.024267
451.030915 5.662567
452.363382 8.706869
450.389744 10.412582
458.511444 5.693403
451.726203 70.809589
453.427326 70.414321
450.759636 73.170462
455.566504 72.079880
452.055592 71.049183
456.096735 70.085501
453.993007 74.405030
454.778932 205.382347
454.119828 206.121255
448.749291 204.597247
448.721674 206.740568
448.325376 198.023919
456.921321 198.734061
452.087191 209.309821
454.357695 158.150005
452.072760 161.521200
453.274977 157.565114
448.413916 162.788076
458.173246 156.292712
457.061116 160.708705
456.897955 157.799099
461.511564 17.380612
458.816396 16.789673
454.307166 7.928513
460.231571 11.119107
456.771493 16.452458
456.336873 4.655386
456.888643 16.631991
461.857976 66.128652
459.777475 71.254239
458.299479 71.184250
459.884036 66.409800
456.404565 73.131492
457.766630 69.123590
457.553737 68.549120
458.734626 204.460562
459.573853 206.284428
457.529662 201.151935
456.900085 201.592047
462.580021 202.739349
455.491431 205.377420
461.727818 200.262787
458.262083 167.447685
456.216499 166.849551
455.988561 165.938781
459.553237 168.336953
452.329949 160.939964
457.381029 163.385709
455.195716 160.568996
461.725166 170.537153
459.785275 165.478572
461.008226 171.995360
455.562646 168.693872
466.541183 172.049112
464.621532 171.233544
464.401781 173.239768
463.201295 16.175749
462.390566 17.724559
463.937261 17.168568
459.807385 20.651143
461.973352 16.865634
459.824053 11.062235
460.983280 16.662738
463.619849 67.785084
460.606572 64.751575
468.289427 63.169078
466.558693 69.494643
467.783072 60.137538
463.910985 60.528494
463.385591 63.888331
466.012576 200.355467
463.890570 202.143455
462.418561 193.411735
460.109516 200.543522
464.979091 198.985189
462.024192 195.918972
463.154457 200.246439
460.139605 172.017470
458.928193 179.486485
463.646124 173.897763
467.628035 181.080826
467.081461 176.362349
460.868407 176.439377
464.852819 173.434382
461.592884 184.082715
463.948925 177.286695
463.900534 175.963284
466.813061 186.313827
461.810286 176.692331
467.829573 183.632905
461.304263 180.159684
463.963911 190.763463
468.387905 193.905623
466.021045 189.390781
470.260529 196.130715
460.293633 191.052481
473.114550 194.575452
467.793120 192.719455
461.948482 21.332525
469.129149 18.624892
470.280242 26.382719
466.894202 22.014779
467.046178 27.513106
467.758905 26.683588
468.723356 23.651654
467.333278 64.446134
471.688558 57.887461
469.236591 58.440685
469.100012 59.415931
467.580019 57.328410
474.007817 58.270914
472.789136 58.900587
468.556209 29.387585
466.166142 34.396478
468.530679 29.192280
471.628666 29.895239
463.955512 33.248236
471.342920 33.695317
466.665766 29.682353
472.247530 41.546569
467.452367 37.039431
471.110442 38.505789
463.427748 34.968045
464.348978 34.406517
469.701184 37.394160
473.475770 32.951947
470.135512 43.331706
475.438908 44.996654
465.965695 45.509914
472.264883 47.309565
476.325707 48.152123
468.358295 39.439912
470.448574 41.240983
472.556930 45.027064
471.015956 48.780327
472.242058 48.726950
472.248180 47.102284
472.493542 47.094731
471.512544 48.744836
471.329654 48.575481
467.857697 53.486410
471.813941 55.262480
472.431801 52.602247
473.464206 49.679215
468.695483 55.056246
470.743184 54.494083
474.646522 50.980553
319.594582 93.237699
316.980494 94.924997
321.087592 93.995740
325.244011 101.464204
323.414874 95.047666
326.464466 98.518634
324.960397 94.483468
95.361354 87.387256
90.284784 91.731873
90.347172 90.591464
86.368989 86.231114
89.517717 89.650298
90.826086 94.986854
92.299952 90.718083
86.852950 96.614587
96.409046 99.351646
97.279009 101.614389
87.140376 101.696427
93.620199 94.781216
85.781605 98.569910
94.521404 102.356453
254.042931 119.994731
252.257476 115.717190
252.866395 116.642548
254.113025 117.868264
249.379708 116.232091
251.136422 115.529957
256.771621 120.951003
256.708268 124.481951
251.392989 123.903235
250.136787 121.014041
252.196876 120.387867
251.195121 126.266299
250.820409 121.326373
251.298998 118.418609
84.337973 99.169880
82.457543 98.494079
91.378976 94.803095
86.586798 96.281107
88.284754 93.745951
87.873695 96.628587
91.967106 96.814242
80.798134 105.720212
85.630235 102.543723
81.138668 102.246902
82.031016 104.636985
85.111662 104.858531
80.004753 97.860208
83.759114 99.185096
254.687704 118.914012
250.506212 117.138067
246.177084 115.146564
249.668744 118.076319
242.455840 118.053640
248.300112 113.458117
245.572635 115.323807
248.147514 117.770199
250.141123 116.157758
244.289470 120.716008
241.669986 117.551441
242.424705 118.866851
247.387160 114.772316
242.053871 114.851680
197.664008 156.864117
203.282018 152.050702
202.403883 147.857064
198.695864 154.125801
199.605255 154.731977
202.165243 151.122848
203.215385 153.086213
195.462312 148.445453
191.136991 148.483133
198.057569 150.433667
192.604761 144.179016
191.910512 150.601294
190.547016 143.688548
192.187465 150.210523
198.746426 148.932119
203.779846 150.018870
199.674826 146.312755
197.361352 151.812951
197.344358 151.061021
197.858714 150.488571
198.502301 152.049001
165.870528 132.402579
169.816823 130.087896
166.313967 128.775669
164.426345 126.211446
172.003923 127.722646
168.168046 124.746602
162.661940 123.710635
216.305608 151.595601
213.036505 146.205116
216.831719 148.132518
212.288260 145.917263
213.441760 138.312073
212.891102 144.445221
205.634822 149.338639
221.730345 150.373993
222.011465 143.397884
219.892876 145.446454
219.615686 144.298085
213.290493 142.545181
216.982925 143.283752
216.508872 144.550351
211.919472 165.234169
210.805820 152.744149
213.353781 163.500033
208.459468 157.727685
214.514261 153.717431
207.783895 162.259846
211.351822 158.112468
221.646349 158.256081
220.148112 162.851071
217.603509 159.328303
220.267147 156.776977
217.082300 159.166960
217.153585 158.437388
218.206247 157.530271
108.245922 128.202191
104.542792 128.783860
106.753942 124.901721
109.537556 133.369059
108.345384 123.066232
102.469407 131.684996
104.466294 126.233786
112.966967 129.182922
114.385027 135.300506
109.226883 134.549976
112.958752 129.808880
108.755591 132.137677
117.803522 128.754420
108.772061 129.490943
112.288963 128.612377
112.281093 127.813575
113.121172 135.031413
117.022996 132.321051
123.129287 131.920920
118.792488 137.297997
119.116925 126.924230
119.584382 112.206567
112.626255 114.194179
123.777599 112.844326
116.001476 112.596658
119.548774 111.519536
119.376734 112.769924
116.087310 109.920794
116.284467 113.405247
118.657284 117.145967
117.711625 121.878625
121.836534 119.438745
118.079609 119.611637
124.044666 115.068841
113.461666 117.329200
117.461811 119.766258
113.915126 123.215956
115.863351 116.796021
118.655443 124.944530
117.515831 125.983285
110.973502 126.140381
114.472727 123.598433
205.888449 142.046446
210.333273 143.762291
201.063024 139.552799
203.975792 138.891607
199.483132 140.090318
209.309927 141.765076
208.825088 143.886088
286.717129 158.979032
281.277977 153.197010
286.731102 158.460184
286.327185 157.599857
290.901906 153.052384
287.637248 160.670520
289.713020 161.166854
285.866461 149.480533
291.695913 156.456975
290.773769 154.506651
285.948957 151.222137
288.787739 151.101972
288.486019 151.048446
286.863364 148.045833
