54.430667 89.472936
58.966773 89.926572
51.965968 86.035137
61.582766 95.468372
63.283340 95.382441
63.673400 92.934585
71.745021 103.954046
68.735325 101.161180
67.857073 98.293395
73.344428 92.792772
71.322630 92.358168
71.649599 91.422152
77.050082 99.427375
73.582812 94.790681
76.022325 102.337436
75.510825 106.076885
77.319458 109.451533
73.574323 107.064215
81.874354 112.144072
85.495734 113.510710
83.753177 112.342909
83.209627 106.549337
80.923802 107.853802
85.781290 107.111959
88.716618 119.795748
89.341169 118.628447
92.715402 121.601090
88.657283 112.558876
92.110479 113.979488
88.680982 111.167673
95.946084 121.439571
105.081175 129.452012
100.751470 125.976897
97.883791 116.316660
103.650195 120.120020
98.433534 117.396631
109.190571 134.184154
112.339934 132.351997
103.296126 127.441897
104.830607 122.910800
107.266260 127.233760
105.994834 126.035026
116.577245 137.797273
110.627412 134.318065
114.116329 136.026959
120.266571 129.201898
119.164083 130.158181
117.479570 128.495286
122.131459 148.604085
129.485312 148.401719
124.868397 151.027739
123.857947 131.922426
122.302002 130.035607
129.907517 136.350272
129.694864 154.993640
131.002785 153.629471
134.132144 156.133116
131.857596 138.153396
136.503060 141.362451
130.884311 139.087426
139.494183 170.394469
138.161489 168.021876
136.911149 158.649579
139.202320 179.963102
141.228943 180.225983
140.083950 176.626839
145.797606 145.817647
149.214703 144.124823
149.552344 144.884688
142.075419 176.163860
146.798888 176.979181
141.563528 174.051118
148.830242 190.503148
147.314267 190.271537
147.887905 189.119903
158.137651 148.673533
154.085236 148.392146
159.034955 149.329759
156.682360 194.542194
152.377947 192.948977
156.463305 197.313776
161.034686 204.628475
162.357453 205.619233
158.693843 201.207412
165.766192 155.183721
165.061265 153.701106
160.530997 151.129874
166.930107 213.074126
165.575424 211.750568
165.930126 211.844498
166.247470 155.827237
176.254193 154.064644
171.969314 154.205387
175.127554 220.140745
175.702011 221.159004
175.306606 220.332827
179.937590 227.134801
181.107242 227.739330
178.457337 225.716757
183.258321 153.725940
180.027540 153.916991
177.270755 154.195956
184.856352 234.667219
182.694843 230.059421
187.918805 231.269907
191.828811 155.171551
191.903024 154.556011
186.500527 154.086172
194.371755 246.841255
195.217511 247.671130
190.810267 240.896998
199.493131 260.507139
194.812801 258.542022
197.121249 260.170924
197.207635 266.587702
200.937827 271.548728
196.632834 277.191523
199.524410 286.740150
194.813758 279.863140
198.165224 280.025278
196.276174 289.144596
200.183195 287.768994
195.606387 281.387697
196.912561 253.429883
196.478842 254.170698
195.128129 249.159970
198.947694 304.260249
198.809232 301.188203
199.335430 302.608090
201.248670 155.631467
196.974397 159.205335
200.264081 157.052267
208.794303 307.931787
204.149249 307.657769
203.049429 306.055718
209.392608 156.291084
215.742194 158.518268
212.580413 157.354416
217.864781 308.101286
216.098092 306.129198
217.197594 306.942175
217.702656 279.760018
217.797447 280.565492
218.569982 277.567978
219.108689 279.667672
219.540408 288.508261
218.323401 288.131515
216.302900 292.862018
219.013216 292.969327
220.062566 293.116450
225.705918 163.456841
218.968805 161.099740
219.778286 160.485020
229.048653 164.188534
225.663683 163.597685
233.573208 166.014691
225.111581 276.667333
226.908749 283.249217
232.847616 277.775527
241.936037 290.458979
240.513748 290.750281
235.634017 288.679396
241.309302 167.748721
236.260299 166.603266
240.439795 167.016561
248.989316 295.452124
243.888052 292.569214
241.117531 292.430878
251.871597 175.428969
246.407585 169.536658
253.405093 171.629901
256.819167 297.972958
254.936752 297.452779
251.205999 297.615081
260.429249 167.475200
259.946164 169.155943
258.131662 170.138649
264.144606 300.018883
264.729707 302.426795
263.148472 300.509841
271.965924 163.325193
266.348414 164.267205
264.939799 164.181472
271.260730 309.345757
272.703849 309.761622
269.270019 308.736969
282.359020 161.544709
281.303810 161.932308
280.717562 162.204633
274.048423 311.487727
277.010998 316.592389
284.094295 317.560000
288.145084 158.185485
285.721057 161.398256
289.878923 160.782058
294.983515 321.403097
285.267096 317.243965
288.372312 318.759306
296.743781 154.161581
298.673908 152.684418
297.079365 154.224668
299.156559 324.744162
295.906841 321.002957
299.626587 318.690286
308.448294 330.616194
304.997904 330.364487
305.529283 331.243245
302.471764 152.751217
311.051849 152.448345
303.261571 153.081327
310.454671 333.410578
315.416918 329.509505
308.134505 334.134923
312.988346 149.853726
311.474575 149.773588
310.876638 150.478585
317.339111 189.619666
321.984702 188.940339
321.201267 194.585028
324.433231 200.037998
324.625087 201.434663
325.718443 201.625706
320.112586 344.551089
322.249860 347.723306
319.337254 346.815893
325.636489 359.680752
323.012845 355.501850
322.806661 353.428957
322.096249 183.241748
322.879797 183.136551
321.602117 180.551376
324.104073 147.774009
326.143831 147.821249
327.081002 146.954836
327.878035 208.872803
327.870492 213.427409
329.824492 218.478078
329.140572 362.355198
332.307932 370.046625
328.616268 364.035793
332.783872 372.232308
331.786977 372.256932
331.043223 371.312314
332.879695 224.108108
333.124329 226.824330
326.758215 224.834720
328.376825 179.767158
330.139502 177.429392
330.294457 179.659057
339.173504 381.262000
337.607464 376.760091
334.014267 375.782409
341.343809 390.432061
340.366134 389.944941
336.389089 383.193825
337.440965 147.426619
338.948154 148.511749
340.849344 147.298646
337.882219 230.117398
337.076830 228.928395
337.730562 229.100314
336.159901 165.856928
337.641299 169.023390
345.441331 163.507844
347.669762 389.485446
341.703537 387.956294
342.154355 390.364662
339.332233 242.131896
346.277437 238.618520
344.617068 238.385139
349.180584 149.593721
342.025296 146.886189
348.566846 148.699137
347.523897 164.409206
348.364502 161.999150
354.287765 165.324802
347.025632 380.745133
348.319854 375.791530
349.074142 377.237473
357.761545 250.950622
353.340343 245.145152
352.584523 243.024748
354.878688 368.634812
350.949899 374.086965
357.088625 368.041780
356.131010 151.655706
354.433233 150.272629
356.209435 151.573776
355.805238 165.162307
356.694632 160.148419
356.387424 162.601351
362.716487 256.099910
361.535588 255.290397
358.563977 252.545659
364.053911 362.159872
366.800495 360.134292
360.144723 362.272789
371.370464 264.154009
369.539300 262.562797
363.609191 257.270157
370.026228 358.674310
364.301987 360.886448
373.558088 353.723774
374.851153 268.329570
376.935610 270.525140
375.940844 269.372360
375.395503 360.140031
378.191214 359.737771
374.460818 359.586792
382.471165 275.784574
385.001193 278.433482
384.593822 278.137552
383.335295 363.953089
387.727777 357.037946
387.967494 360.357514
385.191574 278.621365
392.616841 286.190788
390.271740 283.320741
396.914222 288.466574
396.098977 288.159568
396.392162 289.136408
400.984209 362.562160
394.708923 363.894901
401.928142 368.705429
406.580472 300.151147
402.611933 297.149367
404.503789 297.896595
399.538289 366.954450
405.807948 371.861930
403.110445 371.144848
405.654486 310.753295
410.222997 305.833294
410.752031 305.024357
406.874234 380.211545
412.403477 383.803918
408.592910 379.879121
416.827826 319.707643
417.245109 315.827630
419.258396 318.208661
421.711427 378.345728
423.219462 376.142373
419.492353 378.312734
428.191772 318.605416
426.892774 319.081009
428.878971 320.248011
436.072800 378.541095
429.110491 377.579167
433.931683 376.093900
434.951534 321.890915
432.493673 319.954824
438.546664 325.384188
443.793728 375.315085
446.757325 384.162160
439.934853 378.675368
446.104394 332.375537
442.741771 327.523911
441.221456 326.834513
445.864932 334.659219
443.133771 331.836537
447.094583 339.190954
449.694817 345.985687
450.665098 349.313721
449.170523 349.292411
448.532988 388.568548
453.465927 389.286564
449.471898 387.605817
453.374982 399.990810
453.556392 398.303568
453.752546 399.689199
450.131575 403.043750
451.693193 411.258508
450.973687 410.082693
454.625954 416.098071
457.198059 408.799246
456.091969 416.251257
457.038188 432.387724
454.011645 421.205168
455.613802 428.551098
455.051711 431.112637
457.733201 439.824979
454.634456 431.716934
454.315168 445.991601
457.061961 450.500231
455.261936 449.448015
458.682461 355.442057
449.529949 354.758223
451.829669 349.078772
461.230225 454.006841
460.160195 455.545462
461.372921 461.984650
459.138580 468.007416
464.488145 467.537524
458.667220 462.907597
459.726442 475.582869
460.155916 476.555642
459.255740 475.799940
463.580970 483.844602
468.206977 484.647970
462.593595 480.885735
465.402610 491.762267
464.982823 492.158975
468.292922 496.697977
464.746564 358.834169
467.307526 355.768279
463.868054 361.446894
468.950469 502.388945
466.802132 500.014945
468.614270 501.428727
478.024600 363.589825
480.487596 357.116330
469.312096 357.372359
474.929099 498.318583
476.994431 495.157068
471.132915 498.626058
481.008906 435.112150
479.526149 434.164161
479.393517 435.072689
479.291293 443.464436
479.284465 439.261138
482.106172 444.323575
478.841965 456.726525
484.110715 461.981179
476.602871 457.004501
480.891246 470.893196
478.319704 460.714436
479.316424 465.177916
479.144632 474.146764
481.326244 471.760137
478.227798 475.469107
476.341558 489.440085
477.742520 488.127749
475.441361 488.465331
474.807429 492.290593
480.467606 491.902593
478.094352 490.988287
485.689520 415.159727
481.511969 419.223382
487.982421 411.493248
481.880728 424.283669
483.098579 423.603843
486.003424 416.255363
486.314744 353.051571
485.290323 353.842749
485.238145 355.874546
490.296818 406.072958
491.622663 403.573133
490.679644 403.254462
493.901491 349.728385
496.268005 348.790566
497.070121 349.157544
495.318353 395.103643
494.164614 402.356903
495.332913 398.873565
502.183999 387.512363
500.611132 389.804707
502.124709 388.222780
510.015565 347.708366
506.054685 346.474029
505.433402 345.923179
512.294090 379.034232
512.394230 378.946704
513.020762 372.909960
511.245326 346.602425
512.269360 346.808314
515.319827 344.708766
520.856328 366.789658
520.359622 364.221582
519.398475 371.846767
524.604448 341.718916
525.038681 342.753749
526.748142 344.429398
524.821061 365.588690
529.709093 361.710878
530.228707 362.101770
532.906980 340.454745
534.055386 339.205612
540.498546 341.183601
541.577244 356.483352
536.801666 360.928118
541.744023 358.867906
544.643066 338.270247
538.373360 339.253166
544.827374 338.476263
551.551385 357.312890
543.544044 358.485004
544.400145 358.394780
555.790288 339.761251
552.105348 338.658400
553.876462 343.095248
558.591257 353.218357
553.357317 354.870332
558.975122 352.273326
566.985392 340.568219
565.077579 341.302050
567.733727 340.059583
566.086502 349.020266
565.113142 345.879016
570.532907 344.581094
573.033834 342.558770
580.661048 343.808645
570.149023 343.254692
572.535208 349.171661
575.454346 349.647571
574.144321 347.478227
582.182050 345.209244
581.870010 343.403017
581.835846 343.461835
