61.740828 92.061962
54.192279 87.988210
49.705093 86.007273
49.998648 86.251455
52.917216 87.433730
54.017508 88.606329
58.672569 89.773421
49.939675 86.154280
61.625064 93.784912
60.274423 96.383961
55.450933 92.365273
68.417429 96.332442
58.639129 95.392543
59.714677 93.425460
60.132915 94.690989
58.148134 94.995397
68.279651 104.008372
56.692956 95.760457
58.791023 97.966430
66.665136 104.274689
66.964058 104.210316
69.366054 104.343340
59.746961 98.253417
76.507364 108.249553
66.514432 94.853736
65.293363 95.970815
69.408092 92.695844
70.137341 92.687801
71.412589 99.348624
66.467124 93.713686
61.861620 93.743481
68.099341 93.187527
73.779473 97.294468
74.883640 95.708129
76.321245 93.602822
73.880902 97.289447
74.268704 95.524241
74.764660 97.188670
66.839738 98.517776
73.907792 97.382149
68.393968 104.176852
67.359005 104.259076
80.040028 114.803687
71.571297 104.574833
79.300010 111.129291
75.583244 109.580219
78.888662 110.684621
77.875754 111.004415
83.819906 112.967891
88.410754 109.885431
82.673758 114.749744
85.433996 114.186111
82.462655 114.195043
84.074523 113.432210
81.889890 110.045569
76.259618 105.437857
86.874018 110.897552
73.506948 101.815982
78.895774 102.082474
86.253068 97.890877
84.137044 93.048659
86.786842 99.986313
82.992600 92.841794
89.088276 107.106831
92.044786 121.182711
89.684571 117.962796
91.318679 116.392986
88.413147 112.406111
84.988328 115.146280
97.797545 128.578935
92.242879 118.380992
92.937877 120.080741
93.138698 111.375848
89.289326 101.833960
98.027111 112.805314
80.794454 110.602471
92.943366 107.505244
91.915150 103.647701
88.323314 104.911365
88.093451 105.593096
96.565200 127.822233
100.994246 130.923580
98.593544 129.181187
101.571937 131.616381
96.715384 126.327863
99.580365 122.951521
103.338241 125.003518
100.189806 128.890666
97.755721 112.622426
101.446004 115.553483
104.092280 117.281372
97.249493 112.308009
92.504520 109.438464
103.458616 118.209814
106.410618 119.897385
88.667041 112.016366
106.138444 136.541587
97.502904 128.005649
102.464019 130.855623
101.943630 133.133785
107.481418 134.783472
107.970128 131.917411
114.004183 134.665897
101.323900 132.557862
99.494901 120.042898
104.176198 128.056664
103.544799 119.886997
106.762843 122.112770
111.476185 125.524470
100.240729 129.317288
103.169416 121.717427
107.006661 123.199177
113.454474 144.318404
114.551023 143.145815
124.808202 139.319648
121.120391 148.709534
112.170738 144.893857
120.100168 147.720340
111.707341 145.484343
119.246948 140.862919
118.763631 136.094296
118.214764 129.490108
116.594797 132.422662
113.334078 129.065570
116.526733 127.538140
116.930389 128.337815
114.026912 130.552467
110.787543 124.216781
122.310960 149.058644
127.431222 146.628249
122.235829 149.167473
112.290135 145.563926
123.374389 145.168646
121.875422 149.485219
116.178438 146.732125
128.979104 150.687314
133.974064 138.008342
125.472927 133.464060
133.986043 136.696194
125.358057 133.529195
118.728025 127.643703
132.808885 135.509459
131.946678 136.856782
127.671921 136.607089
129.349690 157.884128
125.897542 162.727796
129.174240 159.455792
128.332044 158.698947
134.787640 151.075157
126.643875 161.930629
128.651270 158.742596
132.450974 152.633529
142.549100 145.678720
131.793431 135.106069
140.346107 139.597528
133.397883 137.333810
135.965496 138.225634
125.392459 135.802050
134.735264 141.103257
134.325061 138.092037
146.770760 160.718882
131.899018 170.252043
138.908242 154.347426
138.205093 165.461404
138.117984 170.195820
128.314682 163.645891
136.209144 160.648143
133.820797 156.738828
140.552201 178.949580
134.536366 176.622836
147.557101 186.253084
135.518950 172.435721
133.896630 175.307466
135.215088 176.958074
136.688257 177.624808
146.577444 182.456049
146.037823 149.452549
141.496357 142.675439
144.129130 143.853019
144.752482 147.955515
139.544345 142.924845
145.543862 150.829854
133.730150 137.449064
134.810141 146.154621
154.141341 166.340427
149.338582 172.915444
146.779458 175.160210
152.445842 173.512345
144.899145 172.635774
144.385044 173.036889
143.748697 171.793530
147.227851 169.132165
140.468882 180.942221
150.698187 189.520712
138.782317 180.066179
150.545231 182.710401
144.659792 183.609013
145.304711 183.336829
146.987304 185.607616
147.248627 186.422409
149.414241 147.350031
158.795440 147.937597
154.141911 147.606751
160.896828 152.980980
159.813226 147.547458
151.213200 147.355508
152.948962 147.686944
157.204182 146.839182
156.780236 198.600315
155.838340 195.804962
152.130471 189.167523
152.124903 191.444806
149.615501 190.255265
156.735842 197.051973
153.638190 193.598428
161.458705 201.672770
166.689718 194.861319
163.623169 203.221899
155.808110 196.691439
157.702599 198.704582
167.169964 209.872314
157.517296 197.877474
159.147274 204.322697
156.677065 196.284033
163.592791 148.406346
160.354044 152.004452
155.456872 149.381933
174.848633 150.666382
168.593868 152.258113
156.799697 154.290692
167.899156 156.645173
168.155014 154.308784
160.085078 205.783424
168.489724 215.636779
165.984443 206.920745
162.071508 208.999997
170.010666 217.098887
166.038559 211.032437
165.417971 212.985064
168.847702 217.103070
168.026031 155.284458
166.828839 159.663303
169.563093 156.998184
173.966608 150.253689
173.140947 151.889354
174.886503 150.202580
178.378562 151.350600
165.832699 149.821728
176.484132 218.182605
170.393249 214.502520
173.858161 221.021887
180.112393 228.619082
173.785258 221.571433
167.930198 214.772386
174.522358 225.096547
178.274336 225.766551
173.471245 223.289175
174.056176 222.918146
181.203638 223.181257
180.816086 228.542594
182.263705 215.476472
174.501514 225.141364
178.808331 229.532198
184.097796 219.992383
181.235677 153.837780
179.895675 150.831406
178.587088 151.893474
182.022386 152.285049
190.325023 155.861319
191.096807 154.038159
173.262911 150.708255
180.001843 150.848404
190.481249 239.704423
188.151897 234.848647
187.822125 236.644718
191.577569 240.234920
183.985598 235.422358
187.817166 236.605914
187.659271 236.192576
194.405594 229.253292
185.532031 152.701638
199.208020 156.324541
196.529671 156.271041
191.062714 155.113898
186.464884 154.808792
190.666369 154.058969
190.028584 158.700788
183.558571 152.389307
190.465794 243.671884
186.082489 238.630047
197.310624 251.933332
186.446635 235.496480
190.182134 248.857533
193.456400 244.136790
191.978713 241.919641
192.152387 251.638826
188.411017 267.082029
193.838802 259.333098
194.227493 260.337475
198.923787 254.128575
194.587185 265.291873
190.088064 270.908129
190.105238 260.845968
195.017225 261.166629
196.084963 270.694872
194.823882 277.008167
201.277345 276.503388
198.220782 278.638735
191.485864 284.668405
199.317711 280.901425
194.928544 273.902119
186.748751 267.864549
199.482578 281.457986
190.834793 284.058685
196.436218 279.845324
196.522986 275.944003
198.268597 289.791787
201.153402 286.364443
193.903191 277.643231
203.292522 279.823325
198.222784 301.542669
191.586220 290.356066
191.424658 292.777090
196.128381 286.031484
198.372633 288.252719
199.887841 287.238315
191.632717 294.256391
190.486553 286.608093
192.974830 245.415746
195.528637 253.260144
198.859313 253.893241
200.899880 265.557595
199.692732 256.489908
198.965487 253.643085
198.892042 254.055731
195.058593 253.526359
200.355403 292.344890
191.196828 305.700488
198.767472 301.865106
198.659369 300.166206
207.847576 306.467324
199.114153 288.804264
192.983903 306.231958
199.334800 302.626054
192.954604 155.826405
203.398070 158.707265
200.966525 158.580689
200.987805 158.558667
193.206677 155.222224
202.358825 158.555861
200.666052 158.092309
194.351371 156.918852
200.486109 307.852197
212.195656 306.172067
202.603965 306.866988
207.148572 307.963495
206.957867 308.241464
200.728119 304.496453
199.966507 307.150916
202.999730 307.745468
216.339908 161.200159
213.726878 160.447880
208.745730 158.560213
217.547496 161.061371
210.085282 159.685450
217.758031 159.990993
207.064155 156.376793
214.516438 162.090974
213.045880 306.106556
210.499018 303.880381
206.447216 308.335413
208.983911 307.095879
217.151076 303.814273
205.766971 308.602440
204.592523 307.995129
221.097966 302.634813
208.860040 281.102442
218.333580 279.231253
214.975613 277.768325
224.461500 281.574412
223.127580 279.850965
214.059475 282.734061
212.925077 284.286647
218.859082 279.481945
220.543134 295.708751
220.078721 283.027079
216.223977 280.301762
219.156123 283.687378
229.322622 283.668580
223.534876 291.156257
224.087716 280.736969
220.056986 284.434822
215.735770 283.735737
219.183200 290.639655
222.914217 294.082030
219.128664 295.084344
227.648619 283.770563
221.076156 293.699636
220.675243 295.393143
220.060852 294.765745
218.503915 160.408061
219.743390 160.963989
217.821594 159.928917
227.005952 163.189953
216.292336 162.101088
223.473534 165.330272
212.732139 160.044800
217.733008 161.874210
233.755424 166.406814
229.208369 165.842495
223.038094 165.150180
239.015357 168.226327
221.960679 164.515557
224.146429 164.616184
236.496294 166.072771
227.691496 165.970272
231.423738 280.483076
231.422706 282.437637
230.831004 280.294625
227.445308 275.163876
227.513657 282.431383
226.778016 274.955143
230.128280 279.751647
225.762479 281.269510
233.901004 283.170389
235.110353 284.735513
234.520456 291.067303
227.032064 287.738669
233.616898 282.717269
235.068946 283.563703
239.068259 286.502102
237.697561 285.536417
237.046760 165.185129
235.657717 166.525803
244.781674 167.849732
242.758462 169.678123
234.494475 166.436081
245.717660 170.063495
242.496427 170.375207
227.992793 164.203575
245.496013 294.427541
243.284396 290.757654
238.119086 285.701744
234.437588 290.406051
251.099698 295.344887
235.567756 292.761079
239.775812 291.898690
240.306676 288.319430
248.917540 171.125217
244.043668 170.590688
259.038338 166.282839
253.659901 170.370651
247.233456 169.801056
248.899579 169.695942
248.745174 174.555948
243.606000 169.194379
247.379252 291.723679
257.434239 302.105763
251.474246 295.526733
252.839403 294.491936
252.924912 298.625420
256.534508 299.037664
247.839361 291.356250
252.927550 298.074558
261.648023 167.551271
264.763976 166.161633
257.763627 167.850523
248.538061 172.014036
260.668377 168.060794
261.050017 168.376870
262.993963 165.703938
262.726364 163.788462
271.621136 298.422287
258.284972 303.399388
269.629242 305.661148
272.053488 308.217041
256.167189 302.938738
268.549021 301.505088
261.103436 305.020274
264.419052 307.619449
275.388190 160.746201
268.278148 161.692791
270.925266 163.787878
265.895746 163.660340
261.992799 163.694338
274.116284 161.050921
266.492419 163.250541
266.984876 163.777283
268.371777 312.237871
274.347856 313.258504
263.871591 312.656353
260.581764 304.069891
266.202526 313.251745
272.474151 314.434802
271.195934 313.041127
271.111228 311.158034
277.376610 167.016996
278.866705 169.260538
273.739084 163.267484
284.102515 164.346444
281.451413 165.577186
278.132375 163.176335
275.225856 160.509908
275.172722 165.412112
278.662172 311.309364
282.540389 317.566691
274.048973 314.002208
281.116539 314.875316
271.633575 307.025486
277.866163 313.502059
281.153125 315.242730
278.531059 314.964970
285.138039 163.888966
296.028235 156.836076
287.696239 160.504210
297.299717 154.367891
285.032116 162.217935
286.594516 165.182583
276.472968 160.555758
289.020591 159.635736
290.625223 324.190438
287.727142 320.548614
284.489123 315.482729
290.612851 322.583183
282.424817 314.910782
288.221474 319.770932
297.683936 318.952094
281.469366 316.502467
292.462962 155.450294
289.477516 158.671209
299.238894 153.371200
294.497490 154.270831
294.064176 154.227136
297.579066 153.798830
304.953152 153.981840
297.469136 153.572295
296.362013 325.609872
305.632969 332.409708
292.269817 325.686369
297.175534 323.450568
289.857051 322.861662
294.175247 325.491321
296.718876 326.128206
293.277418 324.843490
296.423878 326.605092
306.157423 332.428621
304.913266 332.459140
314.045547 338.272078
313.186473 338.912937
298.340454 325.746094
295.652057 326.828820
300.495003 328.605274
302.025615 152.589987
310.908774 152.517860
306.323733 152.373340
307.808812 152.690159
301.648531 152.637310
317.191907 153.962130
308.218201 152.511542
303.917015 152.588830
309.009439 335.114425
311.137988 337.982326
318.795588 335.175176
320.560892 339.139961
309.785778 336.392242
311.829713 340.026730
321.195971 341.365363
311.486774 336.443809
321.491138 158.004054
314.022842 152.619399
314.682831 151.584843
319.323363 151.277541
305.722128 152.372448
317.363363 151.014930
326.875125 150.124137
316.561399 151.118174
323.841182 192.477314
324.991933 200.814778
324.216244 184.475396
315.840632 193.919737
325.843456 190.127537
321.582077 193.915850
318.382362 191.869006
315.892181 189.506246
327.517940 211.261821
318.402513 199.562482
314.960973 196.673871
320.573106 204.284689
322.718475 205.031707
323.009805 203.547096
324.234124 208.068895
320.971037 212.749391
322.032881 344.594819
320.760734 338.734975
321.836033 343.852120
321.045192 340.517271
329.478780 345.301419
321.622012 343.038838
319.737364 337.034391
311.247858 338.177297
324.200843 355.006341
323.823186 355.068553
318.957648 364.218803
329.553587 362.265299
323.988572 352.584943
323.833806 352.864624
318.461062 364.277001
321.558727 361.818667
324.332846 183.490047
320.958588 184.771997
328.394186 185.134766
317.471320 181.001601
326.028819 183.243950
323.036212 185.288713
317.171581 187.532228
322.142042 187.355485
326.921544 150.016318
328.612730 150.169308
325.010649 152.037577
322.761351 156.095667
328.736426 150.562230
324.311055 151.559161
324.476638 150.483982
327.512813 150.136150
327.651138 213.548186
330.380474 214.434686
323.357273 206.472041
328.928262 219.849258
336.593538 220.379121
336.630548 219.635675
322.709352 205.939475
331.348123 225.152321
329.805469 357.878229
330.701736 363.816852
330.299273 372.624131
333.224221 364.949734
329.437954 364.026020
329.659651 364.631791
337.552920 365.905918
330.435555 363.455985
325.498299 371.226268
332.047674 365.147617
330.049510 380.181180
321.927446 365.080772
332.287231 370.399969
328.198841 375.737083
328.872410 378.570876
338.058703 369.060814
333.208783 219.594723
331.695323 217.575397
329.681609 222.026762
330.151236 223.475226
331.340480 228.012082
335.690700 219.001333
331.991369 222.793093
318.573300 222.721663
333.868501 180.355167
335.033199 181.321780
331.208809 176.241011
333.015255 178.427548
338.317427 186.678268
340.062176 174.385902
328.635626 173.241236
331.664780 180.551956
338.603618 382.283178
333.029736 379.274137
337.357479 385.637192
340.696987 386.001661
339.225133 388.435752
328.917107 378.643712
333.965805 386.506415
332.803627 384.736280
343.120468 392.690326
341.428067 392.924167
333.053884 383.230046
336.262412 388.589991
339.613687 391.944604
334.086245 386.401328
338.953692 390.859259
334.941296 387.345978
331.855356 150.676121
337.718639 150.930569
340.881225 150.393291
338.147622 150.496082
335.212266 150.915591
340.167014 150.131863
334.004845 152.758537
337.236739 150.578513
344.296312 229.810203
335.661406 230.236278
331.752240 233.953925
336.769215 225.664637
331.840903 229.273621
340.913833 230.986906
331.369131 227.360431
330.947780 233.762471
340.248348 169.021022
336.664644 169.477988
343.120342 161.429726
336.584329 162.285373
347.114125 162.250982
341.693409 169.584205
341.388330 168.482710
344.568435 166.808960
347.035394 391.444941
347.074045 387.202771
344.206299 391.885550
340.736995 392.371610
338.757116 390.987130
346.942367 382.566378
347.306455 394.508959
344.945775 393.328945
342.204464 234.279840
345.323359 237.092210
346.609997 226.404558
344.449051 239.473177
354.375259 245.297089
335.546495 241.880468
336.574806 233.904031
351.602988 240.784430
351.092918 151.079539
340.499195 151.139706
349.236264 150.600373
342.023404 150.236544
346.190518 160.100169
345.371838 150.523418
341.600318 155.556315
345.372146 150.968019
348.572933 161.098763
349.166281 163.545447
338.161913 166.656284
354.875889 158.293155
357.828039 168.506523
340.669564 170.082638
349.656913 165.075051
346.036016 164.568644
350.773560 380.659163
352.376777 378.950191
352.274724 374.948804
359.790248 374.513154
348.494674 382.387080
350.506619 370.991600
358.559724 374.141249
345.064779 386.086228
353.915312 244.918158
344.933354 242.258840
354.543983 245.578177
352.622263 244.576325
348.697053 241.092255
354.622505 245.500758
349.659283 243.452293
345.805383 238.579999
352.626757 372.775616
353.089612 371.064661
356.109032 372.263226
357.129925 363.470478
356.319751 370.017637
357.263481 368.300889
358.106338 366.211826
351.136758 380.040100
355.575297 150.460258
356.763233 150.825866
356.343152 150.650904
358.695396 150.614106
348.257819 155.274176
358.286657 152.041739
354.760704 153.393091
359.546146 149.714937
358.943554 161.902093
358.037462 155.269622
350.964924 155.360354
359.574429 164.332531
348.491848 159.443189
359.022297 175.170546
358.245160 151.980487
358.380381 161.388128
361.887114 256.589975
358.853611 251.612738
366.731115 256.130394
359.691287 252.049948
364.288168 254.377637
352.699944 246.281251
365.611736 255.345309
359.419139 250.963287
361.188116 362.360973
365.154080 359.515045
368.791522 358.630873
365.199408 361.254181
360.798415 365.841459
355.807050 371.180717
362.065725 366.722817
358.919179 368.616517
374.070938 269.740448
367.503069 256.990938
371.095703 265.985088
371.088737 264.793851
369.154120 259.397608
362.775598 256.666002
368.635716 260.179440
374.010304 266.604198
362.994518 362.314927
366.573617 358.819172
368.861720 357.166459
368.891559 357.460753
371.089751 361.573739
363.202087 361.335790
371.642544 356.263924
369.374567 356.950521
373.351639 268.783609
373.810181 268.875343
369.008018 260.469787
374.492870 268.237880
372.628442 266.068163
371.470042 262.455356
376.261312 269.848690
376.620130 273.391581
379.564115 359.406808
373.602146 353.991253
379.655089 353.035296
376.026060 357.710006
377.926768 361.236476
371.456522 360.930773
385.003803 362.729420
376.910011 359.297559
380.496697 276.768721
382.856959 280.940195
381.000281 277.906894
383.695456 281.655102
380.911651 277.917044
375.491054 268.022802
380.433051 277.918641
382.484587 280.274622
394.541419 364.346179
382.444735 360.987649
391.501176 365.297323
393.770106 366.796114
399.538008 357.729238
390.969250 363.150423
390.396210 361.371877
388.890240 362.767679
386.842423 285.961166
382.024922 289.853844
384.430461 282.860586
387.269957 285.409605
394.280061 291.395315
390.578904 286.820066
389.084283 286.690683
383.663163 282.845354
395.385596 293.779559
385.323428 284.255090
394.680082 293.081845
393.188388 292.644714
388.947831 300.053385
395.704287 290.501680
398.701105 301.632800
394.464269 292.807064
396.982620 370.152229
398.456349 371.611812
393.115293 366.722875
398.465867 368.380467
394.493484 365.927170
390.274999 364.350890
397.643857 359.530952
391.201590 363.830887
399.854887 301.203581
406.676184 302.779955
405.984767 303.247720
401.035167 300.435135
402.698695 301.752833
401.746771 300.838116
391.726418 297.451564
402.339354 305.551827
402.115819 372.269687
402.784903 366.052418
403.703476 370.943889
409.078981 374.102977
397.810262 369.775987
404.846450 370.796162
396.851501 369.418913
408.640831 365.791438
410.256652 306.734500
413.255557 306.318234
417.726704 315.814937
400.254969 302.855180
410.148751 307.505351
404.526222 303.733433
409.406324 308.787996
414.495433 306.805219
416.709927 379.131850
408.808566 381.416710
412.088771 378.932264
411.358802 379.055793
411.943442 383.603091
422.296979 379.764800
407.733310 382.580406
409.879366 381.437023
420.160808 322.833645
418.202566 315.792713
416.921180 314.468861
417.499806 317.237429
413.698455 322.866619
410.960833 307.831272
418.569431 320.960738
416.910278 313.629167
426.803361 380.971669
418.322299 375.835613
425.770539 381.679549
421.971689 381.294746
422.119363 379.728501
420.416181 377.381747
420.798423 375.852675
416.298352 378.206997
429.920381 326.534217
419.453530 317.014306
420.263907 326.578398
425.864536 321.740054
424.074229 322.162501
429.705390 326.017660
430.589032 320.323615
428.150947 326.393252
430.215578 380.970056
438.172135 373.498299
443.855129 384.080666
430.925481 381.541066
431.727122 381.547682
431.603857 383.762160
432.560718 386.295850
433.224304 383.286152
431.469718 322.671400
436.350108 321.962723
436.153412 321.521927
435.593188 321.209501
437.291221 323.007003
443.754968 325.782044
434.923892 322.377792
436.353124 321.836325
438.962952 378.926342
438.791333 379.821937
440.773796 380.951198
443.324522 385.103280
441.988706 381.319283
444.697577 382.714665
443.312859 381.234902
437.818365 379.529009
448.983308 339.187127
445.529946 336.575133
442.008020 331.068917
444.368672 334.801423
438.265643 327.104677
449.137680 341.545161
436.170288 327.348500
436.198543 322.611868
443.236917 334.322604
445.731239 338.759946
443.313598 334.544895
445.081030 337.029162
447.157061 348.478345
436.653847 332.332506
444.781112 336.798638
440.777820 331.977000
449.143989 347.437237
446.215661 340.064191
449.259953 347.639503
447.045457 348.993345
452.122235 347.112264
448.197348 349.717537
446.439097 346.057580
458.835350 351.989895
442.625618 382.502223
443.017615 382.394772
449.147095 388.478703
451.310416 388.058348
448.643741 393.512760
448.245675 375.914271
448.716536 384.286102
448.519597 393.457403
447.509597 388.675508
453.792763 403.325232
446.739641 388.419610
447.659398 399.527520
453.200343 397.076041
460.210280 404.346639
454.520748 406.442256
453.933268 397.639884
457.017730 413.140952
452.830713 412.274010
449.625231 402.927931
454.278485 406.720220
451.685522 401.087440
450.800791 412.576407
449.285180 403.663738
453.906431 407.852123
453.901854 416.816399
449.012138 416.373638
460.885158 418.436080
453.973087 416.781618
453.684652 416.902696
452.154837 413.705265
456.632769 410.189371
454.021366 420.734395
455.604296 418.056148
455.278921 426.899423
461.146005 428.667060
451.945636 414.120736
462.671017 424.363895
461.667584 423.582776
455.627817 434.347259
459.794008 425.141589
461.973071 428.523730
457.571611 438.533524
463.833426 444.491821
453.101863 428.879541
455.004967 435.871717
461.733275 444.035775
459.930905 439.083859
456.063515 442.031941
453.313961 442.378396
454.678208 446.458056
455.513147 447.467206
450.605675 436.835489
455.989252 448.422996
453.008138 435.868636
454.640469 448.405159
454.362016 446.610239
449.532882 353.762200
450.184317 352.774526
456.414266 352.789083
453.068961 360.313714
449.787529 358.645597
456.973004 353.880613
465.412377 358.245051
457.098214 353.432227
458.778194 456.204853
456.682215 447.786342
464.381421 451.178642
459.269244 456.577043
458.129584 459.936577
458.869285 466.147027
459.924792 454.447230
457.117345 453.385574
458.973995 456.165077
459.207312 470.672093
459.029991 470.290155
464.159454 474.853810
458.850624 466.006153
468.943764 474.587637
458.455087 464.062395
456.899804 456.131494
459.056053 478.947689
463.075182 472.937997
464.386824 479.062437
460.727196 469.399394
464.594380 479.758360
465.321462 479.988480
467.846864 474.094945
467.439401 475.402200
463.766474 489.527103
462.234820 489.696781
475.096450 487.043487
458.504492 483.224683
463.644985 485.974824
460.384672 473.972009
464.514892 483.873025
465.580384 494.060722
455.922836 482.038113
465.153347 498.377343
464.555535 493.500261
466.165599 494.146763
473.940717 487.528260
464.806242 495.639599
466.205701 499.911522
460.653167 487.099796
474.538913 362.533442
466.076936 358.755384
454.762737 354.967520
464.424597 358.748774
463.721136 356.533389
469.384495 359.608293
465.735234 358.829186
460.973379 368.371495
463.396802 496.405130
466.309420 502.190916
464.710744 501.798540
468.752727 505.657126
463.908426 505.770659
462.492968 505.691683
463.493181 493.408995
463.059367 505.827593
480.968389 360.067418
479.666275 359.614665
476.289213 370.563258
483.257339 358.856848
479.839828 361.221138
469.463996 357.017629
480.681355 360.337995
479.349005 359.472408
477.236932 497.794180
477.335160 505.721074
475.197201 505.947006
473.419802 504.246718
473.081642 506.415754
474.879839 503.641264
476.242185 500.317607
471.101627 504.755417
474.383175 433.605129
480.494988 447.681500
478.323306 444.779767
480.852763 437.527761
480.774909 441.405083
477.338493 445.551369
479.832981 429.963346
482.093909 422.609474
474.272171 445.951697
482.109724 441.262202
480.350796 453.952001
482.494724 452.858140
487.175440 446.733314
480.318438 452.882864
476.028275 454.661995
484.701713 444.184559
481.594147 453.115550
483.032793 452.308621
482.713722 450.856827
484.792295 444.266346
484.406460 451.363600
477.921275 452.534415
471.778030 459.770878
479.235091 455.025612
482.860094 470.344202
473.904625 454.857165
473.802773 456.225866
481.518852 466.821534
481.721713 469.490261
481.556112 453.448664
484.452287 451.427309
483.804084 457.047731
482.220216 482.691741
479.400367 474.163107
482.454415 482.411332
480.672227 477.163305
471.634536 475.997960
473.239968 474.150874
478.214810 475.829787
483.049612 482.012165
482.493157 478.749839
473.978233 485.646277
478.569951 484.409081
478.126129 485.035483
483.123819 482.491264
479.066585 484.519217
476.456335 481.219218
477.449389 490.026855
476.456141 497.524825
479.271864 493.679749
478.561091 494.874622
479.003638 490.124723
478.706765 494.648395
478.966690 494.462621
479.784303 493.773830
477.018912 495.033155
485.367774 415.592658
481.191796 410.135597
484.513338 414.700385
483.947900 414.895152
474.952360 414.274085
490.885024 410.964324
476.192325 420.817876
477.609370 414.476006
482.597097 424.389690
486.550272 421.420426
483.631846 420.845918
476.132285 435.610047
482.871246 419.644888
483.567508 428.056986
483.625350 424.443681
487.627212 416.115657
488.843330 358.044075
483.135655 358.904123
492.529281 352.634636
481.747591 359.094879
483.362328 359.384597
490.088957 355.388370
479.828108 356.670135
487.164659 356.762671
492.238170 401.176755
490.753937 407.315125
487.081431 410.738316
495.177982 401.594315
483.215113 413.269917
494.464737 401.299654
491.836495 403.482613
489.801984 408.771158
497.388780 352.974677
493.694969 351.801981
488.055998 354.416177
494.784477 351.383925
502.894310 352.677093
498.580534 351.307778
485.375650 351.557376
494.791954 351.407006
500.572265 395.310609
497.754582 395.612781
499.758248 395.822729
501.217135 394.755490
502.208317 394.315422
502.662247 392.197598
501.717980 393.381238
497.581264 397.231705
501.119187 383.032960
505.348820 383.127562
510.875373 378.242150
498.084419 382.842680
494.592560 379.796253
505.305084 383.076461
497.172077 392.434061
502.737234 385.399087
504.834783 348.087776
511.205295 350.753648
506.065600 351.691616
503.735437 348.666419
500.203619 349.483770
505.685591 359.738801
506.515434 355.050689
501.974458 352.476490
506.269218 374.391327
509.319586 378.554958
504.623189 378.230325
504.975073 386.746407
507.651427 380.887398
511.557532 377.725816
507.929186 380.178285
513.409360 372.933829
510.194910 344.326226
514.380367 342.957491
514.268819 344.601174
507.680402 350.526060
510.622915 343.995786
517.805561 345.198387
519.674088 343.155149
521.606426 343.234458
519.267683 371.725106
517.935512 368.288306
520.899137 368.417745
517.202097 367.722073
522.326618 369.290770
517.874384 369.581148
513.951033 364.382760
513.960581 371.152947
528.097752 340.808443
514.337404 342.775509
522.978755 341.433026
534.269559 337.853389
519.061840 342.231709
525.696418 339.805558
525.172249 339.799347
527.078656 346.182705
533.299599 367.742884
525.089969 369.616993
528.232340 368.365325
524.373460 362.575829
529.016488 368.476075
528.403215 368.926561
528.560423 367.251584
530.828734 368.338924
532.998806 341.687253
533.983231 336.766984
533.616622 338.636148
532.562287 336.570969
533.672335 337.076119
536.171249 340.966922
536.863355 334.944445
525.572246 340.039913
537.069260 361.655036
537.650663 365.045397
542.395924 362.407613
537.819511 365.064377
543.368153 361.886888
533.746269 366.307719
530.847470 368.497976
542.359227 362.288115
547.680521 340.180943
542.572364 337.719621
543.714632 345.673840
537.518971 334.485111
551.691126 346.181240
549.573765 349.676268
543.530461 340.158354
551.608635 341.957376
556.338544 355.295034
546.482545 356.427342
551.462177 352.896243
545.047973 359.996350
539.292492 348.239956
550.142850 356.947559
545.502203 345.385248
555.510460 354.164127
549.052205 339.406781
555.404787 337.751153
547.456421 332.710518
558.880709 338.106750
558.526224 338.598639
552.126151 340.914160
551.399851 335.937989
561.382305 336.130483
557.965662 353.899945
551.026519 357.547618
549.157553 358.340557
559.111602 351.782993
563.425244 353.075636
548.102053 349.742089
557.476181 353.747596
555.682775 352.775566
556.115577 336.494570
561.272708 336.090789
570.025847 337.886809
561.012116 336.292744
576.114560 339.702810
563.763514 336.508463
557.196518 340.360661
566.697085 337.600171
564.329428 348.861624
574.613307 342.343408
562.884487 352.475606
555.830704 354.852060
566.815904 350.909816
571.842496 349.422032
568.655118 349.295458
569.489120 347.485020
577.314604 341.549625
575.450460 339.325883
573.618978 340.293866
582.218061 344.126424
576.637360 341.498442
575.459403 338.962378
579.381699 342.796712
564.877516 336.731090
573.839375 340.935958
566.672279 342.945620
586.344188 346.287860
584.316018 344.967587
575.577674 348.118612
577.973490 348.738362
566.196807 347.983549
566.827287 350.109146
583.361820 344.164701
590.863625 347.711203
583.272876 344.209263
591.464862 347.963722
580.329372 343.625797
592.251562 348.162062
576.256219 340.006765
577.907234 341.318109
