61.580556 92.491680
54.015342 88.398988
49.688065 86.036735
50.019226 86.229315
52.773117 87.741566
54.020072 88.602424
58.413790 90.414588
49.918871 86.200225
61.774632 93.610888
61.208939 94.155623
56.729496 91.031750
68.405378 96.551584
59.581618 92.932773
60.115941 92.713596
60.554089 93.294098
59.181273 92.680534
68.135714 103.536942
59.633169 93.056582
61.519788 95.552662
66.690217 104.330601
67.009247 104.162363
69.415704 103.666822
61.820151 95.945820
77.571645 106.647064
66.381900 95.340662
65.395450 95.804368
68.980289 94.052715
69.870508 93.875926
71.380045 99.228061
66.271193 94.527908
61.960459 93.592390
67.984518 94.207252
73.813049 97.480322
75.181523 96.268148
76.371453 94.187965
73.964679 97.457698
74.281278 96.096074
74.794286 97.392776
67.002460 98.193355
74.001469 97.529300
68.214547 103.610764
67.506634 103.996594
82.173455 113.271836
71.748974 103.712699
80.342177 108.903449
76.740462 107.976847
79.906645 108.415805
79.367129 109.056445
84.521954 110.478888
88.524380 109.221277
84.252113 112.174643
86.546054 111.963942
84.051288 111.591397
85.569575 111.281911
82.740246 108.213844
76.849485 104.310324
86.999596 109.712441
73.491265 101.307870
78.890589 101.486462
86.075647 97.998968
84.143740 93.075626
86.694115 100.028672
82.936107 92.915336
89.128756 107.071276
93.969593 119.106107
91.180481 115.913646
91.865316 114.767963
88.573630 111.347322
86.380882 112.692590
100.210863 126.355401
93.136205 116.711571
94.167574 118.121701
93.149811 111.392951
88.955326 102.122116
97.956396 113.301010
81.877117 108.675053
92.537102 107.903360
91.686832 104.319809
88.310345 104.933883
88.124093 105.534306
98.751605 125.554643
102.799571 128.703636
100.777904 126.775874
103.392335 129.476696
98.822164 124.351311
99.970603 122.136600
103.408949 124.985241
101.088089 126.619321
97.456705 112.863837
100.394272 116.633737
102.669181 118.810348
96.940090 112.757355
92.381762 109.648647
102.175708 119.437540
104.794834 121.722139
89.129672 111.344189
108.033548 134.738935
99.734652 125.752692
103.516168 128.844905
104.240106 130.766057
108.544662 133.462844
108.197901 131.259179
113.806592 135.105740
103.599066 130.253433
99.563397 119.953516
104.350527 127.260884
102.577216 120.990005
105.512181 123.782256
109.992889 127.739543
101.727640 127.453689
102.895436 122.550509
106.370558 124.974434
114.789523 142.913128
115.324519 141.793806
124.723467 140.815766
121.670518 148.131306
113.991361 143.354457
120.648323 146.914949
112.354159 142.567155
119.190796 140.969659
118.310381 137.282382
116.916803 132.887205
115.964719 134.529815
112.768562 131.288301
114.603051 130.682189
115.171587 131.636305
113.676237 132.538545
109.152443 126.526635
122.282253 148.730123
127.440320 147.074895
122.413496 148.916854
113.162137 142.894930
123.307614 145.409363
122.341764 148.942370
117.015047 144.975434
128.969473 150.731824
133.786337 139.888645
124.105001 137.136631
132.448442 139.382074
124.111116 137.168322
116.741234 130.455129
131.223974 138.633970
131.746137 139.238568
127.449217 139.114087
129.112203 157.510880
125.502692 162.216681
129.025567 158.882707
128.431161 158.214071
134.840761 151.438920
127.620192 161.164762
128.522158 158.262952
132.446073 152.646057
142.412857 147.488293
130.236377 138.416588
139.161642 142.413568
133.077509 139.313301
134.438758 140.482069
125.072331 138.564358
134.581865 142.819944
133.079663 139.387936
146.773542 160.575031
134.539177 168.177643
138.945362 154.466459
138.645332 164.043371
139.081363 167.712728
128.961591 162.344194
136.256955 159.865522
133.758073 156.395107
142.739553 175.774779
137.978745 172.811250
148.861488 184.292482
137.358417 169.553106
137.922023 172.355867
138.812283 173.906365
139.923142 174.092841
147.548255 180.819861
146.067471 150.650320
140.213075 144.726664
143.258067 146.121039
144.252329 149.305606
138.586675 144.862847
145.517693 151.811076
132.847008 139.233488
135.039874 147.173390
154.082244 166.246247
149.428982 172.445896
147.089791 173.947110
152.537566 173.698673
145.151734 171.278244
144.844855 171.597501
144.459462 170.456039
147.268783 168.396193
143.358030 177.945971
152.055751 188.178451
141.940610 176.523359
150.664820 182.356256
146.764006 181.708024
147.125707 181.556009
148.743051 184.315854
149.041265 184.755227
149.026964 149.318161
158.381813 150.596594
153.901910 150.039177
160.784328 154.010384
159.243541 150.293651
150.977286 149.542481
152.412987 149.958467
156.487525 149.544223
158.453848 196.847441
156.982542 194.968450
153.223967 188.356621
153.645086 190.250759
151.797856 188.382300
157.855517 196.096293
155.101461 192.490494
162.733745 200.065314
166.834492 194.104576
164.735328 201.521864
157.407290 195.599850
159.037823 197.161172
169.366304 208.488101
158.596959 196.773797
162.579501 202.146859
157.006656 195.097028
163.136750 151.015276
160.313486 153.314660
154.960302 151.342022
174.844624 152.373637
168.625729 153.504902
156.901340 155.111045
167.897050 156.593121
168.182555 154.810271
163.537870 203.181975
170.741519 213.220029
168.096722 205.722671
165.737672 206.062199
172.150245 214.513823
168.601130 209.174909
168.859191 210.490879
171.995074 214.806412
168.003603 155.472412
166.750856 159.557493
169.578102 157.108968
173.734263 152.243640
173.307281 153.164254
174.569688 152.061475
178.357243 152.701940
165.590676 151.925221
176.952027 216.323185
172.215729 212.751135
175.584469 218.433662
181.844876 227.010445
176.082448 219.507043
170.615407 212.899290
177.413733 222.246620
179.912117 223.746267
176.345800 220.709072
176.553539 220.438900
181.964336 221.822560
182.458112 227.196772
181.982533 214.999028
177.611156 222.815085
181.016104 227.699890
184.406501 219.636749
181.266921 154.806600
179.888638 152.138005
178.445082 153.149760
181.731503 153.606237
190.179335 156.751465
190.783631 155.544366
173.253809 152.547951
179.587282 152.114099
190.527260 239.677188
188.287836 234.403442
187.986375 236.515826
191.562568 240.266136
185.321679 234.220304
188.000976 236.463991
187.947344 235.940520
194.277091 229.003834
185.102855 154.099241
199.029664 157.334313
196.317282 157.200745
190.744445 156.163604
186.144524 155.745888
190.209111 155.539064
190.114736 159.116116
183.101597 153.664056
190.723121 243.463247
187.152804 237.920226
197.179088 252.028704
186.990068 235.041166
190.520219 248.704029
193.348984 244.204306
191.902175 241.959100
192.187707 251.582951
188.590908 267.017528
193.875730 259.468054
194.261882 260.515739
198.821448 254.188024
194.580803 265.543680
190.047111 270.971613
190.165172 260.980537
195.001514 261.364007
196.000186 271.071435
194.648353 277.245700
201.052805 277.142051
198.112830 279.127955
191.499065 284.689584
199.219011 281.383809
194.756846 274.217239
186.750279 267.870765
199.490026 281.950513
190.922560 284.046428
196.391153 280.197204
196.366235 276.359731
198.237451 289.658909
201.202216 286.490036
193.817693 277.848881
203.198839 280.579712
198.354813 300.934821
191.593054 290.377848
191.492582 292.768299
196.142900 286.128654
198.390528 288.214238
199.889404 287.271913
191.640878 294.212342
190.700507 286.524256
192.932278 245.448506
195.513259 253.324800
198.768443 253.924109
200.647199 265.949093
199.707966 256.585261
198.791287 253.790909
198.862622 254.142994
195.041319 253.582629
200.345578 291.976273
191.253056 305.965515
199.249647 301.320216
198.963185 299.525466
206.887721 302.765653
199.078584 288.729888
193.070491 306.173989
200.015308 302.004397
192.703831 156.827799
203.392956 158.745140
200.981196 158.432796
201.003710 158.444503
192.848732 156.425502
202.355390 158.578538
200.635025 158.259740
194.286219 157.538146
201.328057 306.253596
210.820324 302.487951
202.847582 303.903029
205.503233 304.171709
205.446102 304.411682
200.742242 302.796096
200.036998 305.133634
203.133671 304.441350
216.340179 161.204445
213.693533 160.613123
208.639009 159.174318
217.517269 161.327361
210.042779 159.885718
217.605258 160.843547
206.799604 157.530275
214.660516 161.484016
211.672407 302.481925
210.018303 300.580327
206.628654 305.164354
207.142203 303.549266
216.065429 300.678262
204.605731 304.990412
204.545636 304.452804
221.059168 299.723393
208.776620 281.998945
218.074184 281.029018
214.630375 279.129669
224.416802 282.792947
223.089241 281.318003
213.990027 283.691307
212.982020 284.984022
218.733515 281.317272
219.483012 294.217890
220.088426 283.959278
216.300455 281.825704
219.075246 284.529991
229.358127 284.454328
223.102755 290.417917
224.160885 282.061705
219.891208 285.111344
215.700083 284.567485
219.496742 290.270432
222.453791 292.698736
218.915389 293.198876
227.615267 284.544955
220.633674 292.306791
220.389992 293.007409
220.303164 292.890899
218.407692 161.211622
219.523803 161.557667
217.440273 160.819412
226.937902 163.428034
216.448137 161.588251
223.853226 163.576358
212.680268 160.334226
217.830085 161.635811
233.905137 165.876871
229.446176 164.872406
223.465800 163.468888
239.288309 167.370795
222.464028 163.152761
224.501022 163.560808
236.546682 165.833908
228.031241 164.655392
231.471657 280.705340
231.261900 283.247419
230.645827 280.496511
227.178152 275.932662
227.287264 283.392077
226.438562 275.250573
230.105014 280.201170
225.923600 282.376867
233.352665 284.163350
234.634075 285.719353
234.550164 290.254014
227.015176 287.646554
232.965595 283.571848
234.379009 284.524223
238.275948 287.606917
236.918849 286.681849
237.037932 165.264253
235.769858 166.105167
244.834352 167.264639
243.061870 168.419181
234.634534 165.960689
245.843592 168.750760
242.927025 169.064009
228.037168 164.029981
245.604658 294.151893
242.977363 291.297040
237.149108 286.805501
234.457815 289.843832
251.017091 295.502858
235.642350 291.873763
239.811238 291.655108
239.924692 289.344787
248.977255 169.714367
244.510280 169.245830
259.129899 166.736403
253.371679 169.430660
247.294701 168.628042
248.764210 168.599447
248.695392 173.316722
243.871180 168.122499
247.050930 292.323248
258.124630 301.178683
251.370838 295.680944
252.741012 294.795370
253.322835 298.035711
256.663628 298.517913
247.458729 291.881270
253.264725 297.601304
261.586570 167.442023
264.852672 166.680434
257.701497 167.626750
248.497610 170.556520
260.665246 167.694373
260.978974 168.014899
263.192714 166.417596
263.167722 165.472224
271.469993 298.222595
258.878136 302.171260
269.808041 304.979760
272.482809 307.701873
256.893457 301.905430
268.540445 301.000883
261.958881 303.780582
265.272770 306.327668
275.584344 163.753321
268.483093 164.091952
271.075281 165.454029
266.343784 165.320918
262.197892 165.425058
274.712000 163.913217
266.827665 165.112918
267.260152 165.433760
268.869379 310.563665
274.758724 312.179896
264.262598 310.870427
261.016980 302.770341
267.452705 311.846874
273.184973 312.924125
271.820021 311.531086
271.678341 310.003834
277.292424 167.609805
278.758522 169.601643
273.915643 165.174879
284.119742 164.853277
281.539598 166.076620
278.166349 164.775281
275.586387 163.446208
275.079697 166.417696
278.817860 311.063909
282.947905 316.822360
274.445477 312.639350
281.214209 314.700985
271.979108 306.567060
278.142380 313.006975
281.300114 314.925436
278.850819 314.277949
285.378521 164.224673
296.572413 157.953799
288.199422 161.146651
297.749774 155.965151
285.193303 162.966115
286.476661 165.472589
277.012714 163.359523
289.459380 160.365090
291.266071 323.163537
288.199567 319.815980
284.552887 315.312320
291.143147 321.825327
282.454603 314.867114
288.453975 319.160515
297.609364 318.665650
281.840145 315.913596
293.053683 157.370754
289.955750 159.698910
299.605444 155.061235
295.242511 155.665239
294.239724 155.719990
298.078602 155.469981
304.942587 155.622116
297.797176 155.313959
296.634433 324.904224
305.855886 332.103886
292.990383 324.722575
297.316140 323.027168
290.582328 322.030187
294.550814 324.530066
297.070916 325.417299
293.795148 323.909123
296.851713 325.786023
306.334983 332.109852
305.213175 332.070960
314.076587 337.996424
313.318882 338.639276
298.710027 325.336058
296.190580 325.931618
300.842230 328.145227
302.230113 154.571081
310.828123 154.279229
306.524561 154.347404
308.013054 154.520471
301.978613 154.521601
316.994344 155.462348
308.221237 154.404118
304.027974 154.378546
309.216374 334.834068
311.382849 337.785070
318.768922 335.129001
320.557869 339.140930
310.037439 336.118550
312.080826 339.790339
321.198330 341.364730
311.559831 336.163639
321.083927 159.080516
313.738024 154.428132
314.885830 153.732236
319.534799 153.108825
305.816681 154.343220
317.588903 153.212266
327.160322 150.560976
316.770190 153.382480
323.838658 192.283925
324.820978 200.904346
324.042572 184.293547
315.912094 193.469765
325.711381 189.969329
321.680114 193.674200
318.564460 191.499530
316.103923 189.174571
326.857627 211.636506
318.631502 199.380229
315.175584 196.431652
320.715702 204.174330
322.778744 204.972625
323.018126 203.535892
324.116863 208.175156
320.964789 212.845836
322.042953 344.578708
320.756107 338.739598
321.848046 343.849100
321.044915 340.517333
329.511284 345.456032
321.631251 343.036357
319.733337 337.036445
311.331116 337.853609
324.154657 355.080702
323.811380 355.064055
319.030462 364.160657
329.023949 363.061388
323.983621 352.631948
323.812371 352.869549
318.453468 364.215202
321.575976 361.881672
324.184988 183.330981
320.983696 184.527654
328.333860 184.899372
317.522052 180.919378
325.918257 183.046917
322.891238 185.065401
317.171437 187.145743
322.076050 187.061369
326.801376 150.379829
328.566230 151.866034
325.505358 152.599514
322.563567 157.221231
328.488095 151.721764
324.630509 152.484185
324.676405 152.000379
327.376552 151.175296
327.169634 214.148080
329.269340 215.205769
323.369272 206.458669
328.726334 220.482617
334.644420 222.666833
334.997385 222.377562
322.758589 205.889416
331.202194 225.306398
329.473539 358.208235
330.360272 365.096020
330.670356 372.090812
332.806322 365.794464
329.286812 365.130859
329.397839 365.630845
337.441038 366.425544
329.723156 364.459790
326.355183 370.443182
331.524828 366.042722
332.222402 378.274062
321.946646 365.031789
332.299373 370.424233
329.622951 374.253699
331.097931 377.297605
338.012722 369.307308
332.707733 221.415445
330.813410 218.820259
329.474173 222.191247
330.006625 223.532780
331.349083 228.011450
334.104665 221.253389
331.613573 223.443421
318.599928 222.781526
333.905150 180.198741
334.986291 181.108258
331.173882 176.188550
332.926782 178.340086
338.182865 186.444938
339.897489 174.235065
328.674991 173.379961
331.601763 180.389839
338.025155 380.434143
334.191575 378.031914
337.531495 382.699618
341.209290 383.477377
340.222577 384.896343
331.288171 377.420004
336.829009 383.841723
335.374553 382.122139
345.105998 388.707967
344.161937 389.498725
334.877386 380.902848
338.659697 385.386679
342.236336 388.660608
337.065491 383.762792
341.735932 387.783885
336.281226 383.768242
331.551900 152.645939
337.199181 153.867761
340.765930 153.692490
338.061716 153.607264
335.334964 153.498776
340.080946 153.137274
333.692982 154.765716
337.387312 153.581549
344.336251 230.268166
335.584881 230.618870
331.792015 233.911349
335.836150 226.829584
331.833238 229.287738
340.845746 231.450621
331.353467 227.365129
330.923766 233.670019
340.258508 168.894263
336.729340 169.560820
343.210830 162.093140
336.602675 163.165106
347.135995 162.465499
341.546911 169.376122
341.323517 168.335290
344.484231 166.666836
346.279500 388.161870
344.818067 385.060169
345.360859 387.160477
342.440996 388.237604
341.381138 387.394102
345.663161 380.192111
349.229519 391.067105
347.227297 389.871914
342.157385 234.423662
345.320012 237.093713
346.626923 226.940605
344.458016 239.410888
354.067131 245.621158
335.520257 241.844108
336.588100 234.040848
351.253563 241.078548
351.486221 153.203505
340.096551 154.231890
349.430846 153.228326
342.018104 152.876172
346.168778 160.771029
345.300902 153.535001
341.318455 157.436223
345.480218 153.941148
348.569085 161.336823
349.169169 163.546163
338.224684 166.919292
354.983212 158.552030
357.818401 168.482280
340.501901 169.925998
349.633801 165.005163
346.037026 164.564346
348.917177 378.513744
350.522721 377.093078
351.148976 373.847580
359.420506 372.920183
346.620586 380.163811
350.403184 370.411588
357.732245 372.594782
343.632832 383.494126
353.631825 245.241991
344.954891 242.169783
354.235580 245.868012
352.473587 244.756236
348.643170 241.156055
354.284246 245.822493
349.667811 243.432368
345.843511 238.519744
352.181869 371.758278
352.810555 370.282848
355.133921 371.185207
357.172406 364.062995
355.847728 369.191176
356.955094 367.869793
358.114767 366.216169
349.199896 377.959730
355.805334 151.804396
357.051167 151.835163
356.170556 151.891025
358.854005 151.055289
348.517264 156.817190
358.182764 152.464298
354.483235 153.938471
359.820142 150.239726
359.006107 161.882105
358.184989 155.435021
351.422926 156.459713
359.573433 164.310392
348.697739 159.977783
358.919323 175.263307
358.447177 152.375958
358.383593 161.385523
362.042370 256.402487
358.852320 251.616385
365.263608 257.579279
359.587908 252.130353
363.311518 255.553993
352.715631 246.255893
364.274982 256.468952
359.080529 251.287539
361.565924 363.159344
365.789800 360.661422
368.954407 359.966511
365.584086 362.103589
360.732543 365.744528
355.135540 370.210088
361.886421 366.373394
358.445858 368.005182
374.195360 269.652730
365.815137 258.285706
371.146060 265.939336
370.789662 265.015411
367.735447 260.604883
362.895312 256.540948
367.861747 260.890665
372.922004 267.421681
363.456558 362.999922
367.363649 360.156089
369.840349 358.737805
369.794447 358.914874
371.155592 361.776404
363.752915 362.286650
372.008506 357.671273
370.224995 358.567464
373.467199 268.707375
373.778371 268.901697
368.104995 261.137178
373.852595 268.762183
372.079641 266.472817
369.983347 263.563791
375.324877 270.501859
376.654598 273.361417
379.504387 359.704520
373.784357 354.961619
380.006706 353.524213
376.017748 358.414111
377.937667 361.326952
371.500955 361.292749
385.088053 362.446012
376.950209 359.724773
380.070309 277.099427
382.677850 281.045201
380.762802 278.068939
383.330362 281.917042
380.716368 278.054579
374.265870 269.022607
380.366544 277.964265
382.282350 280.416052
394.624763 363.708875
382.437092 361.026180
391.850472 364.511134
394.244773 365.736691
399.478355 357.610706
391.077579 362.810243
390.381706 361.232223
388.939930 362.510433
386.329195 286.768424
382.203791 290.141277
384.013692 283.175131
386.465807 286.142176
392.954046 292.669294
389.297460 287.986940
388.076263 287.595184
383.417057 283.112056
394.182332 295.454365
384.862900 284.631612
393.616109 295.022321
392.387295 294.444864
389.271201 300.521626
394.282730 292.111923
398.385722 302.137388
393.449807 294.683036
398.012871 368.416043
399.613704 370.156966
393.701324 365.695667
398.896941 367.059904
394.856918 365.067995
390.497220 363.743160
397.559573 359.371682
391.356897 363.374186
399.525608 301.986157
405.321684 304.388643
405.025441 304.702709
400.388568 301.362130
402.043331 302.854899
401.113032 301.867609
391.579052 298.189890
401.985345 306.000026
402.990531 370.806876
403.024963 365.376117
404.070921 369.562865
409.614833 373.182831
398.404353 368.086962
405.121066 369.511213
397.798549 367.890144
408.423569 365.381449
409.117432 308.216320
411.440675 308.648877
416.565812 316.862292
399.978442 303.269365
409.091206 308.742671
403.941057 304.718602
408.660345 309.708931
412.786676 309.684467
416.791408 378.289574
409.764168 380.266957
412.225791 377.594545
411.429459 377.689882
412.789988 382.397973
422.401945 379.491628
408.133275 381.040923
409.863037 379.837077
420.074550 323.604711
417.077764 317.002515
415.747585 315.613384
416.768348 318.259636
413.884825 323.308115
409.762797 308.985016
418.369909 321.799101
415.808670 314.975525
426.854432 380.522377
418.470687 375.550187
425.935112 381.162537
422.069375 380.664319
422.208946 379.430080
420.514676 377.142325
420.834824 375.645464
416.474609 377.472672
429.680556 326.971023
418.458730 318.209450
420.497884 326.860841
425.390639 322.982380
423.660679 323.118619
429.496116 326.548065
429.778866 322.483888
428.039842 326.772063
430.192756 380.515557
438.148863 373.448058
443.821133 384.109023
430.982478 381.050241
431.675706 381.089948
431.828754 383.286713
432.890830 385.784970
433.179103 382.822530
431.146396 324.471408
435.912202 324.519978
435.660393 324.196660
434.257829 323.484644
435.821868 324.814949
443.180642 327.837931
434.862862 324.548997
435.619623 324.299965
438.963154 378.915224
438.795371 379.814459
440.749501 380.990380
443.332078 385.090252
441.966370 381.379311
444.674786 382.780777
443.325034 381.301638
437.799346 379.461367
448.158596 340.227408
444.457158 337.390484
440.803591 332.099252
443.215682 335.601435
437.020743 328.133446
448.264070 342.270783
435.643872 328.452606
434.868712 323.656585
442.345234 335.051376
444.959906 339.119388
442.518719 335.242795
444.308994 337.622004
447.149895 348.495116
436.213710 332.818186
443.922237 337.318010
440.035546 332.914544
448.956260 347.659201
445.628893 340.452387
449.154552 347.972920
447.039928 349.018158
451.593671 347.663309
448.132704 349.779321
446.503145 345.980807
458.492615 352.736564
442.576538 382.547058
442.979022 382.463356
449.144825 388.482210
451.305741 388.098145
448.824092 393.359205
448.291212 375.990321
448.682807 384.318499
448.746958 393.322328
447.526587 388.661588
453.745799 403.358338
446.762302 388.401478
448.136419 399.078330
453.253509 397.025809
460.210089 404.346031
454.422032 406.494458
453.855784 397.531899
457.041084 413.126771
453.332160 411.811549
450.185613 402.485177
454.247093 406.756094
451.732484 400.819651
452.075759 411.733609
450.036774 403.395676
454.037114 407.752702
454.087339 416.731039
451.015876 414.736209
460.943562 418.154660
454.030606 416.527531
454.000450 416.478630
453.060880 413.075950
456.595491 410.224684
455.078610 419.688954
455.872217 417.607339
455.588644 425.489970
461.099915 427.904138
452.989911 413.583128
462.774282 423.890751
461.943446 423.220471
456.642352 432.762854
460.151001 424.456410
462.168276 427.862821
458.253086 436.843751
464.202338 443.658312
454.736885 428.151920
456.209074 434.483478
462.179984 443.109499
460.003459 437.763277
456.054158 440.199772
454.770405 441.721174
456.366432 444.943497
456.734289 446.244820
451.476442 435.443935
457.338856 447.737086
453.589627 434.809008
456.007866 448.006765
456.023915 444.079003
449.453229 353.800247
450.120783 352.936533
456.032995 353.458278
453.083229 360.569079
449.860273 358.727563
456.711867 354.557267
465.207605 358.715445
456.837639 354.157812
458.936392 456.095063
457.487045 446.274170
464.478637 450.474180
459.251594 456.367469
458.809899 459.770854
459.360778 465.939572
460.072694 453.819408
457.843204 452.978040
459.013831 456.188021
459.693249 470.518516
459.242418 469.975460
464.264362 474.618250
459.396281 465.810396
468.927546 474.798987
459.116748 463.973193
457.875904 455.900305
460.374667 478.463754
463.223108 472.699349
464.497994 478.901148
460.970687 469.138350
464.508291 479.619511
465.336297 479.772414
467.801518 474.245566
467.451589 475.493808
464.621099 488.931099
463.700763 488.840959
475.149194 486.740885
460.300069 481.321041
464.161452 484.970501
460.801955 473.060430
464.760006 482.965452
465.951370 493.749560
457.673802 478.288010
465.653235 495.996916
465.412660 492.974555
466.111945 493.674596
473.922696 487.164819
465.909549 494.949320
465.479055 498.237342
462.372452 485.782160
474.550668 362.987254
465.966330 359.246207
454.921404 355.403223
464.378671 359.252286
463.473395 357.101394
469.390512 360.121513
465.649952 359.342469
461.102604 368.604527
464.502148 496.033995
466.164465 501.118732
464.403171 501.510144
468.436452 503.543666
464.075860 505.568203
462.521676 505.605368
464.831924 492.794805
463.090914 505.596394
481.148216 360.467499
479.688490 360.154139
476.262240 370.809717
483.389963 359.325673
480.071607 361.524046
469.368096 357.632795
480.711505 360.794339
479.352594 360.002397
475.533285 496.693251
476.381897 500.544576
474.582159 501.395681
471.401570 502.593645
471.028986 502.501181
472.132217 501.669816
473.751362 499.189603
471.453134 502.241163
474.364402 433.206538
480.436466 447.455823
478.295582 444.689712
480.858350 437.540305
480.774590 441.454859
477.362455 445.391368
479.488834 429.670604
481.803730 422.004146
474.236816 445.609337
482.044735 441.323112
479.828991 453.266765
481.911396 451.906048
487.332794 446.499836
480.091716 452.103989
475.872093 454.225112
484.682593 444.534327
481.014064 452.250099
482.541012 451.466392
482.270839 450.272907
484.756546 444.602856
483.936771 451.257377
477.905673 451.991298
471.726259 459.485153
479.111868 454.343716
482.507878 470.246373
473.868675 454.491125
473.584472 456.044843
481.445749 466.592509
481.469861 469.380300
480.904519 452.546044
484.254125 451.115836
483.452836 456.832256
482.194671 482.646756
479.395903 474.154278
482.233515 482.322010
480.639630 477.234412
471.628487 476.131252
473.269599 474.275047
478.217474 475.879282
483.050229 482.069622
482.028336 478.603446
474.054735 485.333675
478.562015 484.323298
478.105082 484.908788
482.999137 482.557509
479.026097 484.448234
476.460088 481.173750
477.670501 489.714997
476.009360 496.164732
477.925146 492.958411
477.642537 493.939516
478.448009 489.735479
477.841849 493.552707
477.900177 493.512586
478.537543 491.726979
476.815943 494.691760
484.820195 415.168655
481.120826 409.828603
484.092080 414.282789
483.728562 414.400938
474.967887 414.153014
490.086745 410.603877
476.155089 420.448352
477.560667 414.301615
482.015550 424.021368
486.071993 421.064769
483.105270 420.327587
476.117067 435.273902
482.512301 419.084685
483.154188 427.867205
483.116093 424.003922
487.013732 415.605095
488.757155 358.369012
483.296927 359.353812
492.807109 353.118275
481.894126 359.588159
483.593412 359.713854
490.318603 355.785288
479.933741 357.275902
487.365543 357.220691
491.800596 400.769910
490.030631 406.839905
486.661770 410.201389
494.417817 401.067399
483.114736 412.863060
493.840916 400.743852
491.366283 402.987975
489.147381 408.326011
497.398278 353.471872
493.827511 352.397618
488.227330 355.013290
494.714381 351.840624
502.775020 353.140789
498.658656 352.069971
485.349485 352.477606
494.784223 351.881558
500.173543 394.397323
497.634025 394.990603
499.138149 395.076110
500.597130 393.977561
502.116703 393.512832
501.679224 391.734890
500.731738 392.758338
496.997884 396.661854
500.870627 382.187074
504.291751 382.146131
509.684861 376.752472
498.090556 382.316366
494.734942 379.579792
504.496593 381.808910
496.910287 391.932521
502.232324 384.425244
505.499645 349.926500
511.581069 351.869590
506.107030 352.546507
504.018535 350.431783
500.571973 350.921842
505.683007 359.752341
506.368149 355.387149
501.988866 352.967223
505.819043 373.656536
508.381126 377.002597
504.173451 377.227769
503.781396 386.018851
506.396152 379.644067
510.273375 376.419872
506.896545 378.735812
512.719143 371.803444
511.048502 346.873977
515.052688 345.803677
515.156213 346.853730
507.499776 351.601340
511.152080 346.769642
518.406842 347.199271
520.685318 345.305497
521.755364 345.380802
518.444605 369.954324
517.979085 367.037222
520.504715 366.822216
516.879378 366.641960
521.979180 367.293033
517.364192 368.255228
514.069436 363.743366
513.338138 370.078437
528.620265 342.810933
515.161541 345.609175
523.941387 343.699234
534.257478 339.671187
519.857899 344.819999
526.575707 342.022766
526.051698 342.130731
526.817150 347.366146
532.016752 365.556412
524.425670 367.321496
527.740906 365.786677
524.366142 361.348104
528.943602 365.880204
527.738021 366.246410
528.091316 364.817612
529.837227 365.680529
532.970674 343.173323
534.984475 338.303284
534.122032 340.325135
533.187568 338.273742
534.374796 338.869997
535.727508 342.225438
536.866768 336.175030
525.993696 342.442334
536.212298 359.590386
536.454166 362.543619
540.992313 360.127421
536.524693 362.608147
541.865858 359.371094
532.568234 363.827946
530.151657 365.778865
541.389766 359.702697
547.540722 341.348992
542.343023 339.104527
543.664536 345.834331
538.029426 335.338221
551.725838 345.731403
549.996886 348.696992
543.406275 341.389781
551.719241 342.507216
555.147899 352.356052
545.775081 354.317827
551.423229 350.964415
543.389160 357.858980
539.281676 348.260977
548.940892 354.401056
545.482192 345.461982
554.814992 351.660915
549.056348 340.634372
555.562000 338.868772
546.596933 333.994577
559.110301 338.764714
558.962474 339.027350
552.100404 341.692206
551.161665 337.389464
561.307103 337.258056
556.741910 351.298914
549.624831 354.799091
547.656084 355.742193
558.815897 349.439031
562.295519 350.279192
548.414286 348.826389
556.089563 351.560074
556.144706 350.689229
555.963948 337.752085
560.836676 336.833341
569.438946 340.247518
561.309949 337.119563
575.062090 341.876261
563.328144 338.516461
557.215673 340.781662
566.135622 339.478094
563.391068 347.246137
574.640353 343.254084
561.801345 349.607708
554.626304 352.288334
565.711527 348.080923
571.350722 347.217326
567.952748 346.851347
569.226131 345.854891
576.764531 343.057358
574.885141 341.819531
573.484423 342.030047
581.952671 344.829979
576.333627 342.995507
573.976548 341.215789
579.013768 343.883101
564.172927 338.699726
573.403036 342.321117
566.673378 342.942097
586.333357 346.380193
584.070104 345.495446
575.341803 346.661253
577.840236 347.241198
565.790345 346.260748
566.032288 347.424688
583.011050 344.993768
590.935061 347.504366
582.941179 344.988295
591.488383 347.680001
580.387424 344.370743
592.327997 347.857221
575.366404 342.036226
577.084679 342.877381
