55.101644 88.513572
59.031890 89.876742
52.222755 85.630684
61.926542 94.953830
63.309436 95.243304
63.672068 93.145920
71.972980 103.598305
68.936230 100.787753
67.878011 98.383464
73.564266 93.537024
70.987266 92.984504
71.599143 92.995140
76.800361 99.706486
73.345376 94.852889
76.096636 102.382418
75.529880 105.859849
77.556290 108.736519
74.270367 106.299644
82.259846 111.492332
85.605930 113.262453
83.841652 112.139238
83.154889 106.684756
80.912359 107.884412
85.321978 107.506559
90.013610 118.446120
89.688858 117.676836
93.181872 120.779547
88.698988 112.720327
91.774190 114.507446
88.289217 111.556806
95.951161 121.006980
105.541860 128.525702
101.056297 125.377406
96.972335 117.897580
102.964322 120.842370
97.770827 118.143908
110.075022 133.013190
112.365792 132.045023
103.384886 126.929429
104.604769 123.132478
107.263492 127.033970
106.044337 126.090681
116.881754 137.020349
110.847050 133.316549
114.317309 134.531778
119.512736 130.741268
118.979520 131.183912
116.988904 129.932695
123.462938 147.269739
129.420068 148.191561
125.646299 149.850914
123.198463 132.768085
121.546761 131.321761
129.496719 137.940610
130.277470 154.156073
131.140576 153.122405
134.136600 156.082951
131.273985 138.854745
136.228803 142.013219
130.850149 139.896118
139.431307 170.292979
138.419863 167.852575
136.929273 158.681447
141.618954 176.767253
142.937073 178.488668
141.394630 175.793860
145.996323 147.001455
148.668268 145.858442
149.053650 146.071468
142.395222 175.357226
146.655881 176.670450
141.851914 173.710318
149.936307 189.447997
149.464766 188.575008
149.395275 188.055092
157.658826 150.103815
154.090667 149.564870
158.771657 150.164363
156.614227 194.439607
152.895153 192.283811
156.787120 196.989124
161.576909 204.231488
162.685694 205.379779
159.302718 200.764469
165.707243 155.253070
164.976110 153.893937
160.846383 151.648710
167.507679 212.522471
166.415450 211.072220
166.600791 211.278941
166.294132 155.887094
176.264609 154.488664
171.984935 154.599275
174.785897 220.502239
175.509294 221.328400
175.079886 220.560325
180.266143 226.793323
181.319496 227.505837
178.839111 225.388296
183.195862 154.703317
180.023598 154.509351
177.242801 154.617034
185.205125 234.448183
183.089947 229.576554
187.911342 231.260717
191.649208 155.889360
191.712295 155.667853
186.383539 154.858591
194.292036 246.886429
195.096625 247.768440
190.925573 240.825098
199.414029 260.603386
195.056749 258.450226
197.109890 260.059623
197.239227 266.565034
200.937002 271.554814
196.597537 277.175016
199.738186 286.635653
196.653040 279.066526
198.164255 279.506082
198.837808 288.115789
200.118699 287.149716
197.232576 280.478556
196.528386 253.566345
196.345854 254.262361
194.920882 249.243099
201.211094 300.630940
199.344574 298.261213
201.626614 300.494345
201.088097 157.088395
197.180390 159.567136
200.203147 157.742507
209.567219 302.750683
206.249320 302.583654
206.567900 302.066441
209.214148 157.865903
215.232460 159.801087
212.207923 159.057618
219.386862 304.059814
216.090737 301.965018
215.830791 302.811989
217.694361 280.309156
217.662069 280.892635
218.293562 278.113018
219.083342 280.120986
219.401335 288.222694
218.230528 287.862420
216.156301 291.840121
218.867650 291.693971
219.770861 292.158709
225.762093 163.285830
218.886594 161.464694
219.457790 161.233430
229.080033 164.100834
225.798639 163.221251
233.642024 165.829601
224.944277 276.947116
226.910046 283.287839
232.909048 277.867980
241.878312 290.539108
240.481593 290.841144
235.612405 288.783216
241.361172 167.584095
236.337973 166.310533
240.445052 166.925112
248.945029 295.541331
243.811871 292.715692
241.104543 292.485260
251.816741 175.340480
246.440678 169.412563
253.377764 171.515331
256.715369 298.362442
254.861684 297.652516
251.216482 297.545533
260.510813 167.673318
259.915623 169.096905
257.999533 169.946485
264.140546 300.012915
264.830987 302.287152
263.152857 300.496659
271.992459 163.555993
266.546066 164.733206
265.014676 164.797672
271.523788 308.915639
273.081953 309.097378
269.835732 307.970945
282.362159 161.544059
281.296112 161.903257
280.695451 162.105627
274.474277 310.825364
277.682057 315.458069
284.454490 316.768090
288.304058 158.634724
285.705657 161.295844
289.872505 160.801557
295.172730 321.042138
285.587944 316.422254
288.591371 318.220585
296.966492 154.856987
298.591127 153.455340
297.415857 155.020735
299.359122 324.400167
296.024265 320.534600
299.488214 318.462068
308.764715 329.949992
305.361422 329.820522
306.081312 330.422314
302.609528 153.580833
310.725210 153.213962
303.466058 153.748974
310.754885 332.974723
315.316347 329.267400
309.043334 333.381288
313.203012 151.153693
312.169071 151.260330
311.064413 151.510835
317.554931 189.212417
321.896924 188.661734
321.795531 194.131721
324.708934 199.903723
324.843917 201.290587
326.001237 201.234108
319.952114 344.665670
322.191752 347.919644
319.740840 346.520720
326.597327 358.997356
323.728899 354.990482
323.280141 353.190183
322.169760 183.165428
322.744230 182.839269
321.692063 180.410877
324.274486 149.894985
326.318467 149.558740
327.146679 149.290922
327.868661 208.887867
327.807265 213.455263
329.610352 218.627187
329.308575 361.848636
332.553051 369.076398
329.397685 363.676402
333.225850 371.888348
332.412252 371.968058
331.942035 370.689066
332.441274 224.482170
332.781123 227.497297
326.826720 224.936835
328.225853 179.363990
329.869227 177.162717
330.042818 179.378415
339.303900 380.462382
337.735959 376.131280
334.873167 375.055078
342.814027 388.881499
342.132845 387.616449
337.201536 381.940135
337.396898 149.450339
338.374141 150.441281
341.169516 149.154968
336.865346 230.967329
336.274715 229.772099
336.800465 230.017589
336.243987 165.531640
337.477580 168.787440
345.389720 163.103010
348.276959 388.079156
342.156895 386.799693
341.525735 388.268215
339.451830 242.355787
346.019669 240.051614
344.280115 238.784506
348.261402 152.014802
341.500330 149.413894
348.101160 151.445503
347.297077 163.533147
348.376373 161.950512
353.979896 165.085268
346.665927 380.357068
348.291449 375.539516
348.556914 376.830067
357.720535 250.982625
353.015101 245.600409
352.650831 242.878522
354.838524 368.220674
350.680286 373.897242
356.753740 367.744365
354.662171 153.982589
353.482230 153.099526
354.174028 153.878541
355.425031 165.271074
356.158790 161.185090
356.090558 162.456156
362.713472 256.102995
361.606911 255.222939
358.636668 252.445913
364.117750 362.343247
366.941266 360.505230
360.148698 362.613097
371.033813 264.490730
369.334242 262.775002
363.650350 257.228067
370.182856 359.148977
364.483199 361.373536
373.571411 353.879760
374.902066 268.282716
377.016687 270.445094
375.954829 269.360539
375.396829 360.125062
378.197693 359.690132
374.465083 359.656086
382.451308 275.805190
385.038909 278.393142
384.694825 278.039158
383.347475 363.683742
387.693589 356.978473
387.982873 360.216550
385.215481 278.597178
392.381852 286.389120
390.122244 283.476997
396.140612 289.298013
395.600656 288.731456
395.961030 289.518879
400.895136 362.317804
394.753961 363.626305
402.324389 368.311873
405.806042 300.861526
402.180744 297.499094
403.877123 298.463342
399.912542 366.416330
406.243824 370.994984
403.823107 370.557740
405.720216 310.929464
409.760528 306.448643
410.248318 305.551365
406.976621 377.952063
413.218665 381.837998
409.426574 377.950913
416.960565 319.905415
417.010074 316.166436
419.187070 318.670689
421.515419 376.590714
423.150413 374.972570
419.441293 377.083677
427.730121 320.307331
426.662902 320.179509
428.560415 321.431764
436.155737 378.365666
429.129364 376.793537
433.782553 375.807875
433.912131 323.220205
431.252526 321.892736
437.864028 326.377969
443.760506 375.272578
446.751298 384.167165
439.967511 378.605567
445.881092 333.113289
441.407965 328.842645
440.378310 327.810751
445.036098 335.155727
442.588464 332.304870
446.709356 339.336399
449.644210 346.040869
450.653204 349.269567
449.141478 349.241627
448.564264 388.539822
453.467059 389.311423
449.450446 387.642384
453.470256 399.912361
453.526703 398.318614
453.728817 399.696732
450.785536 402.260156
452.767141 410.991723
452.186587 408.543860
455.267107 415.574158
457.421708 407.649647
456.317537 415.175111
457.165320 431.544939
455.282126 420.788726
455.674389 427.722865
456.442703 430.608307
457.921647 438.141255
456.228530 431.442687
457.852900 444.733944
458.852259 449.509109
458.343396 448.535882
458.624462 355.564345
449.502402 354.726782
451.804908 349.118716
461.225074 453.535126
460.836727 455.137559
461.446555 461.836505
459.175919 468.194296
464.474522 467.489856
459.319852 462.725094
459.973684 475.488413
460.198588 476.304728
459.391031 475.910941
464.164104 483.293242
468.355216 483.965465
462.945658 480.620913
466.110176 490.377538
466.361934 491.737261
468.671825 495.041110
464.744537 358.959767
467.257782 355.966096
463.984833 361.600030
468.119608 499.423137
468.369829 496.303757
468.654042 498.900384
477.872996 363.995674
480.532815 357.635913
469.220267 357.740298
473.428946 495.497541
476.281059 493.131148
470.220722 497.305406
480.178287 434.724585
479.546775 433.251636
479.364944 434.461556
479.228469 443.202199
479.216040 439.244259
480.828174 443.862993
478.813140 456.119004
481.112821 458.935666
476.578275 456.915195
479.614463 469.927887
478.464084 460.499603
479.107909 464.149062
478.563652 473.855255
479.546194 471.359497
478.027263 474.644885
475.582786 488.313317
476.357507 487.157134
475.365282 487.176766
474.049072 490.113226
478.446880 487.333880
476.170885 489.972508
484.771905 414.565745
481.641297 418.458356
487.140327 411.030113
481.885813 423.517868
482.041874 423.222782
484.797207 415.455412
486.914990 354.376509
485.528662 354.833229
485.003713 356.762981
489.904770 405.821603
491.262342 403.248937
490.688161 402.973447
494.390497 350.911794
496.659047 350.055746
497.441623 350.273031
495.358832 394.913529
493.526255 401.929368
494.611802 398.379832
502.262299 387.277948
500.444190 389.671730
501.879742 388.010724
509.807718 348.461485
506.199716 347.599353
505.838085 347.492553
511.350871 377.944071
511.082766 377.593536
513.087426 372.216884
511.236998 347.686586
512.007772 347.691150
515.596888 345.835210
520.683095 366.473608
520.391146 364.161990
518.948805 371.241180
524.981606 343.199063
525.200502 343.800298
526.674995 345.536263
524.708042 365.440933
529.673336 361.625927
530.138226 361.926010
533.107622 341.330987
533.900938 340.030665
540.536797 341.699392
541.498116 356.221928
536.542860 360.425121
541.545643 358.398611
544.702092 338.914109
538.420856 340.259696
544.765175 338.969020
550.764752 355.310533
543.268298 357.680330
544.090901 357.808903
555.730447 340.939322
551.987169 340.376435
553.827830 343.397661
558.004333 352.008195
552.826605 353.562019
558.525649 351.538301
566.547701 340.661608
565.086275 341.278942
567.257135 340.673195
565.813593 348.313905
565.045012 345.566288
570.474730 344.435150
572.803626 342.713157
580.642532 344.087352
570.001693 343.541592
572.062249 347.794907
574.220193 348.631364
573.887725 346.752598
581.384959 346.173306
581.962487 343.546953
581.902883 343.613417
