-155.141186 -44.562586
-188.097745 -61.964252
-174.292628 -61.828590
-205.239340 -59.172179
-200.788733 -46.933026
-212.312497 -58.541205
-228.534678 -40.308961
-224.753900 -48.036236
-253.259789 -53.391957
-243.987847 -54.401446
-262.761282 -47.027438
-250.443850 -43.539405
-298.086591 -45.301479
-291.930749 -30.640135
-296.329955 -30.288396
-299.011645 -36.094929
-311.586853 -15.318650
-282.132505 12.159275
-287.099460 10.244733
-280.078923 15.233802
-286.302621 34.654064
-280.567710 22.664307
-280.428300 35.628267
-299.178246 32.245356
-276.513170 52.772028
-257.179926 60.174294
-242.017978 62.090508
-256.065375 67.407751
-223.870870 80.071169
-241.145147 85.580934
-239.747835 96.072653
-230.461398 86.319279
-235.442235 87.818617
-214.387390 97.648391
-196.002653 110.290468
-208.970461 121.277634
-200.988706 132.122932
-223.481902 131.842445
-192.022079 138.314013
-199.716018 147.475548
-172.108147 147.832153
-146.298172 166.592267
-147.087147 163.025338
-155.859682 173.121408
-132.241712 171.031073
-125.312802 194.565792
-114.165934 188.641787
-60.450927 191.732321
-78.070460 205.105447
-60.769696 204.546160
-57.372167 200.494246
-65.754671 204.470732
-37.357339 198.487428
-16.479248 197.674937
1.378226 195.272716
9.917169 206.173321
17.756267 224.149024
30.161768 199.800302
33.162560 207.086697
19.309965 210.092117
66.561355 204.440814
56.060110 194.264532
78.952274 208.576499
92.821656 190.790071
97.528018 195.192925
107.523285 194.461787
138.776296 176.405498
126.315061 170.795605
134.503730 172.058897
146.330711 171.537425
164.750009 159.970370
155.648288 155.958953
163.265657 135.833554
190.830588 133.645026
194.223259 126.382383
195.257176 121.670550
198.519794 96.834759
192.904751 88.556387
213.784412 102.917527
197.543805 65.395098
242.131890 74.797963
218.135164 77.914237
238.381670 52.313942
265.874857 57.122325
256.653558 41.591469
252.262191 34.140814
258.496633 26.808491
275.028433 0.266097
255.672927 4.541445
269.964511 -2.779976
254.726616 -7.533016
298.815725 -31.081322
300.958099 -28.286648
292.641139 -38.221220
282.098134 -46.304867
300.897272 -65.277749
259.243118 -66.131661
272.525977 -62.323446
278.932574 -74.709579
281.791133 -67.886287
191.108620 25.294551
213.617364 18.603316
221.381009 12.627024
208.441842 9.721015
237.538797 -1.946221
223.493262 -28.363218
209.964183 -22.786380
250.396958 -41.202628
243.537741 -44.557835
231.462327 -65.465164
158.858439 -20.053549
172.822448 -21.991737
168.959317 -2.891845
172.793315 15.379233
196.069142 14.523075
100.733287 -74.443906
153.706743 -79.724638
159.684420 -73.232061
157.388335 -50.862432
138.254134 -56.668521
152.701906 -32.136369
167.566867 -45.065084
22.263065 -83.492223
38.863749 -86.926184
38.234008 -96.069064
69.546068 -88.559709
78.625743 -85.006061
99.064979 -89.460713
67.504103 -102.001196
86.605785 -96.981338
103.166688 -86.795562
131.782007 -83.173802
-161.142954 -58.255879
-150.715540 -68.185509
-145.122087 -66.164025
-150.051821 -79.002269
-110.463386 -92.581810
-115.333487 -96.299872
-113.334243 -92.225768
-96.618594 -91.729910
-83.541845 -101.221892
-74.324458 -94.617391
-68.226104 -97.595988
-33.993869 -96.781989
-34.505318 -96.516891
-30.595955 -93.504713
-40.956615 -113.628178
-41.260296 -124.964062
-26.353591 -108.706930
-48.634323 -130.097467
-28.252371 -133.377235
-30.489271 -131.746396
-15.441236 -121.406470
-7.132039 -140.992649
19.615018 -137.128241
11.127802 -141.499537
33.134451 -138.922381
39.049272 -118.677457
34.931245 -116.203495
45.467283 -117.798502
-23.173638 -103.714139
-259.302665 -7.406222
-243.397156 -12.562419
-235.289983 -23.792814
-243.355068 -29.899933
-234.028026 -26.273284
-244.655992 -33.346462
-192.886810 -27.931408
-201.915031 -31.406575
-173.884023 -32.068859
-178.553267 -27.661406
-261.151825 -0.505887
-257.586175 8.151403
-262.215023 20.057466
-258.454643 35.447651
-222.755592 26.455926
-236.519548 39.116785
-215.325553 44.913188
-227.580842 54.591904
-216.628144 66.057427
-202.979007 67.563699
-202.815111 50.027476
-210.839525 42.730961
-186.529590 28.732416
-211.213896 28.904448
-190.142635 0.390166
-193.222393 -20.259165
-202.259855 -6.801885
-185.215454 -30.784674
