-161.603150 -52.326441
-175.139244 -49.922297
-189.263596 -52.318939
-193.906531 -50.370634
-205.070877 -53.571274
-212.551997 -52.941541
-220.965171 -50.789206
-231.821224 -52.679595
-240.637652 -50.443325
-252.040342 -47.862937
-256.428477 -49.832816
-266.988593 -46.925179
-277.607460 -43.815406
-284.682505 -39.890914
-287.030233 -30.564066
-300.235017 -25.877568
-299.012130 -19.223368
-297.136894 -4.862491
-300.236933 2.768943
-298.546457 10.369541
-294.572050 22.626770
-286.679594 26.984316
-284.903469 33.750032
-279.053730 42.581425
-268.242965 48.434743
-265.226845 56.805999
-266.875867 61.917945
-257.984942 66.751838
-253.187527 72.507348
-240.273816 77.102417
-234.609094 80.752689
-224.088570 86.528835
-214.613862 93.045193
-211.832453 102.344206
-208.645111 112.472358
-204.264212 118.417266
-197.979350 126.705275
-189.872745 134.310383
-185.975413 143.145508
-179.263176 147.227874
-171.270980 156.055208
-159.669145 160.048007
-151.578648 168.205898
-142.869362 174.702509
-128.817223 180.946878
-118.902254 185.479329
-106.214238 191.920314
-94.290155 192.995312
-83.809051 198.815732
-74.889269 199.576141
-58.170337 197.831395
-47.870886 196.423927
-36.749285 199.923085
-23.183069 200.156996
-16.763513 201.520760
-2.516332 201.988215
13.918333 206.489365
20.431724 204.133938
31.420274 204.045231
45.802670 201.476500
56.317232 202.960159
72.816598 205.661626
81.917628 200.497988
87.106341 199.266120
101.830046 197.315171
107.686039 191.303180
120.730607 186.838636
128.275553 182.847175
132.682717 179.424097
149.332265 168.228610
161.971118 157.109343
165.350534 154.872710
172.618802 148.033676
182.759543 138.181744
189.397750 127.373038
195.542080 119.786623
192.181234 105.536095
200.501905 97.704658
210.816749 93.909324
226.066933 85.448059
236.505862 79.519627
241.308104 72.504187
243.397157 60.687215
247.222161 56.247770
252.742996 42.703412
261.385162 33.414870
261.771863 21.479975
267.541901 9.307303
267.065702 -2.779167
264.749538 -10.783891
272.540809 -19.729450
278.753910 -24.716407
285.622964 -39.462861
287.691314 -43.622331
292.592417 -49.786448
304.597058 -62.427380
260.713906 -61.789371
264.907826 -60.228931
275.655650 -59.989438
291.782704 -60.964353
188.794397 24.619021
205.210281 23.036608
208.500267 15.368313
215.879124 4.360891
227.691327 -7.273408
225.654423 -19.337628
227.856871 -27.868243
237.321620 -37.673921
242.863819 -49.593944
250.367144 -54.340036
166.134449 -24.009898
173.119492 -13.792105
173.426957 -2.236297
177.846555 5.250000
191.620646 17.461858
131.276158 -82.500139
136.507430 -75.477377
144.936575 -70.028136
153.671894 -57.727782
147.929081 -50.323457
158.681544 -38.540005
166.152824 -28.817364
24.639519 -94.544072
39.696699 -95.762260
50.927011 -95.493147
55.516985 -97.984625
70.193606 -93.805273
81.487064 -91.632385
90.273441 -93.349731
101.448245 -90.035566
113.371835 -89.900435
116.506726 -85.310348
-160.561542 -58.319674
-152.621903 -66.404341
-147.866906 -74.240594
-140.184270 -78.735546
-121.126328 -84.836939
-116.867850 -90.558841
-109.750461 -92.829088
-99.651584 -93.502748
-83.235555 -91.914609
-66.371335 -97.743079
-54.472251 -97.853043
-46.986641 -95.801220
-36.709686 -97.786948
-26.977369 -100.668317
-24.400963 -108.379205
-36.930185 -119.031311
-36.837811 -124.008332
-38.503889 -134.652785
-30.613931 -137.454970
-22.461330 -138.653315
-11.152024 -138.975958
6.417440 -140.094244
11.907941 -139.915891
18.971214 -139.107446
22.979548 -137.197672
35.412183 -128.775800
34.027417 -119.147148
26.547295 -116.389921
19.129743 -104.896761
-256.908903 -6.826239
-257.850735 -16.588762
-243.307220 -21.956041
-240.580416 -27.276630
-230.879608 -28.232971
-216.737601 -31.960983
-206.338452 -31.142481
-194.714123 -31.193553
-189.788201 -29.488264
-176.480741 -30.732590
-259.580593 4.123215
-258.436346 9.223694
-250.351193 19.265352
-242.320417 28.160006
-244.089528 35.018638
-237.973037 44.000113
-224.066844 49.147360
-217.625314 61.515266
-217.468458 69.273443
-211.966669 59.506830
-205.601165 49.312446
-207.345981 35.605764
-197.504929 28.541856
-200.775910 12.704598
-193.216392 4.997455
-191.874899 -8.206386
-180.985283 -17.526885
-177.972033 -22.060277
