54.800670 8.561847
52.987813 7.675181
58.649636 5.853466
61.073216 6.433309
78.640819 13.631895
78.711761 13.792015
81.168499 19.327252
85.575283 20.718990
90.009038 28.053108
96.526601 40.575377
87.651972 25.765576
86.582667 27.796302
83.049036 29.386287
84.463734 39.410287
77.223131 25.649352
69.399175 23.312625
70.634099 28.553514
82.212052 27.557142
74.864811 40.591706
78.816299 27.143224
76.008656 30.611905
73.992839 37.212492
69.752593 25.257351
63.402295 35.477777
79.537879 31.996284
67.281775 32.527751
76.388773 26.348004
68.577763 42.255257
65.069116 27.006387
63.420079 36.536674
50.972209 22.109776
59.803728 26.429085
55.315594 26.158111
58.765360 34.619305
58.072164 25.467224
62.575935 32.652412
56.843437 27.098265
58.487934 31.386188
57.382334 33.440519
49.749261 30.587729
54.379062 42.107241
59.581110 31.759507
60.514721 42.706096
58.851395 38.688699
60.861622 40.209264
55.866906 43.560790
50.180817 45.596022
61.634899 54.374917
56.909614 44.034705
50.697975 54.390553
53.738624 61.829211
58.925592 60.101703
62.132773 77.060112
63.819063 75.305547
55.381917 74.279919
58.029288 84.395224
55.244565 91.449311
42.398866 77.537045
51.838607 81.409856
38.605732 72.231556
46.214634 71.312997
46.710512 75.075608
44.051384 53.346087
47.321319 54.929746
49.091506 48.891357
43.435651 45.550664
41.793179 47.010276
58.067564 45.146983
47.865686 38.943294
51.778989 40.328455
38.160612 28.763984
48.096495 35.904965
41.433349 40.729827
54.280334 24.080314
43.827889 31.539522
36.959648 28.808117
45.081671 30.226898
57.081784 25.485917
43.032943 29.164641
41.266155 16.603153
48.365321 31.419737
40.832313 27.297434
37.863128 38.283115
37.868892 24.085673
38.400576 36.418263
39.704867 38.652460
35.093753 38.589086
35.404393 36.588722
43.864666 42.226521
32.402636 43.112545
32.919767 29.497030
30.455489 29.759274
29.913446 35.553708
33.239633 33.434300
29.773212 32.475764
32.421240 30.931973
23.123620 28.859269
19.534237 27.070040
26.326117 19.307022
24.123842 35.356744
20.901690 21.486017
27.209330 28.400921
13.410762 27.282421
22.857405 36.065839
23.842417 27.007139
13.472108 35.099290
0.682242 44.136475
4.008715 41.599284
8.630987 40.161963
11.816859 33.503064
14.738072 26.128531
8.433709 16.640585
14.636221 26.487605
7.139255 22.053332
23.832357 8.180580
28.897746 13.458878
44.048833 9.059342
35.920184 7.667941
