87.387605 381.683529
91.157790 375.080936
100.280528 409.516761
93.480926 407.084737
113.062709 455.823375
100.067205 447.554202
211.887412 270.807027
214.526541 268.846182
250.219848 242.582754
239.085651 221.256682
272.399820 195.363280
276.129364 180.097177
285.198170 140.237911
290.198718 131.756400
298.838667 74.818424
299.082759 74.755138
295.415136 14.046849
305.040721 23.617121
326.326337 64.883688
321.549061 73.346053
333.325286 128.340749
329.703134 117.423319
356.967159 164.019273
356.074815 179.924572
373.954364 484.415746
384.910942 482.537996
379.023617 210.857817
376.984796 211.858106
387.307413 439.586294
392.191422 440.273603
396.623618 516.552844
378.593230 525.022704
395.863801 241.276555
400.937773 250.257042
415.132034 545.517730
408.264382 537.584392
426.482532 421.345209
414.021440 417.875728
424.337031 528.789449
433.831010 536.423452
480.739782 405.885758
471.186512 399.108219
503.923619 398.350869
507.044572 385.714174
546.076947 403.120466
552.307816 402.142771
550.371667 498.677653
548.643759 496.802243
584.632647 425.678728
586.277888 426.057765
576.513249 505.027670
580.970892 506.631345
608.138633 216.488396
604.866128 211.237305
615.020091 440.784709
609.416903 458.006811
609.887519 466.510471
616.440749 471.792302
619.195914 508.592768
617.842367 508.076432
635.823848 168.115240
630.143561 163.641823
671.243458 135.031210
660.642048 134.124323
683.503508 122.090095
690.230760 114.608962
765.876695 99.830328
773.461952 100.572526
773.947637 136.479914
783.701154 146.528374
771.889556 67.310589
780.009229 73.300369
777.396146 22.982695
779.991000 36.197866
832.454363 346.449686
823.705865 333.379244
825.104701 371.326738
828.892254 374.712525
840.884995 310.979888
831.937891 310.652018
845.995466 393.684891
838.279773 400.906038
868.442865 305.913973
861.325788 303.182746
882.303293 408.501166
882.083523 399.808958
896.023851 321.007175
893.800271 325.692975
908.979420 332.745205
908.054682 343.985494
911.954999 372.282762
914.367785 362.310530
