6.188306 38.829458
-3.561349 28.937406
5.399012 21.080711
4.215864 13.023595
2.117063 48.956935
5.259032 53.147434
6.017068 -0.498814
1.722847 5.840437
8.092664 65.069405
9.734837 59.547254
12.746377 77.198633
15.981347 73.280580
21.684434 90.029170
25.699607 86.587008
32.350861 97.423787
35.145363 99.809720
41.849721 107.077592
36.935725 103.523825
52.298033 85.349254
51.002772 90.620653
48.482820 121.862716
49.105579 119.595920
61.014347 133.715937
66.906555 130.624935
66.203956 90.300404
62.046585 83.701545
69.091535 141.087543
71.336105 137.124531
73.744549 78.373097
71.702907 74.313741
68.668859 181.542934
70.297300 180.501966
68.540067 160.892934
72.950188 167.089174
71.690315 193.859547
72.945543 193.842507
79.661510 145.098369
77.116121 156.112430
85.400702 206.599450
78.876992 208.439201
86.840190 75.264861
84.690608 82.774875
92.777733 68.865223
86.353315 70.177436
88.528610 48.849824
84.871048 46.192721
90.249313 56.790046
90.308562 51.047345
98.373762 206.532396
95.238212 206.770025
98.676398 94.671430
100.856333 94.976551
96.717500 73.336389
105.515265 70.580855
99.719571 205.130922
103.246606 202.501615
105.406059 99.979899
104.552746 98.130743
110.467481 189.927012
109.336397 189.155123
118.112673 82.467879
111.360243 86.554676
117.186057 177.698373
119.998279 176.095237
117.383266 107.295056
111.520633 110.005267
120.926758 90.295215
122.181018 91.588166
123.901157 187.199518
129.557447 187.549372
135.494856 112.142460
128.956394 116.822524
124.896890 210.180807
121.213091 208.933888
131.447148 50.496388
131.253929 50.972655
128.831390 218.817486
126.056257 219.052086
136.754894 98.902227
137.771520 101.841202
131.775774 236.747754
134.746244 230.502093
142.205977 117.271779
142.694642 124.851703
141.029763 241.039096
139.105514 243.237182
142.365638 52.436087
142.091532 58.175195
146.571534 106.903354
145.338191 103.007240
150.580948 129.630092
154.725395 127.611044
155.071306 250.742706
153.804086 252.752952
160.726230 66.520615
157.743901 68.884090
153.804134 114.536932
153.592331 115.702039
161.858353 138.116952
162.742255 144.822952
158.505523 250.431284
168.878972 251.307913
163.946538 74.969824
164.247885 73.886121
167.042649 126.318150
165.431346 120.173542
176.619541 150.603376
171.646215 147.445872
168.925678 256.821450
170.633028 246.471659
178.024472 76.914952
175.557269 87.850110
179.746038 134.451048
185.320933 133.490061
181.208684 155.852572
182.986346 156.774350
183.393111 254.752842
183.736065 249.522332
184.393474 86.223315
192.576240 91.218357
190.407406 142.217048
188.315427 144.158322
189.654294 166.138594
190.739825 161.141271
196.854141 244.196013
193.468663 244.636620
198.603262 101.633500
191.261866 95.607621
200.331438 208.663741
199.280729 203.343903
199.781790 150.858362
197.887140 146.615737
204.735881 199.912558
203.460885 202.604015
199.406961 230.334613
199.141154 232.156878
209.083338 176.913730
204.114670 176.580106
211.740987 102.395601
209.754521 113.994809
215.630847 162.620859
205.734488 161.660240
215.147036 202.010736
211.054492 213.253428
220.527855 183.971126
218.500939 181.404074
212.540566 114.769173
218.304119 118.505717
223.214738 169.730474
230.208612 172.067424
228.479037 214.313764
222.575362 211.362937
231.810077 195.439723
226.352602 192.238471
228.367153 106.009005
228.020356 112.656067
232.147967 170.055321
231.080949 174.353042
237.751463 219.750050
234.637937 224.757963
238.267092 205.408407
238.190569 200.129951
241.475232 102.469479
248.075605 103.240133
246.950295 229.112838
248.431375 232.044887
247.406767 213.474506
249.873937 213.149841
249.996182 95.321555
250.899477 101.390313
258.517161 241.233114
258.838580 242.680813
260.036378 222.222910
258.583440 224.630203
261.606988 97.498749
259.959490 90.027358
272.885142 163.985171
269.192321 168.016533
264.433876 250.512126
268.267298 252.726822
272.139317 234.010698
268.062077 237.874637
276.990589 96.792525
274.916724 96.021046
280.809597 155.229917
274.703671 162.579171
282.825691 178.415869
282.278496 178.006351
275.040541 261.371778
274.291413 266.187906
282.614217 242.789170
284.160712 244.952588
281.955824 104.438976
290.284220 104.007765
283.545947 160.351553
291.794900 155.863510
288.992601 189.887875
282.492287 184.039504
287.562563 270.549696
288.089067 278.820227
299.398346 255.278968
294.809817 255.396013
299.494791 113.114023
297.143589 114.974147
290.952643 284.594658
296.834708 284.487081
292.427671 155.501672
296.311011 151.947402
299.561124 195.618256
293.925420 195.900646
303.137010 121.165529
309.374804 121.912904
304.751172 268.255998
301.175275 257.633428
306.000887 294.824574
301.716783 292.224169
305.941167 146.373716
309.114295 149.164395
313.962022 208.232498
310.305068 207.445878
302.801346 125.828099
300.640536 129.774216
312.070799 308.267201
317.661610 300.885899
317.471631 210.293927
320.115651 207.619331
318.584834 314.830606
325.237325 316.717110
326.136459 211.216870
330.783467 210.749161
339.653258 328.757217
338.565694 328.023995
341.854105 212.960395
338.078366 217.736749
345.372088 324.230920
343.167335 321.462582
352.989044 220.772270
351.851021 214.436021
357.719094 323.324297
357.519022 320.858163
358.645121 212.393493
364.436595 216.798855
370.888749 315.812174
375.871263 313.886571
370.200041 216.085450
373.935436 215.209316
374.548938 308.468020
380.931984 305.069670
385.793788 221.303680
386.496102 225.231281
390.757585 299.875355
391.351284 302.008316
394.552206 234.459916
395.676089 233.662621
392.725496 284.376010
395.371618 288.837295
400.137452 276.866788
393.044716 276.205410
401.174519 246.158078
400.792990 244.223300
401.935734 268.345018
400.961738 263.628482
401.404980 257.486121
404.353175 251.642020
