87.50 458.95
98.50 457.73
109.50 456.70
120.88 454.05
126.50 246.82
124.20 274.06
124.75 312.46
124.94 366.85
125.13 397.35
125.75 432.34
124.80 331.14
125.10 412.20
125.00 258.38
125.83 290.58
126.17 423.67
125.90 343.30
126.50 381.50
127.50 358.50
128.13 452.16
137.50 244.78
148.50 244.24
159.50 243.92
170.50 243.71
181.50 243.05
192.50 242.36
203.50 241.99
211.72 288.19
211.88 315.00
212.00 243.96
211.50 256.00
211.33 271.33
210.83 299.23
212.72 346.06
214.63 369.78
213.75 328.00
212.50 333.17
213.50 263.00
225.50 374.18
236.50 373.95
247.50 372.95
254.50 304.81
254.79 318.79
257.50 286.84
254.75 352.44
253.50 363.39
256.21 335.12
254.50 373.17
268.50 285.95
279.50 285.95
290.50 286.43
301.50 286.41
312.50 286.45
323.50 286.44
334.50 286.50
341.20 406.82
341.25 296.77
342.68 362.35
340.50 389.70
340.50 424.00
341.80 460.27
342.21 321.50
341.21 339.00
342.00 440.58
343.86 504.60
342.50 287.00
342.00 476.30
342.00 311.50
342.50 376.94
342.00 432.50
343.50 487.85
343.50 349.50
355.50 505.27
366.50 505.14
378.19 504.00
384.92 465.33
387.83 375.38
385.83 410.93
385.21 434.76
386.10 393.30
385.79 486.17
384.70 502.50
386.00 448.75
385.50 424.50
398.50 372.64
409.50 373.17
420.50 374.17
428.67 159.77
427.25 198.25
427.20 241.35
427.67 259.00
427.50 356.26
428.00 174.89
427.17 183.83
428.83 215.46
426.00 227.50
427.50 272.60
428.88 294.19
426.70 308.97
427.94 330.06
426.50 282.50
426.50 315.50
427.83 373.33
429.50 341.33
439.50 157.23
450.50 155.68
461.67 155.87
469.90 167.33
468.17 183.81
467.79 197.17
470.17 216.41
471.03 243.26
468.00 231.00
470.50 157.17
482.50 243.33
493.50 243.52
504.50 242.55
513.50 242.76
515.12 414.00
514.17 273.63
515.30 253.90
514.25 291.63
515.00 302.75
513.00 310.50
513.50 321.50
515.70 334.10
514.50 346.30
515.50 357.67
515.00 368.50
514.00 377.63
515.30 388.10
514.90 400.93
526.50 415.89
537.50 416.41
548.50 417.55
558.00 420.15
559.14 439.73
557.50 456.27
558.61 472.31
558.67 489.77
561.12 504.00
572.50 503.77
583.50 502.41
594.00 501.55