122.867580 337.527556
115.310690 346.899705
122.979999 339.043586
118.831579 341.186690
119.098499 341.056434
115.966756 346.751775
118.808500 341.230059
119.242644 342.672610
118.568839 340.509039
118.518683 356.008590
118.229210 358.154202
123.243599 355.212687
117.977704 356.315231
118.789029 354.146204
116.991178 348.529589
120.612687 349.778692
122.438252 343.554278
123.744884 355.165121
124.298813 358.058726
123.956523 367.784262
122.401611 364.487377
124.151723 361.407629
118.958994 353.581351
120.594273 357.768470
118.231301 359.562067
118.653305 355.716433
122.289320 363.023474
117.853878 525.043812
124.136745 510.045352
118.688082 515.666431
114.947790 521.159251
114.588931 521.573980
119.493836 513.587903
119.205406 513.990119
117.377440 525.412704
116.276812 518.377023
115.344883 522.034360
121.242922 528.176161
119.793839 527.892082
119.723619 528.590481
119.883676 528.235512
118.091106 527.631966
119.328627 527.796323
121.455199 537.240882
119.753271 532.198900
120.738694 536.017892
120.565031 535.284255
122.538766 540.754774
121.144283 537.100859
120.917404 536.691073
118.309947 528.567618
120.392651 532.994553
121.343012 537.381884
120.716605 536.093292
125.650068 333.422216
124.771047 335.929981
122.175869 337.521087
128.394559 328.855268
125.689436 332.890799
127.423280 330.313015
127.746878 329.879049
126.378906 335.133217
122.767658 336.564312
124.129197 373.171728
123.502934 370.854951
122.254197 369.864076
121.929080 360.958007
122.596806 375.002306
122.886129 367.994344
128.994695 368.268456
123.215875 364.112916
124.766319 370.646846
120.246512 383.333581
119.225196 384.675562
125.621897 390.529278
126.923510 379.408702
119.661841 383.888126
122.851867 380.220828
120.830258 382.566191
125.028308 383.088344
118.912443 384.253467
123.907531 390.521963
120.523423 390.848118
124.200198 388.427275
129.761479 387.976600
124.397199 390.552817
127.432735 383.309777
118.654794 398.271034
120.723289 382.936979
125.606916 392.986094
124.879951 408.982640
118.536106 396.165654
131.216853 406.036450
126.520681 391.153837
122.399853 402.796591
123.869045 397.218821
124.077039 400.327624
124.982084 399.592048
121.787898 403.138568
122.821828 403.377022
128.718914 415.079336
120.757536 421.103779
120.746877 411.331973
130.529104 410.092903
123.555271 412.315641
119.988211 407.396347
123.515274 411.013987
130.268131 409.632305
126.284525 420.661333
122.452673 425.026123
124.621537 420.969845
124.431816 420.694628
127.382698 420.457498
127.729341 419.741513
124.486207 420.741727
124.438379 420.598173
123.859138 421.577246
124.189957 431.044416
124.264589 423.238112
121.587151 430.670556
122.057846 432.413585
122.551717 438.408260
120.518640 431.941730
121.870639 437.305437
120.696033 431.282144
120.948241 433.347123
122.009788 435.630693
124.544979 435.696497
125.369395 444.462392
125.855151 436.657045
122.897019 438.727720
125.160949 439.401820
123.854523 440.733914
121.548177 438.472534
123.231820 441.268726
127.282292 458.836875
128.652583 460.688270
124.922262 454.947938
123.668364 451.976013
125.425521 444.708181
123.722921 452.511325
123.327726 442.631474
127.117881 454.830862
125.650797 448.763488
121.066345 462.394182
121.901433 465.931134
123.372304 452.594531
128.442735 468.423480
126.708592 456.240944
121.235416 461.999692
125.291244 462.475220
124.335902 464.224325
124.807910 453.975790
122.107632 476.404815
122.177176 474.688887
124.091592 469.209089
129.201524 474.062159
122.263238 474.441814
124.665719 471.723607
125.966160 470.581106
129.235708 474.416779
122.956063 473.498316
122.625597 474.886675
127.057206 476.677711
122.839830 478.296179
124.239250 481.056103
128.369780 475.775432
122.189140 476.554858
124.274739 481.040620
123.572394 480.110718
125.578406 472.100282
125.740918 484.095691
123.286043 481.434773
125.178830 482.980900
125.900748 480.602592
125.165913 490.848759
124.757316 487.754758
124.759179 487.644052
124.426596 489.398323
125.927151 486.801433
125.862299 507.487117
124.209681 501.030622
123.987193 503.990414
127.484172 506.793816
124.164630 508.998673
122.414516 507.935646
125.896748 506.977739
121.345029 507.684409
125.366782 504.655172
124.686838 545.567729
126.892249 551.154578
122.446968 540.476309
125.336751 547.333405
126.944829 551.190546
125.099625 546.287121
121.996857 538.128829
124.060990 544.288115
124.680768 545.125550
130.502586 555.265415
124.769938 546.045598
129.042107 553.424713
130.955873 555.800093
129.885372 553.968639
124.166583 544.595914
124.906408 546.265796
131.627842 556.555571
128.537228 552.561987
131.252313 320.593939
129.671800 327.452452
129.909884 326.096780
131.915373 323.974077
133.142636 321.759998
139.920752 321.854252
139.871722 321.010315
132.333485 322.371246
133.236020 323.134741
139.241572 564.426633
132.845485 557.901155
136.754232 561.975579
137.027130 562.152293
134.947496 559.994539
137.624381 562.234294
143.416884 565.630138
142.579465 567.139685
135.294562 560.616001
133.627902 322.023767
139.339586 320.646816
130.805316 320.339107
137.209209 320.998334
139.942457 321.313529
141.476666 320.688537
143.103902 320.375588
141.839656 320.507120
144.675771 320.324611
144.170582 571.975225
145.964534 572.554144
146.788374 571.648458
148.186333 570.232316
144.747497 568.653780
143.154864 568.616067
145.069801 570.092638
145.186911 570.093196
137.702880 562.842909
147.516687 322.567678
156.595629 319.415967
154.233804 319.322888
147.935577 321.417270
151.526707 319.925775
149.171584 320.015533
153.421185 319.342332
147.892277 320.114631
151.627466 319.714408
145.241222 570.372870
160.474014 573.846173
146.921371 570.632793
151.601378 571.874208
154.042495 572.334060
154.188330 572.727917
157.088973 573.497334
146.393772 572.543542
149.692602 572.266226
160.898505 318.605889
164.683425 319.223530
157.965458 318.766674
160.812235 318.606577
165.962745 318.523635
158.618352 318.654282
160.634592 318.593328
161.937160 318.611376
159.740024 318.709842
171.911774 575.580082
169.997533 575.498174
160.577827 573.524936
161.005948 573.977734
161.729305 574.128024
167.084923 574.926384
171.425936 575.641204
160.153400 573.137983
166.951673 574.841237
174.220351 318.587022
172.163692 318.367770
174.398371 318.545472
172.575110 318.580050
168.550902 318.444722
163.627693 318.753074
175.940765 318.529591
176.315704 318.580616
177.137261 318.401107
172.583263 575.687174
169.720180 575.503262
164.112613 574.659361
175.222807 575.973502
166.173097 574.820355
169.315699 575.391641
175.068574 575.844709
169.996256 575.438781
165.428106 574.858068
178.068214 318.150859
177.958805 318.435163
184.172217 317.862181
172.608932 318.448371
174.160732 318.299164
174.920141 318.312773
179.853784 318.095427
178.656152 318.391267
179.535360 318.066498
182.583223 577.621383
175.462945 575.898456
183.306724 578.240262
172.394239 575.776071
175.354379 575.769529
181.453600 575.954700
180.051328 576.379967
179.658127 576.528634
189.042975 576.838461
188.078672 318.586950
184.320934 318.321886
197.748088 319.661199
190.172065 318.514902
185.521898 318.163502
189.590335 318.546675
191.713956 318.679617
185.195273 318.004723
184.203344 317.884655
182.716974 576.209647
191.064156 576.563881
192.508942 576.650898
187.071259 576.635208
186.170599 576.620348
191.221945 576.550760
182.871248 577.744755
188.863115 576.540001
182.839080 577.937093
202.484414 319.812724
205.961125 319.476231
205.489575 319.610676
202.174760 319.875056
197.827055 319.520907
202.258946 319.786990
195.434566 319.346893
196.989433 319.490819
200.368066 319.669417
201.587646 576.497292
198.312667 576.429806
193.157773 576.578885
201.085116 576.222219
209.393505 576.025402
197.615062 576.432847
193.889601 576.518615
193.941110 576.688572
198.268079 576.387177
210.684744 319.419468
218.829426 319.752813
208.619719 319.316251
203.063926 322.902234
210.276085 319.487856
206.217504 319.419427
216.431960 319.412963
203.717514 319.517577
203.629891 319.278223
211.243837 576.668415
206.719041 575.581321
207.005195 575.658034
207.997997 575.959112
206.873644 575.640662
208.873522 575.923886
214.477023 576.803366
206.599574 575.818295
210.583791 576.133842
220.560822 577.349100
217.132300 576.682590
214.294035 576.536597
219.453457 577.335022
218.538765 577.202366
213.150475 576.841157
219.572821 577.252395
225.667493 576.977015
222.202129 577.295935
214.755066 319.566514
218.622567 319.417033
215.186579 319.689360
223.008998 319.217951
226.106234 319.780371
222.479648 321.167857
223.001082 319.299082
216.068874 320.040777
215.706795 320.285484
230.116262 576.539204
229.836216 576.562440
223.827306 577.154961
227.792947 576.712922
230.895171 576.499127
232.360841 576.262292
226.835295 576.854264
234.601615 576.149491
229.817402 576.113240
226.488306 320.337567
226.307053 320.845607
226.011338 319.522673
227.502401 319.680783
228.381254 320.216838
227.452365 319.673044
229.409014 320.688940
232.111249 320.680626
227.229918 319.562669
240.651575 575.120322
238.263845 575.686073
241.695930 574.541261
239.175340 575.527044
237.222694 576.101885
240.412603 575.361026
240.620131 575.759166
244.001698 575.528575
245.670297 575.229217
239.829064 321.328391
239.006632 321.776732
242.622960 321.782097
233.532707 321.943577
245.138014 322.383743
245.824537 322.416644
242.243740 321.607937
240.374761 321.290141
240.612627 321.306690
248.540295 326.394862
245.184462 322.107894
247.723921 323.853693
247.389478 322.409597
241.768269 321.935718
247.939131 323.456283
247.650077 331.355525
244.747341 322.186194
247.020982 323.724148
247.741234 574.923077
250.391177 575.248693
241.952129 574.876194
254.059284 575.824427
251.567869 573.464653
239.652413 575.495595
240.389637 575.797279
253.843029 575.829868
248.442332 571.397532
258.886120 321.928390
266.529007 320.530279
256.337840 321.765681
263.290702 321.097536
264.193206 320.921283
251.671263 323.698610
257.174006 321.961107
262.641299 321.298555
264.674804 321.497524
259.783378 575.341558
250.846685 572.843998
258.860855 575.377041
258.398703 575.747785
262.251672 576.489159
268.654526 576.056471
257.917910 575.256974
261.184757 576.230786
256.744230 574.593290
268.876061 320.720530
273.484624 321.395985
273.361358 321.129460
266.551883 320.527962
266.071242 320.859491
261.166630 321.348414
270.358057 320.874342
262.711630 321.822952
265.729489 320.588658
262.383218 576.466048
269.314352 575.917858
265.825700 575.267026
271.008947 575.699528
274.270597 575.962505
266.653646 576.320549
277.223511 576.109025
269.280251 576.298242
276.578593 576.176208
283.132997 322.894140
279.963705 321.688009
279.584260 321.651018
278.638474 321.104520
277.897009 321.620865
278.629941 321.085796
278.556240 321.139535
282.809216 323.044009
278.336491 321.349929
271.423337 575.988817
280.763106 576.453522
274.853925 576.181683
276.150646 576.044180
284.151311 576.537488
286.219477 576.759606
272.018408 575.835979
279.294104 576.238928
276.013289 576.126813
287.348361 323.326016
289.623678 323.451121
282.549072 323.032074
288.197984 323.254699
282.394752 322.363564
290.019382 323.335305
290.205449 323.315403
286.239175 323.502474
284.058939 323.158633
293.968803 577.781578
289.919837 577.094475
285.912734 577.051175
291.157419 577.093120
289.424708 577.121660
291.692120 577.548144
290.793411 577.096195
293.670283 577.876483
287.134966 576.795584
305.054824 328.218409
297.938931 324.110289
298.695887 324.244249
298.598573 324.225527
298.734258 324.292593
304.493103 326.934604
291.427004 323.346253
301.028626 325.195977
298.091136 324.695198
303.587063 579.359443
301.815254 578.828152
295.919816 577.805842
303.669637 579.163280
294.306500 577.541173
302.370065 580.561646
298.806934 578.296504
305.237872 579.436539
303.203193 579.174064
307.999887 329.061108
304.460345 326.447200
310.111929 329.780996
307.002497 328.070684
307.537823 327.763682
310.445613 333.541563
309.620404 334.674338
309.872935 328.717271
310.242284 327.637257
311.552458 580.374646
305.894861 579.711725
303.432040 580.103009
303.235171 579.083444
309.106516 580.127281
307.345863 579.720850
303.719051 580.457169
311.195796 580.560149
316.602806 580.818472
317.540069 327.401930
318.470399 327.189998
314.176426 328.140268
314.780263 327.937948
319.287624 326.511606
311.010830 328.675783
317.495917 327.473659
310.336739 332.707645
320.998740 325.664826
321.238505 581.761101
318.144483 580.965576
319.026066 581.250987
324.914923 582.576677
312.224282 580.325835
322.032034 582.088300
318.047884 580.983368
318.752973 581.124012
309.946573 580.218497
323.373312 325.180194
328.149590 324.978473
331.788904 323.923075
326.566892 324.469304
325.682335 324.689486
331.667479 323.959140
328.221058 324.328122
326.368031 324.510899
318.169216 325.726184
327.576256 583.092964
323.825683 582.249870
330.602292 583.751380
329.467708 583.540776
321.988703 581.927431
327.762796 583.138286
329.119690 583.465094
327.029842 582.987036
328.985926 583.424926
331.715876 324.341469
336.355648 323.567526
338.808118 323.396108
343.121449 323.234295
337.682293 323.637589
339.042843 323.334401
335.172096 323.584535
335.928411 325.139195
338.406446 324.218671
331.481925 584.008080
336.863889 585.258472
336.365384 585.156222
336.337062 585.162396
337.031667 585.300662
331.735540 584.078448
337.295100 585.379040
337.066370 585.297743
339.265527 585.923334
347.007456 323.049340
350.921801 322.933478
355.363674 323.235019
347.088864 323.015351
348.482526 322.991400
341.744866 323.197915
344.199835 323.167563
344.573179 323.389596
346.325808 323.216811
351.836371 588.971526
339.078801 585.883540
348.994440 588.633412
346.711932 588.091263
347.722923 588.420869
353.194993 589.273671
350.319349 588.800526
344.627678 587.453175
348.724724 588.635153
349.616525 322.945920
347.949577 323.737420
364.064776 324.272382
357.300560 323.330175
355.942421 323.264523
353.656385 323.073389
355.614045 323.174002
358.335113 323.492798
356.989814 323.317624
357.134071 589.779813
358.953786 590.055047
358.562452 589.981985
352.166269 588.442010
354.698979 589.577437
356.758845 590.018426
357.847693 590.011977
359.711672 590.105488
356.810979 589.996703
372.576541 326.360805
370.516956 325.818495
371.789213 326.210643
368.506133 325.391296
372.552553 326.285478
364.749876 324.890743
361.808861 323.946576
367.836363 324.993629
364.361336 324.292181
364.629165 590.248462
362.559427 590.200129
365.885456 590.205098
373.243467 590.051899
360.274631 590.074416
367.045059 590.166974
371.578621 590.336445
368.248400 590.236767
370.769867 590.175518
382.723815 328.227230
380.133530 327.861699
369.848192 325.853451
375.253931 327.161784
376.983124 327.474269
375.212596 327.097176
373.022451 326.646717
372.094898 326.378513
374.667420 327.154879
379.176146 589.082957
378.696908 589.930742
375.713188 589.763422
380.753117 590.560281
377.193709 590.091255
376.176965 590.278670
375.273169 589.957134
376.659423 590.186647
378.937320 590.154408
385.498854 328.609138
389.551999 328.889440
385.126190 328.457546
392.122426 328.995114
390.755992 328.867856
391.025067 328.950138
378.780275 327.503173
386.124314 328.594176
384.901771 328.516483
391.557644 592.870249
386.968701 591.204224
380.841620 590.415408
383.111300 590.821384
381.819023 590.901823
386.710194 591.429720
384.831944 591.067999
392.897417 592.814746
380.626010 588.948070
393.825980 328.933679
401.194487 328.258820
395.825784 328.872857
402.316518 327.650737
397.710622 328.593354
392.932551 329.024034
394.451463 328.952938
396.442924 328.823928
394.687427 328.942683
395.404393 593.999749
398.819094 594.103207
394.985731 593.386753
394.270909 593.674335
396.143363 593.991510
405.529761 593.919650
395.268632 594.026421
402.898628 593.718463
396.890292 594.002005
405.855241 329.116431
411.364388 330.970739
407.582777 329.705589
397.880501 328.717802
403.541596 327.829344
405.150436 329.032481
402.471336 328.962922
405.597034 329.723950
406.065235 329.218582
409.758348 594.029520
404.022293 594.039173
413.172124 593.931816
405.731450 593.998952
410.055349 594.015820
408.291158 594.040284
401.694481 593.468603
397.988533 594.122535
399.169552 594.089731
418.172568 332.047142
412.625467 330.952030
413.467636 331.202131
417.441232 331.813685
416.279000 331.739531
414.405439 331.362798
414.152492 331.127798
409.493890 330.771507
414.914247 331.509749
414.032846 593.918150
412.381455 593.964161
420.371243 593.577456
418.217185 593.743201
411.462413 593.994130
415.715931 593.824799
408.420085 594.071279
419.011357 593.627402
417.786525 593.774658
420.081874 331.939798
423.638598 332.677223
422.898004 332.587759
419.967562 332.072845
426.206517 332.952088
433.386788 333.688109
424.725302 332.774622
433.059059 333.463387
419.807472 332.322495
432.100699 593.227056
424.595645 593.246673
429.484407 592.710910
429.392611 593.131380
424.842071 593.249962
419.664868 593.729875
430.799857 592.490403
422.593254 593.548600
424.701720 593.281104
434.096081 333.624644
434.435460 333.790387
435.547324 333.771174
435.630074 333.111678
434.834996 333.631479
438.110955 333.771138
428.533234 333.277721
436.288441 333.242744
439.905161 333.649775
438.993259 593.785631
436.551220 593.551534
433.499711 593.373984
444.121632 594.115249
433.112222 593.196923
426.505577 593.180775
437.216237 593.661313
437.561665 593.662924
432.782159 593.434774
445.683278 333.488780
445.015133 333.531453
448.305090 333.425518
452.725703 333.299692
445.285316 333.536844
446.729952 333.463225
436.134267 333.704609
449.462282 333.375069
441.214264 333.610972
454.038921 594.309490
445.935851 594.324884
443.860094 594.007848
445.427969 594.238973
446.954208 594.288538
442.717828 594.041952
453.248424 594.315733
446.011284 594.311961
442.371511 594.010113
454.583898 333.411701
462.034351 333.653173
448.722029 333.435283
454.336106 333.210631
450.952287 333.325640
460.540226 333.641718
456.031769 333.169318
450.472230 333.396522
447.547285 333.461517
459.520317 594.336238
448.275030 594.283785
452.086603 594.263208
455.917514 594.257357
458.658375 594.255181
459.212754 594.280098
450.618148 594.305227
456.909922 594.254474
461.503925 594.291978
462.995698 333.714970
465.190028 333.872965
456.658892 333.227375
468.546198 334.020000
463.827784 333.785310
463.406922 333.666543
464.841282 333.849574
465.291130 333.870737
455.933370 333.518082
472.211611 596.212283
461.973430 594.368461
461.509680 594.311950
465.466129 595.262901
464.635014 594.976869
469.030404 595.527250
468.447941 594.949606
466.102934 595.125532
462.455385 594.468975
473.889489 334.461641
472.973465 334.382433
469.343570 333.762650
473.559029 334.483278
479.735375 334.047358
477.062998 334.231195
476.317768 334.191205
474.511844 334.286170
475.081358 334.401992
478.932451 598.327053
476.167981 597.605790
476.792582 597.793421
480.450661 598.941866
474.828073 597.174091
472.944501 596.570810
481.629059 599.300508
480.414234 598.906040
474.014436 596.992657
484.950225 333.633135
484.914325 333.642041
489.088154 333.478572
481.821606 333.592538
488.101244 333.484720
481.475212 333.873360
490.643117 333.481617
481.438749 333.795814
481.831382 333.764194
484.064330 601.275814
483.535171 598.823972
484.849139 601.380604
492.627407 598.998962
487.407811 600.046410
482.966633 599.843551
493.320288 599.012033
481.431038 598.790298
484.597608 600.596802
502.241175 333.184274
494.598118 333.334601
501.298894 333.174970
495.301700 333.500561
491.744310 333.372392
491.220014 333.396749
497.829034 333.228631
504.485284 333.286682
497.118888 333.274040
498.460376 597.719649
494.447021 599.069846
493.289331 597.602577
494.888688 598.972045
489.897753 598.683454
495.201846 598.836684
493.647218 599.094298
501.345201 597.374347
494.047689 599.019990
502.223700 333.194168
507.011267 333.228884
513.470437 333.975425
500.155630 333.281376
495.934844 333.337571
507.047299 333.203724
505.257234 333.334657
505.575570 333.283787
507.993214 333.242783
505.214938 595.323477
499.605872 597.034064
511.380202 594.892569
505.230198 596.047299
506.876849 595.502128
503.613368 597.504688
505.292806 597.482694
504.160251 596.861730
512.401236 593.814768
510.643771 594.919722
512.531458 593.502017
519.041949 594.128799
514.820157 591.089401
511.925315 594.931461
518.613897 594.384972
515.510670 589.466544
510.969819 595.614145
514.691561 591.268292
515.181776 334.115351
519.718722 334.568705
506.135993 333.316978
514.562969 333.860111
511.979944 334.079383
512.958587 333.736248
512.774331 333.635297
515.032725 334.219871
518.726286 334.796717
522.973325 595.041833
523.326724 595.178224
519.732707 594.524369
527.164825 596.039424
522.832568 594.982953
523.483195 595.395972
521.938173 594.622214
514.416267 592.717128
529.563931 597.760062
523.862861 334.516254
518.670221 334.731215
519.008374 334.267304
518.315633 334.781464
521.284881 334.251106
530.497578 334.653659
518.669550 333.931914
518.051188 334.654290
525.861919 334.531456
532.408909 599.534413
533.077196 599.728480
528.471584 598.507301
535.332298 600.324917
534.885547 600.199201
531.996650 599.271108
540.361187 601.571833
526.547808 597.265226
532.743996 599.650519
537.072272 334.829346
533.977109 334.710210
532.566662 334.543496
534.051949 334.654650
534.852672 334.680386
527.017587 334.426385
534.485917 334.675868
534.564082 334.663983
530.831725 334.350669
549.477424 603.519823
543.094680 601.965794
535.927453 600.371277
546.524441 603.217947
540.436958 601.605131
547.766905 603.396848
543.084610 602.260387
547.704776 602.558246
545.843103 603.040945
546.715771 335.382491
551.560444 336.658133
545.255872 334.912023
550.446641 335.020439
554.672881 334.687680
552.511448 334.571458
537.586242 335.002532
550.294360 335.484334
537.952197 334.853962
546.908433 603.280798
548.397050 603.552017
551.049430 604.291075
556.026693 604.435192
554.991829 604.861394
552.176320 604.591547
552.366120 604.516916
552.474916 604.616558
550.154609 603.968198
552.760935 334.211202
549.990249 335.159452
555.497736 340.852255
562.850097 332.529095
552.077523 335.223726
555.767207 334.760848
559.089373 333.826940
555.495330 334.569452
561.880256 333.811649
561.875889 605.560125
554.430826 604.556402
563.956065 605.934231
564.128573 605.570585
562.175000 605.616626
563.184857 605.779538
563.831393 604.536962
560.283285 605.457696
561.018082 605.536652
567.900067 332.833192
556.997638 334.990527
573.780165 332.972001
564.378221 332.611990
562.425947 333.265118
566.165825 333.590816
563.852990 334.466615
572.932707 333.185974
564.355449 332.342787
569.661229 606.504509
572.182057 606.981007
571.466956 606.491620
570.581222 607.173174
571.311554 607.314652
574.924429 606.560114
569.224909 605.921908
571.617571 607.179314
568.629203 606.714970
573.238116 333.058951
571.475954 332.891036
568.663700 333.005755
567.557916 332.811749
583.224671 333.071993
569.069549 333.782027
578.324501 333.047587
576.180849 333.041242
571.098410 333.370700
580.279107 606.709890
580.798006 606.737788
578.670976 606.066227
586.023199 605.890892
580.818816 606.524828
579.068050 606.181577
578.868769 605.986786
578.989131 606.048560
578.860630 606.095309
585.487631 333.108441
579.712927 333.040826
585.999880 333.107557
584.985360 333.102906
586.902399 333.106078
579.818226 333.043418
585.400392 333.104309
588.842444 333.143759
584.242427 333.094570
585.135104 606.623161
590.011899 605.589014
598.040484 604.704288
590.191525 605.517813
593.095238 605.202922
590.633833 605.461166
584.899647 606.614541
588.916059 605.264912
598.139528 604.722240
595.598305 333.176978
595.186620 333.167485
594.643686 333.128956
600.519910 333.070178
592.786199 333.121378
596.611261 333.151596
595.312469 333.050663
593.786801 333.021998
595.488410 333.177538
599.322325 604.596832
594.996346 605.004860
600.114030 604.637843
602.982538 604.650522
601.561768 604.582924
597.355475 604.845251
590.609359 605.394072
598.793103 604.680517
594.358447 605.015553
595.151023 333.153000
605.461461 332.857252
603.887807 332.860418
601.031625 333.025477
603.346750 332.803704
606.929017 332.801580
614.011211 332.163131
603.273642 332.943540
604.864370 332.853593
612.772429 603.077867
605.718469 604.781459
611.201818 602.999039
606.533338 604.655219
609.609142 604.359044
613.480342 605.020728
612.745957 603.165381
613.776500 604.511197
609.090730 604.199385
614.545064 332.276465
621.721872 331.153015
617.891283 331.566740
614.795528 332.290350
609.470871 332.613594
612.571781 332.430307
615.245702 332.222061
619.005418 331.919517
622.696725 331.035301
614.155835 605.575514
628.751728 608.193962
619.412466 605.893592
625.856236 607.564587
619.849010 605.987536
623.094757 606.682921
626.137992 607.531485
617.902339 605.654925
623.799832 606.992077
624.663812 331.508707
624.063043 331.361706
628.503870 331.290786
625.025322 331.458102
621.741270 331.058697
621.082306 331.750241
617.017371 332.053858
630.642842 331.107190
628.905583 331.197458
632.887694 608.868707
625.033190 606.839034
632.499868 608.686642
629.187262 608.365997
630.016147 608.573354
629.123739 608.403458
632.538963 608.962241
619.875211 605.986895
628.423321 608.232677
633.567130 330.749702
631.762784 330.682701
633.234415 330.645764
644.612932 329.252196
632.784383 330.786964
636.170090 330.405602
634.190994 330.514663
632.569334 330.904449
632.763024 330.821141
638.696858 609.022126
638.300389 608.520864
641.660989 609.194168
642.221280 608.784027
638.745963 608.616400
638.904714 608.892029
634.195168 609.063173
635.482086 609.775913
638.394596 609.874034
649.588624 328.549325
645.464268 329.075540
645.247413 329.108363
646.220419 329.310904
648.431423 328.153315
639.420091 330.064104
643.310494 329.303617
645.313094 328.942266
647.398902 328.541523
649.757682 608.438746
642.878412 608.306158
645.566324 608.369124
653.609612 608.043674
643.113781 608.163410
652.100703 608.200876
655.754009 607.732696
657.634852 607.287698
655.007239 608.093694
655.299927 328.494989
661.720731 328.114412
647.996757 328.897249
653.932799 328.829819
654.316392 328.632338
647.294012 329.064769
649.203699 328.690929
653.298319 328.867248
646.889537 328.362930
654.877984 608.475341
656.290661 608.119174
656.191353 606.958270
656.693125 603.408476
665.658224 607.716144
663.508373 608.402100
657.794280 605.458341
660.750079 607.513616
650.669433 608.421833
666.592929 327.724750
669.797368 327.759985
668.333000 328.023611
663.331290 327.985766
664.125245 327.918889
665.771293 327.776306
665.365371 327.973681
666.743122 327.736392
671.473310 327.749664
674.902242 608.837458
669.539371 609.418160
660.732533 608.080911
663.620714 607.825510
675.128599 609.142603
668.048820 609.277964
668.731075 609.621452
667.112584 609.183241
668.883256 609.678339
678.717034 327.681028
670.450155 327.738735
674.453769 327.749730
667.460669 327.787213
671.036481 327.744982
667.938432 327.752409
680.743305 327.812398
676.910888 327.806653
671.657277 327.762971
679.396899 609.185175
679.085698 609.113399
679.594281 609.040577
680.526920 609.156464
678.043701 609.070278
678.823387 609.153542
679.057873 609.132356
674.538332 608.922763
680.050146 609.220003
686.735464 327.559341
680.635834 327.776270
688.839508 327.542498
688.341119 327.685922
683.691723 327.732206
679.234351 327.695487
684.280283 327.738100
688.147425 327.564025
685.140622 327.721647
694.727289 609.520403
680.077057 609.098808
690.730414 609.305754
685.380008 608.973311
688.244764 609.288608
680.544933 609.150274
690.756603 609.352759
685.650473 609.246327
690.165335 609.335165
691.182322 327.739201
694.595796 327.608780
703.732043 327.227271
695.082718 327.495626
698.016575 327.669115
695.267300 327.528757
691.613701 327.721914
699.779013 327.425070
702.044093 327.235116
696.692469 609.520255
698.739498 609.644741
699.988962 609.568004
694.708674 609.512017
700.440170 609.712663
691.571837 609.298879
696.496963 609.454474
698.945227 609.473238
705.228895 609.396799
697.998267 327.393983
700.771234 327.275606
707.616669 327.173860
707.286372 327.175584
706.881467 327.102913
702.202099 327.215352
705.315358 327.158997
700.684004 327.251049
709.203860 327.193152
709.193921 609.743369
708.036086 609.749426
715.991798 610.104800
708.628366 609.654275
709.031985 609.777791
709.667464 609.805893
709.295719 609.786758
705.867786 609.622019
710.913687 609.862331
713.795250 327.341684
710.887525 327.389151
710.795559 327.289477
719.908523 328.087034
714.189649 327.397700
707.557399 327.141415
712.018094 327.242422
708.748783 327.183277
714.122948 327.372336
726.869413 609.939437
720.506977 609.923404
713.646340 609.865391
720.535231 610.041035
714.060142 609.960446
716.670447 610.111177
714.005982 609.497454
728.407818 609.827867
717.710521 610.108652
730.021198 328.266934
725.838670 329.018873
720.248360 328.220432
725.643853 328.727642
714.550904 327.596012
724.178145 328.291378
725.619688 328.867310
723.305651 328.561852
726.808566 329.100737
736.204326 609.750637
727.359974 609.670488
734.622366 609.634229
726.568603 609.929336
730.785134 609.868906
721.251966 610.039239
724.397721 610.003827
728.427620 609.965037
730.852770 609.868654
737.508600 328.347931
725.395936 328.719535
733.976834 327.681553
736.065905 328.480966
738.447649 328.504350
732.388622 327.634008
733.477982 328.515927
738.025394 328.525992
737.670642 328.516427
745.901634 608.542091
738.311620 609.028506
747.865264 608.162111
738.201535 609.216249
743.027639 607.337634
731.406941 609.646949
741.227717 609.157858
742.805323 606.315897
739.262372 608.818950
745.467025 326.126053
741.730105 326.962993
743.442789 326.402797
740.592078 327.675288
735.152282 328.176971
745.607634 326.269944
747.191532 326.089145
734.883305 328.382115
740.418275 326.685439
747.057522 606.543380
749.070215 608.895823
746.140188 603.364020
749.103003 608.887146
751.863675 608.791149
753.577373 608.887690
750.458146 608.574751
750.028330 608.342627
754.377881 608.913038
759.649019 324.754901
761.239414 324.874258
754.890325 325.047765
759.997621 324.756857
751.720152 325.393585
751.880142 325.499476
750.256886 325.521290
759.639711 324.767659
752.716771 325.378492
752.502091 609.045433
767.303169 609.903615
757.900857 609.422607
763.894200 609.515294
753.829166 609.243963
759.656153 609.034751
752.999761 608.993241
758.507995 609.145910
760.982087 608.995774
764.145406 324.798298
761.505421 324.861586
762.625865 324.740283
765.369431 325.172494
755.722408 324.988835
764.120154 324.506668
770.317317 326.550728
763.877222 324.410071
758.123054 324.853312
768.286059 610.100757
771.764472 611.481738
771.651611 610.156705
763.100215 609.312641
767.378364 611.035453
777.757238 612.701800
760.538333 608.922985
768.431094 610.154105
771.971742 610.452891
772.211397 327.473781
771.418371 327.855325
770.260865 327.417109
775.620052 327.693974
777.946961 327.824794
767.843564 325.994740
777.322785 327.400027
774.346028 327.722629
769.923465 327.634920
778.780054 612.768481
773.477239 611.178552
780.865827 613.689079
781.480954 613.863747
778.475966 612.895151
779.025664 613.035201
778.188777 612.805331
778.442305 612.866480
772.647919 611.450854
773.007326 327.288379
787.175766 327.887452
780.416620 326.848519
773.231067 327.338465
781.741214 328.063986
789.348879 327.540325
783.046050 328.112866
782.562955 327.849985
783.003114 328.012444
783.101792 614.323169
795.430992 617.274759
793.430529 617.045942
789.825375 616.483243
787.574650 615.621202
790.290364 616.368351
787.600674 615.643576
787.990144 615.932185
789.968698 616.517773
782.654915 328.059156
791.770623 327.091364
790.129920 327.017633
786.451362 327.911970
793.102182 327.049974
788.480832 327.668603
799.625211 324.945127
798.179697 326.269260
788.529102 327.704928
790.271941 616.596703
789.340113 616.344382
802.409055 618.641743
801.753175 618.459014
803.026388 618.643211
793.660238 616.945394
793.231444 616.624458
801.919653 618.564628
797.281818 617.707098
797.177249 325.013735
798.977542 325.006462
800.876338 325.606097
802.518308 324.242120
802.714396 324.291182
801.931038 324.572029
805.255286 324.459340
800.616702 324.621091
803.042899 324.409082
802.286142 618.647206
807.751721 619.158502
807.282672 619.129343
805.857933 618.847204
804.137746 618.814066
814.234534 619.447327
805.804987 618.973852
800.520677 618.052973
809.331667 619.021988
813.626879 324.992574
808.943218 325.384498
808.866205 325.479232
809.820045 324.812451
806.980905 324.518699
816.393395 325.295994
803.703790 324.302709
812.872410 325.125606
814.020546 325.258628
819.538194 619.607951
818.428672 619.625161
815.720903 619.466349
817.398692 619.410614
813.900389 619.004615
812.651697 619.362903
812.845976 619.439992
820.470086 618.597161
823.261893 619.836745
826.345875 324.921430
826.100987 325.017644
828.039002 325.078774
819.480434 325.234001
813.434627 325.157639
823.969429 325.116222
828.937110 325.000905
817.483885 325.287967
820.894346 325.137858
831.042826 619.872001
829.115820 619.636610
819.974886 619.765485
826.999627 619.746669
829.476386 619.894986
819.680577 619.749946
826.770909 619.892735
828.171218 619.900727
826.361101 619.870810
829.867969 325.069227
827.665432 325.072215
823.389264 325.171034
833.113856 324.981578
832.595794 324.946308
829.469913 324.947549
828.726609 325.024788
831.794931 325.016130
833.992068 324.909006
838.818632 619.310770
836.174580 619.669961
831.255613 619.842448
837.026724 619.567317
837.675782 619.255885
836.426117 619.636951
835.761066 619.705822
829.423145 619.805866
841.278089 619.104838
840.089878 324.645387
835.706790 324.913889
845.956478 324.458384
837.769180 324.853659
843.942194 324.631230
841.950145 324.780240
840.225972 324.823278
844.107934 324.746126
840.928491 324.827446
848.766381 618.388329
850.433633 618.210391
855.880434 617.488683
843.304775 618.837761
840.046031 619.196128
848.355757 618.421890
847.768075 618.442357
843.404854 618.924985
848.972643 618.333802
845.404989 324.618312
854.148500 324.178842
845.179125 324.664497
857.418178 324.060193
851.674336 324.247189
852.859890 323.791615
856.392829 323.967857
844.941852 324.509928
850.588141 324.296090
860.123760 616.838262
853.240891 617.869890
851.959425 618.023634
861.793439 617.612956
852.014394 617.977613
851.833290 618.031346
863.108721 617.130346
854.239951 617.738520
862.699279 617.096036
857.092888 323.804072
860.630080 324.010797
868.603597 321.965144
861.486471 324.039243
864.808405 322.933307
857.673808 324.036810
860.983559 324.024662
863.094712 323.353955
861.520213 324.057379
870.284390 610.096237
865.076113 612.945007
866.421438 613.576344
861.639126 616.729966
866.584002 613.071237
867.511009 612.413754
874.958929 608.513023
860.213832 616.118058
866.378028 613.329035
870.733761 321.137057
879.224777 320.289644
869.042695 322.038253
870.505205 321.689206
874.698865 320.495605
863.806400 323.175250
870.195882 321.692173
872.574954 321.321767
874.117006 320.520877
877.080770 607.171193
878.569511 608.837851
880.266938 602.842599
874.935427 607.800747
876.309225 607.554501
886.621520 604.422632
880.898605 602.058177
884.334081 604.126017
873.257262 607.062981
878.074827 320.146058
879.112646 320.255478
876.668497 320.365923
880.994904 319.946749
878.507051 320.204408
872.069714 320.809969
872.298243 320.759801
882.183844 319.906018
878.444828 320.144405
887.203364 604.126599
886.595085 603.213169
886.813208 603.213290
890.893117 604.636846
881.799019 598.211241
889.065501 604.844598
887.021307 603.613708
888.774773 604.165728
888.800753 605.078918
886.833987 319.701676
889.172315 319.703518
888.497590 319.731048
898.460500 318.640190
892.243763 320.081953
893.835039 319.358555
889.472702 319.610014
892.738487 319.985154
895.376712 319.546817
892.522697 604.837876
896.144817 603.634573
889.894359 604.556794
896.974201 604.983108
895.130462 604.951430
903.883945 604.684557
890.686634 604.838539
896.966760 604.992472
903.953034 604.689048
899.772424 318.556932
904.488554 318.321400
904.321572 318.257655
892.888256 319.749973
906.548634 317.725554
899.993692 318.670331
896.435698 319.345664
901.370570 318.405642
901.164320 318.706051
910.756642 602.597455
910.474058 604.660192
910.201188 604.908903
911.818542 602.696473
911.824614 604.180548
904.820070 604.542350
912.375240 604.333040
899.093241 604.939606
899.342511 604.914057
903.190738 318.253795
907.773752 317.397095
910.302631 318.542716
912.870202 318.016482
900.485614 318.716000
906.168203 317.592222
905.267959 318.022139
908.813541 318.062644
903.328731 318.208909
919.161596 604.382913
914.647894 604.555047
917.933378 603.771089
909.966106 604.860504
910.427488 602.792807
911.190279 603.616590
916.388152 604.154969
917.159915 604.476724
924.092930 604.505412
920.200272 319.476117
921.199341 319.167318
920.334627 319.411381
915.685772 318.785381
919.375737 319.579866
920.010124 319.990741
914.452400 319.042076
921.144272 319.692989
922.658401 318.888222
929.109561 603.767333
922.136785 603.520956
927.025888 604.804393
926.230845 604.673795
927.034595 604.818441
917.527867 604.423349
924.409722 604.403021
930.948714 603.807487
931.456682 603.459521
931.273416 316.736355
921.168694 322.306922
930.517737 317.192689
931.220152 317.087310
925.172280 318.476598
921.365053 322.503027
924.110263 319.527092
926.032807 317.742142
929.915259 317.209551
932.716422 603.460729
937.678970 602.333225
933.646448 602.862522
936.423926 602.577844
936.861736 602.829267
929.003711 604.187271
935.539398 603.006896
935.607832 601.989920
935.514748 601.470571
939.052656 315.825027
942.690338 315.491884
940.733444 315.838226
943.503762 315.437999
939.743637 315.705172
944.948913 315.092952
932.098982 316.740192
931.236453 316.749285
939.977128 315.683964
947.196883 598.758324
952.086486 596.997002
938.934751 601.226527
951.920410 598.133081
944.582863 595.078853
950.172378 598.056575
945.733578 592.230702
946.333790 596.090855
946.211382 597.271324
949.203562 314.644212
947.056576 314.863226
947.639349 314.952330
947.853350 315.028310
952.319365 314.136000
957.088211 313.842972
948.101295 314.767222
952.057557 314.952469
952.520221 314.098902
949.347896 598.523181
958.121488 598.717252
955.544516 598.631979
956.569263 598.149965
957.076176 599.489977
957.432411 598.567956
964.432164 598.688558
963.764538 598.606114
956.773286 598.534497
965.450770 313.074856
954.181825 314.597323
954.035033 314.026907
958.534641 313.834416
960.624288 313.543324
957.587015 315.107005
959.080855 313.855593
964.885703 313.104374
954.004922 314.169421
964.375067 598.605914
970.214507 599.291639
970.012034 598.459602
961.106877 598.623289
964.539682 598.577288
968.535635 598.688014
963.428175 598.488591
967.102376 598.632332
958.145775 598.785380
967.411880 313.167558
973.343667 313.617517
968.595995 313.440605
969.016795 313.361760
969.626097 314.611434
968.769463 313.457337
964.759317 313.463516
968.548670 313.536894
965.377138 313.757461
977.085096 599.267828
968.138016 598.692169
972.764799 599.097174
975.908971 600.840671
976.203166 600.665051
975.383557 599.114195
978.764660 598.142760
974.129315 598.777090
979.561010 598.005922
981.603958 314.063574
984.501911 314.742855
977.046277 314.896928
986.279347 313.620305
979.994559 322.687109
975.776633 313.432752
981.839537 313.780788
977.608837 313.604580
977.453185 313.434213
986.000841 596.593743
986.608671 596.388028
976.742983 598.793281
983.675574 597.038609
987.313700 596.527141
991.000923 596.107209
982.861169 597.097142
979.040186 598.835477
988.883068 596.283410
990.451289 314.048739
988.492570 314.009209
989.811021 314.833309
984.142495 313.916610
989.923436 314.002514
990.135847 312.747370
995.427974 312.512323
993.172996 313.262540
987.632709 313.735824
998.874369 595.613650
995.459559 595.935949
996.083193 596.239867
995.958003 595.792702
986.074605 596.456403
994.980110 595.901716
995.649435 596.048913
996.413782 595.739450
1003.732040 595.492451
1002.230406 311.311218
991.781630 313.841204
1006.671381 310.665897
1001.185302 311.557040
1001.802965 311.672956
997.555749 312.318009
998.832447 312.020980
1003.006174 311.267520
993.500798 313.412608
1005.800670 595.407513
998.025720 595.672595
998.313780 595.600964
1005.423796 595.423819
1008.026753 595.451313
1007.992546 595.414392
1008.010626 595.518465
1007.991893 595.443215
1005.836548 595.428376
1008.761772 310.242704
1004.793600 310.938134
1010.243775 309.985857
1009.057471 310.185493
1015.005747 309.276104
1011.849853 309.766215
1010.339950 309.950980
1002.902586 311.327560
1011.553091 309.889429
1013.162968 595.243407
1020.010789 594.856115
1014.216666 595.156395
1024.095165 594.749226
1015.551109 595.184944
1017.445962 595.082288
1017.033967 595.121226
1013.126869 595.288918
1011.180417 595.363139
1015.098235 309.280815
1016.785132 309.157276
1017.727244 308.970470
1016.145933 309.133525
1021.825049 308.802222
1010.987283 309.867642
1018.948138 308.903130
1018.423785 308.993585
1013.607842 309.459203
1025.596274 594.730869
1033.953585 594.144847
1025.324580 594.755994
1028.585330 594.502978
1025.928697 594.734485
1021.070044 594.951734
1023.906961 594.819234
1028.845502 594.519014
1027.469180 594.632630
1026.916241 308.150667
1029.695770 308.217400
1031.502460 308.057027
1028.916244 308.348678
1027.632236 308.200611
1024.169500 308.607116
1030.127201 308.173431
1027.042661 308.201308
1028.623333 308.361683
1041.208688 593.615337
1038.317531 593.870611
1037.486580 593.948622
1040.948066 593.582652
1045.605271 592.532723
1036.192935 593.887814
1039.482015 593.786776
1042.081479 593.477530
1032.996400 593.872129
1040.958276 306.566669
1037.645479 307.195312
1033.424582 307.933058
1032.646278 307.727830
1038.815639 306.997185
1036.523709 307.363310
1038.797019 306.990326
1032.320110 308.042384
1046.177900 305.579066
1038.631086 593.806434
1042.131278 593.319041
1044.517177 592.756218
1045.463037 592.593013
1051.881632 591.376370
1038.304539 593.820863
1042.343794 593.372817
1051.482160 591.395532
1047.750085 592.142833
1047.256798 305.256634
1047.946606 305.133992
1045.219078 305.694388
1055.672947 304.076634
1048.567407 305.043094
1043.853528 305.996716
1047.434070 305.248104
1048.381875 305.093501
1041.986406 306.352243
1061.473256 590.333260
1056.425997 590.552034
1048.552793 591.905163
1046.427837 592.365636
1059.825991 590.081800
1058.120605 590.162238
1056.808565 590.216637
1057.459402 590.784606
1061.932861 589.986606
1055.947676 304.101898
1052.083054 304.543709
1063.242276 302.671666
1056.725880 304.161200
1059.934567 303.399729
1063.292976 302.703042
1057.467468 303.920379
1050.209567 304.820902
1060.354214 303.861040
1065.190592 589.814706
1064.405932 589.925257
1063.637081 589.939717
1068.196952 589.871550
1063.933045 589.893188
1061.586468 590.037331
1068.130564 589.930142
1064.761287 589.902028
1069.854562 589.777216
1062.893916 303.446240
1068.691686 303.280158
1066.576592 303.225637
1060.320613 303.870615
1062.787043 303.092668
1071.414833 303.715182
1072.214882 301.536767
1071.360887 303.738010
1070.788957 303.611538
1078.395171 590.050455
1069.677061 589.748447
1078.765526 590.193946
1073.504589 589.835444
1077.945001 590.088640
1072.212594 589.772914
1074.032043 589.858748
1067.642142 589.834756
1069.718202 589.999830
1071.553162 303.609110
1077.763050 301.952422
1080.374797 301.184295
1078.652465 300.095094
1081.656709 302.437085
1077.079321 301.551234
1068.840007 302.659829
1075.865910 301.199749
1077.945997 300.157721
1092.543289 590.157152
1084.626038 590.212580
1084.095975 590.250106
1089.722448 590.188121
1091.415151 590.180089
1087.372952 590.240168
1085.746345 590.113371
1084.766089 590.154438
1077.377317 590.183373
1089.357142 304.378731
1091.354456 298.604590
1089.867946 298.374596
1092.222197 297.459815
1086.333930 300.530445
1079.835475 301.563553
1088.924444 299.077712
1084.077558 299.806352
1088.719226 298.377361
1095.718970 590.348158
1089.841389 590.197010
1094.714284 590.311545
1088.448889 590.284430
1090.455019 590.237505
1094.861390 590.349588
1095.207059 590.309262
1092.648689 590.170439
1093.347546 590.440688
1097.638725 296.875322
1106.392051 294.676660
1099.150736 296.251825
1095.212177 296.941255
1099.093223 296.639878
1092.850940 297.374089
1097.249298 298.165166
1091.431081 297.646233
1096.555032 297.493314
1113.171080 592.015007
1106.715642 591.322680
1103.632179 591.031423
1112.289442 591.887489
1100.560387 590.788169
1102.975000 590.916621
1099.143979 590.629331
1106.210652 591.318078
1103.067255 591.154507
1103.847748 295.272907
1107.283816 294.443730
1107.189349 294.411126
1110.939142 294.169586
1113.193713 293.700346
1112.041441 294.083561
1103.247390 295.213679
1109.918541 294.482317
1111.721139 294.198354
1118.615333 591.702966
1114.799116 591.716564
1113.477671 591.687696
1113.234214 591.978996
1112.478040 591.978893
1112.710553 591.753690
1111.346584 591.241852
1115.173964 591.875089
1122.385686 590.932057
1117.682381 293.303927
1124.052232 292.119425
1119.889715 293.031057
1118.948468 293.153388
1122.952013 292.062451
1116.414965 293.535983
1117.302018 293.390690
1117.784558 293.343321
1113.834367 293.878838
1120.999352 590.966024
1124.569649 590.928809
1126.974454 590.660550
1127.381422 590.815396
1127.053718 590.674134
1120.593734 591.446603
1125.584068 590.770989
1126.781033 590.925192
1126.923514 591.027311
1126.511119 290.812065
1130.798260 290.271233
1129.958535 290.029896
1129.123117 289.479699
1128.687602 290.348525
1122.891882 292.342636
1125.909957 291.539207
1132.057611 289.641212
1125.982823 290.951926
1140.295741 590.408228
1139.659678 590.005608
1131.228501 590.606279
1139.065610 590.019288
1133.481941 590.263304
1132.420424 591.589284
1133.882468 590.281201
1139.567431 589.972407
1137.763845 590.097556
1136.901241 289.046884
1142.875111 288.248958
1139.012883 288.622658
1129.340163 289.404417
1131.414983 290.451037
1131.749067 290.292073
1130.618306 290.272279
1133.974262 289.625266
1136.757593 288.980248
1148.746382 590.292067
1147.425002 590.527898
1146.468539 590.393756
1150.483417 590.247031
1140.857985 590.022344
1146.724487 590.300061
1151.187317 590.302890
1141.600166 590.119769
1144.867631 590.220790
1146.127229 287.580534
1153.850270 285.462960
1154.846747 285.139168
1144.254921 287.993026
1146.585556 287.516131
1148.575433 286.923974
1139.302939 288.827789
1150.720667 286.393874
1144.492105 287.821625
1161.220109 588.682175
1154.359480 590.136827
1158.598333 590.930640
1152.098083 590.113831
1146.627745 590.406890
1157.938075 590.358837
1162.488348 590.387710
1162.349247 590.486813
1158.729075 589.792910
1156.827736 284.731642
1154.930987 285.117964
1157.453331 284.504754
1158.676243 284.486426
1156.628006 284.736666
1158.951491 284.259286
1152.266176 286.022657
1158.089397 284.326504
1157.053889 284.616048
1164.792744 590.778616
1165.090236 590.696858
1164.975993 589.296980
1165.334584 591.880917
1163.526780 585.327425
1172.160085 589.551961
1162.377740 591.007541
1164.751051 591.047589
1163.111691 591.292377
1165.769240 282.853955
1157.356251 284.717123
1162.738479 283.436877
1162.729049 283.419863
1173.030028 281.520158
1163.819811 283.260933
1161.667583 283.696290
1169.072140 282.154461
1167.482248 282.457544
1173.984718 281.297897
1174.613677 281.090954
1170.958942 281.955843
1167.937524 282.361314
1166.661989 282.618727
1170.461309 282.058987
1179.722019 280.130246
1177.069351 280.702361
1172.164138 281.791504
1178.417419 584.364159
1174.422749 592.465650
1179.879383 597.824995
1174.266475 590.023156
1168.198221 591.536997
1179.248124 594.451477
1173.732636 593.050299
1173.217717 591.415200
1176.020031 589.833364
1185.274066 602.640836
1184.717636 601.277033
1186.114950 603.945989
1186.877129 604.886592
1181.396686 599.174959
1182.891482 600.251365
1182.988382 601.246950
1182.126282 599.388531
1177.856120 595.465457
1181.361942 279.837330
1187.723182 279.042118
1182.308585 279.988624
1187.066542 279.153549
1187.083788 279.202632
1187.661916 278.042486
1184.814836 279.383919
1180.097380 280.165704
1178.017830 280.629964
1191.580540 609.608938
1189.396908 607.213948
1188.066183 605.324629
1194.686546 612.812614
1190.588194 608.894791
1187.377734 604.271637
1184.782318 601.797071
1194.643350 612.414157
1190.510033 606.392472
1200.677115 273.954420
1199.949601 273.876575
1199.472053 274.171160
1198.722257 274.857782
1194.624523 276.071631
1197.668338 274.895938
1194.748803 276.254337
1187.355343 278.712787
1193.588174 276.915546
1196.066608 614.474870
1196.648494 614.530683
1201.726454 618.299629
1194.639957 614.021728
1194.972295 612.349536
1200.733795 617.883548
1195.881946 614.403741
1196.455972 614.140593
1203.141087 619.070214
1201.799349 273.536968
1200.317140 274.094911
1202.691777 273.036932
1203.995791 272.270103
1202.966210 272.844507
1198.142076 275.117922
1198.511191 274.941607
1203.210010 272.593372
1205.638894 271.645639
1207.052238 621.776234
1208.378807 623.003328
1204.439245 619.988220
1204.730293 620.125178
1206.550704 621.375446
1212.276145 626.107924
1210.642269 624.708323
1205.822071 621.019874
1207.103813 621.776140
1206.692607 270.996820
1212.185876 268.553987
1210.348724 269.349036
1206.107081 271.258622
1215.758201 266.910835
1210.895870 269.215672
1215.008662 266.862628
1211.450098 268.755092
1210.865081 269.133319
1213.204845 626.880218
1215.171972 628.710345
1209.184564 623.526995
1213.832357 627.466525
1212.773290 626.671457
1206.820801 621.557904
1218.524986 631.680841
1216.174463 629.530738
1211.224644 625.228924
1225.323388 637.480444
1217.558070 630.734263
1226.983857 639.353509
1221.822368 634.588876
1217.906228 631.089773
1221.430611 634.222706
1220.396244 633.654040
1215.870908 629.307978
1225.345906 637.697268
1223.872417 262.950697
1220.225975 264.827427
1224.053649 262.866475
1223.073766 263.112789
1221.728450 264.132862
1221.746518 264.152431
1222.158388 263.958598
1225.402635 262.097049
1216.208655 266.614835
1231.749934 643.747120
1222.013401 634.912258
1227.862990 640.215443
1226.234236 638.220800
1230.027718 642.163210
1229.792298 641.638612
1235.668201 647.118389
1230.074141 642.148854
1228.841364 640.996173
1226.449898 261.489172
1231.030166 258.805602
1236.619271 255.844507
1232.733172 257.886109
1231.178599 258.720957
1230.332008 259.203766
1236.043333 256.215478
1238.284268 254.874140
1231.824405 258.390276
1235.768186 647.385913
1232.000064 643.793872
1232.446503 644.382740
1231.350318 643.283665
1234.915825 646.710740
1241.853935 651.536554
1237.993925 649.335729
1235.639087 647.331856
1230.287809 642.332866
1242.126267 253.007586
1246.682259 251.070978
1237.659753 255.202281
1233.906384 257.240612
1240.512444 253.701836
1239.526494 254.268237
1237.141149 255.497200
1239.487293 254.211947
1242.220715 252.876051
1244.264861 653.864990
1239.097566 650.367809
1243.618446 653.166149
1244.681466 655.502153
1250.858111 657.136663
1246.462877 654.605763
1239.409552 650.007050
1239.983214 651.225654
1248.864477 656.230150
1249.260934 250.182387
1249.022346 249.440479
1248.591373 249.809980
1253.861933 249.305235
1252.709991 248.959471
1252.674077 249.237202
1252.971762 248.836663
1254.558482 248.669009
1249.029853 249.467289
1257.084698 660.877601
1251.993025 658.233259
1255.613507 659.096633
1247.456337 655.893630
1255.655819 658.985580
1257.467316 663.054981
1256.695101 659.790506
1246.205435 654.612734
1250.500395 657.253798
1252.878247 248.852089
1257.903322 247.832873
1259.248141 247.558289
1260.129444 246.966174
1262.787206 247.587604
1267.897556 243.666111
1251.790742 249.074534
1258.071791 247.386234
1261.333158 247.985991
1260.744466 666.028397
1262.108032 666.628914
1263.382101 667.425220
1266.425976 669.090579
1258.909525 664.143695
1260.735337 665.928321
1260.976301 666.053076
1260.136017 664.580184
1257.248990 662.535810
1263.586976 248.042895
1268.145228 243.437460
1273.010156 241.301892
1266.611428 244.379952
1259.890962 247.605438
1269.627261 242.732103
1263.728300 248.098644
1268.778212 243.018697
1266.515033 243.970453
1270.538280 671.134596
1264.285014 667.596631
1264.759010 668.151775
1268.240963 669.983269
1270.843369 671.283221
1268.445260 670.140715
1265.896622 668.844840
1274.289466 672.777722
1269.963205 670.899775
1285.187897 236.034685
1279.093491 237.988979
1276.610882 241.072960
1283.106760 244.672847
1278.173629 238.966225
1285.588284 238.206554
1286.661036 234.024676
1281.015462 238.006875
1279.005319 238.452504
1279.218821 674.608964
1275.481938 672.476886
1278.477666 674.403183
1274.525986 671.488486
1277.357793 673.934028
1284.809629 676.033023
1278.825666 674.939519
1282.157206 675.405945
1278.568650 674.569164
1288.724939 680.301363
1293.464341 682.960328
1287.695461 679.832730
1287.554118 679.764953
1290.113163 677.039657
1291.535097 677.619595
1288.062274 680.016648
1285.969843 678.024175
1290.766615 681.507958
1290.301649 237.514976
1286.299954 235.291204
1285.222992 236.284408
1289.642899 231.604390
1293.148974 228.698419
1282.974264 237.214730
1288.254625 232.975776
1290.117175 230.734626
1290.312266 231.274450
1294.871631 227.871472
1295.034505 226.483216
1296.266758 225.255215
1297.256831 224.512842
1300.394675 221.778501
1299.054513 222.735908
1298.225939 223.491646
1297.727565 223.895243
1298.208876 223.707441
1296.237841 684.483408
1293.232856 682.798069
1294.162002 680.866063
1296.473648 684.235404
1300.466797 686.694367
1302.327021 687.667599
1296.810566 684.751791
1297.869296 685.350536
1300.196513 686.458858
1307.011771 689.880374
1312.866204 692.341140
1305.565285 688.843174
1304.100772 688.585905
1310.515912 691.507331
1311.833196 692.106843
1312.220733 692.283441
1302.073378 687.611767
1306.051178 689.396861
1307.059895 217.363371
1307.251944 217.324888
1305.820197 218.187177
1306.633496 217.574497
1303.874946 219.815217
1311.922725 213.784250
1307.029005 218.647291
1300.408413 221.796729
1299.401772 222.529682
1309.453417 215.583506
1315.794308 211.074517
1315.157955 211.395028
1316.717809 210.502285
1314.425985 212.113642
1312.057641 213.646407
1314.419886 211.940280
1315.522840 211.136225
1308.181387 216.622999
1321.110301 696.202597
1312.182629 692.158618
1316.761683 694.249961
1312.796761 692.545079
1313.471175 692.800500
1314.607096 693.149219
1305.956423 689.414390
1319.996282 694.941526
1315.955713 693.888476
1315.909523 210.850369
1320.512745 208.415934
1323.212841 205.940988
1322.015896 207.041288
1321.436387 207.300536
1318.136098 209.395165
1326.132400 204.068913
1321.249491 207.348921
1316.572887 210.430738
1326.440808 698.512209
1328.475970 699.273608
1326.572352 698.537643
1325.004484 697.592431
1323.947865 697.661749
1324.009251 697.684063
1327.043365 698.400928
1324.119729 697.661238
1324.124684 697.556699
1333.161267 198.345037
1334.025114 198.416678
1336.914699 199.343963
1333.406098 197.954907
1332.951450 198.197642
1330.933947 200.221486
1326.792067 203.526415
1332.226723 199.054685
1332.408435 198.871073
1335.080702 701.185836
1328.779836 699.348344
1334.922140 701.297389
1336.834626 701.981064
1329.663121 699.576410
1325.316559 697.850204
1339.901108 702.653234
1338.276537 702.419277
1332.489544 700.429127
1333.134297 199.173171
1342.986648 197.415600
1346.420228 196.585878
1346.186651 196.663239
1334.607282 198.619726
1337.498995 198.522483
1343.591071 197.294889
1342.765034 197.448329
1342.611451 197.405965
1340.863662 703.317725
1346.079536 704.047998
1341.740764 703.852902
1343.442963 704.384545
1344.354910 704.607146
1344.260263 704.639360
1341.255974 703.692728
1343.842063 704.572816
1344.319322 704.221876
1352.913890 194.985413
1355.380275 194.352990
1344.210530 197.141992
1353.857629 194.744274
1344.080450 197.194285
1359.109415 193.448725
1352.238842 195.131337
1350.337791 195.595397
1353.340217 194.962147
1347.719198 705.396219
1350.947849 701.137029
1359.503597 709.407913
1356.770642 708.700159
1355.164959 706.511896
1352.706675 702.956768
1353.285361 703.815885
1353.345131 707.171068
1351.490299 701.778670
1356.533900 194.088872
1363.410508 192.667916
1357.926495 193.827464
1361.462443 192.915450
1362.385079 192.734552
1357.431401 193.855426
1356.266405 194.108298
1363.720329 192.577489
1364.870075 192.289461
1366.111321 712.468462
1365.084641 712.395690
1361.763314 709.885810
1357.549820 707.616134
1363.652996 711.632336
1365.765960 712.248223
1364.347376 711.779215
1364.840411 712.198579
1359.704819 709.946686
1369.678127 191.471834
1362.451049 192.701779
1372.296921 191.150956
1368.579662 191.603525
1369.300892 191.516865
1366.532441 192.174623
1370.688443 191.326374
1368.592419 191.833297
1369.314848 191.642543
1377.904648 718.046225
1376.278631 717.875932
1374.743405 717.130744
1371.893223 714.596106
1371.102422 714.880518
1371.562974 715.376285
1369.608019 714.496465
1365.963617 712.432384
1368.408739 714.049395
1381.072736 189.907593
1381.250744 189.893139
1378.537369 190.227726
1379.287468 190.118871
1381.620748 190.187302
1383.772809 189.663446
1379.944121 190.066668
1377.132915 190.370833
1378.567024 190.176120
1381.410027 719.792585
1377.507453 718.258395
1389.162024 722.612644
1389.430251 722.674080
1389.350337 722.639217
1380.551063 719.480599
1373.477931 716.487423
1383.465757 720.864991
1383.011984 717.036611
1386.523375 722.343088
1395.294798 727.410274
1388.347157 722.052191
1387.139822 723.133274
1396.106272 727.706780
1387.568480 722.474253
1393.321009 726.313894
1395.034510 727.128668
1386.500778 721.702443
1397.642129 189.124735
1391.074526 189.157695
1390.296495 189.176571
1397.354285 189.017727
1389.406416 189.328219
1391.679195 189.386580
1392.659404 189.106540
1389.942395 189.368652
1391.575034 189.130364
1402.599941 730.827634
1394.907313 726.791314
1401.116361 730.475284
1403.525766 730.234299
1402.427605 731.351663
1402.726708 731.293088
1401.457357 730.850501
1407.111596 732.878306
1401.460598 731.049806
1402.205917 189.101203
1401.663944 188.989345
1402.237358 188.936300
1395.055719 189.112791
1409.421693 188.823118
1400.230404 189.091228
1398.540855 188.988156
1404.188454 188.967603
1405.851474 188.867980
1412.295005 733.965614
1408.268648 733.038225
1406.941549 732.532037
1405.730538 732.446236
1415.720073 734.630057
1406.116774 732.541310
1405.149528 731.997131
1414.707863 734.280488
1401.377665 731.119923
1401.821373 188.948055
1411.455842 188.790313
1408.903778 188.834812
1412.702461 188.789543
1414.741695 188.859034
1413.669273 188.816776
1414.778996 188.888311
1410.439986 188.777756
1408.745816 188.814779
1414.862063 734.580770
1426.511579 734.609115
1415.478573 734.726559
1422.764880 735.114563
1417.628392 733.610676
1414.117754 734.392024
1413.329124 733.808367
1419.806347 734.941925
1414.055035 734.436657
1414.181607 188.835244
1420.684200 188.976032
1424.068885 189.040386
1418.619026 188.908596
1427.247469 189.143961
1422.253359 189.217226
1421.995999 189.031538
1412.256775 188.841481
1425.573757 189.759805
1427.680359 734.361160
1421.161253 735.077607
1428.365236 734.084187
1425.757724 730.269798
1432.476892 732.267937
1431.277899 732.619229
1422.983312 735.083240
1427.855923 734.348123
1423.902810 734.968519
1434.672594 189.662350
1422.029055 189.070842
1429.105996 189.364873
1432.191217 189.354538
1428.324865 189.169153
1437.621758 189.836019
1430.627545 189.260740
1431.300699 189.281074
1431.727590 189.298450
1436.964379 729.850276
1434.767319 731.052500
1434.760834 731.209845
1433.441703 729.848847
1438.419320 729.070877
1434.286097 729.375324
1436.209056 729.992491
1440.907362 727.008245
1437.864471 729.516526
1442.009970 190.062565
1433.822476 189.496734
1444.060638 190.321313
1438.221210 189.874128
1441.653425 190.109379
1445.189349 190.497678
1442.167247 190.180261
1443.667908 190.252395
1438.523355 189.917332
1442.767346 724.815146
1442.101396 725.534597
1440.844665 727.572199
1442.988626 724.599267
1441.820317 726.094809
1440.340300 728.104935
1440.999462 727.542477
1448.582342 721.067847
1448.700088 720.943908
1450.860052 190.012408
1446.934807 190.145505
1458.049327 192.224792
1451.901023 190.177341
1450.819220 190.083219
1456.677733 192.113329
1448.439056 190.558062
1452.253145 190.350699
1450.772151 190.078017
1455.071882 715.952597
1453.282711 717.335719
1455.823881 715.755246
1456.465692 715.157250
1455.602985 715.552699
1455.416931 715.717085
1456.072915 715.473247
1460.275049 712.939968
1455.294483 715.799043
1459.995124 193.108806
1468.377068 195.004619
1460.334363 193.053550
1461.750569 193.320902
1460.236908 193.014755
1461.049631 193.007246
1459.967395 192.923041
1463.898598 193.878066
1454.530717 191.901090
1463.812170 710.839415
1462.323602 711.735886
1468.332257 708.175557
1472.076241 706.040342
1471.643875 706.157736
1465.295867 710.055761
1468.586343 708.031140
1463.797573 710.877035
1463.567621 711.010126
1471.564315 195.805049
1473.290290 196.280898
1466.524223 194.732986
1466.610814 195.020836
1472.139970 196.023042
1469.470655 195.266386
1471.841756 195.845852
1476.048632 196.744365
1464.720232 194.038529
1470.893332 706.754615
1469.699683 707.569906
1477.715296 702.332413
1467.832319 708.773654
1480.255860 701.492350
1478.303192 702.196825
1471.446588 706.363921
1471.761027 706.282395
1472.776849 705.583697
1482.501880 198.236563
1471.808103 195.877985
1481.098772 197.799283
1479.921577 197.577402
1470.770722 195.560094
1471.877414 195.938171
1471.175445 195.661391
1472.593804 196.114774
1478.510210 197.263382
1490.167201 697.132043
1479.140743 701.713135
1485.083188 698.956585
1477.767039 702.328209
1481.480797 700.541532
1481.408973 700.604669
1480.396113 701.265610
1483.296167 699.717702
1480.722179 700.964535
1482.568285 198.174735
1495.440571 202.211850
1488.439253 199.884266
1488.696623 199.973577
1482.735443 198.492102
1483.485455 198.449243
1485.882833 199.260799
1486.188948 199.223829
1484.921619 198.820933
1492.410206 695.857373
1493.394018 695.796646
1488.532987 697.944897
1489.694162 697.386415
1491.210783 696.276363
1486.234479 698.424387
1493.896714 696.310476
1491.058513 696.438886
1493.789902 695.340530
1496.194400 202.390377
1496.224979 202.514947
1503.674146 204.450264
1497.265328 203.086743
1492.848346 201.616439
1502.563378 204.944643
1498.853790 203.379499
1492.244167 201.333444
1502.659261 205.565197
1501.130324 693.817196
1509.001020 690.228919
1496.432523 695.260290
1503.093502 692.580198
1494.977227 695.577454
1503.918443 691.865685
1500.858078 693.778986
1497.389384 694.935312
1501.705515 693.542305
1510.981609 208.761370
1508.840151 206.940350
1506.150645 205.447767
1506.431427 205.373414
1504.975898 205.299149
1506.891880 205.039760
1507.038880 205.331687
1506.192755 206.640442
1512.293426 209.375519
1509.636296 690.243327
1511.844653 688.257588
1506.244521 692.160766
1510.112196 689.829628
1505.388388 692.590021
1513.364690 688.840311
1509.916304 689.663921
1515.753421 687.812582
1512.697382 688.226948
1512.433589 209.548283
1516.656629 211.184345
1521.350531 213.374594
1525.454076 214.991070
1517.652207 211.427920
1518.851184 212.137069
1522.456325 214.359668
1517.312130 211.496101
1511.765172 208.870684
1520.224097 685.429678
1519.628745 685.108366
1514.720654 688.392397
1517.328731 686.861372
1515.593050 685.477342
1519.026768 685.682725
1523.689127 684.833102
1523.543552 684.581911
1520.558757 685.264623
1529.027315 215.975177
1524.897225 215.018091
1524.090529 215.923713
1519.012816 212.578739
1530.297965 218.079095
1529.181222 216.150539
1529.158898 216.041454
1528.342080 215.997718
1526.019918 215.735417
1529.914280 682.722769
1529.291766 682.499017
1526.719401 683.302344
1530.796686 682.359198
1525.764947 683.621456
1534.721052 681.163951
1527.513485 682.646092
1529.936774 682.680548
1533.503134 681.565910
1530.299972 217.127006
1536.366210 220.550974
1536.323916 220.361100
1539.465531 221.944160
1537.386437 221.003044
1535.063553 219.796921
1531.151227 217.375463
1535.366380 219.731787
1542.978366 225.040508
1538.425847 679.731138
1539.986934 679.288365
1545.749421 677.069084
1538.172172 679.930603
1532.243510 681.646222
1539.520328 679.339299
1539.080812 679.514341
1538.326377 679.429718
1544.203384 678.171602
1540.384278 228.018800
1543.090775 225.547563
1540.313980 230.573641
1541.963626 228.779453
1544.292724 225.091360
1539.711563 223.644099
1547.026877 226.022159
1544.331627 225.263020
1543.057224 224.734927
1550.390086 672.183941
1547.849458 674.384675
1546.560410 675.009602
1547.513399 674.575805
1546.463259 674.942233
1540.659785 678.491591
1544.670413 677.479733
1547.754956 674.428955
1546.156509 675.798170
1558.519115 231.664400
1559.205030 231.103001
1555.223477 229.757589
1546.561204 226.431928
1551.974843 228.309537
1557.552383 230.785510
1554.560114 229.797843
1558.069347 230.683466
1547.789712 226.582915
1557.488381 668.254256
1559.317272 667.281430
1557.168221 668.111821
1551.723627 671.583058
1552.505145 671.440985
1555.790885 667.389563
1564.239527 663.450608
1555.153876 668.271721
1555.784631 668.159954
1565.584473 233.957072
1570.357157 236.998897
1562.645263 232.545173
1562.913507 233.682775
1558.690958 230.827118
1567.442832 234.797138
1564.055390 235.481321
1562.732883 232.351886
1562.997645 232.567066
1566.992062 661.564390
1561.410766 665.613786
1563.135701 664.225091
1562.184016 665.036795
1561.535759 664.486779
1565.578071 662.659166
1563.752150 663.833409
1565.777587 662.439335
1569.442376 659.407284
1569.417553 235.997391
1573.510474 238.441894
1574.866419 239.556631
1571.471101 237.059242
1575.100533 238.834290
1567.851747 235.834063
1573.334269 238.202638
1568.178549 235.260265
1577.446570 240.211587
1574.223836 654.883909
1577.769730 652.207153
1575.140250 654.060612
1568.612337 660.205792
1573.448755 655.359775
1578.762119 651.402628
1574.654822 654.702221
1572.401409 656.887582
1572.856797 655.798767
1584.166321 245.772543
1578.699255 242.162234
1580.848041 243.444167
1583.784160 245.365030
1582.139924 244.441799
1579.868780 242.451404
1582.574763 244.935003
1584.053198 245.781503
1575.319411 239.993657
1578.266818 651.694932
1576.222757 653.309892
1580.752384 649.889165
1578.645484 651.809377
1584.702972 647.051190
1578.558186 651.507218
1583.907706 648.204818
1581.654466 649.481658
1585.020204 646.401874
1591.603104 252.022308
1594.389112 254.887643
1589.610224 250.661762
1590.074659 250.534868
1588.933939 249.889856
1590.984478 251.672019
1583.405282 245.142037
1589.158184 250.017550
1593.606265 253.725122
1593.170178 641.048592
1590.936818 643.820617
1591.328475 642.891059
1594.169577 640.024641
1589.008242 644.907820
1599.033952 635.826105
1594.078590 640.419336
1589.320204 644.751168
1590.842994 643.836881
1597.418804 257.170352
1595.506912 255.906665
1596.395179 256.536072
1597.011586 256.985602
1598.249100 257.770896
1600.341098 258.712520
1596.059361 256.076787
1595.470334 255.857339
1601.819171 259.597913
1599.963638 634.861473
1597.582950 636.967705
1599.119258 635.581610
1599.694724 635.080838
1598.071485 636.516310
1597.385331 637.346222
1607.036327 629.167958
1599.916403 634.896496
1600.639568 634.292642
1601.463777 259.404659
1605.465149 260.722655
1605.383535 261.278260
1598.666187 257.700069
1604.924213 261.128866
1605.223398 261.278454
1606.128000 261.427694
1609.812695 262.957965
1609.640782 262.915038
1609.565871 627.065892
1612.653410 624.473509
1608.961683 627.612464
1612.291379 624.953632
1604.537461 631.256889
1607.743706 628.588092
1606.364450 629.716707
1612.254297 624.986132
1601.679757 633.457305
1608.431846 262.519299
1616.044246 265.172247
1619.166542 266.206025
1612.276508 263.827443
1610.171978 262.447600
1617.868152 265.711956
1621.108714 266.872097
1615.088408 264.804180
1614.500262 264.619342
1615.344059 622.172304
1617.250014 620.697893
1611.224500 625.733390
1615.673132 622.046640
1615.959350 621.842872
1616.810132 620.796757
1610.416916 626.419156
1611.452255 625.627943
1612.355676 624.821907
1623.797895 267.787354
1625.073973 267.802591
1624.263596 267.995596
1627.737894 269.090981
1629.815129 269.648515
1625.367269 268.280355
1631.187757 269.990074
1617.102000 265.429244
1629.706185 269.554830
1620.800345 617.264405
1626.671320 610.992298
1626.094781 611.398907
1623.664398 614.420631
1621.908883 616.179579
1622.953566 615.072459
1622.256022 615.345452
1624.471111 613.655507
1624.579246 613.490808
1629.634038 607.642701
1632.125919 604.967095
1627.123027 610.314740
1636.992607 599.732324
1629.647060 607.747321
1633.312656 604.042033
1629.572741 607.599766
1635.946869 600.764934
1633.153642 603.763080
1632.712832 270.457272
1630.378467 268.277087
1634.673011 271.162020
1634.183395 270.802074
1634.434966 271.125561
1635.945549 271.044952
1634.415966 270.708371
1634.293339 270.756615
1641.718478 271.927425
1639.754841 597.278099
1640.370390 596.827156
1635.900423 600.782183
1646.370206 592.608155
1638.066467 598.525912
1638.029831 598.585958
1635.256055 601.634613
1635.345584 601.272775
1638.832670 598.390443
1641.614912 271.894690
1639.650270 271.737084
1647.078881 272.687553
1639.162198 271.556770
1642.552150 272.049476
1643.809012 272.206891
1644.881479 272.312499
1644.709819 272.295817
1636.234396 271.259749
1650.405643 588.364681
1645.633457 593.625912
1639.550511 597.503238
1647.369837 590.955812
1649.539415 589.904040
1645.328159 592.905349
1652.485619 587.129648
1646.068249 592.988837
1642.866253 594.915932
1656.424846 582.112350
1654.065918 585.480097
1650.799026 588.508038
1649.176326 589.475959
1656.215146 584.377928
1651.898907 587.266856
1652.252600 586.591691
1660.084632 581.264312
1650.414533 588.854529
1653.030505 273.512876
1652.909427 273.427857
1654.844782 273.781590
1652.544431 273.486098
1653.485175 273.609140
1652.115974 273.442159
1659.096698 274.180254
1656.285306 273.937845
1644.188866 272.290187
1662.420076 578.314756
1661.054177 580.556448
1664.744249 572.089031
1667.134095 574.304316
1661.240667 578.963521
1661.988950 577.981526
1656.225540 584.398901
1661.923895 579.452112
1663.840704 578.296825
1664.697888 274.862655
1670.764658 274.833045
1666.622284 274.871714
1669.755268 274.560197
1664.949377 274.726283
1663.385938 274.700212
1662.393069 274.461273
1664.399544 274.820872
1673.183438 274.851134
1676.066039 573.489262
1666.560499 565.969360
1672.927975 574.434633
1666.402419 577.428400
1677.015469 573.432827
1672.983588 572.407487
1673.070920 573.313724
1677.544451 572.474508
1676.799846 573.326856
1682.950194 274.756578
1670.099480 274.901504
1674.578059 274.983837
1681.127648 274.748323
1675.001964 275.121970
1679.000097 274.768907
1677.777593 274.846002
1664.886345 274.828804
1674.214882 275.093255
1679.929396 573.472651
1681.992038 571.784126
1681.753718 571.452590
1683.916899 572.932237
1681.936913 572.048846
1682.411555 573.020916
1683.225333 573.100842
1676.134429 576.172801
1682.063123 573.211965
1683.567052 274.698924
1691.411550 275.494397
1678.206933 274.751908
1685.245822 274.796812
1691.422597 275.020327
1683.875216 274.704174
1683.969725 274.735397
1681.985970 274.903267
1690.466594 275.500519
1696.289763 571.188737
1700.167417 571.008825
1692.255296 571.624659
1691.913718 571.690085
1683.891851 573.059115
1688.567911 571.759219
1693.882527 571.456103
1685.384084 572.529753
1696.741253 571.169926
1695.749323 274.679121
1693.475053 275.647210
1693.368114 275.733319
1695.395531 275.407291
1692.982765 275.495316
1690.564228 274.967153
1692.217972 275.279291
1696.320039 275.175214
1687.268099 275.358689
1707.686968 570.606635
1700.472428 570.894608
1701.725889 570.736058
1707.214956 570.794792
1705.361635 570.424688
1701.700799 570.892623
1693.714864 571.820845
1701.633882 570.590054
1700.170962 570.884785
1705.211889 276.284049
1698.522702 275.256541
1698.088879 275.967747
1705.007889 276.257902
1706.068692 276.287218
1696.114548 275.551341
1703.230034 275.096821
1704.533569 276.337565
1699.128670 276.432422
1712.009708 571.134612
1717.842012 571.948808
1707.854060 570.444826
1710.356686 570.805102
1707.930707 570.217554
1708.049623 570.279865
1710.551441 570.816464
1705.347108 570.963364
1709.434789 570.143205
1713.272208 274.356273
1712.285119 274.443375
1714.521223 271.557396
1713.806934 274.625498
1712.398731 275.318804
1711.379973 276.244438
1714.204028 272.506659
1714.416471 273.821100
1714.994986 269.975330
1725.353961 572.873512
1717.988721 572.143464
1714.808787 571.632901
1726.980780 573.129224
1718.545506 572.284987
1718.688482 572.204577
1721.491376 572.617184
1720.444298 572.534080
1724.172596 572.890215
1723.236122 277.542658
1721.108341 276.845004
1722.130200 277.324279
1727.171255 278.253515
1727.320621 278.399151
1720.068582 276.401215
1717.458175 276.367592
1722.700643 276.523070
1719.067279 277.051173
1728.966936 573.481502
1735.237408 573.423187
1729.872202 573.516390
1730.206761 573.483809
1731.052173 573.444026
1729.879984 573.390026
1727.078260 573.239166
1728.838658 573.470761
1728.788570 572.948819
1731.183021 279.234222
1732.308207 279.528782
1730.755740 279.185040
1729.210649 279.983093
1731.487649 279.310396
1734.575277 279.189074
1730.513454 279.083239
1738.912117 282.624308
1738.616586 282.581389
1743.477506 572.809184
1741.203348 573.137078
1739.903460 573.248646
1740.278597 573.298253
1740.516070 573.309243
1740.754622 573.218932
1735.407428 573.449172
1736.763981 573.213539
1744.957818 572.706782
1738.239302 286.211806
1741.474001 282.624717
1740.214796 282.601261
1740.583362 281.179958
1744.792196 282.605869
1740.653925 282.640589
1740.115661 282.517141
1740.188513 280.948374
1748.537780 282.543353
1749.629393 572.428351
1752.092459 572.374462
1749.483941 572.332824
1745.493779 571.389372
1751.756302 572.388599
1753.831582 571.817635
1756.070061 571.990913
1748.736038 572.457587
1746.918822 572.620631
1756.316154 281.280926
1743.277157 282.314711
1754.987104 281.775204
1754.394941 282.016437
1748.669277 282.504522
1751.452030 282.905193
1758.591830 281.405595
1749.266412 281.445861
1750.208740 281.766696
1759.581295 571.454843
1760.058303 571.327975
1757.891295 571.466739
1766.537994 569.708072
1763.662292 570.370349
1756.927071 571.864243
1767.260887 569.394782
1749.680832 572.372758
1758.261473 571.569743
1766.135302 280.169847
1761.901653 280.819805
1762.109840 280.563193
1759.665893 280.501059
1753.598632 280.915910
1758.234541 280.576850
1761.820681 281.410179
1756.330650 280.143309
1760.040782 280.661903
1769.460398 569.197058
1767.492804 569.650600
1761.487128 571.061013
1772.009987 567.602732
1766.828823 569.810264
1766.704522 569.878152
1769.045525 569.212827
1772.461581 568.929748
1762.204933 570.833080
1765.747774 280.330051
1768.263564 280.953155
1775.414616 281.404032
1766.642020 280.262641
1776.115858 280.805424
1769.306602 280.393716
1770.604782 280.511874
1774.052627 282.546737
1768.330815 280.271264
1777.103241 280.771519
1778.678489 283.994907
1780.152379 281.959322
1785.578020 286.770034
1775.928294 282.318166
1779.615340 282.358850
1782.017009 283.706658
1784.991147 285.168639
1784.334805 282.793009
1775.551069 567.818280
1778.326086 568.338593
1783.083101 565.106286
1784.940465 565.573183
1779.780083 567.865705
1780.110610 567.618930
1775.542407 567.525858
1784.133378 566.835816
1781.697296 566.922031
1787.731493 564.230066
1787.031322 559.132713
1787.915197 560.599480
1793.423348 563.919828
1787.540159 562.455537
1785.344697 565.951298
1795.680577 565.450353
1790.529817 561.434222
1791.725621 562.251267
1784.850795 284.726375
1793.057354 283.694142
1785.896436 290.167956
1785.296982 283.887382
1786.141879 291.692022
1790.312574 284.250503
1791.365326 283.481103
1785.355083 285.125696
1789.687418 285.257195
1797.535778 565.091140
1799.456388 565.091678
1793.906718 565.339842
1792.227801 564.859930
1793.619637 564.424840
1788.815193 565.098807
1794.940936 565.028272
1798.001757 565.061572
1797.468555 564.991827
1795.370559 283.405575
1793.961703 282.929615
1795.673184 283.101310
1801.031079 283.125996
1801.967747 283.830267
1800.407052 283.297495
1802.095026 283.246447
1806.500823 283.531479
1799.886786 283.522394
1809.495820 566.327575
1811.873542 565.640314
1808.825377 565.878551
1814.595142 565.984983
1805.351159 565.848067
1802.953748 564.930963
1808.902772 566.540619
1805.587341 565.374733
1808.089340 565.718557
1809.103343 283.769843
1811.204578 284.651567
1809.558498 283.654891
1809.691928 283.647065
1809.647922 285.083380
1809.136934 283.641988
1813.330424 284.090538
1812.409711 283.984954
1813.788804 284.167283
1816.696742 566.646237
1814.808720 566.668032
1819.804696 565.115715
1817.408981 567.246959
1825.164290 567.306419
1819.453150 566.958010
1816.938767 567.328633
1824.293170 567.451866
1811.441292 565.732559
1818.689472 284.642820
1821.440532 284.919901
1818.651884 284.585839
1824.522116 284.923704
1821.268973 284.685410
1811.834340 283.969246
1819.707435 284.641751
1817.892127 284.523812
1809.878007 283.718278
1820.312884 566.841792
1829.591126 567.556923
1824.501439 567.585086
1830.728546 567.833533
1831.211601 567.886127
1825.313007 567.478498
1828.338689 565.820507
1832.116523 565.702158
1831.766846 566.032285
1827.098746 285.031999
1827.615191 285.040418
1827.643268 285.083264
1830.075971 284.886034
1833.464526 284.952686
1827.980727 284.905407
1828.609683 285.014263
1823.813628 284.932479
1829.517931 284.801060
1838.122903 564.593642
1841.204999 563.117473
1841.724831 563.748268
1840.799066 564.213159
1840.942505 562.670080
1840.482139 562.040567
1831.030996 567.874291
1838.460839 564.483219
1842.374011 564.699231
1833.240184 284.892776
1838.358193 284.956837
1838.856972 284.493065
1836.340956 285.801727
1840.411305 284.525316
1845.752094 284.710101
1845.578287 285.487501
1840.909584 285.323607
1833.818019 285.170955
1848.508754 563.246594
1849.939654 563.761177
1851.844145 563.372306
1856.282692 562.398105
1852.382543 562.630565
1851.433815 563.282468
1849.744339 563.863312
1843.699940 564.144278
1848.628174 563.858973
1848.224242 284.450496
1849.012649 284.181828
1852.353887 283.960748
1850.398978 292.949287
1852.786501 287.698235
1857.863813 283.882505
1857.045101 283.161919
1848.170495 287.255581
1848.610522 287.594921
1852.518654 562.944324
1854.902769 562.581151
1856.532301 562.249030
1851.234491 563.447901
1856.937901 562.422411
1858.004131 561.964916
1851.566850 563.416064
1861.971048 561.201680
1852.188517 563.355121
1860.657176 284.292611
1864.648433 283.638997
1856.788617 283.102228
1859.637408 283.303623
1859.831330 283.528905
1852.722459 284.919020
1864.203435 283.517708
1863.800776 283.724761
1856.984296 283.450564
1862.311793 283.469984
1867.108888 283.452765
1867.307228 283.497087
1864.536550 283.407614
1863.449139 284.061987
1867.009232 283.737928
1861.076526 285.624694
1866.989023 283.474177
1862.731016 284.324586
1869.197306 560.172095
1867.940544 560.087667
1871.153738 559.556035
1869.311814 560.071015
1861.603934 561.193588
1873.127063 559.272260
1865.590890 560.695216
1862.896087 560.895171
1865.714376 560.589495
1877.767683 285.239931
1870.071847 284.287312
1869.648065 284.048205
1879.583285 286.494790
1867.559726 283.515516
1878.666621 285.284971
1873.050591 284.566730
1876.153414 285.267723
1872.896743 284.370998
1874.631257 559.776462
1875.822980 559.159025
1877.802165 558.779021
1879.357958 558.847742
1871.036451 559.577027
1869.329707 560.216241
1875.971105 558.750873
1874.739227 559.022182
1875.642581 558.822605
1882.833805 286.245108
1882.909136 285.613876
1882.072776 286.408524
1887.297815 285.706615
1884.813636 285.521246
1889.757936 285.456204
1882.555946 286.360815
1882.063772 285.154820
1893.425877 285.680656
1886.626193 558.937241
1887.476040 558.861654
1886.257454 558.729227
1885.398103 558.677135
1885.306868 559.184053
1887.356467 558.787174
1885.703998 558.682294
1892.624386 559.092533
1886.399964 559.152845
1898.064907 285.304132
1899.058927 285.358376
1890.529078 285.894795
1892.356290 285.424007
1897.560444 285.333583
1891.599869 285.457198
1894.774725 285.969100
1897.089234 285.478919
1904.308930 286.071044
1897.793653 557.859898
1895.268844 559.041376
1889.248545 558.723588
1890.878478 558.995461
1904.999000 555.734229
1895.068518 558.976053
1895.239499 558.918810
1894.866991 558.904409
1890.686740 558.167188
1912.254998 286.384922
1904.354174 285.936237
1898.895728 285.440153
1911.459739 286.140917
1903.768441 285.702422
1903.754839 285.728873
1911.210672 286.372890
1910.287596 287.233587
1901.170289 285.465187
1906.693649 556.334779
1902.083534 555.927864
1907.146400 555.750607
1912.566129 554.560341
1913.941776 555.006397
1907.383409 549.482702
1907.219704 555.554718
1906.799169 555.611596
1916.319286 554.832151
1916.186791 287.114980
1921.358414 286.830936
1913.477151 288.924643
1916.837647 287.200717
1914.158750 287.728001
1913.608232 287.908516
1915.991455 288.759027
1919.729661 287.082169
1910.470115 287.010481
1911.076724 555.481869
1915.698770 554.715264
1916.145566 554.787643
1916.555401 554.930095
1916.379464 554.846634
1914.114855 554.911219
1910.602990 554.534373
1914.911860 554.340477
1910.481989 554.554612
1930.279255 286.802003
1931.688728 286.687909
1933.557351 286.532292
1921.719039 286.614573
1922.983622 287.496200
1927.865935 286.502394
1925.950467 287.086963
1929.957041 286.782222
1923.231776 287.117382
1926.762952 555.029529
1935.380581 554.969751
1933.269997 555.005944
1927.002703 555.035612
1933.955512 555.037549
1919.091997 555.240991
1930.327957 555.031152
1936.472265 554.926404
1925.683876 554.973989
1930.431005 286.758522
1933.331361 286.549551
1935.840827 286.246590
1942.453810 285.501127
1933.791887 286.500957
1933.351806 286.546862
1944.015454 285.294266
1935.960462 286.250797
1926.519687 286.910535
1944.037452 554.718743
1936.222801 554.964951
1931.992246 555.042562
1939.650536 552.810713
1937.372999 554.300921
1935.990628 554.724936
1931.959154 555.053105
1934.385608 555.012537
1943.409860 554.055577
1943.686132 285.397834
1944.053317 285.389609
1946.059530 285.105084
1941.356553 285.771904
1954.125642 284.368551
1942.805620 285.574310
1944.153224 285.319779
1945.615387 285.137233
1944.015948 285.482179
1943.562125 554.616782
1953.929187 550.878116
1945.655677 554.617383
1950.487563 553.820859
1955.762304 550.054221
1950.487173 553.855521
1946.950483 554.682809
1946.907871 554.682986
1940.503724 554.726268
1959.586067 283.897406
1955.325389 284.781624
1958.345783 283.881064
1957.091659 284.473352
1954.458812 284.451028
1961.040409 283.704467
1960.415584 284.579467
1959.886342 283.462569
1953.951372 284.593171
1953.603128 552.518261
1956.784314 543.975034
1955.862801 551.543904
1948.555759 553.888427
1951.216757 553.536635
1955.414096 551.276864
1956.317275 551.899442
1965.615027 549.036128
1954.076482 552.423328
1962.710432 283.822310
1973.980674 285.396056
1968.779277 284.578724
1959.910610 283.482018
1961.010987 283.653896
1965.648534 284.234217
1972.407293 285.212078
1960.722350 283.517708
1966.411420 284.474966
1963.366148 545.405246
1967.155712 549.127210
1966.964562 548.779132
1968.103178 548.751434
1961.884468 550.920227
1969.115294 547.223177
1964.421371 549.013391
1961.583149 545.597624
1965.948909 549.031398
1972.583472 285.333615
1975.322023 285.367925
1981.433904 285.841591
1969.885757 284.671171
1972.280098 285.054799
1977.159106 285.683244
1977.599753 285.561417
1979.149228 285.496984
1973.904123 285.716044
1979.790002 548.322592
1980.196813 549.482037
1968.216985 547.327632
1979.563133 548.600137
1977.375863 548.296240
1972.615511 545.958311
1968.031736 549.267258
1977.560012 546.221121
1974.643299 542.112115
1993.126660 286.539272
1986.741939 285.695040
1987.143394 285.122161
1985.756971 285.881999
1984.980050 285.968792
1983.287582 285.471948
1979.444195 285.792852
1985.637382 285.937136
1987.398626 286.183580
1985.936063 549.281535
1981.374759 547.311853
1979.862508 549.458476
1983.444298 549.021571
1985.855799 549.227694
1986.174890 549.386583
1993.807857 549.851623
1995.282060 550.046026
1993.616900 549.968587
1998.060712 291.659121
1998.097747 286.534609
1997.709028 286.735601
1996.054479 286.228851
1995.804616 286.895967
1994.882152 286.933163
2004.018721 285.052192
1995.855033 287.481549
2004.246501 284.986807
1993.383665 549.924205
2000.603718 549.815152
1995.708253 550.057314
1993.991828 549.967837
1995.881176 549.994567
1992.404673 549.562637
2000.486549 549.865051
2001.900283 549.721671
2000.444010 549.755496
2005.399954 286.498336
2002.839592 285.740145
2005.766396 285.627074
2008.677289 285.306999
2003.413579 285.000906
2000.088426 286.492648
2012.460005 284.957817
1997.839830 286.296578
1998.018980 287.369502
2003.419808 548.543957
2005.486341 548.201916
2000.490403 550.013400
1996.410462 550.011886
1999.458597 549.990230
2012.209145 545.998335
2005.290671 548.475727
2001.499259 549.719073
2009.927413 547.655873
2013.633559 546.088338
2015.253338 545.389516
2020.925472 544.658925
2010.357665 546.461681
2010.807410 545.609763
2010.447593 546.266294
2019.400592 545.298386
2014.209770 545.568368
2014.854956 545.578007
2015.726550 283.459119
2008.079927 284.905416
2017.866106 282.655434
2016.121586 283.430892
2011.112629 284.731612
2019.264085 282.719411
2013.087463 285.378105
2016.464526 283.600170
2017.144314 283.327583
2028.034987 542.885215
2022.747851 544.154260
2024.757118 543.238625
2015.527188 545.844883
2027.351416 543.572933
2025.088379 545.079658
2025.056168 543.863143
2026.804021 544.233212
2027.560821 543.795164
2028.519832 279.738599
2020.873871 282.042155
2027.312795 280.180006
2028.844666 280.083808
2026.461053 280.482685
2029.847967 279.878284
2024.127288 281.918944
2024.679334 281.239461
2028.561168 279.744575
2031.437419 544.270394
2038.344103 544.408186
2043.027401 544.861341
2037.674581 544.380707
2038.102560 544.511433
2032.673343 538.706433
2033.913219 543.390365
2029.038546 542.406400
2033.568038 544.532088
2028.771576 279.682258
2032.409071 280.672411
2038.551827 281.347056
2038.072352 281.187380
2038.128819 281.083047
2028.345806 279.856957
2033.055037 280.565543
2036.286564 280.900437
2038.093015 281.503458
2053.198902 285.706954
2039.876151 281.893003
2044.139730 284.700876
2043.220992 283.691863
2041.853412 282.876527
2041.592893 281.894097
2043.862069 283.961130
2041.062775 282.501488
2054.129582 285.747161
2043.653212 544.822027
2046.290978 544.522122
2042.947152 544.932293
2047.656261 543.731980
2039.946617 544.445419
2044.568059 544.839324
2045.568243 544.851530
2048.322996 544.849722
2046.454793 544.613242
2051.303771 290.206576
2059.670494 284.961551
2059.042351 283.308990
2054.786498 284.540227
2060.366795 283.114063
2058.212658 283.856356
2048.479159 286.760601
2048.353618 283.495613
2060.642585 282.909593
2045.779515 544.852292
2045.974778 544.882768
2054.812168 544.418104
2050.035364 544.744107
2052.748285 544.550543
2059.851375 544.769422
2059.698052 544.654726
2052.869903 544.703415
2051.547202 544.765716
2065.075174 281.960322
2065.324947 281.028041
2061.541290 283.208278
2062.043355 281.342073
2056.320036 283.108149
2069.235409 280.642113
2070.843223 280.584002
2067.991100 280.535327
2063.444183 281.895494
2071.241529 544.758145
2073.864664 544.788182
2064.556555 544.681751
2063.628157 544.620736
2069.458755 544.851185
2069.668305 544.795562
2064.994956 544.755508
2064.885702 544.753489
2067.881876 544.818704
2076.327673 280.029496
2074.993924 280.694174
2073.852899 280.250551
2066.684853 280.622626
2072.368175 280.193577
2068.466132 280.992647
2075.893261 279.891562
2073.393929 280.267035
2075.609837 280.001462
2076.068095 544.837698
2067.126540 544.768789
2072.712378 544.768708
2074.430547 544.795900
2066.418298 544.756421
2074.990498 544.809401
2070.148883 544.853657
2074.672665 544.830118
2073.642212 544.850273
2083.235128 279.441113
2082.338781 279.366805
2087.329836 278.941013
2081.249842 279.808245
2087.633601 279.092274
2082.024402 279.451314
2084.545714 279.621466
2082.677927 279.835553
2084.160905 279.493617
2084.227803 545.120710
2081.714730 545.034600
2094.238290 545.257793
2083.979496 545.102047
2082.514980 545.051390
2080.016883 544.956222
2085.004770 545.119969
2080.236111 544.950993
2084.743055 544.793411
2090.291637 280.873717
2090.213742 279.614702
2093.998535 280.765512
2091.208805 280.610117
2098.100646 284.795703
2095.328424 282.791172
2091.551267 280.106795
2088.789473 279.570672
2097.977828 280.386079
2089.758357 545.327284
2091.065907 545.259276
2089.128727 545.237570
2095.406303 545.266975
2096.216248 545.089978
2094.129630 545.286317
2102.340448 544.690356
2094.995370 545.286247
2090.433845 545.298622
2102.200865 280.550345
2101.817106 280.956890
2105.535751 280.629134
2103.342242 280.793003
2101.397665 280.912942
2097.676372 282.477458
2107.526326 280.535616
2096.641914 279.939272
2104.038505 280.643216
2097.014582 545.179173
2106.040436 544.745064
2105.671599 544.826801
2110.547648 544.415301
2109.188623 544.518608
2107.079321 544.728410
2105.103667 544.856416
2104.849536 544.863514
2104.283159 544.888338
2109.880127 280.104531
2108.225401 280.228070
2111.322974 280.081127
2112.374698 279.946946
2110.195895 280.048084
2116.609531 279.818970
2114.169770 279.871795
2105.311732 280.635633
2114.066625 279.851343
2115.570486 544.040577
2117.122240 543.356792
2117.342946 543.818256
2112.752168 544.099469
2116.885420 543.865841
2115.372787 543.855346
2114.842202 544.047244
2121.629634 543.172843
2115.666874 543.960567
2127.429280 278.898004
2115.684034 279.961625
2122.102182 279.291731
2121.769866 279.319062
2120.239225 279.421105
2124.129147 279.095179
2129.114249 278.950744
2123.981667 279.084865
2122.010497 279.334578
2122.077268 543.044473
2127.357352 542.109208
2121.410578 542.934930
2128.182948 541.859972
2133.273813 540.574104
2128.181536 541.859177
2128.335509 541.751346
2128.868865 541.537250
2119.041080 543.508827
2133.411368 278.009772
2133.728345 278.369004
2137.914907 277.976852
2132.249142 278.332356
2136.384494 278.052605
2132.886044 277.978664
2135.875601 278.266877
2134.476546 278.024938
2131.112667 279.121661
2131.341048 541.078408
2134.903945 540.283869
2129.643562 540.872969
2134.324196 540.197679
2135.592537 540.099013
2139.188266 539.298239
2128.375904 541.477381
2133.726379 540.473910
2138.642641 539.080557
2147.141473 277.574685
2144.804393 278.190950
2151.489741 277.866706
2138.334870 277.914280
2140.534844 278.063507
2148.942950 279.450355
2146.713901 277.305132
2146.386404 278.544962
2146.399331 278.364440
2143.485118 537.851038
2142.508370 538.286087
2149.521790 536.130862
2145.531402 537.467403
2135.334326 539.997064
2145.933915 537.558678
2147.387457 536.870041
2144.209909 537.741068
2138.005206 539.328686
2151.452659 278.046271
2150.238503 277.291111
2152.837528 278.589578
2154.694175 277.829291
2151.665665 281.209275
2161.265685 275.003947
2147.435511 278.018803
2159.761277 275.652633
2161.449021 275.091267
2161.770345 535.910541
2156.990051 536.761938
2161.399186 535.330329
2153.008314 535.788389
2151.002280 535.713368
2151.729131 535.750553
2153.702638 535.739570
2156.387177 533.957918
2148.100976 536.743266
2163.559262 276.145662
2170.609355 274.077325
2163.760965 273.855298
2165.882470 273.419497
2168.840721 273.925034
2170.705507 273.992642
2156.530765 277.383031
2159.424568 275.082218
2163.055931 274.728117
2165.069986 536.413619
2167.254582 536.641940
2154.664385 535.633042
2162.957775 535.864214
2160.957161 535.353663
2155.612828 535.928023
2159.763099 535.666674
2162.024597 536.156265
2165.324920 536.854941
2178.458870 276.988968
2173.712039 274.416330
2165.684471 273.675351
2174.009298 274.742705
2170.234268 274.182712
2173.178286 274.293087
2173.620289 274.890891
2181.535409 277.240974
2172.844541 274.383619
2169.551571 537.008730
2173.130553 537.169169
2179.261356 538.472579
2170.347430 537.293418
2172.828185 537.524598
2172.568392 537.232427
2170.995927 537.132811
2181.665871 539.004478
2166.785180 536.720011
2180.233242 277.005384
2181.590558 277.910472
2180.727239 279.048572
2181.055268 277.871198
2183.193474 278.419347
2177.784426 276.620567
2181.266756 277.377093
2182.124292 277.911173
2182.980910 277.295410
2178.682418 538.324115
2184.924960 539.484812
2181.701949 538.999021
2189.150607 539.826386
2179.756411 538.431357
2185.291638 539.499729
2189.420539 539.793274
2176.892962 538.037903
2184.040826 539.371024
2194.854437 279.862888
2197.555030 280.652816
2189.510764 279.007962
2197.060695 280.648283
2193.075659 279.612609
2193.866711 279.541721
2199.500818 280.892957
2186.339200 278.900571
2183.565515 278.187486
2194.175480 540.264562
2198.924212 540.045377
2193.353744 540.126287
2193.973073 540.339068
2193.333194 540.139365
2191.654364 539.988181
2198.734167 539.821746
2187.622441 539.784142
2194.152320 539.496071
2205.043500 281.733841
2206.435160 282.320667
2202.589615 281.136035
2204.070115 281.464446
2196.862145 280.271686
2197.509881 280.598836
2200.647190 280.747608
2198.360997 280.412529
2201.232886 281.735441
2211.428306 535.140865
2203.091804 538.553314
2205.734227 537.580843
2208.408768 535.496485
2207.979181 536.419811
2204.369208 537.264676
2199.405560 539.846368
2204.873999 537.857823
2203.066769 538.287197
2202.885309 281.095166
2204.585578 281.622944
2214.064753 285.067037
2211.168419 284.572788
2208.203789 282.493723
2211.064252 283.627069
2216.582827 285.557822
2210.055109 283.259599
2210.409963 283.257888
2211.775943 535.353217
2215.995702 533.781631
2208.718974 532.480506
2211.630364 535.474903
2211.526416 535.321137
2213.510754 534.849224
2220.359091 532.117407
2221.766182 531.608414
2207.234645 537.033057
2213.103397 284.709619
2218.443349 287.999270
2221.102743 294.082538
2214.411029 289.772275
2218.469528 288.144503
2219.026162 286.173963
2219.455802 286.481114
2218.131031 285.888955
2219.662824 293.137046
2224.677182 529.294338
2224.325340 527.832571
2227.494640 527.844371
2217.772653 533.299176
2221.348246 531.871653
2220.996032 531.161047
2215.217962 533.881121
2232.568535 530.250964
2221.630656 531.465944
2223.885257 302.107301
2220.959570 297.502840
2219.801835 301.363071
2220.567211 296.716274
2220.897180 296.233561
2217.677004 289.482569
2219.774884 292.080121
2226.421274 299.532901
2225.256051 298.873604
2225.351201 299.883496
2220.346905 305.711380
2226.890062 299.497986
2224.674037 314.391079
2220.773692 303.184762
2226.782126 300.051466
2224.787810 314.123152
2223.322498 305.866790
2224.138548 309.803558
2225.015328 314.830616
2219.263436 312.142296
2221.161334 319.020985
2225.056848 314.907881
2218.902017 311.895995
2225.101230 315.454287
2224.231662 311.746253
2225.021123 314.769293
2225.746308 321.507472
2220.327701 315.000642
2222.730356 323.856012
2225.374151 325.633776
2221.396535 319.687801
2225.017311 332.060306
2225.574683 317.153612
2226.747103 331.872918
2223.914238 330.467569
2225.096731 333.441602
2220.183669 335.810414
2226.689698 339.150933
2221.081768 336.922821
2219.717436 341.671436
2225.131776 335.316180
2226.949846 337.729938
2223.628819 335.902237
2226.332346 332.385978
2227.970342 332.918223
2223.988009 339.256141
2222.626810 349.134272
2225.478228 341.079513
2225.423051 345.093796
2225.279934 346.752086
2223.529324 337.392669
2224.929636 343.515789
2220.168553 350.620985
2219.275282 338.868622
2217.463031 357.649941
2225.019619 356.561445
2225.452750 349.884739
2225.492570 361.655987
2225.267766 358.036312
2224.028577 353.336752
2225.345062 359.208073
2226.299946 365.869374
2225.932453 360.706716
2225.888392 371.647905
2222.790251 367.344290
2223.716065 363.074660
2217.056282 362.869054
2220.368154 369.402362
2222.466913 366.848809
2217.995180 363.887155
2227.078689 374.413725
2220.308332 370.732617
2227.641558 379.971674
2227.577725 375.521454
2226.647104 374.991686
2224.859519 372.884320
2226.854066 374.993511
2225.368791 371.751032
2225.385410 375.110369
2227.356305 375.349692
2226.455106 374.985945
2223.285655 390.070974
2219.155588 381.537250
2226.801527 386.239636
2223.197172 383.710559
2226.928569 392.284035
2228.514434 389.091965
2226.110947 390.377243
2224.884294 386.838631
2224.572055 387.317237
2227.782338 397.058870
2231.059965 397.192695
2223.125846 394.700974
2217.995996 397.005710
2226.756834 395.559957
2227.193841 393.741344
2225.082811 402.879042
2231.144244 397.400236
2224.598112 395.981197
2223.920539 408.911307
2223.611520 399.011222
2227.057964 407.908683
2221.146567 407.825213
2225.356850 404.994250
2223.856186 401.213292
2227.115703 407.346405
2225.268654 404.606906
2221.979773 408.589974
2226.627598 419.832196
2227.547235 420.878237
2225.101189 413.171491
2223.813280 408.363735
2226.382488 416.643958
2222.196357 408.079701
2220.773732 406.973294
2226.460149 414.617246
2228.571808 421.906895
2228.741546 425.555230
2228.274343 422.078516
2230.092212 429.220605
2227.404300 422.739393
2230.522274 433.516547
2229.760236 428.426229
2226.776874 422.796132
2230.166185 429.970628
2228.512909 426.610805
2229.219847 432.687873
2229.402746 442.676926
2229.883576 436.375497
2225.711478 432.671424
2229.464129 431.979049
2226.817936 433.406285
2228.498556 435.200832
2226.905957 433.689461
2231.354104 443.385914
2232.202898 444.174541
2229.538214 439.205185
2232.027854 447.175243
2228.750556 438.436378
2229.699901 442.102211
2231.140809 441.943107
2230.246211 450.635896
2234.272128 447.442842
2236.631638 453.831740
2231.392668 454.791747
2233.172572 458.025735
2231.429971 454.640840
2229.983659 450.202600
2229.824522 446.505261
2229.760956 445.272707
2230.253983 450.107075
2231.834224 455.495894
2236.694563 460.083998
2229.635106 530.072282
2232.819663 531.275624
2232.116272 526.272435
2231.504510 525.902619
2229.610961 526.790603
2230.905561 526.323529
2228.066035 528.728520
2231.202110 526.021193
2232.170026 524.368235
2232.669246 462.206592
2232.917177 461.990106
2234.364574 467.469426
2234.537448 464.114728
2231.756414 464.573064
2232.648176 459.900828
2235.881671 465.194635
2234.973990 464.870602
2234.930752 463.933442
2234.472688 482.520955
2234.827356 468.717019
2234.358835 465.204923
2236.580734 479.237487
2232.543588 482.716054
2234.895436 472.084743
2235.808695 477.453682
2235.542222 475.392747
2234.882449 475.162207
2235.392059 486.795707
2233.519419 483.718092
2228.388118 486.927139
2238.353582 486.052034
2231.308638 488.788728
2234.537216 482.847758
2234.196439 483.009512
2238.891810 489.563796
2238.635542 484.748798
2231.519494 523.060608
2233.776372 518.335218
2233.129512 515.859346
2234.118543 508.895008
2233.939863 515.201935
2232.051352 518.737236
2232.993811 521.393535
2233.174611 521.064551
2235.910750 510.055095
2243.606788 493.051321
2243.139967 493.297331
2236.847732 487.289689
2241.419289 488.984156
2238.698490 490.223692
2243.919046 493.385393
2238.216241 490.810785
2242.998658 493.635993
2241.448346 490.392083
2235.596913 505.248467
2236.974666 503.071518
2235.739788 504.367876
2239.045520 500.032736
2238.358642 501.333515
2238.721701 501.400194
2235.171911 506.806536
2235.972336 506.821728
2236.040459 500.584911
