122.845494 337.505861
115.294449 346.913534
122.957783 339.021036
118.831579 341.186690
119.093436 341.052223
115.967771 346.752547
118.809957 341.229605
119.240587 342.668688
118.568839 340.509039
118.508628 356.014671
118.216188 358.167313
123.238601 355.207953
117.974300 356.327299
118.783638 354.148833
116.980006 348.548108
120.611311 349.783026
122.431094 343.542459
123.745868 355.159549
124.297457 358.057249
123.949309 367.789649
122.383045 364.499445
124.152681 361.405805
118.957369 353.588808
120.589271 357.783780
118.213831 359.565666
118.653623 355.728317
122.266314 363.034679
117.847479 525.049260
124.125677 510.039343
118.688082 515.666431
114.945839 521.160727
114.586141 521.570590
119.493836 513.587903
119.205406 513.990119
117.358102 525.424742
116.269913 518.374472
115.344883 522.034360
121.221708 528.168018
119.786207 527.899846
119.714460 528.606105
119.883676 528.235512
118.091106 527.631966
119.317347 527.806646
121.455199 537.240882
119.753271 532.198900
120.738694 536.017892
120.504150 535.305066
122.538766 540.754774
121.144283 537.100859
120.917404 536.691073
118.267930 528.584232
120.345155 533.015241
121.343012 537.381884
120.716605 536.093292
125.622974 333.403447
124.751070 335.911507
122.159270 337.507415
128.369074 328.838824
125.689436 332.890799
127.423280 330.313015
127.746878 329.879049
126.351782 335.105464
122.749139 336.551246
124.130590 373.174280
123.502746 370.859467
122.247509 369.870103
121.914697 360.968485
122.596897 375.002342
122.883549 367.997967
128.995069 368.268839
123.208411 364.120163
124.767618 370.649573
120.246770 383.333806
119.226654 384.676163
125.620009 390.531597
126.923387 379.408245
119.661841 383.888126
122.851926 380.220962
120.830331 382.566230
125.028689 383.086708
118.912241 384.253684
123.906497 390.528989
120.511502 390.902003
124.198124 388.432136
129.763895 387.965977
124.393954 390.559391
127.435143 383.307461
118.598887 398.380741
120.723282 382.937081
125.606522 392.990183
124.880267 409.040266
118.535642 396.282571
131.214970 406.040843
126.520821 391.153998
122.399853 402.796591
123.867416 397.230732
124.086536 400.335342
124.981641 399.601710
121.783958 403.174692
122.837402 403.406213
128.732669 415.095924
120.748602 421.070013
120.692133 411.363542
130.534937 410.117603
123.565364 412.354508
119.994111 407.533310
123.504870 411.057906
130.275072 409.641222
126.293031 420.678707
122.445970 425.021292
124.623293 420.974215
124.432342 420.694986
127.405945 420.469294
127.745009 419.745659
124.486123 420.741777
124.438692 420.598942
123.857188 421.573894
124.207778 431.082257
124.269599 423.241805
121.593515 430.676634
122.016831 432.566242
122.421193 438.458332
120.367906 432.118882
121.742688 437.365919
120.676217 431.274209
120.769284 433.394443
121.889740 435.758771
124.520996 435.727073
125.369543 444.462312
125.861295 436.662997
122.797854 438.820738
125.160949 439.401820
123.823596 440.787033
121.437775 438.503025
123.231820 441.268726
127.426257 458.667936
128.785216 460.429752
124.958341 454.923148
123.669846 451.941140
125.423062 444.708706
123.722921 452.511325
123.295604 442.648070
127.175724 454.820589
125.650797 448.763488
121.034747 462.440226
121.869442 465.939650
123.360937 452.573629
128.635757 468.253218
126.753674 456.198271
121.253121 462.062155
125.287400 462.382570
124.365818 464.179603
124.846258 453.947638
122.107300 476.404714
122.175476 474.687387
124.110544 469.191331
129.304790 473.869255
122.261380 474.442741
124.650824 471.674231
126.025338 470.468734
129.197874 474.384103
122.946021 473.492191
122.622144 474.879129
127.031073 476.627647
122.816655 478.304825
124.213298 481.068676
128.338552 475.762436
122.187270 476.558616
124.262103 481.067341
123.544286 480.126469
125.576217 472.022771
125.731785 484.089459
123.268937 481.444054
125.171556 482.990648
125.880601 480.590766
125.174699 490.852902
124.757316 487.754758
124.751959 487.646474
124.420000 489.400370
125.927151 486.801433
125.856044 507.481344
124.209535 501.030573
123.987135 503.990157
127.483733 506.794162
124.154151 508.986256
122.402531 507.924349
125.894600 506.965271
121.329390 507.678792
125.367956 504.654237
124.631061 545.590822
126.892249 551.154578
122.446968 540.476309
125.336751 547.333405
126.935068 551.198367
125.068091 546.311352
121.996857 538.128829
123.987981 544.319307
124.600526 545.166593
130.437471 555.318814
124.723163 546.065576
129.042107 553.424713
130.955873 555.800093
129.803590 554.025841
124.117608 544.617103
124.906408 546.265796
131.550847 556.622198
128.456986 552.618703
131.257390 320.555818
129.643638 327.433829
129.883944 326.080697
131.890138 323.951741
133.131389 321.722736
139.910855 321.809619
139.868909 320.966658
132.337194 322.355205
133.223191 323.102150
139.096417 564.575826
132.757832 557.980197
136.614063 562.110724
136.896883 562.292739
134.824353 560.106227
137.528525 562.353150
143.334880 565.764045
142.445181 567.291876
135.294562 560.616001
133.631340 321.986563
139.335199 320.594844
130.823350 320.313822
137.209209 320.998334
139.929536 321.237665
141.476666 320.688537
143.096191 320.318247
141.832252 320.429156
144.663771 320.175664
144.162114 572.203113
145.893721 572.639183
146.660672 571.897896
148.091940 570.419986
144.614637 568.817742
143.016108 568.743607
144.953066 570.198093
145.114764 570.284383
137.633597 562.937970
147.484437 322.521735
156.595629 319.415967
154.233804 319.322888
147.928042 321.273779
151.506106 319.840169
149.156986 319.813023
153.410600 319.250745
147.877721 319.973283
151.609848 319.568630
145.175379 570.554045
160.444576 573.986944
146.900104 570.749270
151.550169 572.062281
154.017092 572.445262
154.169304 572.848620
157.088973 573.497334
146.252021 572.769199
149.672877 572.460244
160.898505 318.605889
164.681417 319.203238
157.965458 318.766674
160.812235 318.606577
165.961739 318.484024
158.618352 318.654282
160.634592 318.593328
161.937233 318.568736
159.740024 318.709842
171.910886 575.587859
169.994749 575.523856
160.555144 573.631226
160.987821 574.081853
161.710270 574.240760
167.084923 574.926384
171.425936 575.641204
160.137476 573.205272
166.951673 574.841237
174.220351 318.587022
172.162964 318.340048
174.398886 318.568347
172.575382 318.590834
168.550902 318.444722
163.627693 318.753074
175.941291 318.551279
176.315120 318.590763
177.137509 318.406619
172.583263 575.687174
169.720180 575.503262
164.112613 574.659361
175.222807 575.973502
166.173097 574.820355
169.315699 575.391641
175.068574 575.844709
169.991467 575.472518
165.428106 574.858068
178.065856 318.089329
177.958827 318.444223
184.172217 317.862181
172.608932 318.448371
174.160732 318.299164
174.919259 318.245156
179.853784 318.095427
178.656152 318.391267
179.535360 318.066498
182.583112 577.623833
175.462945 575.898456
183.315804 578.229414
172.391619 575.796442
175.354379 575.769529
181.455000 575.944637
180.051328 576.379967
179.658127 576.528634
189.040570 576.818125
188.078672 318.586950
184.320934 318.321886
197.748486 319.659546
190.172065 318.514902
185.521898 318.163502
189.590335 318.546675
191.713956 318.679617
185.195273 318.004723
184.203344 317.884655
182.719218 576.175842
191.064156 576.563881
192.508555 576.639164
187.071494 576.574257
186.170527 576.578039
191.221832 576.525537
182.869921 577.733224
188.863840 576.506301
182.839080 577.937093
202.484414 319.812724
205.961125 319.476231
205.489575 319.610676
202.174764 319.874970
197.827124 319.520282
202.258952 319.787108
195.435210 319.341343
196.989433 319.490819
200.368066 319.669417
201.587646 576.497292
198.312667 576.429806
193.157773 576.578885
201.085116 576.222219
209.394027 576.021207
197.615062 576.432847
193.889166 576.500535
193.940996 576.687010
198.268079 576.387177
210.684744 319.419468
218.829426 319.752813
208.619719 319.316251
203.057191 322.890766
210.276085 319.487856
206.217504 319.419427
216.431958 319.349664
203.717514 319.517577
203.631297 319.247385
211.241698 576.707463
206.728533 575.548282
207.011015 575.626289
207.998614 575.945367
206.873644 575.640662
208.873568 575.923450
214.477023 576.803366
206.599079 575.806199
210.582637 576.144393
220.560822 577.349100
217.132300 576.682590
214.294035 576.536597
219.453457 577.335022
218.538765 577.202366
213.150475 576.841157
219.572821 577.252395
225.666220 577.066166
222.202129 577.295935
214.755822 319.523464
218.622567 319.417033
215.186579 319.689360
223.008998 319.217951
226.123561 319.685018
222.479648 321.167857
223.001082 319.299082
216.070571 320.006357
215.700003 320.224998
230.116262 576.539204
229.841263 576.626008
223.832214 577.223278
227.796682 576.779629
230.902115 576.588434
232.368460 576.332129
226.845387 576.973978
234.608461 576.237471
229.818653 576.146883
226.491337 320.204124
226.314757 320.727971
226.011338 319.522673
227.536311 319.426774
228.401454 320.078568
227.489042 319.478054
229.438614 320.482224
232.131367 320.514304
227.234178 319.450528
240.654743 575.131550
238.265782 575.702602
241.696989 574.546156
239.179508 575.547481
237.226189 576.172347
240.413467 575.380887
240.623690 575.823186
244.003616 575.595467
245.672055 575.288734
239.838081 321.255402
239.025313 321.688338
242.622960 321.782097
233.580229 321.797892
245.151002 322.346232
245.824537 322.416644
242.243740 321.607937
240.374761 321.290141
240.621058 321.203432
248.566144 326.331894
245.195309 322.038258
247.726923 323.792053
247.389605 322.329625
241.768269 321.935718
247.954725 323.389214
247.631182 331.306624
244.747341 322.186194
247.034775 323.692900
247.744636 574.968703
250.390251 575.284475
241.952417 574.877856
254.059284 575.824427
251.566532 573.470646
239.653101 575.511979
240.396598 575.889005
253.841095 575.880086
248.444040 571.394795
258.867770 321.828497
266.510274 320.441079
256.341861 321.650167
263.271165 320.976935
264.171082 320.809173
251.661094 323.662299
257.164719 321.892851
262.618743 321.173876
264.667922 321.371177
259.781697 575.361688
250.846351 572.844838
258.860855 575.377041
258.393850 575.791260
262.251672 576.489159
268.654515 576.073116
257.915056 575.281730
261.184757 576.230786
256.741308 574.604651
268.876061 320.720530
273.484624 321.395985
273.361358 321.129460
266.556971 320.462600
266.067451 320.782925
261.169959 321.268621
270.360228 320.843315
262.671408 321.716995
265.729489 320.588658
262.377613 576.524990
269.314425 575.916534
265.826250 575.263005
271.011333 575.671976
274.271884 575.937595
266.655055 576.361230
277.223511 576.109025
269.279632 576.334282
276.578593 576.176208
283.129457 322.907803
279.963705 321.688009
279.586017 321.646246
278.642472 321.094017
277.898591 321.610541
278.629941 321.085796
278.556514 321.129627
282.801817 323.062329
278.336491 321.349929
271.423460 575.981158
280.763106 576.453522
274.854053 576.173270
276.150646 576.044180
284.151311 576.537488
286.222732 576.714527
272.018408 575.835979
279.294104 576.238928
276.013289 576.126813
287.348487 323.323349
289.623678 323.451121
282.549072 323.032074
288.197984 323.254699
282.394279 322.366644
290.019382 323.335305
290.205449 323.315403
286.238935 323.503368
284.057612 323.167902
293.968803 577.781578
289.925873 577.034449
285.914992 577.029180
291.157419 577.093120
289.432069 577.051566
291.692120 577.548144
290.797847 577.048034
293.670283 577.876483
287.134966 576.795584
305.064110 328.205370
297.938931 324.110289
298.695887 324.244249
298.598573 324.225527
298.734258 324.292593
304.499857 326.917729
291.427004 323.346253
301.028626 325.195977
298.091136 324.695198
303.593751 579.302425
301.815254 578.828152
295.919816 577.805842
303.678674 579.097475
294.306500 577.541173
302.398873 580.689134
298.815256 578.246973
305.251601 579.351867
303.219956 579.096414
308.001722 329.058203
304.464932 326.431105
310.113857 329.792657
307.004141 328.066598
307.539240 327.756479
310.445613 333.541563
309.620155 334.672496
309.870830 328.729935
310.242276 327.637029
311.558185 580.320963
305.896904 579.675265
303.432040 580.103009
303.243629 579.036574
309.109053 580.084345
307.358363 579.631322
303.722428 580.522699
311.197862 580.537136
316.602806 580.818472
317.540069 327.401930
318.472882 327.197028
314.181830 328.159737
314.780263 327.937948
319.286382 326.507911
311.013602 328.690938
317.495917 327.473659
310.339903 332.713184
320.992623 325.630123
321.238505 581.761101
318.148320 580.935577
319.038886 581.180821
324.914923 582.576677
312.234839 580.242169
322.036002 582.063412
318.059060 580.931004
318.763683 581.056701
309.949625 580.198220
323.362223 325.123998
328.142746 324.921258
331.788904 323.923075
326.559607 324.396857
325.673164 324.657053
331.667479 323.959140
328.221058 324.328122
326.364388 324.407437
318.168310 325.693628
327.576256 583.092964
323.825683 582.249870
330.602292 583.751380
329.467708 583.540776
321.995598 581.897184
327.762796 583.138286
329.119690 583.465094
327.029842 582.987036
328.985926 583.424926
331.715876 324.341469
336.352131 323.495400
338.803457 323.316195
343.121449 323.234295
337.682293 323.637589
339.042843 323.334401
335.172096 323.584535
335.921021 325.075828
338.395904 324.162979
331.481925 584.008080
336.863889 585.258472
336.367331 585.147566
336.338437 585.156671
337.033858 585.291212
331.735540 584.078448
337.296608 585.373755
337.066370 585.297743
339.263481 585.931706
347.002424 322.926763
350.921801 322.933478
355.363674 323.235019
347.086155 322.922850
348.482526 322.991400
341.741798 323.134612
344.194667 323.029968
344.566001 323.292166
346.325808 323.216811
351.826420 589.036932
339.078417 585.885134
348.986172 588.689061
346.701753 588.126324
347.722923 588.420869
353.181800 589.357459
350.311485 588.848138
344.627678 587.453175
348.724724 588.635153
349.616533 322.879893
347.948199 323.652041
364.072627 324.215377
357.300560 323.330175
355.942421 323.264523
353.656385 323.073389
355.614045 323.174002
358.342056 323.437738
356.989814 323.317624
357.127982 589.832217
358.948976 590.125392
358.560113 590.039635
352.157181 588.501580
354.690385 589.628079
356.756111 590.039035
357.846206 590.035127
359.710024 590.148333
356.806586 590.040885
372.573770 326.373538
370.520600 325.804376
371.787125 326.218527
368.510827 325.372141
372.550962 326.293242
364.753997 324.862424
361.808861 323.946576
367.838739 324.950896
364.361336 324.292181
364.629165 590.248462
362.559427 590.200129
365.881685 590.247740
373.243632 590.057888
360.269197 590.132766
367.044658 590.196070
371.578223 590.351482
368.248400 590.236767
370.770032 590.188737
382.723815 328.227230
380.128863 327.897416
369.849166 325.849583
375.253931 327.161784
376.983124 327.474269
375.206778 327.133228
373.022451 326.646717
372.090775 326.395060
374.667138 327.181069
379.188335 589.043999
378.695898 589.899934
375.713055 589.765393
380.753117 590.560281
377.193397 590.063603
376.177464 590.269882
375.272614 589.951698
376.658871 590.172062
378.939197 590.120855
385.498854 328.609138
389.551999 328.889440
385.120675 328.507514
392.122426 328.995114
390.753686 328.906608
391.023030 328.982518
378.775394 327.531165
386.124314 328.594176
384.896472 328.555461
391.552765 592.889920
386.973664 591.179968
380.841620 590.415408
383.116400 590.800484
381.820549 590.891256
386.712938 591.418498
384.834983 591.055710
392.894883 592.829847
380.610601 588.866344
393.826106 328.957532
401.190976 328.191219
395.825784 328.872857
402.349015 327.545162
397.710321 328.597688
392.929241 329.067125
394.451463 328.952938
396.442924 328.823928
394.687427 328.942683
395.375277 594.093381
398.811612 594.264311
394.978192 593.475674
394.270909 593.674335
396.131719 594.083002
405.529061 593.960445
395.262186 594.071824
402.896836 593.759366
396.871457 594.124168
405.859230 329.097114
411.346843 331.069073
407.581145 329.712129
397.879688 328.705449
403.541889 327.749899
405.156980 329.009932
402.471498 328.959415
405.592005 329.764214
406.067610 329.212300
409.758348 594.029520
404.022183 594.073391
413.172124 593.931816
405.730678 594.049408
410.055349 594.015820
408.291372 594.070314
401.690222 593.509666
397.976717 594.204228
399.172218 594.220432
418.163810 332.099921
412.614254 330.997674
413.441070 331.329844
417.441232 331.813685
416.260934 331.848465
414.389252 331.444922
414.140427 331.186423
409.487847 330.830075
414.896312 331.633047
414.032846 593.918150
412.381455 593.964161
420.371243 593.577456
418.218317 593.763964
411.462413 593.994130
415.716788 593.843477
408.420085 594.071279
419.012064 593.639214
417.786525 593.774658
420.079117 331.971377
423.638598 332.677223
422.891693 332.637422
419.967562 332.072845
426.200890 333.009252
433.379590 333.766490
424.716606 332.853434
433.053771 333.562347
419.807472 332.322495
432.100699 593.227056
424.595645 593.246673
429.483399 592.603095
429.394235 593.064160
424.842072 593.249993
419.664868 593.729875
430.790204 592.417202
422.593266 593.571427
424.701979 593.284743
434.093714 333.788572
434.426462 333.891247
435.546456 333.886237
435.624492 333.237717
434.842042 333.706018
438.110955 333.771138
428.533234 333.277721
436.303766 333.369028
439.906026 333.685464
438.992353 593.798511
436.552463 593.534270
433.499711 593.373984
444.120923 594.136614
433.114011 593.181944
426.505577 593.180775
437.215177 593.677300
437.561665 593.662924
432.782034 593.438848
445.683465 333.495022
445.015463 333.542546
448.305090 333.425518
452.725703 333.299692
445.285316 333.536844
446.729910 333.462158
436.134267 333.704609
449.461732 333.359250
441.214264 333.610972
454.038921 594.309490
445.935566 594.336040
443.859866 594.013516
445.426432 594.260323
446.954050 594.307060
442.717828 594.041952
453.248424 594.315733
446.010111 594.337100
442.370043 594.029524
454.584582 333.386122
462.034351 333.653173
448.722056 333.428634
454.337765 333.172246
450.951320 333.296676
460.540226 333.641718
456.031769 333.169318
450.472010 333.379487
447.547165 333.456817
459.520317 594.336238
448.274762 594.305943
452.086603 594.263208
455.917514 594.257357
458.658375 594.255181
459.212754 594.280098
450.618148 594.305227
456.909922 594.254474
461.503925 594.291978
462.995698 333.714970
465.190028 333.872965
456.658892 333.227375
468.546198 334.020000
463.827784 333.785310
463.406922 333.666543
464.841282 333.849574
465.291130 333.870737
455.933370 333.518082
472.216540 596.181644
461.973430 594.368461
461.509680 594.311950
465.477315 595.194441
464.646102 594.909520
469.045487 595.458459
468.447594 594.899797
466.111740 595.076412
462.462519 594.429704
473.892491 334.502029
472.973465 334.382433
469.343570 333.762650
473.559029 334.483278
479.735375 334.047358
477.065230 334.260131
476.317422 334.232902
474.511913 334.316819
475.081358 334.401992
478.931578 598.330148
476.167981 597.605790
476.793616 597.790001
480.446595 598.953844
474.828073 597.174091
472.952308 596.544714
481.623858 599.314384
480.409701 598.920790
474.014436 596.992657
484.950225 333.633135
484.914325 333.642041
489.086816 333.441501
481.821606 333.592538
488.100450 333.460459
481.475212 333.873360
490.642514 333.461876
481.438749 333.795814
481.831382 333.764194
484.075416 601.310102
483.532537 598.855554
484.822486 601.422576
492.640255 599.084836
487.414807 600.094294
482.954846 599.877832
493.320322 599.124103
481.430316 598.795131
484.592024 600.619285
502.240987 333.144531
494.597042 333.274491
501.298894 333.174970
495.301271 333.469368
491.743289 333.336822
491.219493 333.376821
497.828357 333.186867
504.486254 333.238400
497.117717 333.217553
498.483884 597.828356
494.447021 599.069846
493.301794 597.688243
494.888688 598.972045
489.900031 598.713727
495.218601 598.905196
493.647218 599.094298
501.377494 597.525565
494.050906 599.102177
502.224808 333.145639
507.011671 333.170584
513.470437 333.975425
500.155388 333.254619
495.934133 333.308435
507.047299 333.203724
505.259284 333.301246
505.575570 333.283787
507.993214 333.242783
505.250337 595.428310
499.619427 597.102902
511.380202 594.892569
505.263751 596.181965
506.893799 595.567062
503.636139 597.667117
505.275787 597.648439
504.184852 596.967175
512.438380 593.870963
510.666196 595.005257
512.552453 593.555629
519.041949 594.128799
514.832083 591.093995
511.932275 595.014516
518.614179 594.397449
515.510670 589.466544
510.976167 595.721294
514.699892 591.274885
515.181776 334.115351
519.712233 334.645598
506.138435 333.273338
514.565213 333.830642
511.979573 334.084332
512.962237 333.710473
512.774331 333.635297
515.031464 334.228402
518.719380 334.853848
522.973325 595.041833
523.327945 595.174908
519.732707 594.524369
527.164825 596.039424
522.834607 594.977870
523.483630 595.394936
521.938173 594.622214
514.416267 592.717128
529.563931 597.760062
523.862822 334.535167
518.662732 334.783271
519.008235 334.269960
518.315633 334.781464
521.285266 334.242696
530.497495 334.656723
518.669965 333.902084
518.047897 334.736606
525.861896 334.533712
532.401141 599.562643
533.067789 599.764252
528.471584 598.507301
535.332298 600.324917
534.885547 600.199201
531.984443 599.302377
540.361187 601.571833
526.547808 597.265226
532.743996 599.650519
537.072272 334.829346
533.977301 334.705666
532.566662 334.543496
534.052224 334.639928
534.853175 334.671881
527.017659 334.418936
534.485917 334.675868
534.564845 334.650406
530.831290 334.330390
549.470075 603.556004
543.094680 601.965794
535.927453 600.371277
546.524441 603.217947
540.436958 601.605131
547.758100 603.438694
543.084610 602.260387
547.701364 602.573497
545.843103 603.040945
546.715545 335.385466
551.559779 336.660691
545.255872 334.912023
550.446405 335.014180
554.671682 334.671812
552.510015 334.542391
537.586213 335.003002
550.292710 335.490984
537.952491 334.846907
546.902500 603.306089
548.384223 603.606450
551.037316 604.361118
556.026693 604.435192
554.991829 604.861394
552.176320 604.591547
552.366120 604.516916
552.474916 604.616558
550.142727 604.023185
552.758462 334.173329
549.990232 335.161215
555.491774 340.842443
562.845727 332.448609
552.077179 335.219969
555.773507 334.714821
559.077236 333.762306
555.493268 334.525379
561.874079 333.755724
561.872638 605.582891
554.430826 604.556402
563.949547 605.980413
564.125244 605.598923
562.174040 605.628663
563.184857 605.779538
563.830244 604.551793
560.275955 605.514316
561.018082 605.536652
567.902537 332.736573
556.992916 334.962838
573.780165 332.972001
564.373898 332.509861
562.425947 333.265118
566.165825 333.590816
563.837812 334.422172
572.930444 333.129254
564.313857 332.182205
569.650898 606.592955
572.188978 607.077645
571.458836 606.591291
570.587068 607.338966
571.293077 607.435591
574.925986 606.597237
569.222915 605.954903
571.609791 607.241455
568.617778 606.782584
573.237889 333.029426
571.477578 332.793554
568.665085 332.898499
567.557158 332.750865
583.224671 333.071993
569.058502 333.724557
578.324501 333.047587
576.180840 333.027840
571.096925 333.318971
580.279796 606.755935
580.798006 606.737788
578.670291 606.061029
586.023199 605.890892
580.818816 606.524828
579.068079 606.183524
578.868870 605.980267
578.989278 606.043299
578.860630 606.095309
585.487631 333.108441
579.712927 333.040826
585.999880 333.107557
584.985360 333.102906
586.902399 333.106078
579.818226 333.043418
585.400392 333.104309
588.842444 333.143759
584.242427 333.094570
585.135104 606.623161
590.011899 605.589014
598.040484 604.704288
590.191525 605.517813
593.095238 605.202922
590.633833 605.461166
584.899647 606.614541
588.916059 605.264912
598.138158 604.698682
595.598305 333.176978
595.186419 333.175771
594.643686 333.128956
600.519910 333.070178
592.786178 333.126872
596.611261 333.151596
595.312634 333.059998
593.786888 333.025917
595.488410 333.177538
599.319712 604.565529
594.996346 605.004860
600.112669 604.607668
602.981936 604.626834
601.561014 604.564052
597.354619 604.822844
590.609359 605.394072
598.792129 604.667184
594.358447 605.015553
595.151078 333.163025
605.464405 332.914082
603.891963 332.909953
601.031625 333.025477
603.348673 332.834885
606.930959 332.844938
614.013625 332.189603
603.275505 332.993949
604.865867 332.881251
612.760238 602.875417
605.718469 604.781459
611.214396 602.876153
606.534656 604.624432
609.611587 604.321519
613.480342 605.020728
612.745957 603.165381
613.791193 604.441962
609.090730 604.199385
614.548903 332.336515
621.716960 331.105766
617.890724 331.559565
614.795528 332.290350
609.475124 332.681888
612.571781 332.430307
615.250119 332.278841
619.011068 331.991116
622.687250 330.964053
614.156710 605.569830
628.751728 608.193962
619.415281 605.880881
625.856236 607.564587
619.850723 605.979924
623.094757 606.682921
626.137992 607.531485
617.902339 605.654925
623.794295 607.014296
624.669054 331.583346
624.063850 331.387532
628.503870 331.290786
625.028796 331.506845
621.740589 331.010008
621.085237 331.784028
617.017371 332.053858
630.642842 331.107190
628.905583 331.197458
632.880051 609.025580
625.033314 606.838209
632.496632 608.757455
629.187262 608.365997
630.016147 608.573354
629.123739 608.403458
632.538963 608.962241
619.876706 605.980589
628.423321 608.232677
633.571385 330.782436
631.763506 330.692742
633.234415 330.645764
644.612932 329.252196
632.788595 330.825308
636.170090 330.405602
634.193008 330.530093
632.569334 330.904449
632.767899 330.874957
638.696858 609.022126
638.295597 608.612721
641.672083 609.390312
642.230406 608.920350
638.749537 608.683687
638.907786 608.948182
634.195168 609.063173
635.493553 610.011443
638.386566 610.009531
649.588624 328.549325
645.464268 329.075540
645.247419 329.108405
646.222702 329.335290
648.414152 328.073079
639.420091 330.064104
643.310471 329.303477
645.311878 328.919095
647.398902 328.541523
649.761945 608.550151
642.880783 608.332133
645.568856 608.410099
653.631734 608.198584
643.119059 608.229748
652.116670 608.281929
655.785681 607.898926
657.625845 607.432718
655.019104 608.301995
655.299927 328.494989
661.720431 328.110151
647.997154 328.903390
653.932799 328.829819
654.316392 328.632338
647.296030 329.084328
649.203699 328.690929
653.298319 328.867248
646.888098 328.314150
654.876948 608.606095
656.293267 608.262541
656.236362 607.091723
656.662327 603.478786
665.642638 607.775405
663.495545 608.462178
657.765494 605.514546
660.724478 607.618093
650.677911 608.577079
666.590679 327.690789
669.797107 327.735412
668.332991 328.023446
663.331290 327.985766
664.123633 327.899884
665.771293 327.776306
665.364974 327.960878
666.743000 327.687236
671.473310 327.749664
674.901440 608.850238
669.538959 609.456335
660.729164 608.136987
663.601385 607.892515
675.128929 609.163071
668.047913 609.332588
668.727207 609.649963
667.097540 609.248735
668.883256 609.678339
678.716937 327.673055
670.450209 327.731123
674.453769 327.749730
667.459581 327.755509
671.036523 327.733754
667.938405 327.720761
680.743305 327.812398
676.910955 327.813095
671.657258 327.754075
679.396899 609.185175
679.085586 609.117104
679.594257 609.042081
680.526920 609.156464
678.043701 609.070278
678.823176 609.165584
679.057677 609.138682
674.538012 608.928682
680.049507 609.251260
686.735464 327.559341
680.635834 327.776270
688.839508 327.542498
688.341119 327.685922
683.691723 327.732206
679.234351 327.695487
684.280283 327.738100
688.147425 327.564025
685.140622 327.721647
694.727289 609.520403
680.077057 609.098808
690.730406 609.305994
685.380008 608.973311
688.244743 609.289970
680.544933 609.150274
690.756537 609.355121
685.650473 609.246327
690.165335 609.335165
691.182322 327.739201
694.595796 327.608780
703.730870 327.188137
695.082718 327.495626
698.016424 327.680895
695.267300 327.528757
691.613701 327.721914
699.779051 327.425990
702.043079 327.189615
696.692469 609.520255
698.739498 609.644741
699.988962 609.568004
694.708674 609.512017
700.440170 609.712663
691.571837 609.298879
696.496963 609.454474
698.945227 609.473238
705.228895 609.396799
697.997738 327.380921
700.768753 327.212657
707.616673 327.125354
707.287129 327.139292
706.881467 327.102913
702.201137 327.178527
705.314867 327.128935
700.682737 327.201384
709.203743 327.152253
709.193802 609.747115
708.036086 609.749426
715.991798 610.104800
708.628366 609.654275
709.031955 609.778689
709.667365 609.808358
709.295719 609.786758
705.867786 609.622019
710.913687 609.862331
713.797786 327.316414
710.888094 327.369182
710.795559 327.289477
719.908523 328.087034
714.189649 327.397700
707.558597 327.113788
712.018094 327.242422
708.748783 327.183277
714.124366 327.334594
726.870554 609.989810
720.506682 609.970170
713.646340 609.865391
720.535287 610.076969
714.060142 609.960446
716.668986 610.149402
714.007942 609.518062
728.407818 609.827867
717.710521 610.108652
730.021198 328.266934
725.842505 329.089516
720.247408 328.229694
725.644725 328.761733
714.552088 327.582846
724.177009 328.316386
725.619688 328.867310
723.305651 328.561852
726.801215 329.145987
736.204326 609.750637
727.363236 609.707136
734.622366 609.634229
726.569700 609.968408
730.785134 609.868906
721.252714 610.099371
724.397721 610.003827
728.427620 609.965037
730.852770 609.868654
737.510416 328.378506
725.386594 328.779017
733.971559 327.629929
736.065460 328.526891
738.447737 328.540100
732.388206 327.608953
733.479482 328.550678
738.025394 328.525992
737.669298 328.540732
745.900094 608.599623
738.317603 609.078731
747.855742 608.220509
738.206724 609.260726
743.036473 607.392266
731.406941 609.646949
741.228759 609.200164
742.816636 606.351599
739.262372 608.818950
745.452034 326.001619
741.715055 326.886933
743.430466 326.314681
740.588882 327.661580
735.151848 328.171452
745.586269 326.152947
747.191532 326.089145
734.883305 328.382115
740.411350 326.581987
747.043416 606.580632
749.065202 608.941665
746.139358 603.406588
749.103747 608.946827
751.861485 608.823458
753.575748 608.903154
750.458146 608.574751
750.020669 608.376772
754.377881 608.913038
759.649019 324.754901
761.244790 324.851881
754.890325 325.047765
759.997621 324.756857
751.720152 325.393585
751.880142 325.499476
750.256886 325.521290
759.639711 324.767659
752.716771 325.378492
752.500001 609.075733
767.303169 609.903615
757.900857 609.422607
763.899113 609.472554
753.827251 609.270978
759.656153 609.034751
752.999761 608.993241
758.507995 609.145910
760.982087 608.995774
764.161458 324.737642
761.507966 324.801182
762.623484 324.691025
765.385532 325.113099
755.722408 324.988835
764.114383 324.427652
770.316734 326.553397
763.903790 324.356084
758.123054 324.853312
768.292467 610.061422
771.769086 611.460155
771.652142 610.117938
763.105682 609.275319
767.379783 611.024019
777.759281 612.693935
760.538333 608.922985
768.431094 610.154105
771.971742 610.452891
772.206006 327.567266
771.386116 327.950709
770.260865 327.417109
775.615803 327.781389
777.943676 327.922771
767.849971 325.976432
777.320638 327.436351
774.343448 327.792051
769.919072 327.716780
778.785581 612.750564
773.485049 611.152117
780.865827 613.689079
781.480954 613.863747
778.476852 612.892292
779.025664 613.035201
778.188777 612.805331
778.443405 612.863077
772.652579 611.433238
773.005349 327.303635
787.175766 327.887452
780.415886 326.871527
773.229391 327.374664
781.741214 328.063986
789.360023 327.617701
783.046050 328.112866
782.563477 327.941334
783.003114 328.012444
783.101792 614.323169
795.420458 617.333170
793.419291 617.113403
789.825375 616.483243
787.574650 615.621202
790.283230 616.399604
787.600674 615.643576
787.990144 615.932185
789.948716 616.588470
782.656747 328.119584
791.770623 327.091364
790.135234 327.051730
786.451362 327.911970
793.106350 327.111986
788.480832 327.668603
799.594454 324.823780
798.184789 326.317885
788.529102 327.704928
790.271941 616.596703
789.320351 616.408994
802.402118 618.713104
801.742609 618.514562
803.017738 618.719194
793.651522 616.995533
793.227159 616.658403
801.909207 618.623360
797.272291 617.758914
797.173213 324.910248
798.945623 324.854754
800.872779 325.575481
802.464669 324.024444
802.662581 324.028800
801.932531 324.361399
805.251399 324.285097
800.605394 324.515350
803.016038 324.154029
802.279953 618.688174
807.751721 619.158502
807.282672 619.129343
805.853234 618.900457
804.135743 618.841555
814.232127 619.487109
805.801464 619.012041
800.509004 618.129423
809.331667 619.021988
813.626944 324.988980
808.944712 325.438831
808.867995 325.515160
809.820045 324.812451
806.988994 324.423483
816.394140 325.339972
803.712944 324.151047
812.872471 325.148008
814.020867 325.293750
819.538194 619.607951
818.425436 619.683278
815.718987 619.536613
817.398330 619.453853
813.897353 619.064263
812.651697 619.362903
812.845976 619.439992
820.469030 618.648561
823.261893 619.836745
826.345875 324.921430
826.100987 325.017644
828.039002 325.078774
819.481134 325.268386
813.434627 325.157639
823.969429 325.116222
828.937110 325.000905
817.483885 325.287967
820.894414 325.155662
831.042826 619.872001
829.115820 619.636610
819.974886 619.765485
826.999627 619.746669
829.476386 619.894986
819.680577 619.749946
826.770909 619.892735
828.171218 619.900727
826.361101 619.870810
829.867969 325.069227
827.665432 325.072215
823.389264 325.171034
833.113856 324.981578
832.595847 324.950042
829.469913 324.947549
828.726609 325.024788
831.795226 325.030370
833.992282 324.918345
838.823818 619.372585
836.180230 619.736057
831.255613 619.842448
837.033808 619.635020
837.677125 619.311595
836.426117 619.636951
835.763113 619.743852
829.423145 619.805866
841.284346 619.165981
840.090174 324.653438
835.707353 324.937674
845.957341 324.469610
837.769180 324.853659
843.942194 324.631230
841.951074 324.805239
840.226540 324.848759
844.107934 324.746126
840.928491 324.827446
848.766381 618.388329
850.433633 618.210391
855.880434 617.488683
843.313028 618.892068
840.050284 619.245111
848.357900 618.442349
847.770339 618.465713
843.408317 618.959444
848.975922 618.366867
845.407329 324.662714
854.149598 324.203502
845.180782 324.690178
857.418519 324.078382
851.675568 324.271581
852.860621 323.797840
856.392829 323.967857
844.941852 324.509928
850.588141 324.296090
860.123760 616.838262
853.240891 617.869890
851.959425 618.023634
861.793439 617.612956
852.014394 617.977613
851.833290 618.031346
863.108721 617.130346
854.239951 617.738520
862.699279 617.096036
857.094689 323.831937
860.630080 324.010797
868.603597 321.965144
861.486471 324.039243
864.808405 322.933307
857.673808 324.036810
860.983559 324.024662
863.094712 323.353955
861.520213 324.057379
870.284390 610.096237
865.092303 612.983056
866.445744 613.619679
861.639126 616.729966
866.584002 613.071237
867.530880 612.443623
874.984849 608.566471
860.213832 616.118058
866.410331 613.385171
870.733761 321.137057
879.223280 320.263419
869.042695 322.038253
870.505205 321.689206
874.693594 320.446373
863.806400 323.175250
870.195882 321.692173
872.574268 321.317899
874.117006 320.520877
877.102093 607.214218
878.584221 608.891010
880.278872 602.859722
874.962546 607.849446
876.321343 607.582800
886.616555 604.452015
880.896211 602.076127
884.335726 604.146032
873.266358 607.087085
878.071021 320.099417
879.110862 320.204472
876.668497 320.365923
880.994904 319.946749
878.504318 320.171282
872.069714 320.809969
872.298243 320.759801
882.182268 319.872858
878.439078 320.067012
887.198093 604.166371
886.590816 603.223370
886.804733 603.237901
890.884082 604.674386
881.792962 598.218317
889.054238 604.902474
887.006398 603.647233
888.758724 604.220421
888.804945 605.108990
886.833987 319.701676
889.172315 319.703518
888.497590 319.731048
898.459113 318.627807
892.243763 320.081953
893.839595 319.403601
889.472867 319.611999
892.742951 320.058211
895.395023 319.667487
892.522697 604.837876
896.144817 603.634573
889.886482 604.601376
896.974201 604.983108
895.130462 604.951430
903.883945 604.684557
890.686886 604.888456
896.966760 604.992472
903.953034 604.689048
899.772424 318.556932
904.488346 318.308202
904.320335 318.247908
892.891648 319.828977
906.530824 317.538625
899.997573 318.698995
896.445456 319.414152
901.370570 318.405642
901.170032 318.747686
910.756286 602.582207
910.475245 604.713308
910.205772 604.963869
911.813802 602.676873
911.825431 604.220593
904.820070 604.542350
912.375149 604.377019
899.093241 604.939606
899.342511 604.914057
903.190738 318.253795
907.743714 317.210438
910.307666 318.488104
912.865078 317.917386
900.491205 318.755201
906.165718 317.522674
905.258740 317.933412
908.821232 317.987077
903.326782 318.194281
919.159844 604.454480
914.648970 604.589152
917.930288 603.801758
909.966106 604.860504
910.433497 602.756962
911.190210 603.610539
916.384758 604.193797
917.161129 604.530189
924.094925 604.631501
920.191489 319.361626
921.172669 319.067833
920.325989 319.319498
915.691668 318.701063
919.390202 319.504496
920.009974 319.987351
914.452400 319.042076
921.131595 319.569728
922.641310 318.749400
929.117515 603.808062
922.137215 603.540393
927.035374 604.839222
926.230845 604.673795
927.037146 604.834683
917.527738 604.464990
924.412761 604.483668
930.948714 603.807487
931.476887 603.531915
931.273416 316.736355
921.166427 322.302137
930.501168 317.136607
931.220152 317.087310
925.143238 318.368372
921.360944 322.505634
924.092617 319.479795
926.024071 317.669403
929.900145 317.151349
932.735352 603.586916
937.751267 602.643768
933.694247 603.027506
936.491820 602.850180
936.903306 603.017799
929.003711 604.187271
935.585440 603.315027
935.644210 602.099188
935.555777 601.590731
939.050048 315.803180
942.687808 315.471098
940.731020 315.821959
943.501258 315.416322
939.743637 315.705172
944.945295 315.063651
932.098982 316.740192
931.236453 316.749285
939.972484 315.646695
947.211710 598.814313
952.070292 597.057110
938.934751 601.226527
951.917100 598.218096
944.597149 595.122499
950.155271 598.145840
945.713851 592.279707
946.317640 596.133581
946.230230 597.339957
949.199081 314.606006
947.047333 314.764104
947.635520 314.914985
947.851813 315.005142
952.309994 314.064620
957.080087 313.736011
948.098318 314.744100
952.056247 314.927409
952.520221 314.098902
949.351043 598.609483
958.121501 598.732413
955.541151 598.700415
956.564616 598.196504
957.087599 599.580299
957.431390 598.602570
964.432052 598.676048
963.764538 598.606114
956.771277 598.561419
965.450770 313.074856
954.179752 314.563177
954.025493 313.920467
958.526773 313.708556
960.615494 313.424175
957.588150 315.049473
959.075828 313.775608
964.885703 313.104374
954.004922 314.169421
964.375067 598.605914
970.215842 599.273259
970.012358 598.414354
961.106877 598.623289
964.539710 598.558785
968.535635 598.688014
963.428175 598.488591
967.102376 598.632332
958.146820 598.821200
967.411880 313.167558
973.343667 313.617517
968.595995 313.440605
969.019798 313.290107
969.636658 314.565452
968.769463 313.457337
964.759317 313.463516
968.548670 313.536894
965.377138 313.757461
977.058521 599.197476
968.141688 598.663524
972.773883 599.026723
975.908809 600.840442
976.203744 600.662535
975.386154 599.008543
978.749806 598.061220
974.124252 598.669991
979.561010 598.005922
981.604243 313.934964
984.482781 314.640572
977.053665 314.826485
986.267319 313.489076
979.994559 322.687109
975.776192 313.348610
981.841563 313.650851
977.608837 313.604580
977.453185 313.434213
985.982315 596.478269
986.608671 596.388028
976.727255 598.706233
983.675574 597.038609
987.299914 596.432957
991.000923 596.107209
982.861148 597.016949
979.030247 598.790019
988.879401 596.223807
990.451657 314.054192
988.486317 313.953990
989.806223 314.821810
984.140697 313.834988
989.923588 314.003743
990.129497 312.651589
995.427974 312.512323
993.171449 313.255415
987.624759 313.674115
998.873344 595.577869
995.456298 595.882738
996.080453 596.208720
995.954440 595.743424
986.070694 596.389990
994.975774 595.852812
995.648608 596.030972
996.413782 595.739450
1003.732040 595.492451
1002.226671 311.286072
991.783062 313.846507
1006.669094 310.653289
1001.185302 311.557040
1001.800939 311.663592
997.555077 312.314834
998.831426 312.015226
1003.004453 311.257606
993.500857 313.412802
1005.800670 595.407513
998.023418 595.634245
998.313780 595.600964
1005.423401 595.411127
1008.026891 595.459873
1007.992597 595.416681
1008.010989 595.525076
1007.991893 595.443215
1005.836261 595.415736
1008.761772 310.242704
1004.793600 310.938134
1010.243775 309.985857
1009.054256 310.167353
1015.001889 309.237595
1011.845065 309.735768
1010.339950 309.950980
1002.900654 311.316982
1011.549787 309.866385
1013.163223 595.251895
1020.010789 594.856115
1014.216924 595.163505
1024.095165 594.749226
1015.551109 595.184944
1017.446639 595.096882
1017.034743 595.139014
1013.127640 595.307100
1011.180417 595.363139
1015.090157 309.220405
1016.779070 309.110569
1017.727244 308.970470
1016.143063 309.101134
1021.824315 308.792831
1010.983057 309.840870
1018.944473 308.861645
1018.421862 308.968299
1013.607842 309.459203
1025.596274 594.730869
1033.955778 594.175195
1025.324580 594.755994
1028.585330 594.502978
1025.928697 594.734485
1021.070044 594.951734
1023.906961 594.819234
1028.845502 594.519014
1027.469180 594.632630
1026.914308 308.134843
1029.699075 308.260794
1031.502460 308.057027
1028.916244 308.348678
1027.633068 308.211542
1024.169500 308.607116
1030.130207 308.202652
1027.041863 308.191385
1028.628776 308.411565
1041.220248 593.667886
1038.319548 593.906583
1037.486580 593.948622
1040.952429 593.619064
1045.605271 592.532723
1036.195995 593.916808
1039.482015 593.786776
1042.081479 593.477530
1032.996400 593.872129
1040.965441 306.604449
1037.645479 307.195312
1033.424582 307.933058
1032.649125 307.751799
1038.821619 307.032433
1036.529211 307.398424
1038.804747 307.031965
1032.325003 308.072364
1046.177021 305.573791
1038.642402 593.876575
1042.138399 593.353093
1044.517177 592.756218
1045.463037 592.593013
1051.881632 591.376370
1038.310511 593.865096
1042.343794 593.372817
1051.482160 591.395532
1047.750085 592.142833
1047.256798 305.256634
1047.946606 305.133992
1045.219078 305.694388
1055.666644 304.030992
1048.562763 305.014400
1043.853528 305.996716
1047.428883 305.223058
1048.378543 305.072224
1041.991810 306.379447
1061.472429 590.315952
1056.425997 590.552034
1048.552793 591.905163
1046.427837 592.365636
1059.825991 590.081800
1058.105448 590.075348
1056.808565 590.216637
1057.455248 590.757494
1061.928829 589.903375
1055.942522 304.039783
1052.083054 304.543709
1063.242276 302.671666
1056.725390 304.153803
1059.926443 303.348201
1063.279521 302.624621
1057.467468 303.920379
1050.202939 304.773966
1060.355797 303.885304
1065.190592 589.814706
1064.405932 589.925257
1063.637081 589.939717
1068.196952 589.871550
1063.933045 589.893188
1061.582905 589.984605
1068.130564 589.930142
1064.761287 589.902028
1069.854562 589.777216
1062.892912 303.435289
1068.691358 303.276884
1066.576322 303.219511
1060.321141 303.876962
1062.787043 303.092668
1071.414833 303.715182
1072.197982 301.436810
1071.360887 303.738010
1070.788461 303.638854
1078.395171 590.050455
1069.677061 589.748447
1078.765526 590.193946
1073.504589 589.835444
1077.945001 590.088640
1072.212594 589.772914
1074.032043 589.858748
1067.642142 589.834756
1069.718202 589.999830
1071.557862 303.636909
1077.754063 301.901894
1080.357000 301.065021
1078.606920 299.911297
1081.656353 302.396081
1077.067496 301.469778
1068.835034 302.630676
1075.853652 301.124132
1077.931310 300.054565
1092.543289 590.157152
1084.625859 590.224806
1084.095347 590.272114
1089.723284 590.152824
1091.415521 590.154629
1087.372952 590.240168
1085.746636 590.096145
1084.766089 590.154438
1077.377317 590.183373
1089.382903 304.350449
1091.324138 298.515508
1089.867946 298.374596
1092.222197 297.459815
1086.311901 300.397464
1079.835475 301.563553
1088.886774 298.990724
1084.053486 299.680077
1088.680560 298.189165
1095.718970 590.348158
1089.841473 590.180524
1094.714284 590.311545
1088.448631 590.297962
1090.455019 590.237505
1094.861390 590.349588
1095.207059 590.309262
1092.648689 590.170439
1093.347407 590.443272
1097.605194 296.699612
1106.392051 294.676660
1099.125332 296.137157
1095.165418 296.716556
1099.061711 296.533810
1092.816666 297.180032
1097.209094 298.044024
1091.387497 297.469845
1096.534232 297.410367
1113.171842 592.063221
1106.715642 591.322680
1103.632179 591.031423
1112.289442 591.887489
1100.560387 590.788169
1102.975000 590.916621
1099.143979 590.629331
1106.210652 591.318078
1103.067255 591.154507
1103.824927 295.181616
1107.275766 294.374225
1107.180326 294.371493
1110.939142 294.169586
1113.191604 293.687661
1112.041745 294.085883
1103.247390 295.213679
1109.915570 294.468958
1111.721489 294.200692
1118.615333 591.702966
1114.802616 591.756522
1113.477671 591.687696
1113.240360 592.066491
1112.478040 591.978893
1112.707667 591.814325
1111.346539 591.245732
1115.173964 591.875089
1122.384813 590.899892
1117.688497 293.339043
1124.052232 292.119425
1119.899218 293.067382
1118.948468 293.153388
1122.959837 292.091800
1116.414965 293.535983
1117.310223 293.444342
1117.789525 293.379334
1113.838592 293.909330
1120.999352 590.966024
1124.566776 590.894855
1126.970957 590.601909
1127.379562 590.778061
1127.053718 590.674134
1120.594967 591.460458
1125.582128 590.739398
1126.779272 590.901146
1126.923183 591.003407
1126.505399 290.783324
1130.801068 290.292265
1129.948922 289.980791
1129.110378 289.350441
1128.686710 290.345007
1122.891882 292.342636
1125.918722 291.576585
1132.054628 289.608785
1125.982823 290.951926
1140.295246 590.394170
1139.659678 590.005608
1131.228501 590.606279
1139.063857 589.984672
1133.479428 590.225827
1132.422347 591.577165
1133.878582 590.216517
1139.567431 589.972407
1137.763845 590.097556
1136.905323 289.075466
1142.875111 288.248958
1139.016819 288.642384
1129.326203 289.333298
1131.424404 290.496145
1131.763723 290.362346
1130.624029 290.303404
1133.974262 289.625266
1136.758765 288.990395
1148.746382 590.292067
1147.425002 590.527898
1146.468539 590.393756
1150.483417 590.247031
1140.855196 589.980025
1146.724487 590.300061
1151.187214 590.314775
1141.600166 590.119769
1144.867760 590.217344
1146.145371 287.660439
1153.852338 285.470132
1154.846747 285.139168
1144.266728 288.049465
1146.585556 287.516131
1148.595705 287.001716
1139.311387 288.873592
1150.733876 286.443958
1144.504135 287.879659
1161.220109 588.682175
1154.359952 590.157806
1158.597257 590.945150
1152.098554 590.121118
1146.627745 590.406890
1157.937442 590.375559
1162.487870 590.395903
1162.348030 590.499659
1158.730475 589.806231
1156.823009 284.712679
1154.930987 285.117964
1157.449478 284.488121
1158.677534 284.492224
1156.624355 284.720274
1158.946798 284.237457
1152.266176 286.022657
1158.081189 284.293945
1157.053889 284.616048
1164.792744 590.778616
1165.088636 590.705429
1164.975076 589.306686
1165.331157 591.890722
1163.526968 585.328610
1172.160174 589.555783
1162.377740 591.007541
1164.751051 591.047589
1163.111691 591.292377
1165.765832 282.834929
1157.355228 284.712969
1162.732409 283.408174
1162.718210 283.365351
1173.028131 281.509464
1163.817500 283.249534
1161.667583 283.696290
1169.067017 282.126420
1167.473467 282.413739
1173.980238 281.272865
1174.607857 281.062079
1170.959630 281.960097
1167.933051 282.333542
1166.661989 282.618727
1170.463556 282.070581
1179.720498 280.123445
1177.069351 280.702361
1172.166519 281.805449
1178.419768 584.364957
1174.423133 592.464813
1179.883041 597.820840
1174.266506 590.024659
1168.197109 591.545385
1179.254084 594.446268
1173.732372 593.050969
1173.217735 591.416294
1176.020034 589.833379
1185.267030 602.648593
1184.721562 601.273373
1186.089431 603.973340
1186.846253 604.917481
1181.400915 599.170644
1182.898893 600.243309
1182.976719 601.262710
1182.135598 599.379354
1177.856120 595.465457
1181.362327 279.838958
1187.794470 279.520316
1182.313934 280.032100
1187.182064 279.514074
1187.142892 279.479832
1187.674727 278.086614
1184.832800 279.484688
1180.097380 280.165704
1178.017889 280.630328
1191.580540 609.608938
1189.370468 607.239648
1188.046822 605.344824
1194.646378 612.851983
1190.541861 608.939225
1187.370200 604.279927
1184.786238 601.792823
1194.596414 612.465318
1190.498123 606.403554
1200.709413 274.026336
1199.961886 273.906616
1199.484329 274.201450
1198.760507 274.946062
1194.647447 276.138998
1197.677347 274.917745
1194.781571 276.349867
1187.375850 278.774214
1193.588174 276.915546
1196.066608 614.474870
1196.648494 614.530683
1201.726454 618.299629
1194.615813 614.070730
1194.948252 612.375276
1200.733795 617.883548
1195.881946 614.403741
1196.455972 614.140593
1203.141087 619.070214
1201.799349 273.536968
1200.337008 274.137398
1202.720142 273.096698
1204.003332 272.285687
1202.987749 272.888944
1198.142076 275.117922
1198.530265 274.993537
1203.218593 272.612978
1205.647343 271.663328
1207.079550 621.743875
1208.390221 622.988323
1204.439245 619.988220
1204.730293 620.125178
1206.563675 621.356368
1212.297158 626.083123
1210.642269 624.708323
1205.837392 620.999683
1207.124193 621.746187
1206.692607 270.996820
1212.185876 268.553987
1210.348724 269.349036
1206.105343 271.254783
1215.766790 266.929354
1210.895870 269.215672
1215.012112 266.870703
1211.450098 268.755092
1210.865081 269.133319
1213.204845 626.880218
1215.171972 628.710345
1209.209545 623.497097
1213.855393 627.440229
1212.794302 626.646577
1206.820801 621.557904
1218.524986 631.680841
1216.174463 629.530738
1211.245585 625.204743
1225.323388 637.480444
1217.558070 630.734263
1226.983857 639.353509
1221.822368 634.588876
1217.912651 631.082602
1221.435213 634.217558
1220.391336 633.659865
1215.878235 629.299728
1225.345906 637.697268
1223.872417 262.950697
1220.225975 264.827427
1224.053649 262.866475
1223.084634 263.133534
1221.751044 264.172311
1221.758879 264.179575
1222.158388 263.958598
1225.402635 262.097049
1216.221604 266.643382
1231.734787 643.763343
1222.013401 634.912258
1227.854592 640.224766
1226.242646 638.209208
1230.018518 642.173121
1229.794658 641.635484
1235.647694 647.142488
1230.074141 642.148854
1228.841364 640.996173
1226.449898 261.489172
1231.030166 258.805602
1236.581267 255.775443
1232.718627 257.859069
1231.178599 258.720957
1230.332008 259.203766
1236.014444 256.155461
1238.260913 254.829941
1231.817324 258.377420
1235.728806 647.437399
1231.993819 643.800607
1232.446503 644.382740
1231.350318 643.283665
1234.915825 646.710740
1241.829227 651.570345
1237.993925 649.335729
1235.611206 647.362471
1230.286661 642.334126
1242.111567 252.974900
1246.661679 251.020540
1237.643127 255.170820
1233.898207 257.225551
1240.512444 253.701836
1239.502803 254.222475
1237.113097 255.445151
1239.487293 254.211947
1242.209159 252.849268
1244.243460 653.901736
1239.071478 650.396806
1243.605237 653.186019
1244.667728 655.559327
1250.872878 657.105728
1246.454833 654.618796
1239.388069 650.036737
1239.968195 651.270039
1248.866747 656.226049
1249.236021 250.112118
1249.007715 249.362023
1248.577912 249.772383
1253.850223 249.262816
1252.677570 248.875088
1252.661783 249.183016
1252.957907 248.776097
1254.558482 248.669009
1249.017351 249.363386
1257.153294 660.801723
1251.993025 658.233259
1255.665361 659.019307
1247.445483 655.916721
1255.764619 658.868825
1257.427935 663.110422
1256.779889 659.607470
1246.192333 654.634167
1250.506683 657.242124
1252.858089 248.785403
1257.895433 247.790074
1259.236374 247.506077
1260.106170 246.908718
1262.787206 247.587604
1267.897556 243.666111
1251.784223 249.033112
1258.056522 247.338403
1261.332840 247.981860
1260.646270 666.131287
1262.053054 666.720259
1263.355893 667.477070
1266.425976 669.090579
1258.825291 664.236990
1260.625688 666.074611
1260.876002 666.180223
1260.108556 664.626602
1257.220388 662.569982
1263.586976 248.042895
1268.145228 243.437460
1272.980026 241.231459
1266.611428 244.379952
1259.891840 247.592908
1269.606516 242.687444
1263.728300 248.098644
1268.778212 243.018697
1266.515033 243.970453
1270.538280 671.134596
1264.248074 667.668906
1264.721350 668.218173
1268.240963 669.983269
1270.843369 671.283221
1268.445260 670.140715
1265.896622 668.844840
1274.276859 672.806334
1269.963205 670.899775
1285.156343 235.988994
1279.037525 237.897959
1276.603560 241.031995
1283.086979 244.665889
1278.145160 238.908805
1285.573745 238.153172
1286.623644 233.970245
1280.977807 237.912622
1278.976289 238.357084
1279.211918 674.623203
1275.483544 672.472590
1278.468456 674.427803
1274.538652 671.465175
1277.350956 673.950167
1284.831739 675.970858
1278.803502 674.981950
1282.177045 675.362585
1278.557418 674.593721
1288.708148 680.328246
1293.464341 682.960328
1287.695461 679.832730
1287.551353 679.776490
1290.148885 676.942041
1291.566613 677.405830
1288.053498 680.033479
1285.973372 678.016713
1290.766615 681.507958
1290.307957 237.473573
1286.266510 235.228228
1285.196490 236.224387
1289.602855 231.556682
1293.148974 228.698419
1282.951626 237.163632
1288.236893 232.956572
1290.078139 230.684938
1290.288888 231.247182
1294.846412 227.843555
1295.007520 226.453652
1296.266758 225.255215
1297.256831 224.512842
1300.359223 221.729278
1299.054513 222.735908
1298.190917 223.453589
1297.727565 223.895243
1298.172062 223.660471
1296.213991 684.527284
1293.207937 682.844682
1294.199712 680.786621
1296.443591 684.290335
1300.441733 686.742835
1302.327021 687.667599
1296.770174 684.827276
1297.869296 685.350536
1300.168389 686.514316
1307.011771 689.880374
1312.846672 692.386640
1305.548266 688.876184
1304.100772 688.585905
1310.500464 691.540936
1311.833196 692.106843
1312.210112 692.307474
1302.073378 687.611767
1306.028523 689.445852
1307.022062 217.309977
1307.224420 217.286378
1305.797029 218.153298
1306.590498 217.509925
1303.874946 219.815217
1311.908455 213.764686
1307.012433 218.614602
1300.352386 221.715235
1299.363326 222.472701
1309.428466 215.549422
1315.778935 211.052429
1315.157955 211.395028
1316.699047 210.473213
1314.409171 212.090589
1312.039621 213.621074
1314.398553 211.910467
1315.503542 211.109461
1308.165072 216.601200
1321.110301 696.202597
1312.172836 692.179793
1316.740023 694.298159
1312.780294 692.581454
1313.446674 692.854695
1314.592608 693.185621
1305.938613 689.453145
1319.983620 694.975103
1315.927476 693.952737
1315.909523 210.850369
1320.512745 208.415934
1323.212841 205.940988
1322.015896 207.041288
1321.436387 207.300536
1318.136098 209.395165
1326.132400 204.068913
1321.249491 207.348921
1316.554219 210.403260
1326.432434 698.535456
1328.475970 699.273608
1326.572352 698.537643
1324.995461 697.616102
1323.930948 697.703239
1323.988723 697.745605
1327.024469 698.445236
1324.098133 697.721627
1324.115487 697.576836
1333.164326 198.313776
1334.022676 198.376675
1336.908474 199.320161
1333.384897 197.930787
1332.953594 198.163771
1330.927199 200.212623
1326.801930 203.539913
1332.212492 199.038627
1332.390444 198.851556
1335.052468 701.253842
1328.775336 699.362106
1334.922140 701.297389
1336.823220 702.014580
1329.663121 699.576410
1325.316559 697.850204
1339.897114 702.686883
1338.276537 702.419277
1332.476906 700.464471
1333.127299 199.158724
1342.986648 197.415600
1346.420228 196.585878
1346.186651 196.663239
1334.615242 198.592007
1337.498604 198.520966
1343.594801 197.312943
1342.769737 197.470482
1342.612341 197.410665
1340.848816 703.361076
1346.081384 704.107243
1341.720240 703.924170
1343.442963 704.384545
1344.348298 704.703056
1344.241703 704.708554
1341.241140 703.731967
1343.845897 704.621108
1344.315079 704.258349
1352.911916 194.977099
1355.372569 194.322611
1344.210530 197.141992
1353.856054 194.737674
1344.080450 197.194285
1359.109415 193.448725
1352.237219 195.124884
1350.337791 195.595397
1353.333825 194.935593
1347.690299 705.498937
1350.939228 701.144729
1359.478788 709.459265
1356.737702 708.779352
1355.141933 706.573921
1352.688519 702.978097
1353.260702 703.838956
1353.323899 707.232456
1351.489798 701.792907
1356.525651 194.054853
1363.402907 192.627931
1357.922406 193.808469
1361.455224 192.882341
1362.374157 192.676669
1357.423873 193.821737
1356.266405 194.108298
1363.707715 192.513365
1364.862383 192.246027
1366.111321 712.468462
1365.058389 712.448789
1361.749209 709.909810
1357.535300 707.637208
1363.631201 711.677049
1365.759463 712.261605
1364.333377 711.807283
1364.840411 712.198579
1359.704819 709.946686
1369.678127 191.471834
1362.451049 192.701779
1372.296921 191.150956
1368.572346 191.563144
1369.289796 191.448832
1366.526125 192.135648
1370.682499 191.287955
1368.585533 191.769820
1369.302579 191.551112
1377.904648 718.046225
1376.278631 717.875932
1374.685822 717.248339
1371.865918 714.670164
1371.057867 714.977810
1371.501657 715.511175
1369.537579 714.644170
1365.963617 712.432384
1368.347564 714.177827
1381.064265 189.834870
1381.245393 189.845490
1378.533083 190.193475
1379.281951 190.066761
1381.617064 190.145623
1383.772809 189.663446
1379.942448 190.045421
1377.132915 190.370833
1378.564056 190.154757
1381.376587 719.869487
1377.507453 718.258395
1389.166366 722.605662
1389.437146 722.655085
1389.350337 722.639217
1380.526872 719.531528
1373.434519 716.578477
1383.446422 720.908891
1383.008249 717.093017
1386.490740 722.403980
1395.265882 727.460595
1388.337602 722.067689
1387.101055 723.216027
1396.106272 727.706780
1387.568480 722.474253
1393.321009 726.313894
1394.996081 727.201368
1386.488066 721.739771
1397.640038 189.058559
1391.071285 189.089228
1390.296495 189.176571
1397.352161 188.913331
1389.401851 189.252610
1391.675196 189.312123
1392.656328 188.983655
1389.938686 189.315783
1391.571418 189.040340
1402.599941 730.827634
1394.883710 726.831852
1401.077542 730.551130
1403.508862 730.294511
1402.396217 731.459050
1402.692715 731.382352
1401.402185 730.951943
1407.111596 732.878306
1401.434149 731.124544
1402.205418 189.066204
1401.663177 188.962605
1402.236086 188.870249
1395.052969 189.046533
1409.421135 188.787849
1400.228815 188.988706
1398.539485 188.912348
1404.187576 188.937784
1405.850945 188.844208
1412.295005 733.965614
1408.254799 733.100296
1406.916937 732.609920
1405.704482 732.528478
1415.704826 734.760488
1406.087240 732.661546
1405.149528 731.997131
1414.709239 734.354619
1401.377665 731.119923
1401.819976 188.895436
1411.455837 188.765864
1408.903363 188.811147
1412.702533 188.763698
1414.743516 188.787663
1413.669548 188.772455
1414.779683 188.814166
1410.439986 188.777756
1408.745481 188.798154
1414.843645 734.687752
1426.511579 734.609115
1415.478573 734.726559
1422.811324 735.284920
1417.625466 733.728056
1414.117754 734.392024
1413.315396 733.902175
1419.798230 735.080518
1414.041005 734.496468
1414.182446 188.804054
1420.685609 188.914534
1424.069710 189.018083
1418.619683 188.873108
1427.248621 189.108664
1422.255376 189.173523
1421.997750 188.972716
1412.257082 188.805661
1425.575367 189.731548
1427.692918 734.415067
1421.148297 735.201017
1428.396121 734.152468
1425.757706 730.336430
1432.514562 732.358857
1431.277899 732.619229
1422.981460 735.230730
1427.855923 734.348123
1423.912289 735.048032
1434.672594 189.662350
1422.030576 189.028753
1429.106887 189.334233
1432.191217 189.354538
1428.324865 189.169153
1437.621758 189.836019
1430.628950 189.237167
1431.300699 189.281074
1431.727590 189.298450
1437.079408 730.078820
1434.876204 731.266541
1434.828350 731.332715
1433.450659 729.899938
1438.561708 729.302568
1434.319874 729.466644
1436.243022 730.085467
1440.987373 727.165541
1437.964449 729.696958
1442.009833 190.065415
1433.822476 189.496734
1444.060662 190.342550
1438.221210 189.874128
1441.653425 190.109379
1445.187754 190.513329
1442.167247 190.180261
1443.667425 190.262369
1438.523355 189.917332
1442.780928 724.834450
1442.123686 725.572252
1440.962624 727.744087
1442.988626 724.599267
1441.820317 726.094809
1440.340300 728.104935
1441.072733 727.626492
1448.582342 721.067847
1448.700088 720.943908
1450.868836 189.984299
1446.934702 190.127964
1458.055865 192.203198
1451.903077 190.118461
1450.816374 190.015881
1456.678994 192.108506
1448.439255 190.556302
1452.273836 190.283369
1450.787227 190.014428
1455.063221 715.937266
1453.282711 717.335719
1455.824807 715.756737
1456.458985 715.145556
1455.581869 715.525393
1455.398353 715.684492
1456.072915 715.473247
1460.275049 712.939968
1455.281991 715.780849
1459.991104 193.124319
1468.377462 195.003016
1460.330955 193.066767
1461.750444 193.321387
1460.236908 193.014755
1461.057133 192.980579
1459.965224 192.931283
1463.898115 193.880062
1454.529252 191.909062
1463.806126 710.829148
1462.321969 711.733077
1468.327653 708.167810
1472.076241 706.040342
1471.630950 706.136270
1465.295867 710.055761
1468.579232 708.019211
1463.793605 710.869828
1463.565246 711.005974
1471.563186 195.809505
1473.288519 196.289214
1466.521427 194.744461
1466.606512 195.037065
1472.139970 196.023042
1469.471021 195.264875
1471.844644 195.834145
1476.048632 196.744365
1464.722525 194.029610
1470.893609 706.755074
1469.705820 707.579512
1477.715296 702.332413
1467.836014 708.780321
1480.225199 701.428416
1478.283968 702.157268
1471.440233 706.353147
1471.764325 706.288043
1472.774315 705.579503
1482.511667 198.197539
1471.806294 195.886064
1481.098772 197.799283
1479.932249 197.526634
1470.775749 195.539302
1471.874543 195.952380
1471.179760 195.642527
1472.598460 196.081441
1478.517124 197.231028
1490.167201 697.132043
1479.107969 701.642865
1485.052929 698.890022
1477.745515 702.285462
1481.442484 700.458945
1481.361211 700.507723
1480.359183 701.200452
1483.296167 699.717702
1480.702498 700.926258
1482.576713 198.140656
1495.448148 202.188127
1488.439253 199.884266
1488.696623 199.973577
1482.746261 198.451580
1483.500097 198.396141
1485.892610 199.229171
1486.197157 199.196654
1484.921619 198.820933
1492.378312 695.761138
1493.384897 695.765737
1488.524768 697.922680
1489.694162 697.386415
1491.177583 696.198941
1486.234479 698.424387
1493.900667 696.320034
1491.012281 696.324698
1493.733961 695.204877
1496.203959 202.358804
1496.229811 202.500108
1503.700902 204.341246
1497.269333 203.075940
1492.850218 201.611041
1502.570697 204.925006
1498.858782 203.363521
1492.244167 201.333444
1502.663966 205.552084
1501.130324 693.817196
1509.001020 690.228919
1496.441748 695.289683
1503.093502 692.580198
1494.976148 695.573676
1503.906158 691.832866
1500.875036 693.833862
1497.396396 694.958552
1501.722463 693.585519
1510.981164 208.762332
1508.925437 206.780787
1506.262818 205.180975
1506.532649 205.079842
1505.013642 205.204312
1506.891880 205.039760
1507.092150 205.090917
1506.202285 206.618832
1512.293426 209.375519
1509.636296 690.243327
1511.842551 688.253463
1506.244521 692.160766
1510.112196 689.829628
1505.410649 692.637155
1513.384356 688.887265
1509.916304 689.663921
1515.772913 687.862588
1512.697382 688.226948
1512.433589 209.548283
1516.656629 211.184345
1521.361233 213.349251
1525.474942 214.945304
1517.679848 211.372731
1518.863957 212.109825
1522.459768 214.352274
1517.312130 211.496101
1511.767874 208.865621
1520.221850 685.422977
1519.624918 685.093037
1514.736768 688.430851
1517.338666 686.887289
1515.590532 685.460402
1519.024149 685.674395
1523.711749 684.896987
1523.543552 684.581911
1520.558757 685.264623
1529.049652 215.942808
1524.905584 214.993638
1524.096703 215.911503
1519.014879 212.574670
1530.319519 218.044040
1529.195224 216.096520
1529.158898 216.041454
1528.342080 215.997718
1526.031169 215.704883
1529.951631 682.837765
1529.305639 682.554284
1526.721639 683.311978
1530.832072 682.487837
1525.770174 683.639472
1534.753600 681.263649
1527.518165 682.657061
1529.967063 682.786507
1533.525727 681.636760
1530.299972 217.127006
1536.429202 220.456561
1536.365417 220.279625
1539.506610 221.859772
1537.453477 220.892409
1535.063553 219.796921
1531.177914 217.329128
1535.403250 219.663619
1542.990121 224.974602
1538.473848 679.870026
1540.030558 679.407021
1545.796820 677.177929
1538.220348 680.070827
1532.263956 681.714742
1539.561782 679.430796
1539.108764 679.573983
1538.357642 679.509202
1544.203384 678.171602
1540.399531 227.998420
1543.093418 225.511007
1540.328329 230.537356
1541.964885 228.749802
1544.292724 225.091360
1539.732096 223.612187
1547.063736 225.941478
1544.331627 225.263020
1543.077107 224.699065
1550.390086 672.183941
1547.847936 674.382463
1546.571680 675.027329
1547.512206 674.574176
1546.472222 674.957216
1540.694637 678.554374
1544.715491 677.583060
1547.753008 674.426220
1546.156509 675.798170
1558.547609 231.612840
1559.205030 231.103001
1555.245838 229.697029
1546.561204 226.431928
1551.974843 228.309537
1557.552383 230.785510
1554.571995 229.752372
1558.095157 230.622497
1547.809559 226.533707
1557.488381 668.254256
1559.317272 667.281430
1557.168221 668.111821
1551.728198 671.589421
1552.523291 671.467440
1555.789165 667.386636
1564.316829 663.561484
1555.149824 668.267011
1555.784631 668.159954
1565.637310 233.847133
1570.402931 236.915669
1562.679964 232.462382
1562.913507 233.682775
1558.690958 230.827118
1567.442832 234.797138
1564.084153 235.421532
1562.732883 232.351886
1563.028973 232.493878
1566.992062 661.564390
1561.487565 665.722229
1563.238843 664.392157
1562.254335 665.141348
1561.568760 664.533328
1565.625327 662.722191
1563.880080 664.011155
1565.836768 662.513595
1569.442376 659.407284
1569.417553 235.997391
1573.510474 238.441894
1574.866419 239.556631
1571.520477 236.960176
1575.100533 238.834290
1567.882946 235.766173
1573.334269 238.202638
1568.223365 235.179093
1577.479205 240.104356
1574.220045 654.878815
1577.752879 652.185300
1575.103694 654.010221
1568.612337 660.205792
1573.448755 655.359775
1578.744795 651.377011
1574.629838 654.673155
1572.415038 656.903499
1572.867303 655.812838
1584.166321 245.772543
1578.754392 242.078754
1580.903976 243.362766
1583.784160 245.365030
1582.183668 244.379242
1579.906515 242.399713
1582.623279 244.870031
1584.053198 245.781503
1575.319411 239.993657
1578.238434 651.658103
1576.203818 653.285150
1580.722979 649.850176
1578.634519 651.794361
1584.697513 647.043153
1578.558186 651.507218
1583.909173 648.207080
1581.654466 649.481658
1585.003864 646.378303
1591.603104 252.022308
1594.389112 254.887643
1589.610224 250.661762
1590.074659 250.534868
1588.933939 249.889856
1590.984478 251.672019
1583.453263 245.082630
1589.158184 250.017550
1593.606265 253.725122
1593.170178 641.048592
1590.936818 643.820617
1591.328475 642.891059
1594.169577 640.024641
1589.008242 644.907820
1599.033952 635.826105
1594.078590 640.419336
1589.320204 644.751168
1590.842994 643.836881
1597.378883 257.243392
1595.506912 255.906665
1596.357797 256.587740
1597.011586 256.985602
1598.249100 257.770896
1600.341098 258.712520
1596.030694 256.123305
1595.470334 255.857339
1601.819171 259.597913
1599.963638 634.861473
1597.582950 636.967705
1599.119258 635.581610
1599.694724 635.080838
1598.071485 636.516310
1597.385331 637.346222
1607.034496 629.165701
1599.916403 634.896496
1600.639568 634.292642
1601.463777 259.404659
1605.441735 260.776944
1605.350419 261.350561
1598.628945 257.755086
1604.898277 261.179244
1605.223398 261.278454
1606.128000 261.427694
1609.795471 263.007196
1609.616584 262.984930
1609.566734 627.066948
1612.653410 624.473509
1608.963436 627.614641
1612.291379 624.953632
1604.537461 631.256889
1607.743706 628.588092
1606.364450 629.716707
1612.254297 624.986132
1601.679757 633.457305
1608.431846 262.519299
1616.044246 265.172247
1619.144190 266.270950
1612.276508 263.827443
1610.153980 262.489950
1617.851212 265.764390
1621.108714 266.872097
1615.077486 264.831816
1614.485742 264.661747
1615.366938 622.198295
1617.270106 620.737149
1611.229113 625.738927
1615.694443 622.070865
1615.959350 621.842872
1616.838130 620.826501
1610.416916 626.419156
1611.465021 625.643734
1612.355676 624.821907
1623.775736 267.853289
1625.057119 267.866394
1624.263596 267.995596
1627.737894 269.090981
1629.800904 269.698238
1625.349975 268.337892
1631.168448 270.061861
1617.088783 265.466353
1629.706185 269.554830
1620.800345 617.264405
1626.665210 610.986870
1626.088436 611.392856
1623.693057 614.449516
1621.938696 616.208414
1622.953566 615.072459
1622.267688 615.357162
1624.471111 613.655507
1624.579246 613.490808
1629.605040 607.615942
1632.125919 604.967095
1627.123027 610.314740
1636.992607 599.732324
1629.624499 607.726560
1633.299431 604.028737
1629.546613 607.572077
1635.899962 600.719948
1633.121127 603.733506
1632.700529 270.505483
1630.364020 268.316819
1634.673011 271.162020
1634.167752 270.866530
1634.417636 271.176548
1635.945549 271.044952
1634.387994 270.790776
1634.280260 270.817231
1641.717288 271.935508
1639.754841 597.278099
1640.352052 596.803073
1635.857838 600.741988
1646.377552 592.617145
1638.066467 598.525912
1638.013412 598.565956
1635.219399 601.599529
1635.345584 601.272775
1638.818981 598.373648
1641.613713 271.903144
1639.645532 271.774934
1647.078881 272.687553
1639.162198 271.556770
1642.552150 272.049476
1643.808941 272.207406
1644.881479 272.312499
1644.709819 272.295817
1636.234396 271.259749
1650.381260 588.335947
1645.649289 593.645816
1639.550511 597.503238
1647.347242 590.929556
1649.562850 589.931162
1645.310230 592.883955
1652.499872 587.146816
1646.082664 593.009343
1642.856476 594.903096
1656.411218 582.099590
1654.065918 585.480097
1650.809482 588.520979
1649.137958 589.428207
1656.233291 584.400989
1651.891228 587.257287
1652.228738 586.565105
1660.084632 581.264312
1650.418913 588.859756
1653.030505 273.512876
1652.908166 273.440108
1654.844782 273.781590
1652.541211 273.508846
1653.483009 273.627265
1652.115974 273.442159
1659.092372 274.221778
1656.285306 273.937845
1644.187428 272.300954
1662.442991 578.345430
1661.091574 580.609791
1664.745963 572.089954
1667.148240 574.346157
1661.251378 578.976643
1662.003042 577.996333
1656.262049 584.444019
1661.960031 579.497638
1663.884180 578.362347
1664.697888 274.862655
1670.764684 274.849436
1666.622284 274.871714
1669.754381 274.572145
1664.948054 274.755602
1663.385938 274.700212
1662.389769 274.500281
1664.395951 274.852101
1673.183438 274.851134
1676.072163 573.551395
1666.556351 565.972985
1672.937878 574.488866
1666.424256 577.487722
1677.023173 573.500121
1672.975966 572.442978
1673.069039 573.363195
1677.547325 572.515565
1676.798970 573.369433
1682.950394 274.722254
1670.099480 274.901504
1674.578004 274.999196
1681.127761 274.723109
1675.001964 275.121970
1678.999713 274.736677
1677.777593 274.846002
1664.886345 274.828804
1674.215832 275.123655
1679.929396 573.472651
1681.998542 571.816622
1681.750679 571.480659
1683.924065 572.970314
1681.933526 572.067462
1682.411555 573.020916
1683.229204 573.141060
1676.150674 576.223141
1682.066014 573.241531
1683.565770 274.665102
1691.408635 275.542530
1678.207030 274.736258
1685.245822 274.796812
1691.422542 275.002905
1683.876587 274.656563
1683.976318 274.674998
1681.986033 274.894335
1690.464310 275.523529
1696.289763 571.188737
1700.165926 570.988890
1692.255296 571.624659
1691.913720 571.690100
1683.903315 573.114004
1688.568226 571.767117
1693.882527 571.456103
1685.384084 572.529753
1696.741253 571.169926
1695.749195 274.675685
1693.472079 275.702473
1693.364993 275.771610
1695.395883 275.462189
1692.981413 275.553767
1690.564520 274.951709
1692.217837 275.282487
1696.319327 275.219874
1687.266593 275.387065
1707.686968 570.606635
1700.472428 570.894608
1701.725889 570.736058
1707.217912 570.743061
1705.361635 570.424688
1701.699865 570.862164
1693.714864 571.820845
1701.634436 570.550853
1700.169024 570.861211
1705.211889 276.284049
1698.524607 275.304418
1698.084506 276.035526
1705.007889 276.257902
1706.068692 276.287218
1696.113337 275.634070
1703.230034 275.096821
1704.533569 276.337565
1699.122223 276.499620
1712.018717 571.072899
1717.842638 571.944755
1707.854060 570.444826
1710.360161 570.763504
1707.930707 570.217554
1708.049623 570.279865
1710.561460 570.756499
1705.347089 570.911094
1709.429424 570.064819
1713.283844 274.419306
1712.292067 274.480090
1714.520722 271.561226
1713.791806 274.695445
1712.404477 275.403137
1711.377771 276.324067
1714.215639 272.514967
1714.400715 273.884539
1714.994986 269.975330
1725.351221 572.913228
1717.986054 572.160160
1714.809225 571.629938
1726.980780 573.129224
1718.544368 572.301009
1718.688482 572.204577
1721.487753 572.650328
1720.444298 572.534080
1724.172596 572.890215
1723.223471 277.592238
1721.093248 276.920219
1722.123467 277.359697
1727.171255 278.253515
1727.320621 278.399151
1720.042572 276.490298
1717.450090 276.415156
1722.686758 276.556600
1719.050592 277.137865
1728.966936 573.481502
1735.237728 573.447468
1729.872202 573.516390
1730.207406 573.520525
1731.052173 573.444026
1729.879793 573.423032
1727.073539 573.278899
1728.838658 573.470761
1728.787412 573.000008
1731.183021 279.234222
1732.308207 279.528782
1730.755740 279.185040
1729.210649 279.983093
1731.487649 279.310396
1734.575277 279.189074
1730.513454 279.083239
1738.912117 282.624308
1738.616586 282.581389
1743.482772 572.861068
1741.205127 573.254273
1739.905736 573.294896
1740.279926 573.345479
1740.516070 573.309243
1740.766154 573.327031
1735.407428 573.449172
1736.763981 573.213539
1744.967724 572.818129
1738.222394 286.262722
1741.473537 282.702084
1740.214796 282.601261
1740.580861 281.199422
1744.790835 282.690659
1740.653925 282.640589
1740.115661 282.517141
1740.188513 280.948374
1748.538584 282.607971
1749.629587 572.438861
1752.094688 572.402014
1749.484581 572.346523
1745.495677 571.413578
1751.761896 572.432843
1753.833286 571.835646
1756.070061 571.990913
1748.738814 572.489101
1746.922526 572.670065
1756.319043 281.311085
1743.278790 282.359313
1754.994369 281.843158
1754.403395 282.088090
1748.677123 282.624282
1751.446865 283.019241
1758.594503 281.434760
1749.266560 281.462097
1750.215816 281.830421
1759.588385 571.504313
1760.070691 571.397832
1757.897810 571.510616
1766.543550 569.732563
1763.668737 570.400147
1756.935903 571.917264
1767.268557 569.427945
1749.680832 572.372758
1758.261473 571.569743
1766.135302 280.169847
1761.898778 280.797018
1762.106542 280.509200
1759.664480 280.447890
1753.597538 280.898002
1758.233182 280.545271
1761.820969 281.419452
1756.335191 280.086716
1760.040782 280.661903
1769.468400 569.232704
1767.500936 569.683411
1761.487128 571.061013
1772.018483 567.630926
1766.828823 569.810264
1766.712981 569.919746
1769.045525 569.212827
1772.461581 568.929748
1762.216362 570.907887
1765.747774 280.330051
1768.270751 280.858096
1775.450321 281.180423
1766.642670 280.178314
1776.148073 280.452898
1769.318192 280.261389
1770.609349 280.430687
1774.069920 282.437522
1768.330815 280.271264
1777.121529 280.500465
1778.722804 283.905987
1780.223168 281.646660
1785.579103 286.734023
1775.939989 282.258700
1779.670961 282.129981
1782.032411 283.650706
1785.008017 285.139464
1784.346322 282.687304
1775.559118 567.853678
1778.332500 568.412032
1783.114109 565.178854
1784.963232 565.670768
1779.780083 567.865705
1780.126736 567.714060
1775.556526 567.582089
1784.150620 566.942621
1781.716385 566.992833
1787.734598 564.313225
1787.021143 559.142536
1787.926222 560.612649
1793.412614 563.966818
1787.543155 562.480686
1785.379441 566.083199
1795.680338 565.518207
1790.524107 561.459849
1791.718631 562.275082
1784.866879 284.677939
1793.057354 283.694142
1785.892399 290.155519
1785.296982 283.887382
1786.141879 291.692022
1790.312574 284.250503
1791.365326 283.481103
1785.353957 285.096878
1789.678366 285.220556
1797.535778 565.091140
1799.456388 565.091678
1793.910645 565.398717
1792.224802 564.933711
1793.611971 564.482202
1788.825531 565.179944
1794.938686 565.070802
1798.001757 565.061572
1797.466334 565.007869
1795.370559 283.405575
1793.961703 282.929615
1795.673184 283.101310
1801.031079 283.125996
1801.967189 283.767505
1800.407052 283.297495
1802.100697 283.167339
1806.500823 283.531479
1799.886786 283.522394
1809.493316 566.355749
1811.873542 565.640314
1808.825377 565.878551
1814.595472 565.975250
1805.351159 565.848067
1802.953748 564.930963
1808.902037 566.602305
1805.587341 565.374733
1808.089520 565.712848
1809.104393 283.736930
1811.202939 284.615841
1809.558498 283.654891
1809.691928 283.647065
1809.647063 285.055112
1809.138799 283.600322
1813.330424 284.090538
1812.413251 283.946617
1813.789716 284.155356
1816.696742 566.646237
1814.804197 566.712490
1819.804663 565.113134
1817.396353 567.378263
1825.164290 567.306419
1819.448772 567.040811
1816.938667 567.405800
1824.288725 567.521817
1811.442238 565.706077
1818.689251 284.647878
1821.440330 284.926913
1818.651345 284.597133
1824.521048 284.951240
1821.268495 284.695846
1811.834340 283.969246
1819.707435 284.641751
1817.891124 284.535836
1809.881000 283.686126
1820.312884 566.841792
1829.591126 567.556923
1824.501439 567.585086
1830.725142 567.872878
1831.211601 567.886127
1825.308785 567.566887
1828.341117 565.849943
1832.116523 565.702158
1831.770948 566.055171
1827.098417 285.049148
1827.615653 285.067907
1827.642294 285.104013
1830.075971 284.886034
1833.464526 284.952686
1827.980640 284.913353
1828.609683 285.014263
1823.813012 284.946257
1829.517931 284.801060
1838.122903 564.593642
1841.207203 563.134747
1841.725930 563.797543
1840.801596 564.238528
1840.949507 562.683634
1840.497303 562.029719
1831.030996 567.874291
1838.465570 564.498586
1842.386234 564.760412
1833.240184 284.892776
1838.358193 284.956837
1838.856972 284.493065
1836.340956 285.801727
1840.411305 284.525316
1845.746133 284.615672
1845.580079 285.416800
1840.909584 285.323607
1833.818019 285.170955
1848.508728 563.287572
1849.951368 563.826996
1851.862533 563.456008
1856.286625 562.415679
1852.385246 562.653862
1851.446003 563.359264
1849.744339 563.863312
1843.701271 564.190943
1848.633858 563.918470
1848.224242 284.450496
1849.004784 284.073187
1852.353887 283.960748
1850.423614 292.900856
1852.786501 287.698235
1857.849430 283.732199
1857.045101 283.161919
1848.188440 287.190904
1848.609922 287.477447
1852.522890 562.978219
1854.904187 562.588603
1856.532204 562.248413
1851.259333 563.561640
1856.945311 562.464350
1858.004131 561.964916
1851.579172 563.493160
1861.971048 561.201680
1852.199553 563.408134
1860.671615 284.104362
1864.646416 283.538332
1856.788617 283.102228
1859.645625 283.128267
1859.834274 283.335298
1852.691181 284.780429
1864.223452 283.311629
1863.802718 283.567095
1856.966272 283.330534
1862.317672 283.227729
1867.108888 283.452765
1867.306029 283.454679
1864.540375 283.262548
1863.436589 283.885374
1867.009354 283.675030
1861.052539 285.471767
1866.989229 283.424368
1862.696591 284.183277
1869.197306 560.172095
1867.940544 560.087667
1871.144409 559.501697
1869.311814 560.071015
1861.603934 561.193588
1873.113740 559.185698
1865.590890 560.695216
1862.896087 560.895171
1865.714376 560.589495
1877.768352 285.235824
1870.071847 284.287312
1869.648065 284.048205
1879.583285 286.494776
1867.559726 283.515516
1878.666621 285.284971
1873.050591 284.566730
1876.153414 285.267723
1872.896743 284.370998
1874.631528 559.778767
1875.816380 559.097388
1877.802165 558.779021
1879.357958 558.847742
1871.023132 559.494804
1869.329707 560.216241
1875.971105 558.750873
1874.732166 558.967731
1875.630486 558.742803
1882.824954 286.342626
1882.909018 285.617209
1882.079846 286.492070
1887.297480 285.698277
1884.814053 285.490583
1889.758435 285.360145
1882.560393 286.456920
1882.067453 285.096743
1893.424051 285.625764
1886.626193 558.937241
1887.474080 558.899169
1886.256731 558.739610
1885.398103 558.677135
1885.306868 559.184053
1887.354717 558.822565
1885.703998 558.682294
1892.624386 559.092533
1886.404580 559.193367
1898.064907 285.304132
1899.058927 285.358376
1890.529120 285.895677
1892.357832 285.315276
1897.560444 285.333583
1891.598027 285.378475
1894.775487 285.949309
1897.085855 285.428058
1904.308930 286.071044
1897.814663 557.962558
1895.252156 559.123084
1889.248545 558.723588
1890.877384 559.047390
1905.000596 555.746448
1895.087156 559.063281
1895.284397 559.044646
1894.875128 558.986499
1890.688297 558.181572
1912.256436 286.358803
1904.354174 285.936237
1898.895728 285.440153
1911.459739 286.140917
1903.768441 285.702422
1903.754839 285.728873
1911.210672 286.372890
1910.287596 287.233587
1901.170289 285.465187
1906.701852 556.380327
1902.087896 555.942486
1907.146400 555.750607
1912.566129 554.560341
1913.941655 555.005000
1907.384263 549.479308
1907.219704 555.554718
1906.799067 555.610283
1916.319286 554.832151
1916.186544 287.124134
1921.358418 286.837381
1913.496215 289.034366
1916.839711 287.223801
1914.158750 287.728001
1913.595173 287.958127
1915.978134 288.901669
1919.730029 287.098415
1910.470115 287.010481
1911.076724 555.481869
1915.698770 554.715264
1916.146482 554.784739
1916.555414 554.930408
1916.379491 554.846513
1914.114674 554.908249
1910.602990 554.534373
1914.912849 554.336178
1910.481989 554.554612
1930.281693 286.845649
1931.688728 286.687909
1933.557351 286.532292
1921.719175 286.608103
1922.991645 287.557578
1927.866027 286.505023
1925.950467 287.086963
1929.957041 286.782222
1923.231776 287.117382
1926.762952 555.029529
1935.380581 554.969751
1933.269997 555.005944
1927.002703 555.035612
1933.955512 555.037549
1919.091997 555.240991
1930.327957 555.031152
1936.474422 554.993284
1925.683876 554.973989
1930.432290 286.779255
1933.332408 286.558521
1935.840827 286.246590
1942.451861 285.484163
1933.791887 286.500957
1933.351131 286.539080
1944.014116 285.279747
1935.960462 286.250797
1926.519687 286.910535
1944.039358 554.793249
1936.223859 555.000950
1931.992246 555.042562
1939.654747 552.861862
1937.377364 554.355727
1935.994076 554.749371
1931.959154 555.053105
1934.385878 555.036406
1943.416838 554.129650
1943.684729 285.386998
1944.053317 285.389609
1946.059530 285.105084
1941.357562 285.783207
1954.119951 284.312843
1942.806041 285.577420
1944.151974 285.308866
1945.615387 285.137233
1944.016208 285.485453
1943.562577 554.734250
1953.994907 551.029848
1945.655677 554.617383
1950.487563 553.820859
1955.829646 550.226734
1950.487173 553.855521
1946.956238 554.719720
1946.905889 554.785487
1940.509180 554.790298
1959.579566 283.835706
1955.324498 284.759415
1958.340644 283.771165
1957.090355 284.448163
1954.454069 284.393859
1961.050135 283.588486
1960.417457 284.540542
1959.892648 283.338338
1953.951372 284.593171
1953.603128 552.518261
1956.744640 544.032685
1955.938905 551.744957
1948.582485 553.980694
1951.246105 553.624506
1955.449260 551.390653
1956.350300 552.020025
1965.642315 549.104054
1954.129654 552.585956
1962.710432 283.822310
1973.978488 285.423558
1968.779277 284.578724
1959.901476 283.419899
1961.019093 283.524682
1965.652820 284.197690
1972.407293 285.212078
1960.716023 283.429734
1966.414376 284.444154
1963.364640 545.450260
1967.178505 549.235688
1966.988898 548.851708
1968.110512 548.794451
1961.903596 551.060422
1969.149906 547.299594
1964.445208 549.134101
1961.574427 545.623629
1965.953717 549.071821
1972.580994 285.350154
1975.322023 285.367925
1981.433118 285.856752
1969.887887 284.647043
1972.279456 285.059646
1977.158458 285.705151
1977.598403 285.584806
1979.148889 285.502553
1973.902496 285.740909
1979.770936 548.438252
1980.199190 549.634614
1968.224042 547.386419
1979.554951 548.681321
1977.372143 548.417798
1972.628038 546.058339
1968.038598 549.414495
1977.532697 546.276667
1974.620358 542.186865
1993.130786 286.491880
1986.741939 285.695040
1987.142991 285.074921
1985.757669 285.873027
1984.980252 285.965507
1983.287582 285.471948
1979.444195 285.792852
1985.637382 285.937136
1987.399494 286.174712
1985.927858 549.353247
1981.348048 547.382862
1979.857847 549.548786
1983.444298 549.021571
1985.849989 549.269700
1986.172816 549.432179
1993.805691 549.925613
1995.282060 550.046026
1993.616900 549.968587
1998.069115 291.637773
1998.096288 286.462147
1997.705195 286.688097
1996.054399 286.165957
1995.805221 286.836415
1994.891644 286.895259
2004.018721 285.052192
1995.866974 287.440399
2004.240721 284.947985
1993.380993 549.953905
2000.603718 549.815152
1995.708253 550.057314
1993.990394 550.005029
1995.881176 549.994567
1992.404673 549.562637
2000.498568 549.976121
2001.900283 549.721671
2000.452569 549.833794
2005.397848 286.490078
2002.835173 285.710172
2005.766396 285.627074
2008.675571 285.297675
2003.405625 284.939266
2000.088426 286.492648
2012.459841 284.956940
1997.828876 286.223628
1998.016221 287.324313
2003.428260 548.579622
2005.486341 548.201916
2000.515574 550.097648
1996.411774 550.056193
1999.458597 549.990230
2012.200323 545.955038
2005.290671 548.475727
2001.499259 549.719073
2009.931519 547.700830
2013.623915 546.051689
2015.239081 545.312817
2020.919190 544.619617
2010.354098 546.449727
2010.806214 545.597645
2010.442051 546.241145
2019.399203 545.286463
2014.196631 545.475017
2014.847490 545.531804
2015.725307 283.453842
2008.076294 284.878432
2017.856396 282.604796
2016.120571 283.425703
2011.111067 284.724429
2019.257563 282.689804
2013.087298 285.373497
2016.463690 283.597089
2017.144422 283.327956
2028.033715 542.880330
2022.739582 544.111107
2024.749849 543.209043
2015.523085 545.825053
2027.351316 543.572357
2025.089768 545.097054
2025.054339 543.850084
2026.803984 544.232770
2027.560859 543.797860
2028.519832 279.738599
2020.850971 281.958686
2027.312795 280.180006
2028.855740 279.975429
2026.430890 280.390034
2029.847967 279.878284
2024.120140 281.868517
2024.675598 281.160247
2028.535451 279.668696
2031.437847 544.304064
2038.344103 544.408186
2043.027401 544.861341
2037.672345 544.411195
2038.102560 544.511433
2032.669832 538.712471
2033.911299 543.406523
2029.038078 542.404231
2033.567759 544.560001
2028.771576 279.682258
2032.423709 280.544026
2038.577158 281.215118
2038.081723 281.111481
2038.131985 280.996796
2028.353859 279.774184
2033.067111 280.489061
2036.286564 280.900437
2038.125009 281.374767
2053.201792 285.627050
2039.930285 281.722556
2044.146639 284.617801
2043.249443 283.610559
2041.904598 282.780655
2041.617628 281.701259
2043.892186 283.846789
2041.100285 282.411473
2054.108249 285.700355
2043.651607 544.857189
2046.291507 544.550664
2042.948030 544.964224
2047.652117 543.756733
2039.946617 544.445419
2044.570224 544.899493
2045.571469 544.884651
2048.323187 544.896953
2046.454793 544.613242
2051.310599 290.171483
2059.664239 284.908996
2059.022790 283.236692
2054.773005 284.444412
2060.339682 283.011168
2058.198153 283.808686
2048.507661 286.700986
2048.369015 283.373158
2060.613988 282.804763
2045.780092 544.900431
2045.974778 544.882768
2054.812168 544.418104
2050.035364 544.744107
2052.748285 544.550543
2059.851375 544.769422
2059.698052 544.654726
2052.869903 544.703415
2051.547449 544.796943
2065.049009 281.846702
2065.294853 280.831809
2061.500847 283.090478
2062.036622 281.198166
2056.302389 282.986641
2069.215518 280.492620
2070.824771 280.423936
2067.982495 280.335571
2063.419367 281.799176
2071.241529 544.758145
2073.864664 544.788182
2064.556522 544.683946
2063.628087 544.623469
2069.458755 544.851185
2069.668305 544.795562
2064.994895 544.761601
2064.885702 544.753489
2067.881758 544.832645
2076.327673 280.029496
2074.986845 280.623632
2073.852899 280.250551
2066.676883 280.541039
2072.358099 280.088943
2068.445884 280.885819
2075.880216 279.736268
2073.384346 280.171135
2075.601132 279.897673
2076.068095 544.837698
2067.126514 544.772068
2072.712378 544.768708
2074.430547 544.795900
2066.418298 544.756421
2074.990498 544.809401
2070.148883 544.853657
2074.672665 544.830118
2073.642212 544.850273
2083.235128 279.441113
2082.329380 279.202011
2087.340050 278.773004
2081.239692 279.705254
2087.641813 278.811187
2082.024402 279.451314
2084.558260 279.513133
2082.678089 279.760697
2084.157552 279.429659
2084.227803 545.120710
2081.714464 545.044383
2094.238290 545.257793
2083.979222 545.111010
2082.514980 545.051390
2080.016883 544.956222
2085.004770 545.119969
2080.236111 544.950993
2084.743185 544.801841
2090.319516 280.736921
2090.228330 279.487264
2094.009884 280.657106
2091.237260 280.479978
2098.143976 284.709838
2095.352795 282.685213
2091.572024 280.022428
2088.789473 279.570672
2097.985098 280.269871
2089.758357 545.327284
2091.065907 545.259276
2089.128727 545.237570
2095.406303 545.266975
2096.216248 545.089978
2094.129630 545.286317
2102.341416 544.711385
2094.995370 545.286247
2090.433845 545.298622
2102.200669 280.530424
2101.817106 280.956890
2105.535751 280.629134
2103.342242 280.793003
2101.396042 280.881188
2097.663408 282.414460
2107.526326 280.535616
2096.648577 279.816661
2104.038505 280.643216
2097.014582 545.179173
2106.040436 544.745064
2105.671599 544.826801
2110.551317 544.458951
2109.191606 544.554150
2107.079321 544.728410
2105.103667 544.856416
2104.849536 544.863514
2104.283159 544.888338
2109.880127 280.104531
2108.225401 280.228070
2111.322974 280.081127
2112.374698 279.946946
2110.195895 280.048084
2116.609531 279.818970
2114.169770 279.871795
2105.311732 280.635633
2114.066625 279.851343
2115.570486 544.040577
2117.127120 543.392061
2117.342946 543.818256
2112.752168 544.099469
2116.892876 543.923885
2115.378113 543.924856
2114.848200 544.117329
2121.629634 543.172843
2115.666874 543.960567
2127.428099 278.883395
2115.684034 279.961625
2122.102182 279.291731
2121.769866 279.319062
2120.239225 279.421105
2124.128649 279.089630
2129.113518 278.936317
2123.981205 279.080452
2122.010497 279.334578
2122.077268 543.044473
2127.357352 542.109208
2121.410578 542.934930
2128.202233 541.941257
2133.278212 540.593604
2128.186338 541.928256
2128.348966 541.813211
2128.882416 541.598082
2119.051976 543.579599
2133.410663 277.947596
2133.725107 278.336959
2137.914907 277.976852
2132.246338 278.302603
2136.382219 278.009314
2132.882935 277.933975
2135.874575 278.231170
2134.476546 278.024938
2131.112673 279.113141
2131.347813 541.108184
2134.910759 540.313374
2129.648621 540.902793
2134.327248 540.211374
2135.597937 540.123245
2139.188934 539.301363
2128.385080 541.518392
2133.726379 540.473910
2138.638143 539.060965
2147.141473 277.574685
2144.804393 278.190950
2151.489540 277.897557
2138.334870 277.914280
2140.534975 278.042647
2148.942950 279.450355
2146.711754 277.280160
2146.384421 278.571396
2146.398894 278.385275
2143.474852 537.812688
2142.499737 538.252222
2149.521790 536.130862
2145.519793 537.423619
2135.335553 540.001877
2145.927530 537.520885
2147.377132 536.831828
2144.202114 537.713022
2138.005206 539.328686
2151.453239 278.069287
2150.238317 277.290034
2152.845261 278.618689
2154.698575 277.861393
2151.652269 281.230359
2161.223662 274.858907
2147.436721 278.036034
2159.747567 275.598863
2161.425990 275.009297
2161.781286 535.834054
2156.984606 536.697770
2161.401539 535.291343
2153.002834 535.742157
2151.002280 535.713368
2151.729131 535.750553
2153.699822 535.629669
2156.358438 533.902713
2148.100976 536.743266
2163.558065 276.099644
2170.618275 273.961467
2163.759704 273.592147
2165.837913 273.229016
2168.840721 273.925034
2170.705507 273.992642
2156.534048 277.395725
2159.399417 274.970014
2163.055931 274.728117
2165.077028 536.357727
2167.260608 536.601074
2154.659167 535.517252
2162.963924 535.831879
2160.969951 535.276163
2155.609070 535.867738
2159.763099 535.666674
2162.029092 536.086835
2165.328309 536.816703
2178.458870 276.988968
2173.712039 274.416330
2165.668010 273.566865
2174.009298 274.742705
2170.227239 274.093451
2173.178286 274.293087
2173.620289 274.890891
2181.542912 277.214922
2172.844541 274.383619
2169.557418 536.965797
2173.131558 537.129431
2179.260561 538.477183
2170.352998 537.253636
2172.832814 537.494640
2172.572922 537.199418
2170.998463 537.112783
2181.665871 539.004478
2166.791239 536.669953
2180.239891 276.984315
2181.581023 277.967528
2180.720222 279.078715
2181.043681 277.909008
2183.189269 278.458858
2177.788640 276.607704
2181.268747 277.371890
2182.118144 277.942473
2182.993086 277.243467
2178.681860 538.327719
2184.924960 539.484812
2181.701949 538.999021
2189.144364 539.912388
2179.755862 538.435657
2185.291638 539.499729
2189.419475 539.851479
2176.894774 538.027284
2184.040826 539.371024
2194.864371 279.802293
2197.555882 280.648139
2189.510764 279.007962
2197.061611 280.641739
2193.078520 279.597569
2193.877323 279.484907
2199.500818 280.892957
2186.335422 278.929350
2183.565515 278.187486
2194.175480 540.264562
2198.924212 540.045377
2193.350846 540.206510
2193.973073 540.339068
2193.327200 540.237972
2191.654364 539.988181
2198.734167 539.821746
2187.622441 539.784142
2194.164231 539.574837
2205.064150 281.655182
2206.468377 282.195593
2202.589615 281.136035
2204.070115 281.464446
2196.866997 280.246239
2197.512762 280.584717
2200.662753 280.659192
2198.375597 280.325250
2201.243417 281.708728
2211.450681 535.231110
2203.119857 538.634462
2205.784809 537.723337
2208.449507 535.650593
2208.024462 536.557752
2204.422302 537.411971
2199.405560 539.846368
2204.873999 537.857823
2203.110904 538.400097
2202.885309 281.095166
2204.615227 281.508957
2214.118711 284.911428
2211.220376 284.464241
2208.203789 282.493723
2211.128501 283.437041
2216.633895 285.389924
2210.095370 283.168880
2210.450033 283.135386
2211.801818 535.433141
2216.023146 533.857338
2208.775718 532.588392
2211.677522 535.607815
2211.526416 535.321137
2213.510754 534.849224
2220.359091 532.117407
2221.815469 531.736351
2207.267420 537.123819
2213.195452 284.480530
2218.473356 287.930953
2221.102743 294.082538
2214.471744 289.699869
2218.550584 288.049996
2219.026162 286.173963
2219.468719 286.429123
2218.207866 285.832921
2219.723169 293.105161
2224.737838 529.434549
2224.375725 527.901458
2227.534367 527.976689
2217.804279 533.395694
2221.372444 531.947257
2221.032851 531.225291
2215.244957 533.951104
2232.567775 530.253217
2221.676733 531.564209
2223.885542 302.108037
2220.970426 297.483271
2219.812707 301.355988
2220.567211 296.716274
2220.927333 296.218220
2217.708363 289.416266
2219.852720 292.034171
2226.424812 299.529114
2225.261203 298.865615
2225.351344 299.881298
2220.340979 305.727572
2226.892757 299.504297
2224.679841 314.374086
2220.772018 303.191048
2226.790746 300.054873
2224.801824 314.119380
2223.321204 305.869568
2224.144434 309.802607
2225.015328 314.830616
2219.231210 312.168279
2221.099473 319.051368
2225.056848 314.907881
2218.887860 311.960778
2225.125401 315.450204
2224.239999 311.735818
2225.021123 314.769293
2225.763972 321.502926
2220.307866 315.036257
2222.681633 323.876565
2225.403640 325.614092
2221.313850 319.710915
2225.065327 331.961545
2225.592360 317.128729
2226.802160 331.838886
2223.891861 330.427029
2224.992845 333.255790
2220.138804 335.794283
2226.514051 339.072139
2221.034265 336.827644
2219.754752 341.584838
2225.021631 335.094298
2226.841895 337.544032
2223.531158 335.745049
2226.343707 332.180663
2227.820643 332.582119
2223.981668 339.163366
2222.636435 349.146347
2225.430907 341.029238
2225.446767 345.108609
2225.310668 346.786966
2223.511707 337.286580
2224.931057 343.522124
2220.166574 350.613018
2219.254505 338.776784
2217.453482 357.620425
2225.058009 356.548908
2225.477428 349.928794
2225.549017 361.729156
2225.267766 358.036312
2224.035932 353.329116
2225.411999 359.197398
2226.455798 365.848739
2226.053050 360.695017
2226.072810 371.542865
2222.818282 367.279114
2223.721111 363.088044
2217.067008 362.837392
2220.368154 369.402362
2222.488530 366.796691
2218.014511 363.872588
2227.379013 374.285752
2220.324060 370.717674
2227.692560 379.856291
2227.816099 375.408804
2226.643306 374.928824
2224.859519 372.884320
2226.854066 374.993511
2225.519189 371.645093
2225.423542 375.031394
2227.587094 375.319500
2226.451339 374.936771
2223.291151 390.001947
2219.160232 381.532324
2226.821367 386.126426
2223.220047 383.660112
2227.017459 392.205267
2228.647521 389.027230
2226.179496 390.314176
2224.943440 386.747223
2224.646805 387.223457
2227.758602 396.967897
2230.978251 397.101004
2223.107306 394.623719
2217.976741 396.955689
2226.783533 395.462456
2227.238125 393.619335
2225.059996 402.854009
2231.174214 397.355394
2224.589334 395.893218
2223.924692 408.903420
2223.581952 398.945831
2227.050779 407.867512
2221.143268 407.821212
2225.356850 404.994250
2223.839332 401.166649
2227.117956 407.329337
2225.268377 404.607067
2221.997955 408.581938
2226.693587 419.813152
2227.721824 420.824657
2225.148889 413.147431
2223.813280 408.363735
2226.474020 416.614649
2222.196357 408.079701
2220.784849 406.956228
2226.502696 414.596590
2228.741913 421.858435
2228.882374 425.506908
2228.481326 422.019095
2230.092212 429.220605
2227.494972 422.698825
2230.614528 433.494445
2229.840704 428.402248
2226.854365 422.756597
2230.166185 429.970628
2228.569230 426.591252
2229.221351 432.642450
2229.422455 442.672520
2229.968346 436.328475
2225.711478 432.671424
2229.508851 431.958949
2226.812950 433.420951
2228.501632 435.197677
2226.920990 433.685754
2231.498461 443.305894
2232.359619 444.115721
2229.562844 439.192360
2232.112620 447.058327
2228.772094 438.428850
2229.718543 442.091752
2231.224370 441.908546
2230.246211 450.635896
2234.407946 447.410787
2236.930028 453.514026
2231.384963 454.793645
2233.226802 457.986114
2231.429971 454.640840
2229.983659 450.202600
2229.820403 446.511729
2229.767028 445.272061
2230.253349 450.107190
2231.850055 455.487462
2236.998202 459.666539
2229.645136 530.134043
2232.810225 531.277569
2232.127162 526.304568
2231.541334 525.935062
2229.691712 526.903804
2230.930921 526.410159
2228.093240 528.830708
2231.255250 526.106595
2232.170026 524.368235
2232.611490 462.249362
2232.862722 462.038691
2234.330081 467.486367
2234.717008 463.987837
2231.735962 464.588393
2232.622025 459.913285
2236.279700 465.045273
2235.240027 464.498484
2235.004821 463.897588
2234.472449 482.520761
2234.937131 468.700001
2234.342342 465.218800
2236.587653 479.235273
2232.542073 482.714856
2234.886087 472.086350
2235.808695 477.453682
2235.551637 475.390498
2234.879665 475.166425
2235.399609 486.782298
2233.517697 483.715313
2228.387344 486.926263
2238.361973 486.046197
2231.321947 488.770635
2234.538303 482.846380
2234.196439 483.009512
2238.898945 489.553867
2238.643571 484.744703
2231.603994 523.115744
2233.776372 518.335218
2233.129512 515.859346
2234.199232 508.965249
2233.939863 515.201935
2232.051352 518.737236
2233.075869 521.422159
2233.174611 521.064551
2235.910750 510.055095
2243.610912 493.048496
2243.144423 493.300895
2236.856017 487.281481
2241.451057 488.978866
2238.710871 490.212073
2243.919046 493.385393
2238.219174 490.801236
2243.001330 493.640588
2241.458945 490.382142
2235.710316 505.307918
2237.030497 503.109287
2235.833472 504.403837
2239.045520 500.032736
2238.418736 501.365409
2238.773888 501.419050
2235.217932 506.829345
2236.073827 506.862783
2236.048605 500.607649
