277.755207 267.678114
286.209144 235.495878
275.994505 197.210402
269.896887 176.778967
253.997481 158.929395
234.735066 142.686548
213.344644 132.891362
194.619589 135.805867
175.818307 140.336719
154.162515 153.147127
135.549118 162.532426
123.310405 179.533719
98.969781 196.947493
76.262192 212.723345
57.764483 237.410995
52.346023 261.335832
45.727741 279.227615
30.704757 304.548332
38.630708 326.794262
33.189029 350.280539
24.963778 376.354072
23.699653 403.874185
27.076711 426.809389
28.765510 451.903385
37.080657 473.428034
29.476175 501.354968
42.349383 518.512368
51.127072 538.758569
63.340543 559.010528
81.500419 578.061051
108.686282 596.105667
121.851027 608.048780
144.767321 603.624915
157.486131 604.399626
179.802994 580.020191
189.952136 569.004709
190.471278 535.602742
201.664975 516.706172
202.228491 486.145017
203.383612 463.370599
209.615840 435.493175
215.748288 418.392901
214.277641 397.531970
216.899891 373.520976
229.379559 352.757879
247.365472 327.608854
256.959274 304.781896
266.379975 292.440386
399.371244 279.821848
406.038949 248.707308
403.647176 216.747777
399.871678 191.646331
396.032703 164.257495
394.481241 144.819217
384.215728 115.270417
382.504438 101.904099
386.682788 80.158945
386.790888 52.608025
401.763153 32.874285
426.842149 26.127551
441.329129 12.416976
460.265362 22.608201
481.380906 27.295573
500.384023 41.563278
518.557508 56.288729
535.349426 86.607111
547.263487 100.067614
554.210783 124.424630
565.021230 144.656793
567.115085 169.757510
578.167623 190.493104
584.021621 213.728255
590.501198 228.024923
598.396163 249.242542
595.950563 288.811354
591.490208 325.823716
588.742151 349.923810
573.698885 367.770298
577.092425 391.571041
564.363285 411.723514
545.418153 433.511939
529.008044 451.971368
508.360861 476.692235
494.577819 484.189659
467.652044 497.811468
447.508396 505.557356
429.502661 496.591858
416.125589 484.376342
397.473812 466.940584
388.953894 449.299349
382.847805 426.031819
376.649421 395.976002
375.920732 374.185890
376.867750 354.101305
381.822653 327.291999
401.098751 308.857288
