272.195656 258.420371
281.405574 233.227037
273.864452 198.492547
270.352349 170.672268
254.388168 155.306414
236.988549 145.098357
211.543247 132.952704
202.577150 135.381365
176.695094 142.576568
158.041429 155.286808
139.847018 168.571937
122.491844 184.041340
97.394159 201.687271
76.490514 215.799545
54.620054 234.128838
48.180259 260.500684
45.595446 283.702003
40.934717 301.277320
30.768278 324.467752
28.976926 346.761766
25.433459 373.189450
27.388113 402.822612
24.762489 420.354608
30.049529 447.991516
31.545845 469.617701
36.292623 497.694488
45.438038 520.822965
56.511294 550.119863
59.351225 555.769770
79.862823 578.490542
97.481068 600.652442
121.637248 595.636463
139.379486 596.227471
150.731697 599.462215
174.349668 577.550776
187.511312 557.802455
189.002486 535.201476
197.144437 509.457966
199.147335 488.064950
196.764798 456.668211
194.902411 439.275003
207.162729 418.327574
214.765967 392.301395
223.750199 369.266988
228.823939 347.006572
239.966716 337.215617
257.593404 308.812485
268.196180 286.417749
403.088083 278.189974
410.387730 252.114307
393.838390 212.513771
397.790976 192.385380
399.028598 157.552204
390.453636 142.170267
387.755711 128.400331
378.237381 103.050943
381.034692 77.901590
391.108820 48.335428
399.275213 35.825337
424.278364 22.841985
444.689707 20.909972
463.151569 25.376436
479.880596 28.036260
496.787485 47.370732
523.316494 58.495117
542.080489 73.149953
545.208897 107.917627
561.736449 129.512011
566.012437 142.103879
574.666175 165.971423
576.512156 188.294184
588.981981 209.583097
586.882318 228.451650
590.402523 248.721344
596.579415 290.085317
592.238269 324.190376
585.023989 347.939992
581.565200 365.795809
573.686146 391.972247
560.376541 410.615728
542.315502 438.419604
525.183998 459.815847
511.012804 472.708524
491.978037 485.922526
471.863069 493.378409
449.032334 502.502787
427.004604 491.996550
415.436732 484.398131
395.466091 464.429143
382.306756 439.800108
370.705590 422.635011
376.009893 397.064059
382.715713 381.477733
379.248091 352.140892
380.116471 330.262400
396.576819 312.087125
