-123.971342 -383.733913
-108.213271 -376.361370
-96.838315 -381.212988
-79.139487 -382.854660
-56.784754 -393.700889
-54.592991 -387.360946
-35.407091 -381.507723
-129.420321 -367.930407
-127.279458 -359.601682
-128.660151 -340.273034
-131.575471 -322.435819
-121.880857 -309.501746
-127.459975 -298.477715
-149.278385 -290.689890
-153.766894 -283.950450
-170.575163 -278.460899
-182.427326 -265.165536
-200.820521 -252.374570
-213.391838 -251.359895
-225.698009 -239.407166
-249.342654 -221.373014
-247.511008 -213.112385
-268.514650 -201.422903
-277.018079 -187.566753
-284.615800 -172.659113
-302.365957 -160.866979
-308.548509 -150.041505
-315.731845 -130.767436
-336.794489 -111.058066
-342.964522 -85.239410
-339.768343 -71.419111
-350.091144 -46.986206
-355.304219 -15.280898
-363.678831 5.571777
-360.979063 31.553672
-362.211600 59.612177
-353.975097 77.932418
-362.031138 99.446340
-355.531241 115.872393
-339.643205 152.611617
-341.438576 164.239007
-333.034553 185.134200
-322.557812 206.713623
-320.062001 232.132717
-303.815627 246.850947
-299.740526 274.801081
-273.603270 278.764887
-262.734718 285.889931
-246.487156 309.657202
-236.849734 323.025243
-222.541897 334.719275
-197.429380 346.920527
-188.914847 360.323511
-160.224177 368.843168
-141.446845 382.342232
-121.116720 389.994153
-96.552485 389.063795
-72.456057 401.352499
-53.898152 400.606074
-33.728896 410.664870
-17.643391 406.730450
11.676322 405.468515
34.656354 401.210443
54.713152 408.457998
78.774496 402.612246
99.555805 397.075775
112.566231 386.593209
139.772434 382.399028
157.221856 369.822380
176.446213 366.902204
190.841283 354.531051
214.078159 342.656866
236.983043 321.395380
247.518563 313.323788
260.732767 293.890924
275.972397 274.911842
296.018533 249.584450
307.382222 246.300297
50.431681 -387.688989
76.111273 -388.280398
94.834005 -387.759179
105.913742 -377.485526
131.739931 -381.462462
145.316587 -385.750470
152.514696 -366.400953
145.009798 -345.161382
144.626085 -331.318030
144.590650 -315.021711
144.299775 -294.024468
160.011004 -281.093536
178.269724 -273.170655
185.227069 -261.903908
212.090353 -250.756564
231.296985 -237.022253
250.951446 -232.907091
264.329614 -204.844734
286.221158 -198.326045
286.990816 -180.454341
301.553049 -157.275177
322.332313 -139.876418
329.790721 -115.802420
339.024497 -108.048942
345.834985 -80.833594
353.740871 -63.413955
356.039132 -47.696952
360.168971 -18.274415
363.535673 2.481390
364.792234 27.941873
367.152319 47.364003
360.994245 69.262574
362.733971 90.492040
357.767394 112.810018
355.215419 134.956216
348.256860 162.663627
334.354658 185.437599
329.856340 198.681454
318.417840 223.136564
-36.869840 -372.731552
-36.275969 -355.469000
-35.964068 -336.610144
-38.253816 -305.320805
-33.616478 -293.821741
-38.741323 -277.267581
-36.689165 -254.519118
-40.671767 -233.406089
-36.197619 -215.851992
55.550090 -356.107523
52.165797 -345.048095
57.646548 -335.530995
54.302154 -318.607209
58.074858 -291.107823
49.748356 -278.489595
47.971441 -262.578455
48.233594 -237.209378
61.923731 -222.776679
68.940770 -207.318862
79.453600 -207.704843
98.559226 -202.755446
119.465623 -189.632273
146.369352 -177.021507
160.381131 -162.788889
176.704520 -159.717863
185.441113 -139.094669
201.171318 -135.275115
213.641641 -114.886113
218.557689 -101.132784
228.646581 -76.520766
237.503471 -60.338486
251.087834 -55.478659
249.488381 -30.964113
261.231547 -4.704677
265.600102 14.358223
266.677141 31.507563
262.927436 62.274932
265.862616 85.358414
260.893439 104.781757
248.163544 126.220041
242.063556 140.350564
234.987027 162.493257
227.183586 188.382194
213.946426 194.903272
204.797223 202.928901
183.893920 217.408700
174.852039 235.066456
156.545838 257.856235
139.519803 259.092198
120.722333 284.388133
94.873905 283.279547
65.757211 297.998491
50.531324 297.252279
27.190377 300.978242
-0.061294 299.589285
-22.086681 298.932112
-34.772580 299.254123
-75.214464 297.229558
-60.262684 -209.073904
-74.586227 -205.040740
-101.809561 -196.715783
-116.706749 -182.320355
-142.662240 -180.443506
-163.493271 -162.613202
-181.066531 -143.974792
-196.907585 -131.767079
-206.658097 -110.412402
-218.406070 -100.262009
-225.882642 -71.165061
-236.458576 -55.315799
-244.303090 -31.032353
-251.952232 -7.600713
-251.928078 23.327693
-256.512323 45.332801
-258.666494 73.103642
-252.093300 95.271607
-245.532005 113.286480
-239.730106 130.736885
-228.954892 149.795955
-217.706968 174.233949
-195.357273 190.611692
-194.038822 202.427478
-185.777964 223.491454
-163.365754 238.026525
-144.152514 252.588706
-134.916412 263.811843
-112.905312 276.254176
-93.780042 276.887015
-103.342189 -347.879257
-90.780100 -358.150792
-72.566019 -365.618088
-67.154080 -355.589297
-56.935741 -350.070257
-97.515428 -330.393483
-93.465881 -323.158904
-80.186345 -323.190966
-63.886096 -325.957499
-57.988284 -333.868350
88.402769 -363.801134
104.300578 -361.260096
109.780886 -357.085860
124.027788 -341.923782
116.115167 -338.384670
77.084364 -340.603443
77.107659 -336.236255
82.794959 -318.405911
103.266190 -319.203664
111.834179 -325.622875
