-128.866336 -402.289010
-116.519170 -406.900027
-106.739257 -378.775132
-97.267463 -362.429350
-85.883212 -369.247372
-18.310376 -376.385003
-16.023148 -405.871102
-127.150971 -379.993873
-163.181073 -377.835751
-134.047570 -351.892855
-120.404031 -317.744705
-122.204607 -305.301169
-130.633974 -303.234042
-163.376554 -288.354207
-166.527658 -273.420619
-181.009742 -252.422266
-182.539618 -266.389264
-198.803235 -257.970406
-212.440654 -272.255106
-211.894645 -256.756803
-234.938791 -194.927120
-230.277882 -204.979774
-253.079155 -187.014832
-267.047744 -192.128889
-314.177850 -192.879203
-310.326341 -144.973316
-308.970976 -167.216690
-285.931948 -141.784716
-320.796822 -130.633417
-344.246669 -89.932301
-364.067484 -53.248667
-363.084088 -29.831259
-371.276810 -10.926560
-321.966962 3.927917
-370.410788 60.222538
-374.296101 62.205220
-365.920038 85.527830
-349.077834 113.719029
-369.463422 120.834330
-325.842589 138.610762
-366.645986 174.424203
-350.099484 191.412623
-297.065947 199.743476
-326.218519 245.648691
-312.192448 250.418828
-295.355826 231.886210
-269.652656 258.126829
-235.223061 261.748217
-250.443199 312.343451
-234.052002 302.672918
-203.468615 366.711712
-215.395580 368.644841
-200.974856 374.829384
-147.300104 353.318153
-117.865051 372.194163
-116.458408 371.087079
-87.123190 382.299816
-87.963631 379.785234
-69.435635 387.969527
-42.180181 370.837357
-20.061207 388.599348
-13.614404 410.690546
48.938383 416.409535
31.369501 411.047873
90.947225 412.375342
93.237519 403.048629
116.163907 380.248408
126.535151 348.406317
160.982024 340.767565
146.654361 335.514516
209.530133 351.867152
242.831463 347.489106
245.711138 322.413411
227.471987 320.107328
267.791437 296.186974
282.842824 264.074502
291.710333 274.000744
313.142734 234.023778
65.119263 -379.802778
87.047235 -402.793416
84.945045 -409.851682
101.741241 -390.663589
140.113282 -369.131324
159.021496 -389.063726
125.439888 -355.700006
136.982969 -348.109897
131.033915 -313.183629
124.197273 -329.197391
148.579546 -321.539712
169.241202 -294.570927
171.179336 -278.139656
216.814807 -280.992698
216.787179 -261.343188
239.252966 -245.877980
241.593000 -229.604517
276.622110 -217.878039
287.753954 -175.400071
281.803146 -182.965608
301.724967 -175.233368
295.253846 -126.123021
337.794022 -130.028924
358.621690 -73.125388
343.516242 -80.318507
358.562696 -103.413948
363.465980 -58.248408
375.962151 -16.312011
381.204333 6.446827
351.988976 47.064628
368.512346 50.444540
368.247992 57.322751
350.494359 81.777788
374.140589 113.398255
354.954740 146.377165
341.660274 182.088249
307.077049 170.082690
318.608583 188.645261
320.374563 207.930972
-44.605355 -357.385693
-51.428754 -395.762641
-35.274440 -346.303670
-52.728843 -304.341864
-38.966406 -310.088657
-25.797725 -274.462665
-41.215515 -263.649121
-50.562378 -248.692266
-45.344808 -215.504298
41.409209 -385.420185
63.195992 -356.211625
31.502990 -317.954723
60.241312 -301.283112
59.049237 -303.365596
56.688308 -244.997389
63.588720 -279.539455
36.476672 -251.383205
61.820245 -216.891756
67.608448 -212.783888
72.631574 -182.355167
117.557062 -193.783528
127.818662 -185.562262
150.115258 -162.843974
147.800445 -183.169790
185.930712 -152.177013
178.631170 -128.327929
191.389992 -97.277981
217.881940 -116.363067
218.216245 -93.061054
214.167803 -102.275104
254.371317 -51.421784
255.718079 -42.910904
243.539842 -31.619145
263.647172 -22.397982
257.358160 -1.805643
285.387298 36.306164
262.537422 77.175138
276.694444 99.127018
266.625752 93.578734
248.077325 127.058238
234.527335 143.731292
254.650284 164.418579
225.331598 201.503455
196.182467 188.934758
211.318121 207.752289
178.435511 225.500205
180.546991 239.449340
130.523738 232.810258
100.567839 262.823014
134.145908 302.137966
117.702510 302.839368
65.491739 309.581953
63.899431 312.028393
15.595310 313.671771
-12.108839 282.988935
-1.830084 292.840649
-48.793765 294.140491
-60.467095 295.948262
-55.535236 -212.893862
-90.668726 -217.319922
-77.652508 -227.370738
-134.172891 -204.323524
-117.496764 -171.677115
-130.486371 -188.275457
-195.923105 -157.081910
-195.444077 -162.350807
-211.380661 -134.368175
-216.143851 -69.646224
-188.624482 -80.415236
-222.828699 -45.793529
-243.590725 -45.162757
-248.190715 -15.815010
-260.191263 19.919258
-251.374582 61.462861
-257.880812 49.023215
-220.529460 101.794903
-249.819195 123.925679
-261.845859 143.290761
-220.693316 174.959147
-221.096628 180.924828
-209.992037 167.095276
-211.064128 196.929101
-183.142958 214.035516
-152.565081 231.638412
-157.720845 243.941441
-130.978937 240.203156
-101.751059 260.690318
-82.169941 276.068814
-92.765600 -333.820002
-73.763895 -361.704697
-76.175474 -354.480395
-65.652705 -356.024488
-27.242143 -354.197590
-127.312241 -327.267991
-92.482107 -320.083087
-74.896321 -317.343055
-83.237200 -305.176695
-77.875362 -300.671270
105.389919 -349.462534
110.481059 -350.343527
100.407445 -379.790279
121.067559 -339.876583
136.890738 -350.855076
79.966778 -350.900070
80.035773 -330.139335
94.029751 -314.886620
107.697002 -293.204902
118.001866 -316.553401
