-133.419475 -373.648230
-115.697590 -374.126684
-94.169058 -380.393449
-73.841883 -373.986097
-70.323540 -382.726861
-55.795765 -381.800545
-42.942424 -384.158634
-129.191259 -379.344227
-117.814407 -358.018408
-145.676418 -350.267090
-125.323535 -327.978498
-136.490673 -314.859081
-141.314275 -292.812252
-148.539876 -295.270237
-147.674549 -284.112529
-165.225358 -271.629149
-185.195048 -270.789341
-209.039254 -252.679136
-200.739968 -258.258977
-244.704606 -244.140095
-250.332194 -210.091713
-254.149889 -208.480799
-267.916793 -193.790483
-267.421367 -185.400260
-281.736476 -171.170116
-293.417278 -170.193353
-297.318573 -140.689165
-302.959681 -128.263778
-307.377071 -114.033159
-334.837887 -93.793087
-348.131805 -55.765313
-333.108703 -28.131942
-353.947862 -9.094270
-360.952784 14.207160
-360.695543 37.286311
-356.718211 67.639121
-361.932728 59.380671
-353.326152 93.574885
-347.464903 120.965928
-340.041423 141.260925
-360.630481 170.849629
-338.715658 201.895068
-331.648427 201.203756
-329.706523 226.551076
-304.035083 237.365558
-292.888573 256.721838
-261.849687 279.044519
-274.679578 279.332468
-244.149249 304.336653
-239.217450 327.928691
-217.184404 341.672431
-197.316835 348.980407
-182.372471 365.200313
-164.643795 357.437196
-140.393406 378.374092
-107.036176 388.057386
-99.966528 397.811009
-65.773602 402.397473
-54.965765 400.895608
-36.675215 419.120049
-12.456089 421.308329
16.970391 400.427724
18.869713 395.441140
52.231411 414.290481
67.603549 397.038453
87.495961 398.677661
104.202973 380.293655
140.090195 379.393110
156.028377 365.001489
173.981972 354.275203
178.879091 369.229500
211.190923 343.182371
225.213487 328.503713
244.156241 304.338022
245.841281 290.604954
251.546280 278.654098
296.159262 262.325406
314.700099 233.542677
61.971306 -380.865448
74.083687 -387.773246
96.094238 -383.758930
108.248099 -390.594398
125.320850 -386.856312
141.533416 -388.004680
154.778935 -372.710702
150.286528 -346.598871
146.115186 -336.376928
144.406068 -309.729026
140.408669 -295.821155
162.967534 -272.090576
179.963438 -276.844311
209.906646 -261.710515
220.525577 -261.829772
219.311486 -239.319471
252.820851 -221.615961
259.960850 -206.995604
283.505997 -205.693182
290.901542 -191.728572
317.661788 -159.954997
316.564490 -133.380970
328.158814 -117.604362
345.386309 -104.276825
335.832362 -86.425221
350.141002 -63.768940
365.668590 -43.560741
376.178934 -19.859052
363.248673 2.610709
361.788193 28.208935
364.077798 53.752681
367.521463 77.617929
361.169909 83.918219
351.980435 110.432798
350.988023 134.336437
346.154709 152.070908
345.836849 168.621699
333.377294 197.948404
323.639753 229.133563
-38.942351 -387.682841
-26.503526 -351.968367
-35.858444 -333.476912
-43.496428 -311.324939
-37.425535 -308.932502
-55.768761 -274.997985
-33.392836 -250.800594
-48.262230 -232.396530
-34.630688 -214.287575
45.247429 -366.727318
53.846046 -345.862114
53.912127 -341.772597
51.220327 -300.944099
40.987461 -295.862106
54.933625 -275.363515
50.601933 -263.246533
49.955770 -241.303998
60.090408 -220.246859
60.313266 -224.696900
76.859225 -200.989993
110.317661 -198.785738
124.306433 -182.308358
145.248583 -178.356828
160.357450 -168.597959
179.843459 -155.290300
181.911586 -137.901619
210.157783 -139.846435
211.673979 -117.183318
228.060956 -101.944084
224.191634 -69.214118
240.845701 -64.800948
240.592476 -66.972672
253.773856 -11.202285
255.917330 -11.532079
257.362799 8.551595
265.610057 37.012047
269.139445 59.537626
257.602542 96.809803
261.909287 105.222606
254.930351 123.862154
244.401994 148.966042
225.743948 168.023473
224.064873 175.687198
202.341141 206.622423
211.183336 206.258899
181.835135 237.404150
180.402899 247.399185
149.404041 258.473338
128.793092 261.016499
131.039544 284.182484
93.912860 285.202866
72.514284 301.864000
40.312628 302.975350
32.529261 304.829889
-4.805399 313.379404
-17.378663 293.393508
-37.290197 307.740078
-80.104038 286.113556
-54.150531 -212.244631
-76.183319 -179.083361
-99.283231 -186.832339
-125.920819 -194.702596
-144.186923 -171.241597
-164.044417 -168.706568
-179.046643 -138.112974
-198.867856 -132.826403
-204.425817 -113.499568
-226.453308 -95.506292
-222.963305 -77.698197
-245.423300 -46.503283
-243.641017 -32.834422
-251.593077 -13.471996
-244.876336 19.094474
-239.712482 51.226517
-264.353910 70.250764
-249.011205 98.990582
-251.522141 125.537080
-259.761235 144.334957
-227.996263 148.758427
-215.264577 181.570255
-208.238936 209.697180
-190.553944 208.745070
-181.998483 205.153854
-155.206607 228.859859
-144.700017 249.840240
-120.732381 271.689553
-106.385352 269.825134
-98.042545 276.283325
-109.368030 -340.918314
-82.846825 -359.000218
-74.962751 -355.669266
-72.038418 -364.370656
-64.978015 -355.166870
-92.142008 -341.079371
-93.928525 -318.293720
-87.616353 -303.351692
-56.236975 -328.344562
-63.030876 -333.987026
83.438497 -354.037980
99.201909 -349.988776
110.414964 -346.852821
103.933459 -340.607239
123.371694 -333.841989
80.138098 -342.334668
75.793536 -334.188713
76.676459 -329.835387
98.327708 -328.197558
106.330399 -311.786378
