0.010568 0.992895
0.012262 0.992837
0.014629 0.987545
0.021392 0.971199
0.022304 0.968602
0.027197 0.945120
0.025606 0.927618
0.025753 0.900012
0.012565 0.868614
0.024789 0.852845
0.025203 0.821903
0.023885 0.807751
0.019677 0.795258
0.012598 0.771011
0.016694 0.750936
0.021674 0.721334
0.017825 0.700279
0.014361 0.678695
0.005128 0.656806
0.000322 0.637999
0.001973 0.627784
0.001881 0.616772
0.002017 0.611910
0.002731 0.591235
0.003440 0.572492
0.005144 0.539657
0.004141 0.557527
0.007099 0.508754
0.006429 0.517917
0.005898 0.525603
0.005370 0.539043
0.008569 0.495142
0.011174 0.464792
0.012630 0.450539
0.014105 0.447788
0.011856 0.442074
0.010112 0.435469
0.009340 0.428929
0.011972 0.446193
0.009545 0.431419
0.009563 0.418304
0.009974 0.405622
0.009991 0.411371
0.012148 0.379930
0.012591 0.370579
0.013124 0.359253
0.014851 0.360554
0.008371 0.319833
0.006349 0.315876
0.010314 0.289413
0.014981 0.263837
0.010569 0.282941
0.017318 0.248177
0.019574 0.224700
0.019407 0.228414
0.021551 0.205278
0.021676 0.204917
0.021258 0.205369
0.019389 0.227286
0.019523 0.226620
0.021484 0.225065
0.026429 0.223443
0.024452 0.225264
0.039531 0.210048
0.041713 0.209667
0.039777 0.210056
0.048715 0.207651
0.055663 0.205250
0.043581 0.209469
0.047446 0.208037
0.051174 0.206777
0.057060 0.204568
0.064945 0.203304
0.065360 0.203268
0.068635 0.202662
0.071485 0.202134
0.076426 0.201754
0.093432 0.195080
0.097025 0.190795
0.084271 0.202599
0.087353 0.199860
0.090022 0.198465
0.095538 0.196446
0.105556 0.193196
0.110192 0.185749
0.108998 0.185278
0.110221 0.184986
0.110615 0.185310
0.112930 0.185756
0.113876 0.186707
0.133231 0.190547
0.134976 0.190441
0.136515 0.189723
0.138786 0.191630
0.151593 0.187479
0.154201 0.186107
0.161099 0.183637
0.159415 0.184316
0.156983 0.184791
0.162756 0.183442
0.169749 0.181790
0.164208 0.183145
0.166215 0.182628
0.170467 0.181439
0.173791 0.180757
0.177898 0.179682
0.184760 0.177803
0.187878 0.176876
0.195326 0.174749
0.197185 0.174137
0.206870 0.170583
0.214160 0.167945
0.217878 0.166159
0.223214 0.164017
0.223559 0.163885
0.222929 0.164203
0.227749 0.162641
0.235452 0.159946
0.239155 0.158857
0.238560 0.158968
0.242397 0.158446
0.246877 0.157918
0.252228 0.157166
0.257961 0.156479
0.260570 0.156197
0.265291 0.155692
0.269750 0.155241
0.272752 0.155106
0.277905 0.155357
0.286459 0.154812
0.288633 0.154599
0.290632 0.154408
0.296569 0.153755
0.299094 0.152883
0.299980 0.154915
0.305532 0.151749
0.307306 0.150975
0.318626 0.146204
0.319524 0.145854
0.322473 0.144765
0.326043 0.143390
0.329512 0.142126
0.332341 0.141088
0.338483 0.139594
0.342439 0.138666
0.347646 0.137614
0.352137 0.136395
0.353443 0.136071
0.357279 0.135642
0.364085 0.134917
0.369050 0.134088
0.373534 0.133440
0.375123 0.133178
0.381596 0.132209
0.387210 0.131306
0.390425 0.130393
0.389246 0.130936
0.389126 0.130956
0.406653 0.123960
0.405865 0.124204
0.408178 0.123461
0.411411 0.122297
0.412094 0.122070
0.426175 0.117330
0.433893 0.114544
0.430038 0.116046
0.427940 0.116766
0.432342 0.115427
0.434727 0.114785
0.438850 0.113947
0.443346 0.112982
0.447299 0.112089
0.452027 0.112128
0.497651 0.107183
0.478901 0.095088
0.481667 0.086142
0.481585 0.084514
0.481404 0.083866
0.481387 0.084123
0.481395 0.084046
0.484388 0.087159
0.488294 0.090508
0.490974 0.092014
0.495769 0.094050
0.502718 0.095009
0.505543 0.095009
0.511415 0.095213
0.514004 0.095329
0.512100 0.095251
0.516769 0.095496
0.522051 0.095829
0.524921 0.095991
0.531535 0.096306
0.535133 0.096472
0.539753 0.096674
0.543495 0.096753
0.547473 0.096800
0.551792 0.096893
0.556300 0.096869
0.562791 0.096790
0.578993 0.084443
0.588990 0.071281
0.592085 0.067991
0.592913 0.065885
0.592545 0.065816
0.593334 0.066538
0.594644 0.067028
0.594336 0.066852
0.597928 0.067910
0.601546 0.068899
0.605737 0.069541
0.611481 0.071335
0.614209 0.071989
0.619247 0.073050
0.622676 0.073091
0.627078 0.073218
0.633594 0.073272
0.632299 0.073320
0.637148 0.073248
0.637584 0.073250
0.637793 0.073163
0.661803 0.058651
0.669291 0.051981
0.668203 0.052228
0.669967 0.051539
0.673963 0.050276
0.673595 0.050317
0.676578 0.050592
0.682917 0.051199
0.685180 0.051520
0.688992 0.051420
0.690999 0.051436
0.696589 0.052024
0.700574 0.052075
0.704455 0.052037
0.708074 0.051989
0.713808 0.050957
0.716216 0.050799
0.719819 0.050088
0.724954 0.049063
0.733401 0.047356
0.737844 0.045300
0.735663 0.046830
0.736964 0.046264
0.745211 0.042295
0.776279 0.031555
0.770162 0.026425
0.770578 0.024954
0.771662 0.024078
0.771582 0.024362
0.772382 0.024611
0.771534 0.024174
0.776699 0.025076
0.779094 0.025340
0.784619 0.025790
0.788659 0.026916
0.792974 0.028232
0.796714 0.028703
0.800556 0.029189
0.803969 0.029545
0.808733 0.030062
0.814234 0.030588
0.817548 0.030845
0.821141 0.031526
0.824815 0.032054
0.828712 0.032499
0.835159 0.033136
0.838227 0.033302
0.841348 0.033502
0.855692 0.012086
0.854714 0.006611
0.854693 0.005241
0.855818 0.007384
0.851980 0.033787
0.860118 0.036969
0.862980 0.033613
0.866684 0.033049
0.866443 0.016341
0.871960 0.024373
0.871070 0.032502
0.874067 0.031570
0.878491 0.034240
0.897672 0.036802
0.888581 0.045522
0.893984 0.038448
0.907338 0.036049
0.912516 0.034527
0.914061 0.035285
0.917043 0.035647
0.917516 0.036419
0.938492 0.027404
0.924428 0.035044
0.930474 0.034208
0.945537 0.020867
0.946519 0.019918
0.947833 0.018287
0.945125 0.037220
0.947386 0.038123
0.948641 0.042307
0.949680 0.016129
0.949679 0.016138
0.949578 0.016933
0.949582 0.016885
0.948665 0.019106
0.949801 0.046707
0.949756 0.044875
0.956870 0.081554
0.950870 0.065005
0.957565 0.089250
0.959862 0.104048
0.963099 0.121165
0.963394 0.123545
0.963302 0.126499
0.962559 0.164839
0.964096 0.173998
0.963902 0.169647
0.966470 0.208417
0.967551 0.218348
0.966795 0.207281
0.968160 0.240573
0.967973 0.227544
0.967767 0.267338
0.968461 0.260644
0.957657 0.298528
0.967110 0.301827
0.968563 0.279817
0.968799 0.336337
0.968779 0.304026
0.969637 0.350172
0.969780 0.324174
0.971218 0.360813
0.971528 0.359054
0.970505 0.394130
0.975626 0.403268
0.974123 0.386324
0.980379 0.425053
0.977668 0.408769
0.983164 0.444537
0.984342 0.448060
0.984487 0.450668
0.987614 0.485806
0.987410 0.482034
0.989737 0.518820
0.989554 0.514219
0.990918 0.541295
0.991098 0.545350
0.991267 0.554439
0.991783 0.590630
0.992011 0.595550
0.991973 0.594183
0.990989 0.625975
0.991528 0.614683
0.990753 0.632428
0.988596 0.659156
0.989069 0.661040
0.988889 0.667516
0.986879 0.704233
0.987003 0.714569
0.986774 0.721145
0.981500 0.750364
0.984949 0.736362
0.982997 0.746038
0.978690 0.758167
0.979433 0.767151
0.979457 0.768370
0.983768 0.743230
0.984100 0.741633
0.986695 0.723148
0.985508 0.732097
0.986860 0.721090
0.986976 0.715881
0.986534 0.723961
0.961539 0.755293
0.983101 0.744902
0.943874 0.771612
0.979596 0.768098
0.949908 0.771043
0.934809 0.779619
0.930200 0.781859
0.933447 0.780075
0.943083 0.772387
0.942061 0.773599
0.933909 0.779195
0.920258 0.787319
0.905933 0.795777
0.934140 0.779810
0.918348 0.788585
0.905310 0.796132
0.894940 0.800272
0.893154 0.800876
0.899331 0.798677
0.891087 0.801124
0.876660 0.802690
0.863041 0.807332
0.856410 0.809043
0.846420 0.811496
0.833860 0.813619
0.827333 0.814208
0.844438 0.811561
0.847585 0.809884
0.832189 0.813584
0.815224 0.813188
0.792180 0.812471
0.846316 0.811320
0.773218 0.814964
0.764561 0.817007
0.829693 0.814244
0.828710 0.814359
0.823932 0.813900
0.761797 0.818292
0.787216 0.811807
0.786916 0.811863
0.790990 0.804029
0.770267 0.814743
0.760916 0.817513
0.760521 0.817797
0.732331 0.822604
0.740298 0.821866
0.721356 0.823832
0.757463 0.819526
0.754559 0.819584
0.741962 0.821730
0.744829 0.821321
0.733665 0.822497
0.747326 0.820843
0.712607 0.826312
0.722869 0.823298
0.713501 0.826023
0.709240 0.827404
0.722691 0.823294
0.709209 0.827454
0.706105 0.828857
0.693522 0.833523
0.693896 0.833414
0.692911 0.833722
0.696138 0.832561
0.678621 0.838726
0.675893 0.839634
0.670549 0.841600
0.661044 0.845063
0.663825 0.844214
0.652231 0.848553
0.648411 0.849910
0.684865 0.836615
0.661948 0.844999
0.657842 0.846668
0.654811 0.847862
0.654798 0.847865
0.647747 0.850100
0.638671 0.852156
0.630587 0.853965
0.623610 0.855593
0.616713 0.857189
0.615161 0.857574
0.616087 0.857335
0.614309 0.857808
0.605613 0.860402
0.590519 0.864499
0.583412 0.866975
0.578787 0.868809
0.576821 0.869479
0.572397 0.869836
0.561276 0.871027
0.580191 0.868270
0.576659 0.869515
0.543955 0.872992
0.541583 0.873254
0.542955 0.873169
0.545073 0.872530
0.552369 0.871617
0.542989 0.872170
0.526891 0.873060
0.519469 0.873207
0.540610 0.873173
0.524458 0.873086
0.516823 0.873457
0.519883 0.873189
0.480928 0.874310
0.479077 0.875024
0.483111 0.873870
0.485985 0.873613
0.481750 0.874118
0.470608 0.878589
0.471117 0.878383
0.465494 0.880805
0.464426 0.880828
0.454100 0.883235
0.445934 0.886179
0.454548 0.882580
0.451990 0.881840
0.439404 0.887259
0.429470 0.898235
0.429036 0.900290
0.432646 0.894900
0.430761 0.897040
0.427788 0.900168
0.426893 0.899142
0.414955 0.896507
0.409790 0.898304
0.411810 0.888124
0.409030 0.882247
0.407101 0.866846
0.413126 0.857143
0.398146 0.863406
0.384807 0.866892
0.384558 0.870304
0.379447 0.866536
0.376517 0.864746
0.349037 0.857931
0.329044 0.869081
0.323616 0.876426
0.328996 0.874920
0.324755 0.891250
0.321978 0.904446
0.324089 0.895860
0.324232 0.902323
0.321642 0.904800
0.318859 0.906736
0.316054 0.906881
0.308556 0.907465
0.313045 0.907614
0.312429 0.907592
0.305990 0.904332
0.304806 0.900675
0.295537 0.902504
0.286429 0.902468
0.297980 0.903756
0.273014 0.913337
0.276500 0.911595
0.263095 0.915414
0.260287 0.916220
0.258836 0.916499
0.254482 0.916460
0.247945 0.916459
0.245207 0.916263
0.242170 0.916009
0.234063 0.914776
0.225712 0.913301
0.221843 0.912030
0.217633 0.912151
0.211997 0.911465
0.203355 0.910550
0.194781 0.909515
0.195975 0.909667
0.189698 0.907518
0.186034 0.907483
0.175781 0.908745
0.178014 0.908487
0.177688 0.903398
0.175180 0.899165
0.175229 0.896987
0.162862 0.890114
0.147107 0.891057
0.148908 0.893354
0.132072 0.892215
0.127647 0.893684
0.129427 0.901696
0.125279 0.914413
0.116833 0.928669
0.111462 0.934804
0.101523 0.952646
0.101128 0.963037
0.100624 0.961532
0.101188 0.963778
0.100984 0.962339
0.100333 0.962320
0.097874 0.961547
0.094315 0.955012
0.079630 0.945384
0.080756 0.955371
0.073138 0.960278
0.064654 0.965720
0.064607 0.965892
0.061403 0.966621
0.059738 0.968170
0.057337 0.965138
0.059215 0.965935
0.050655 0.962641
0.032702 0.948852
0.027271 0.955415
0.024471 0.964136
0.020096 0.975475
0.019484 0.977446
0.011971 0.993768
0.012061 0.993463
