-0.031149 0.424445
-0.027558 0.364279
-0.026257 0.415950
-0.034844 0.425643
-0.032314 0.389580
-0.032832 0.389099
-0.029679 0.375908
-0.042150 0.447068
-0.040365 0.428138
-0.042610 0.448138
-0.042480 0.448050
-0.042499 0.448108
-0.035678 0.405967
-0.034470 0.395308
-0.039653 0.429677
-0.041022 0.430078
-0.043161 0.435728
-0.032498 0.408852
-0.033359 0.405638
-0.034708 0.418550
-0.037000 0.421494
-0.037728 0.422273
-0.039663 0.419186
-0.043025 0.429536
-0.044844 0.430658
-0.042394 0.401407
-0.041873 0.405874
-0.046718 0.431771
-0.045348 0.433928
-0.042427 0.425714
-0.044166 0.411329
-0.044601 0.444010
-0.044232 0.411339
-0.042724 0.400474
-0.048394 0.427632
-0.045371 0.404708
-0.044149 0.384582
-0.046821 0.407622
-0.053612 0.407506
-0.058019 0.431392
-0.055585 0.410783
-0.061412 0.421791
-0.060069 0.432890
-0.055776 0.445083
-0.055607 0.445123
-0.055632 0.445459
-0.059407 0.433427
-0.059870 0.403368
-0.062657 0.403549
-0.054326 0.392088
-0.062790 0.403562
-0.062983 0.403465
-0.057691 0.435522
-0.071302 0.430295
-0.068613 0.403207
-0.071518 0.402626
-0.072917 0.406139
-0.072721 0.399627
-0.058272 0.377460
-0.056189 0.376424
-0.071943 0.373074
-0.070258 0.423051
-0.073814 0.403282
-0.067937 0.415751
-0.067638 0.415453
-0.068918 0.413106
-0.071804 0.429424
-0.072647 0.433428
-0.075054 0.423952
-0.072518 0.433434
-0.075547 0.412308
-0.079484 0.405589
-0.079559 0.403521
-0.075846 0.391277
-0.075804 0.391147
-0.082551 0.405317
-0.087234 0.407612
-0.090225 0.411848
-0.097128 0.411690
-0.094629 0.409679
-0.092856 0.407211
-0.103295 0.415631
-0.093149 0.406080
-0.096076 0.407502
-0.100858 0.409885
-0.112078 0.420578
-0.109509 0.417378
-0.115263 0.423857
-0.104070 0.405650
-0.105246 0.410870
-0.115950 0.424475
-0.118023 0.426620
-0.121788 0.426920
-0.117433 0.425541
-0.105778 0.411124
-0.104061 0.410616
-0.115274 0.424123
-0.105540 0.411000
-0.118550 0.426648
-0.117179 0.422946
-0.124580 0.428915
-0.124120 0.428969
-0.125495 0.427427
-0.129117 0.425017
-0.128008 0.425782
-0.131558 0.423408
-0.132152 0.422898
-0.132949 0.422693
-0.136203 0.422062
-0.137952 0.419216
-0.141306 0.421611
-0.144387 0.423227
-0.147170 0.421881
-0.150304 0.422934
-0.150614 0.423120
-0.152967 0.424189
-0.155579 0.423811
-0.158036 0.423617
-0.162844 0.423811
-0.166783 0.433199
-0.166651 0.433124
-0.167295 0.432803
-0.166028 0.418431
-0.169656 0.431094
-0.170520 0.431181
-0.171628 0.430852
-0.172068 0.430799
-0.174616 0.423093
-0.174469 0.423617
-0.175801 0.420868
-0.177471 0.419048
-0.177620 0.418942
-0.177538 0.414311
-0.177533 0.411231
-0.177535 0.411193
-0.177095 0.401104
-0.176811 0.399887
-0.177086 0.401118
-0.176923 0.403706
-0.176314 0.398182
-0.176640 0.399225
-0.175470 0.395673
-0.173778 0.389846
-0.175441 0.383392
-0.175934 0.382582
-0.175125 0.384912
-0.175899 0.382690
-0.176282 0.381298
-0.176354 0.381012
-0.176538 0.379763
-0.176811 0.376632
-0.178043 0.367694
-0.178140 0.366565
-0.178128 0.366632
-0.178058 0.367487
-0.178089 0.363828
-0.178085 0.363517
-0.177441 0.355872
-0.177903 0.360862
-0.177830 0.359941
-0.176878 0.351633
-0.176900 0.351610
-0.177385 0.346287
-0.177418 0.345654
-0.177416 0.345761
-0.177416 0.345845
-0.177416 0.345649
-0.177914 0.336767
-0.178191 0.331838
-0.178424 0.327736
-0.178401 0.327981
-0.178525 0.326042
-0.178645 0.323964
-0.178661 0.323480
-0.178615 0.324571
-0.178726 0.321145
-0.178716 0.320087
-0.178636 0.314415
-0.178704 0.311531
-0.178676 0.309711
-0.178566 0.306339
-0.178656 0.308124
-0.178197 0.300428
-0.178183 0.300194
-0.178203 0.299412
-0.178391 0.295632
-0.178425 0.292454
-0.178472 0.291164
-0.178655 0.287871
-0.178708 0.283521
-0.178707 0.280562
-0.178716 0.276520
-0.178713 0.275230
-0.178741 0.274084
-0.178777 0.273693
-0.179006 0.271605
-0.179382 0.269066
-0.179852 0.266214
-0.179849 0.265341
-0.179876 0.265912
-0.179628 0.259862
-0.179850 0.254851
-0.179829 0.254447
-0.179748 0.252319
-0.179541 0.249475
-0.179666 0.251031
-0.179099 0.243932
-0.179093 0.243880
-0.178819 0.239422
-0.178516 0.233709
-0.178361 0.232255
-0.178335 0.231660
-0.178391 0.230873
-0.178695 0.228001
-0.179072 0.221153
-0.179080 0.219311
-0.179143 0.218151
-0.179363 0.215608
-0.179518 0.212095
-0.179762 0.208662
-0.179982 0.205952
-0.180086 0.204745
-0.180249 0.203551
-0.180375 0.201099
-0.181337 0.198066
-0.181308 0.197950
-0.180989 0.197295
-0.181405 0.198162
-0.177990 0.190101
-0.176341 0.189166
-0.178089 0.181894
-0.178373 0.179123
-0.178369 0.179089
-0.178358 0.179459
-0.177337 0.177597
-0.178211 0.171363
-0.178237 0.167679
-0.178359 0.165831
-0.178404 0.163499
-0.178333 0.160454
-0.178282 0.158201
-0.178111 0.156561
-0.177857 0.154687
-0.177319 0.151683
-0.176152 0.144799
-0.176578 0.146667
-0.175732 0.144534
-0.176322 0.137474
-0.176232 0.139915
-0.176404 0.135718
-0.176346 0.136947
-0.176738 0.132950
-0.176700 0.132827
-0.175689 0.130379
-0.174901 0.128348
-0.173916 0.124315
-0.173995 0.121388
-0.173996 0.118446
-0.173872 0.117103
-0.173780 0.113147
-0.173607 0.111476
-0.173028 0.109827
-0.173268 0.104586
-0.173344 0.102327
-0.173474 0.102291
-0.173735 0.103179
-0.171284 0.101893
-0.171240 0.101780
-0.170143 0.101388
-0.164825 0.101288
-0.169877 0.101283
-0.163952 0.101038
-0.164149 0.101037
-0.162219 0.101079
-0.161386 0.101144
-0.154902 0.101572
-0.151519 0.100208
-0.151430 0.100205
-0.145130 0.099585
-0.140609 0.099174
-0.140627 0.099220
-0.137671 0.098807
-0.134092 0.098981
-0.131469 0.099025
-0.128330 0.099059
-0.129515 0.099042
-0.127285 0.099047
-0.123423 0.099031
-0.118942 0.099483
-0.116554 0.098804
-0.114137 0.098495
-0.111818 0.098247
-0.109001 0.098030
-0.111849 0.098269
-0.105666 0.097833
-0.102078 0.097678
-0.104900 0.097809
-0.099735 0.097596
-0.099073 0.097594
-0.096597 0.097487
-0.093776 0.097401
-0.090691 0.097315
-0.095585 0.097456
-0.090388 0.097303
-0.085743 0.097116
-0.084920 0.097079
-0.082082 0.096960
-0.079239 0.097188
-0.080941 0.097120
-0.076833 0.097520
-0.073035 0.098372
-0.074639 0.098022
-0.069790 0.097328
-0.066099 0.097039
-0.067864 0.097153
-0.072596 0.097992
-0.063837 0.096918
-0.061450 0.096678
-0.061717 0.096698
-0.058444 0.096464
-0.055629 0.096271
-0.055117 0.096238
-0.052785 0.096085
-0.052904 0.096094
-0.050292 0.095654
-0.048103 0.095304
-0.047217 0.095202
-0.047492 0.095261
-0.042788 0.094452
-0.042902 0.094528
-0.041826 0.093582
-0.041776 0.093563
-0.044952 0.094638
-0.043159 0.094354
-0.039484 0.093114
-0.038863 0.092911
-0.035551 0.092384
-0.033005 0.091695
-0.031917 0.091219
-0.035433 0.092360
-0.038027 0.092818
-0.033120 0.091753
-0.030207 0.090377
-0.026088 0.089093
-0.024941 0.088599
-0.025433 0.087862
-0.024646 0.086519
-0.023675 0.084276
-0.020399 0.082325
-0.020288 0.081357
-0.018457 0.079483
-0.017569 0.077069
-0.016310 0.074577
-0.015501 0.071248
-0.015907 0.068811
-0.016491 0.067615
-0.016336 0.066400
-0.016529 0.066302
-0.012665 0.065459
-0.008396 0.063601
-0.007208 0.063089
-0.005790 0.062869
-0.001912 0.062232
0.003280 0.061975
0.004337 0.061137
0.007613 0.060223
0.009856 0.059417
0.012455 0.058766
0.015881 0.057781
0.015930 0.057833
0.018387 0.058557
0.021201 0.060241
0.025622 0.058832
0.028674 0.058711
0.033638 0.057990
0.032133 0.058209
0.034626 0.058106
0.038377 0.058398
0.037832 0.058920
0.045136 0.057808
0.047679 0.057717
0.049815 0.057607
0.054613 0.057635
0.058467 0.056075
0.059487 0.054932
0.065347 0.056860
0.067531 0.056324
0.070363 0.056065
0.069831 0.055449
0.077847 0.059344
0.087382 0.055462
0.086225 0.056242
0.086959 0.055744
0.088618 0.055585
0.091073 0.055474
0.102563 0.055135
0.102246 0.055197
0.103168 0.055317
0.106280 0.055280
0.109367 0.055992
0.109325 0.055945
0.115912 0.057607
0.122720 0.056610
0.122723 0.056617
0.124274 0.057834
0.129823 0.059060
0.137897 0.057700
0.137845 0.057951
0.138478 0.056967
0.140758 0.058443
0.143742 0.059049
0.148015 0.058565
0.147936 0.058766
0.148212 0.058408
0.148018 0.058647
0.147428 0.060857
0.149646 0.065867
0.147893 0.059195
0.146356 0.063097
0.145996 0.067444
0.144988 0.066147
0.142283 0.066253
0.141063 0.069760
0.137208 0.069040
0.135407 0.070470
0.131361 0.070133
0.132905 0.072352
0.128403 0.072294
0.124321 0.072497
0.121460 0.074180
0.118409 0.072947
0.124352 0.075333
0.116718 0.075009
0.116934 0.076031
0.108388 0.075506
0.105231 0.077153
0.104207 0.075988
0.097075 0.075948
0.105871 0.078645
0.097914 0.079104
0.096882 0.079018
0.096708 0.079597
0.094235 0.078462
0.079419 0.078528
0.072947 0.076945
0.072239 0.078504
0.072223 0.078863
0.070653 0.079551
0.069765 0.078160
0.068537 0.081151
0.067280 0.078676
0.068659 0.084505
0.068601 0.088952
0.070569 0.091129
0.066981 0.094922
0.064075 0.096539
0.063964 0.097159
0.062436 0.096045
0.063717 0.096818
0.064153 0.096973
0.063884 0.097155
0.064919 0.096895
0.070691 0.097208
0.073004 0.099224
0.075803 0.101310
0.076816 0.101845
0.076811 0.101859
0.085386 0.101653
0.087891 0.101840
0.089529 0.100563
0.096043 0.102115
0.095892 0.102126
0.097507 0.102025
0.098575 0.102026
0.103460 0.101141
0.106561 0.101892
0.108394 0.101356
0.114402 0.102073
0.114399 0.102073
0.115399 0.101722
0.124617 0.101187
0.124414 0.101220
0.127129 0.101211
0.128641 0.101193
0.135818 0.101166
0.135777 0.101143
0.138383 0.100837
0.142097 0.100443
0.148814 0.098634
0.151228 0.101365
0.151396 0.100896
0.154914 0.100603
0.156604 0.100758
0.160751 0.101137
0.164453 0.101266
0.169643 0.101711
0.169819 0.101729
0.172012 0.101951
0.174200 0.102201
0.175624 0.102423
0.177979 0.102422
0.183954 0.103108
0.186392 0.103402
0.186971 0.103604
0.192386 0.103640
0.193150 0.103709
0.195670 0.103600
0.197178 0.103619
0.199408 0.103758
0.203548 0.103916
0.206075 0.103839
0.208289 0.103372
0.212341 0.104613
0.213441 0.105207
0.218405 0.106716
0.222230 0.107170
0.227816 0.106097
0.229292 0.105423
0.229406 0.105256
0.224612 0.107601
0.229509 0.105172
0.229006 0.105616
0.227444 0.107052
0.225581 0.111525
0.226816 0.113532
0.226404 0.115872
0.226324 0.118140
0.226342 0.119404
0.226162 0.122211
0.225652 0.125176
0.223936 0.130026
0.225933 0.131814
0.226172 0.132394
0.226750 0.135393
0.227581 0.138419
0.227765 0.139271
0.227987 0.140723
0.228118 0.142452
0.228443 0.145672
0.228845 0.147330
0.229111 0.148510
0.229589 0.150287
0.229639 0.152466
0.229149 0.148725
0.229338 0.156120
0.229403 0.158885
0.229321 0.162230
0.229345 0.164465
0.229362 0.166956
0.229340 0.166886
0.229077 0.171247
0.228772 0.174649
0.228498 0.177655
0.228421 0.178382
0.228431 0.178398
0.228732 0.181931
0.229115 0.185863
0.229246 0.188682
0.229221 0.191722
0.229239 0.193273
0.229122 0.195508
0.228978 0.196981
0.228903 0.201447
0.228864 0.204612
0.228703 0.206934
0.228838 0.205693
0.228452 0.209151
0.227518 0.212656
0.228667 0.216506
0.228645 0.216085
0.228816 0.219380
0.228945 0.221682
0.229367 0.225014
0.229458 0.225830
0.229510 0.227880
0.229536 0.230639
0.229566 0.234304
0.229808 0.238262
0.229895 0.239759
0.229954 0.243215
0.229889 0.245185
0.229764 0.248200
0.229958 0.249266
0.230097 0.251328
0.230208 0.252317
0.230659 0.257227
0.231071 0.261791
0.231069 0.261991
0.231113 0.263606
0.231112 0.264748
0.231055 0.267854
0.231095 0.269218
0.231112 0.271995
0.231093 0.274728
0.231124 0.276646
0.231161 0.279298
0.231163 0.279788
0.231250 0.282847
0.231422 0.287431
0.231515 0.290080
0.231516 0.290798
0.231482 0.293448
0.231422 0.295316
0.231321 0.298443
0.231241 0.299821
0.231158 0.301551
0.231006 0.304357
0.231216 0.306566
0.231332 0.310809
0.231401 0.313171
0.231515 0.316754
0.231540 0.317224
0.231849 0.322553
0.231929 0.324130
0.232002 0.325329
0.232067 0.326412
0.232194 0.328326
0.232406 0.331332
0.232662 0.334629
0.232719 0.336283
0.232817 0.338610
0.232951 0.343058
0.233020 0.344677
0.233004 0.347504
0.233307 0.349958
0.233497 0.352246
0.233584 0.353114
0.233870 0.355918
0.234494 0.362545
0.234588 0.363855
0.235362 0.374180
0.235420 0.382948
0.235168 0.371419
0.235295 0.373021
0.235412 0.375117
0.235439 0.375819
0.235933 0.381042
0.235466 0.382500
0.235392 0.383421
0.234647 0.385915
0.237461 0.399941
0.237286 0.399485
0.237964 0.401676
0.238233 0.402751
0.239076 0.404198
0.238911 0.404296
0.239013 0.404203
0.236374 0.404887
0.235942 0.409879
0.235032 0.413347
0.234950 0.414054
0.234940 0.414223
0.234927 0.413975
0.233015 0.414049
0.231813 0.417142
0.229584 0.424837
0.230620 0.425484
0.229737 0.424929
0.228684 0.424185
0.230288 0.425384
0.228635 0.424220
0.222576 0.421586
0.221578 0.421506
0.219981 0.420338
0.214807 0.417242
0.208610 0.416198
0.206194 0.418005
0.204409 0.418039
0.204374 0.418047
0.203057 0.418149
0.200790 0.418297
0.200866 0.418287
0.194201 0.416854
0.189995 0.415826
0.190368 0.415927
0.189079 0.415612
0.186737 0.415304
0.182931 0.414484
0.179829 0.415158
0.184082 0.413866
0.177989 0.415527
0.175392 0.415875
0.172638 0.416499
0.170213 0.416430
0.167987 0.417029
0.165609 0.417944
0.163484 0.418771
0.161123 0.419542
0.158360 0.419501
0.158525 0.419507
0.156300 0.419084
0.155719 0.419047
0.150158 0.416968
0.147881 0.416420
0.145571 0.414779
0.143939 0.416242
0.142416 0.416783
0.139577 0.417132
0.136720 0.417676
0.137357 0.417602
0.134869 0.418287
0.132649 0.418892
0.131900 0.419111
0.129718 0.420083
0.127609 0.419518
0.124724 0.419842
0.121674 0.419654
0.118511 0.419372
0.117411 0.419161
0.116009 0.419255
0.114578 0.419784
0.113926 0.420168
0.111393 0.421352
0.110736 0.421045
0.108053 0.420682
0.106238 0.420290
0.102253 0.418940
0.101286 0.419260
0.095815 0.414132
0.092993 0.432836
0.102655 0.421380
0.097142 0.430499
0.094506 0.415521
0.098229 0.415753
0.095593 0.411909
0.092328 0.416871
0.092595 0.432012
0.098297 0.418811
0.089590 0.451332
0.089572 0.451736
0.089641 0.450463
0.086237 0.434401
0.087419 0.429825
0.082687 0.436436
0.082980 0.436787
0.080272 0.434834
0.074288 0.431386
0.081817 0.436413
0.069522 0.429860
0.063414 0.423250
0.068704 0.429721
0.065833 0.429415
0.063627 0.423491
0.061991 0.428851
0.061968 0.424078
0.060582 0.430043
0.061451 0.426058
0.058697 0.426746
0.057108 0.427016
0.052142 0.433834
0.052781 0.433957
0.052463 0.433897
0.049792 0.430075
0.042504 0.411906
0.042387 0.412198
0.042451 0.411930
0.040642 0.432169
0.042977 0.428348
0.030217 0.413308
0.036125 0.415599
0.033421 0.424728
0.029211 0.413477
0.026756 0.413935
0.030424 0.426352
0.032702 0.426006
0.029026 0.433786
0.028158 0.413459
0.027541 0.423103
0.018404 0.434441
0.022390 0.426776
0.029951 0.427466
0.029291 0.426816
0.027185 0.426073
0.024644 0.425350
0.017612 0.422468
0.017635 0.420566
0.017876 0.421555
0.014261 0.421119
0.015485 0.422040
0.015148 0.439867
0.015095 0.440135
0.012693 0.440515
0.004882 0.445558
0.009274 0.427658
0.006816 0.435542
0.010615 0.424758
0.003463 0.408410
0.003281 0.408620
0.004832 0.423214
0.004314 0.416945
0.006614 0.424842
0.005981 0.436377
0.004256 0.431084
-0.000498 0.427737
-0.000303 0.442159
-0.004731 0.427428
-0.007292 0.411686
-0.000999 0.431633
-0.007490 0.415530
-0.002738 0.419800
-0.000279 0.417981
0.003522 0.413467
0.004099 0.413060
0.002419 0.407296
0.006878 0.441806
0.006145 0.438149
0.005017 0.430836
0.004502 0.430148
-0.001809 0.461991
-0.001509 0.461377
-0.001971 0.461907
0.001731 0.443388
-0.007442 0.467225
-0.005860 0.465654
-0.006817 0.465982
-0.007231 0.467197
-0.007169 0.427031
-0.014992 0.406399
-0.014229 0.409953
-0.015182 0.427310
-0.018103 0.408502
-0.021072 0.420006
-0.019282 0.405203
-0.019513 0.406877
-0.025113 0.405506
-0.028472 0.431790
-0.021469 0.411273
-0.022294 0.409708
-0.029722 0.424087
-0.028954 0.422969
-0.027902 0.420287
-0.032723 0.422702
-0.036470 0.423002
-0.031560 0.426748
-0.020928 0.412864
-0.017276 0.412741
-0.015645 0.427250
-0.014391 0.417716
-0.012139 0.414640
-0.010152 0.415869
-0.011259 0.414623
-0.006007 0.416699
-0.009779 0.423955
-0.016056 0.426850
-0.014765 0.411163
-0.017572 0.406943
-0.022353 0.415429
-0.024995 0.419060
-0.019308 0.405040
-0.020119 0.409600
-0.028312 0.431972
-0.027229 0.423135
-0.029854 0.382271
-0.028284 0.369118
-0.027327 0.364178
-0.027810 0.364667
-0.027549 0.364333
-0.036333 0.404662
-0.029730 0.375924
-0.016345 0.356633
-0.014041 0.410810
-0.010366 0.415695
-0.012638 0.411845
-0.018860 0.404818
-0.002308 0.443126
-0.003188 0.416830
-0.000353 0.428536
0.003519 0.410821
0.006321 0.436613
0.006878 0.434607
0.007144 0.430098
0.007426 0.432211
0.012279 0.425909
0.010566 0.431477
0.014006 0.438994
0.007708 0.433589
0.031804 0.426149
0.037148 0.416890
0.035280 0.415238
0.037098 0.415234
0.040935 0.422937
0.045522 0.428611
0.047199 0.427485
0.050859 0.431886
0.041869 0.422373
0.040434 0.423819
0.035329 0.415175
0.032180 0.426051
0.029840 0.426697
0.036520 0.437122
0.042147 0.416025
0.041852 0.412680
0.062972 0.423095
0.063023 0.423119
0.062744 0.423016
0.063914 0.423702
0.072521 0.431606
0.065438 0.428584
0.048647 0.420340
0.055607 0.426675
0.056958 0.428775
0.041785 0.412816
0.089577 0.450695
-0.100994 0.411472
-0.064623 0.430239
-0.059244 0.405095
-0.059911 0.433089
-0.049881 0.409579
-0.045544 0.409670
-0.046200 0.416722
-0.042043 0.411543
-0.045293 0.433841
-0.039198 0.448261
-0.044780 0.429898
-0.043383 0.399363
