169.000000 297.000000
205.064951 241.611871
116.851182 320.052746
175.000000 315.000000
182.000000 279.000000
184.000000 320.000000
191.000000 274.000000
194.000000 320.000000
196.000000 265.000000
204.000000 257.000000
204.000000 320.000000
214.000000 252.000000
214.000000 320.000000
211.844656 259.672561
224.000000 232.000000
224.000000 320.000000
229.000000 222.000000
234.000000 320.000000
237.000000 214.000000
243.000000 325.000000
245.000000 206.000000
253.000000 325.000000
255.000000 201.000000
262.000000 320.000000
265.000000 196.000000
307.211535 658.648197
269.000000 637.000000
269.000000 647.000000
269.000000 657.000000
321.326238 663.005490
269.000000 677.000000
216.434529 711.383024
269.000000 697.000000
272.000000 324.000000
273.000000 189.000000
212.971857 560.522453
274.000000 587.000000
274.000000 597.000000
274.000000 607.000000
274.000000 617.000000
290.537837 745.938520
274.000000 716.000000
321.984141 805.721422
274.000000 736.000000
279.000000 542.000000
279.000000 552.000000
279.000000 562.000000
279.000000 745.000000
279.000000 755.000000
282.000000 184.000000
202.029515 374.923922
282.000000 765.000000
284.000000 522.000000
284.000000 532.000000
289.000000 502.000000
289.000000 512.000000
289.000000 773.000000
290.000000 332.000000
290.000000 783.000000
291.000000 179.000000
294.000000 477.000000
294.000000 487.000000
295.000000 792.000000
297.000000 340.000000
299.000000 457.000000
299.000000 467.000000
299.000000 802.000000
301.000000 175.000000
302.000000 349.000000
304.000000 432.000000
304.000000 442.000000
304.000000 811.000000
306.000000 359.000000
309.000000 369.000000
309.000000 379.000000
309.000000 389.000000
299.819193 474.941421
313.675420 351.257988
194.962178 418.219982
309.000000 820.000000
311.000000 174.000000
315.000000 828.000000
320.000000 837.000000
321.000000 170.000000
324.000000 847.000000
331.000000 169.000000
332.000000 854.000000
339.000000 862.000000
341.000000 169.000000
344.000000 871.000000
351.000000 169.000000
351.000000 879.000000
359.000000 885.000000
361.000000 169.000000
365.000000 893.000000
354.315831 91.659649
373.000000 900.000000
380.000000 908.000000
381.000000 169.000000
388.000000 915.000000
390.000000 174.000000
394.000000 923.000000
399.000000 932.000000
400.000000 174.000000
407.000000 939.000000
409.000000 179.000000
415.000000 945.000000
412.589972 203.143203
424.000000 950.000000
425.000000 189.000000
433.000000 955.000000
435.000000 189.000000
440.000000 963.000000
444.000000 194.000000
448.000000 970.000000
452.000000 200.000000
457.000000 975.000000
460.000000 207.000000
466.000000 980.000000
467.000000 215.000000
460.290954 142.758647
474.000000 986.000000
479.000000 232.000000
479.000000 995.000000
485.000000 240.000000
485.000000 1003.000000
487.000000 250.000000
493.000000 1010.000000
495.000000 257.000000
495.000000 267.000000
500.000000 276.000000
502.000000 1015.000000
503.000000 286.000000
505.000000 296.000000
505.000000 306.000000
510.000000 315.000000
510.000000 325.000000
510.000000 335.000000
510.000000 345.000000
512.000000 1019.000000
515.000000 354.000000
515.000000 364.000000
515.000000 374.000000
515.000000 384.000000
520.000000 393.000000
520.000000 403.000000
521.000000 1024.000000
524.000000 1157.000000
525.000000 412.000000
529.000000 422.000000
530.000000 1165.000000
531.000000 1028.000000
532.000000 1149.000000
534.000000 431.000000
599.489891 392.974530
540.000000 451.000000
574.043232 1045.713513
540.000000 1141.000000
540.000000 1165.000000
451.621463 428.374598
548.000000 1135.000000
549.000000 1170.000000
550.000000 469.000000
550.000000 1037.000000
558.000000 475.000000
558.000000 1139.000000
559.000000 1042.000000
559.000000 1170.000000
565.000000 483.000000
568.000000 1139.000000
569.000000 1045.000000
569.000000 1170.000000
570.000000 492.000000
577.000000 500.000000
578.000000 1139.000000
579.000000 1045.000000
579.000000 1170.000000
585.000000 507.000000
588.000000 1050.000000
588.000000 1139.000000
589.000000 1170.000000
592.000000 515.000000
597.000000 1055.000000
598.000000 1139.000000
599.000000 1170.000000
602.000000 519.000000
532.769519 1074.113278
608.000000 1139.000000
609.000000 527.000000
609.000000 1170.000000
616.000000 1060.000000
617.000000 534.000000
617.000000 1134.000000
618.000000 1175.000000
624.000000 542.000000
665.146294 1022.301351
625.000000 1126.000000
628.000000 1175.000000
632.000000 549.000000
633.000000 1119.000000
634.000000 1070.000000
637.000000 1109.000000
638.000000 1175.000000
639.000000 1079.000000
639.000000 1089.000000
639.000000 1099.000000
678.573227 490.311001
648.000000 1175.000000
650.000000 559.000000
658.000000 565.000000
658.000000 1175.000000
667.000000 570.000000
667.000000 1180.000000
675.000000 1115.000000
675.000000 1125.000000
675.000000 1135.000000
675.000000 1145.000000
675.000000 1187.000000
677.000000 574.000000
680.000000 1105.000000
680.000000 1154.000000
684.000000 1192.000000
685.000000 1095.000000
685.000000 1163.000000
686.000000 579.000000
690.000000 1085.000000
690.000000 1172.000000
692.000000 1199.000000
695.000000 584.000000
695.000000 1181.000000
698.000000 1078.000000
699.000000 1207.000000
700.000000 1190.000000
704.000000 589.000000
724.207459 1098.169395
714.000000 591.000000
715.000000 1065.000000
723.000000 596.000000
725.000000 1065.000000
644.280480 542.808120
874.094791 977.516128
725.154905 588.467238
745.000000 1065.000000
752.000000 609.000000
754.000000 1070.000000
761.000000 614.000000
764.000000 1070.000000
770.000000 619.000000
774.000000 1070.000000
780.000000 622.000000
784.000000 1070.000000
756.852577 600.973037
793.000000 1075.000000
799.000000 629.000000
802.000000 1070.000000
808.000000 634.000000
851.229137 1086.977109
818.000000 635.000000
822.000000 1065.000000
827.000000 640.000000
832.000000 1064.000000
837.000000 644.000000
842.000000 1060.000000
846.000000 649.000000
851.000000 1055.000000
855.000000 654.000000
860.000000 1050.000000
864.000000 659.000000
870.000000 1045.000000
901.867241 649.933049
861.666159 941.142229
852.546475 656.489383
890.000000 1030.000000
893.000000 670.000000
900.000000 1025.000000
903.000000 674.000000
910.000000 1025.000000
912.000000 679.000000
918.000000 1018.000000
921.000000 684.000000
925.000000 1010.000000
930.000000 689.000000
935.000000 1010.000000
940.000000 692.000000
943.000000 1003.000000
949.000000 697.000000
953.000000 998.000000
959.000000 699.000000
963.000000 993.000000
943.931208 766.710501
973.000000 988.000000
923.705120 717.889176
983.000000 983.000000
987.000000 710.000000
990.000000 975.000000
997.000000 714.000000
999.000000 970.000000
907.277756 750.760470
1008.000000 965.000000
1015.000000 724.000000
1018.000000 965.000000
1025.000000 727.000000
1027.000000 960.000000
988.508654 769.713622
1037.000000 960.000000
1044.000000 736.000000
976.736276 916.736286
987.880738 694.379604
1057.000000 960.000000
1064.000000 739.000000
1067.000000 960.000000
1074.000000 741.000000
1077.000000 959.000000
1084.000000 744.000000
1087.000000 955.000000
1093.000000 749.000000
1089.789925 964.820350
1103.000000 749.000000
1091.156399 978.260583
1112.000000 754.000000
1116.000000 960.000000
1162.465654 809.306234
1126.000000 960.000000
1132.000000 754.000000
1203.450630 951.288837
1220.599535 740.186420
1145.000000 967.000000
1152.000000 754.000000
1154.000000 972.000000
1162.000000 754.000000
1164.000000 975.000000
1082.583999 730.464357
1174.000000 975.000000
1181.000000 759.000000
1183.000000 980.000000
1191.000000 759.000000
1192.000000 985.000000
1200.000000 764.000000
1202.000000 989.000000
1210.000000 764.000000
1212.000000 990.000000
1220.000000 764.000000
1221.000000 995.000000
1230.000000 767.000000
1290.329956 946.847052
1240.000000 764.000000
1240.000000 1000.000000
1250.000000 764.000000
1250.000000 1002.000000
1260.000000 764.000000
1260.000000 1005.000000
1269.000000 1010.000000
1283.857145 714.736461
1279.000000 1010.000000
1280.000000 764.000000
1288.000000 1015.000000
1313.949942 697.615280
1297.000000 1020.000000
1300.000000 764.000000
1307.000000 1020.000000
1310.000000 764.000000
1390.532487 982.117862
1320.000000 764.000000
1326.000000 1025.000000
1330.000000 767.000000
1336.000000 1025.000000
1340.000000 769.000000
1346.000000 1025.000000
1350.000000 769.000000
1356.000000 1025.000000
1383.040085 796.887780
1366.000000 1025.000000
1370.000000 769.000000
1376.000000 1025.000000
1379.000000 774.000000
1385.000000 805.000000
1385.000000 1020.000000
1387.000000 780.000000
1390.000000 790.000000
1408.181950 827.912807
1395.000000 865.000000
1395.000000 1015.000000
1404.000000 814.000000
1405.000000 860.000000
1405.000000 1015.000000
1407.000000 870.000000
1412.000000 820.000000
1414.000000 1010.000000
1415.000000 855.000000
1417.000000 874.000000
1420.000000 827.000000
1423.000000 1005.000000
1425.000000 836.000000
1425.000000 846.000000
1427.000000 874.000000
1432.000000 999.000000
1434.000000 882.000000
1435.000000 985.000000
1443.000000 978.000000
1444.000000 884.000000
1445.000000 950.000000
1457.392983 961.177528
1452.000000 890.000000
1455.000000 945.000000
1460.000000 897.000000
1463.000000 938.000000
1420.407936 847.804761
1465.000000 916.000000
1465.000000 926.000000
