55.468341 259.505137
45.106380 247.380280
44.804766 256.573630
50.456447 249.377104
61.489218 240.350369
61.093099 246.988808
56.234653 252.425837
50.697261 245.339821
63.070151 256.730070
56.811405 262.115443
45.901757 271.503649
53.183165 250.677109
70.202631 284.824375
71.238334 295.016343
57.319797 277.294933
59.825542 286.339508
73.924774 288.566175
70.665233 302.121121
77.204723 291.450985
77.235462 304.183222
91.986516 313.099320
89.585146 314.550268
90.741136 316.940152
93.714698 322.299069
99.548660 319.970711
105.003509 318.902704
107.127694 325.404313
95.020226 314.615011
110.552434 306.098784
101.727289 299.767110
118.416896 296.525915
111.939007 295.291465
108.294428 276.863746
110.451505 272.656015
102.208896 284.743373
111.025759 277.537235
123.271414 270.851137
124.924738 263.443271
121.687742 250.909225
130.188783 259.672865
122.559477 244.401454
118.771749 243.073965
126.956864 243.446043
130.097684 241.640632
125.676410 218.382556
129.512938 225.077002
134.022165 217.748623
136.049129 212.485513
114.238773 208.152262
117.205523 208.406379
120.101530 205.909078
129.918591 214.635085
111.648187 188.533806
121.799436 186.089727
105.131262 183.651136
114.955705 181.384982
106.287086 163.608611
108.807870 164.195460
119.743578 165.970202
108.475035 172.994584
121.370255 157.414887
119.894096 157.919744
122.664863 152.801071
129.862221 158.298606
140.811003 142.790036
131.590081 158.268670
134.313577 148.315686
141.300411 150.692038
156.586592 148.242049
161.352027 153.179117
163.318579 149.900846
161.171302 164.029256
175.633256 175.632499
177.817932 177.957905
176.343137 164.893548
177.737932 167.667086
203.866081 183.007386
200.076895 179.551347
206.444540 173.184627
195.797455 181.071903
232.343871 166.059997
235.556801 176.502602
222.268906 173.395550
227.028354 181.622154
259.487763 167.582919
251.290908 180.951777
251.389669 171.652406
249.620302 171.095336
270.233985 152.721970
262.559168 159.834992
262.807090 158.917351
262.601769 162.036445
274.550279 151.951679
292.780745 148.250707
289.686495 141.313818
282.121363 157.806703
301.973948 137.151001
292.656221 146.793591
300.896408 138.179606
300.676630 136.231090
321.472238 136.900856
321.325290 138.238940
317.392741 135.402547
320.777913 139.656994
330.226517 158.025459
340.878379 157.205299
332.093838 153.697470
327.743186 155.739314
337.231319 184.530946
336.389366 185.048643
335.891492 184.464230
337.041035 185.614616
331.143424 211.224692
328.749402 201.854424
334.638642 200.533034
325.494229 194.255889
305.596049 203.177031
304.770763 219.935031
299.666812 205.962309
313.990359 217.673397
290.737251 216.488282
284.480576 223.049926
286.713068 218.664048
279.533756 214.979369
257.534771 224.451526
262.178714 224.606598
262.141169 223.906810
258.896426 223.503207
236.825680 227.724679
239.151035 231.785697
236.113993 239.759598
237.566681 233.654818
236.254636 252.423697
239.918771 254.025500
231.442168 254.419196
230.517518 251.805244
246.997772 274.439948
243.371574 270.274383
251.472344 273.445672
245.460593 273.056661
253.789973 299.062416
245.901237 293.776259
258.646537 293.727115
243.334047 303.335588
253.000294 321.588564
248.838959 317.795268
252.297777 328.457930
242.555231 324.535932
246.792057 345.697881
243.863064 353.016703
251.449631 344.229779
241.932585 352.721811
232.957623 354.416362
225.769537 357.223998
223.099336 355.575553
224.524162 345.299430
190.370804 355.328305
198.578747 358.386735
200.808742 350.403867
198.248787 360.218468
186.874601 351.984333
193.983105 353.100416
177.760092 358.118120
180.539091 353.861140
176.156328 334.914100
175.834294 336.726668
172.788092 330.602972
178.517988 330.086184
161.640283 316.570881
160.334042 316.480171
165.017650 307.803259
164.846817 329.712784
159.652650 298.348231
160.046068 306.200099
172.207420 297.979641
168.040842 298.554827
163.647589 291.358262
171.180228 282.218631
175.097622 288.635386
165.872685 292.029599
187.945301 276.310058
183.508309 270.352586
185.353679 270.510960
190.715243 272.387754
179.902134 258.156277
182.467402 257.404255
190.022450 262.052993
171.073549 259.667957
169.201843 245.117439
183.051227 242.664345
178.565936 247.778491
175.292101 246.671834
160.879734 227.153723
162.838897 247.953762
165.861447 240.287955
159.697208 236.478402
149.968511 229.293352
145.311668 219.975359
150.456592 225.166889
154.445459 220.191555
87.658928 246.298894
88.127960 231.781704
87.126459 243.252899
82.785327 240.952052
203.874716 145.357808
197.916774 142.548629
195.778930 147.769866
201.289018 140.076101
206.419338 141.588935
221.231058 152.047961
204.127281 149.233835
213.258883 142.244345
231.520796 142.018581
239.550201 143.518182
229.537276 147.764878
229.313980 150.684779
244.402364 136.412573
257.641670 128.028955
245.719818 120.305755
241.676908 124.063145
268.228282 105.678112
263.409936 105.955186
257.720943 101.530072
265.216870 116.003843
275.718187 83.666904
277.327853 80.799891
267.406132 80.429045
270.835947 86.699189
280.532268 66.037424
276.943721 62.106606
278.720842 66.066536
274.766232 64.497358
299.848101 54.993641
291.933462 54.788698
296.892124 55.539596
298.823476 49.880243
323.098653 35.582332
322.960018 35.902845
320.808693 47.539284
315.424198 24.494052
395.178780 37.501970
397.517539 45.207574
391.860475 43.729909
394.410369 40.405566
390.094847 62.945329
396.179110 49.631335
388.836607 59.517035
394.976497 54.087961
393.013555 100.771015
403.853927 91.458091
393.549259 97.133619
397.016615 93.919392
394.126327 117.033138
403.150723 118.270694
388.978301 114.812335
400.940813 123.395177
392.717134 162.973115
405.064645 162.851225
404.777197 166.865804
400.493032 158.783363
395.678441 188.130570
383.764317 185.256537
399.716678 181.698269
398.887570 183.672195
397.064557 211.414001
396.809964 220.274784
403.492723 211.120197
404.787398 218.750217
398.322157 241.734583
391.653203 234.426522
389.655019 244.089458
398.337819 240.945955
392.485148 278.132164
402.718316 277.033235
392.778102 263.174764
397.563904 275.945698
393.684730 296.061474
405.230298 304.142974
391.487814 299.199434
404.390842 292.067442
403.025495 315.248552
394.574480 321.596883
389.682172 320.034494
396.285591 321.687062
390.969835 338.280530
407.456999 339.717313
401.316710 339.691600
395.740610 347.254708
414.748121 358.534785
412.739859 367.639561
407.306020 358.220889
410.397752 355.889979
330.287914 298.817084
329.933877 296.791420
327.929619 300.455903
320.649335 292.378284
338.848657 285.954126
339.074028 289.599225
329.071913 278.727204
344.427002 276.858778
341.700381 262.292299
341.476339 276.704174
331.555044 258.615045
333.507016 277.223978
329.020317 249.604450
323.964935 263.196333
330.550035 261.101874
330.205228 251.632269
313.000944 257.411375
311.946687 247.167613
315.204845 252.403567
318.146598 256.130171
295.779462 247.909169
296.969178 250.065235
294.535527 255.344837
292.320589 250.540684
291.351598 250.556207
285.014316 247.567875
283.923688 258.303683
288.342826 249.939554
278.595547 273.048105
278.789749 271.668384
277.950901 268.885479
280.696723 266.277590
291.468008 294.148564
287.722535 285.301086
287.689602 294.258655
288.789162 281.985107
304.442482 293.986199
302.965408 297.503849
301.686702 298.887633
292.441550 298.576592
309.777929 313.540830
311.941401 304.004778
312.941979 297.357584
319.187864 307.420163
194.350234 108.018480
197.673275 107.689483
194.805929 113.914309
181.868544 110.121919
188.196335 85.407283
193.645049 82.046529
194.908423 85.482100
175.727077 80.599765
163.835732 67.713982
166.451005 69.501720
162.472030 64.821119
159.108567 67.523481
124.124362 67.414860
116.345919 56.168122
129.276726 53.439254
118.280591 61.449682
100.659487 96.865049
103.485207 91.902136
111.587496 86.838168
106.084155 80.838671
