51.009148 248.301896
66.613082 248.650620
54.982097 264.002484
64.354292 285.947984
74.129670 302.318843
89.035821 314.751686
110.900191 319.219311
114.889065 294.975238
114.817386 279.565381
117.046941 260.309502
119.195830 245.471900
132.212568 214.420833
120.564817 206.576575
112.053295 187.254261
107.310221 172.877456
128.228712 155.344358
134.189458 150.747694
165.498402 154.050819
179.788634 174.175207
195.638513 174.113410
232.691402 175.864645
252.248313 176.406899
269.513327 155.983908
278.088681 146.860536
292.316482 135.414791
323.343933 140.746760
327.707539 155.449785
340.669783 185.913238
327.808445 203.837447
309.754056 210.867878
277.553309 217.902884
259.542156 218.709114
238.840425 235.227128
237.800068 253.967831
245.412500 270.829638
258.707882 301.771384
249.684500 328.419322
246.309572 344.804757
222.768200 354.054058
201.818981 359.748165
179.206535 351.251850
166.696111 333.677213
155.847912 321.910264
164.540791 299.757168
168.493611 278.538952
181.500310 270.430092
183.424732 250.554787
173.131834 244.454413
163.840726 239.638682
148.364252 226.588151
90.011639 240.935899
194.198102 141.924884
215.976237 146.843680
230.589991 146.373753
247.257968 130.547135
260.637192 99.415593
270.232590 88.251173
283.079586 60.755350
296.975270 46.481186
324.365034 33.397740
395.500171 35.221224
396.330092 55.139681
400.836403 99.710557
398.241086 119.209424
401.302537 152.781573
395.755961 186.834632
399.196844 213.437793
392.079771 241.693734
400.593724 270.587740
397.806878 302.455633
399.991881 314.427271
404.452189 344.575708
404.138637 364.069859
335.834517 300.533044
341.840036 284.610450
330.309085 270.434897
327.213133 258.891298
309.730148 246.480618
296.767350 248.429140
283.347824 258.574476
278.694818 269.315705
281.564818 286.229422
294.895923 296.427246
316.854084 303.874835
186.865104 114.713222
182.946414 83.194398
163.990011 64.883764
117.291440 65.111868
107.091144 86.411995
