24.654124 356.753020
28.696545 351.485922
31.507081 327.923170
33.590136 327.504303
43.481596 382.053420
42.175568 383.944046
46.783392 415.172547
43.279723 413.045226
47.938293 285.232192
46.450587 284.646403
62.475114 435.359281
62.002359 431.999974
69.211182 258.662670
61.011752 255.709251
82.079444 463.230430
80.193392 468.171168
113.178564 231.151354
112.811833 237.875433
108.773722 482.380570
107.211537 483.831983
139.790423 356.430550
143.480671 354.141914
147.329908 224.634551
147.424854 227.369245
147.991816 501.992882
148.761511 492.270629
160.026575 317.478612
154.053343 313.936466
156.430881 383.390946
159.075130 385.407495
172.338248 232.966198
168.839306 226.709606
172.159087 408.982599
175.228929 411.193996
178.775750 500.313060
188.389522 505.869930
194.121787 310.345173
199.050698 304.984347
198.750858 246.914459
193.271805 243.536512
204.324449 388.579977
197.888965 388.462826
200.660928 351.346703
207.787888 350.903516
214.213105 489.280462
209.766607 491.409076
224.538405 258.778160
219.446940 260.831902
245.545473 476.540226
246.414985 473.956559
269.606827 282.538794
264.563936 273.822249
284.176789 478.405389
285.259931 478.683749
284.060545 294.646442
287.625525 297.881605
310.185543 472.355705
309.146671 472.611665
314.773787 292.146926
308.806671 289.500215
337.312662 669.893066
329.306390 666.736669
346.136892 491.625339
338.400115 499.571750
343.724401 262.536932
346.484386 267.832087
347.147832 642.601277
343.146696 639.100555
351.688532 729.662969
346.217703 736.916870
344.407590 696.117876
349.383699 701.006853
353.065181 760.650214
351.170488 761.706467
353.224021 600.507816
355.744008 597.386647
363.428963 808.339859
354.677213 808.122880
365.724217 520.474928
362.463932 529.639748
368.823043 239.007749
369.263533 239.188773
361.894932 554.769965
361.988785 559.546329
381.241715 847.666332
378.641616 840.080346
389.841796 223.688110
386.000458 229.033943
400.955239 884.460546
401.111769 886.487534
413.582474 197.152758
416.486692 200.079906
415.704978 910.662797
416.865911 915.077262
437.252245 186.894414
439.537803 189.686572
442.666804 918.007354
445.476559 922.777497
456.792570 157.103656
458.544651 160.542231
483.632735 143.427550
481.928750 146.775263
485.374539 910.698243
480.784306 911.341524
481.379889 765.494424
483.751423 769.130671
496.092329 799.091505
498.408867 800.386447
504.003263 736.244139
503.218664 740.145120
500.421420 885.037277
505.040429 887.833829
509.293799 122.851487
512.466924 125.709808
517.739119 822.416723
506.603756 818.660953
514.966820 851.230366
514.606428 853.416023
519.624953 717.647396
518.067220 711.889447
530.831898 113.935501
531.836270 111.825325
542.002148 700.084852
542.046954 700.362094
563.896535 91.854160
561.417364 96.022493
565.463840 671.365343
564.445281 669.836942
573.973595 549.129111
571.641121 555.196954
572.900799 617.579955
573.832683 622.339252
576.761494 590.405102
572.733391 591.246688
583.385975 71.947579
588.359938 68.087514
614.594524 562.195833
610.683798 555.972798
624.477696 56.033240
627.380589 57.364292
644.841138 558.897396
645.711591 552.215835
650.393940 50.889254
646.167295 55.306430
666.843969 563.010127
672.344228 562.924393
690.157871 45.358356
685.502730 40.633133
713.491139 564.166364
712.611006 565.296697
730.037765 37.159060
729.999868 40.895621
740.306825 552.922899
736.042619 555.502150
760.256725 555.223599
754.781685 557.150882
759.372579 40.311825
764.883600 36.610123
797.468978 48.890112
793.751613 47.405916
807.513817 551.509711
805.216109 551.903268
815.736865 49.320058
817.402029 51.743617
829.736635 539.301188
832.544265 546.808444
847.967117 61.352838
848.106123 63.443550
848.796692 535.244331
856.707760 534.947053
872.484632 74.133492
871.864517 77.640885
886.591882 538.015558
878.632032 536.282260
904.947459 83.417160
908.319067 88.677796
906.335346 527.677771
907.388123 531.003589
916.722001 553.476890
915.339096 554.294228
924.841358 614.320255
928.150382 617.119832
944.962113 641.374529
942.047878 636.683479
947.484631 112.931108
945.325780 112.618580
957.181857 667.565153
956.053829 661.741199
966.223567 131.052127
970.761216 135.332580
991.125722 699.773361
987.685472 692.934824
1007.818997 167.142687
998.235716 174.485551
1016.280164 724.353072
1012.066863 727.747010
1031.491712 179.496748
1027.853116 187.530046
1033.056244 755.354027
1037.100947 749.388368
1045.566796 203.721341
1047.414718 214.230979
1062.658942 772.036981
1058.262003 772.226367
1059.295077 235.758843
1066.528817 235.824128
1069.452771 435.056017
1073.514575 433.901491
1077.826082 801.392117
1077.920126 797.748405
1086.647122 400.947537
1082.908799 406.875280
1086.579133 455.085677
1090.761440 460.397073
1093.705239 272.398474
1090.030027 277.315415
1092.855711 383.683672
1092.911878 381.729799
1095.243351 491.621761
1100.674947 501.491441
1100.088079 295.777865
1102.378413 299.214980
1103.252408 802.179212
1103.124272 802.195578
1107.126470 325.796942
1107.314994 333.680231
1109.383495 358.881149
1113.115182 360.153339
1115.595613 522.052893
1121.501685 524.575382
1135.903969 546.390381
1134.578119 546.055161
1151.318506 800.228061
1145.840068 803.609397
1158.884349 597.042259
1155.516049 594.195179
1168.858391 755.690631
1174.272370 751.071169
1175.253396 649.715765
1171.280214 650.292715
1178.769204 717.260697
1183.020531 721.402432
1178.318218 677.945387
1178.985347 676.855550
1176.949268 685.184262
1176.893858 687.328345
