199.268507 483.176305
197.634137 403.356799
203.522516 348.075210
215.876443 320.409145
209.299022 292.028158
203.483365 293.247614
162.238278 280.784532
99.248448 267.701758
23.725689 260.774235
85.944199 239.338378
133.850941 242.538491
170.316834 231.627727
187.698237 222.398747
210.760018 193.910080
214.597108 152.578632
209.087925 107.438045
220.159465 58.887346
199.428684 34.498439
193.840299 23.019461
255.252544 136.914801
265.693231 162.367183
292.678303 193.436387
311.524329 186.208606
328.160240 165.824888
386.997929 141.661234
456.202088 116.558317
426.076813 155.687078
380.542861 188.507550
358.740031 232.022278
344.309710 258.899849
360.916574 287.772036
373.071976 308.120126
429.061494 366.448905
473.878028 397.675484
378.592300 362.254206
334.265139 335.315464
314.406514 323.180781
285.655907 319.887197
273.534734 344.843274
254.733166 370.008261
246.960692 406.274844
