45.084066 186.039697
44.089022 670.716975
47.025114 107.957107
55.846271 747.110099
60.139410 78.888590
62.312945 628.278919
67.561082 198.521342
75.776442 610.377094
90.746034 225.843420
87.063272 777.309496
101.042020 49.451144
118.024717 801.785672
120.321386 588.272866
125.545845 240.439759
137.952963 819.810077
140.969698 260.025078
140.106406 50.834400
149.468156 551.359669
166.313074 387.101351
170.434414 829.236975
170.233240 65.030022
171.921600 274.094735
191.773085 522.959627
195.672179 343.773148
189.044162 425.956455
193.189591 91.228015
197.385159 312.544272
207.856958 504.651336
214.764097 454.962858
214.267973 104.261178
218.386538 852.534897
235.695002 141.850863
235.779545 997.424381
250.933778 972.588101
245.360243 860.200669
247.266341 930.867975
254.683302 1030.381377
247.423119 1083.137505
261.339613 1126.089857
258.083081 174.163244
270.687863 839.169082
267.378884 882.754434
267.351813 779.549836
265.968648 806.464928
272.727941 1153.707595
282.499827 743.529627
284.636076 704.973607
279.546898 386.435279
284.717087 412.562738
292.467358 216.361263
287.537258 678.046049
287.611946 449.147251
297.201265 636.711780
304.424648 329.942348
309.211324 576.037527
311.602639 537.752223
313.526064 1171.630172
308.487943 626.485619
311.211361 217.067217
318.265951 554.756239
320.385635 320.808134
335.140622 452.029180
337.028540 362.772525
342.684618 236.638161
356.761518 423.636422
354.981547 1182.651068
362.517425 399.365866
389.175651 1160.429143
397.441522 245.135576
427.433547 1159.811234
443.360230 250.376854
448.632704 1182.289782
479.139136 237.752779
492.787929 1193.833152
510.997961 353.195438
508.882320 389.015103
515.259179 435.590477
522.593706 1168.243495
530.900823 245.655093
529.153444 566.075991
531.905156 542.455278
531.949502 613.708412
539.967401 327.020664
536.063932 448.238733
546.592812 1143.399847
548.863677 682.571586
548.457432 651.882616
547.614157 226.266456
562.221626 724.458583
561.776080 1122.517499
567.296838 778.102640
567.692208 193.745700
571.067888 798.162822
573.705194 337.755330
583.986679 1074.532262
574.221708 1103.468177
573.258041 425.191684
577.031909 829.218318
583.092066 1025.813488
584.764608 375.489534
593.428713 863.181924
585.851047 907.945183
588.094569 943.156600
592.562632 158.945637
590.056838 990.474061
603.619439 135.122750
607.316231 850.045199
633.352388 88.742855
634.061672 498.300818
633.535488 842.616871
642.397893 457.647431
644.843022 59.796470
644.836864 527.496194
647.573449 330.199155
663.937577 419.427579
658.123394 842.180324
666.400131 271.805346
664.068262 352.355766
671.398068 51.653644
680.877177 390.255812
684.400543 564.190930
704.271983 254.468844
703.081474 38.394300
720.385034 585.856437
730.085714 802.921808
725.441931 218.074062
734.266764 618.392080
750.460739 41.803947
762.629718 802.170721
773.702795 201.791839
777.298991 647.170709
785.785052 70.253228
788.340863 195.192425
798.655722 663.354257
795.621531 766.665307
818.301896 148.082885
813.599852 726.020846
813.226246 698.398515
808.744867 109.641471
