34.411019 190.672479
33.737701 677.549260
65.734048 131.767643
66.511247 731.436673
49.764575 86.257825
70.016739 657.803004
48.401793 197.050265
73.531228 596.715178
79.919549 206.637708
112.517181 778.794302
72.966183 38.030485
107.504882 776.518442
128.886664 550.411844
110.593850 207.718379
138.473178 820.533277
146.388582 257.488552
126.137851 52.850151
165.077668 517.077050
179.317807 391.318531
163.817443 850.399693
164.710554 83.605764
171.900888 254.224058
200.198360 532.779212
201.404223 355.608664
191.643893 466.877324
172.414301 89.645139
190.986595 332.382260
200.229808 506.498760
210.858369 462.691565
241.423010 101.891018
215.177252 864.540041
233.388195 119.948797
221.275484 988.248999
245.428922 944.914585
266.101357 870.513988
259.383110 941.743417
252.180519 1050.076751
247.876085 1094.711433
246.164108 1103.982625
263.974569 144.846295
235.661312 825.793567
274.988957 875.056606
279.814047 784.138128
277.026067 825.796682
263.951964 1143.890488
264.095700 739.123228
273.960600 698.022220
285.428107 369.859960
284.059735 392.566882
281.915512 198.719035
268.354785 703.403360
290.196009 407.125447
291.241505 622.580752
312.069764 327.606840
314.849061 573.454520
333.487439 525.782685
323.857456 1170.820716
307.500681 625.736733
301.748922 242.041884
306.699267 545.588596
337.327512 337.933668
338.810810 478.674251
342.284182 358.118394
366.076477 225.853802
337.136374 427.036983
351.599980 1187.337027
371.204567 348.541031
391.493752 1167.102900
395.486334 249.418893
433.886624 1148.945611
444.201752 251.736327
449.340077 1183.610513
465.185986 209.552614
509.780630 1164.845988
487.535158 344.423153
529.423691 368.825674
496.741057 428.014357
528.235647 1181.189329
521.762885 249.371123
533.573444 589.994635
540.829805 538.844489
544.668098 650.496695
543.847067 333.084339
542.358546 470.496346
558.488015 1141.754118
569.314132 680.438676
544.416111 649.724986
551.305224 223.764542
553.092249 757.043359
562.289600 1108.755545
559.346079 793.916625
558.801121 202.693895
574.082374 784.948953
571.556393 360.171568
571.486322 1054.765249
562.169303 1130.096328
564.177162 419.176575
566.301664 831.659123
604.288419 1029.029493
613.312387 366.062400
599.735413 852.824558
578.390772 909.883112
597.049319 906.928804
575.175340 150.735679
589.661325 987.014894
601.376951 131.596713
611.815868 860.811765
642.021305 94.764232
644.778159 446.264774
643.887339 844.930828
634.003255 464.740209
638.866847 71.718591
656.483438 514.146357
650.128696 310.083500
662.342078 412.488249
657.412294 831.043595
664.015592 289.869620
677.874917 355.104272
672.047256 49.054803
697.624060 399.767761
697.329508 551.873670
702.647631 269.823504
675.758427 39.019617
693.325754 618.432187
730.821835 799.584942
734.056624 247.051904
742.853571 616.084386
755.801960 45.017074
753.060625 792.764494
773.033915 228.346998
768.471409 664.456430
784.867124 79.101439
804.269238 184.351105
821.694432 658.666739
789.733920 769.263032
833.091957 143.782558
817.475963 736.516842
818.482084 713.822081
815.861194 105.983576
