36.815429 189.061726
19.972431 697.288718
50.331987 91.549891
40.767438 712.713245
72.295465 71.528944
74.328067 660.550924
83.471307 177.432948
66.952803 631.697782
74.160356 159.506510
55.960607 810.952794
74.982152 24.351742
117.909232 803.978515
115.258861 589.231597
149.637568 253.318751
125.159954 797.847276
167.554639 253.797485
147.775936 13.459295
125.166757 579.409609
159.160616 418.432250
161.188610 819.385827
173.953225 51.916908
169.891862 318.424685
213.796458 510.047869
198.068363 344.490391
164.371704 442.572862
184.189195 80.476170
210.237444 288.407414
218.725752 508.553130
214.861813 426.232761
215.085177 100.812300
216.260765 833.645245
237.735050 118.142922
252.498369 953.551971
222.844389 915.459157
261.286240 859.446889
240.431190 947.026998
233.630319 1020.230485
248.385615 1117.745549
248.806495 1118.287796
264.752851 134.134315
238.945963 854.340826
277.620818 895.550176
291.350855 758.215730
292.259502 777.395369
290.150358 1103.496373
285.985658 740.806264
298.380141 715.964762
281.498533 364.761733
292.033831 409.626072
311.959889 195.226347
290.587700 648.070584
275.037429 448.554202
312.963631 654.318030
288.202653 310.846455
286.618279 556.188519
320.196554 507.773754
303.856808 1196.496092
322.885345 585.170796
325.126972 221.518192
295.232356 535.574925
311.041149 334.158708
345.492071 452.224167
378.389334 370.344400
353.885804 204.049712
329.875459 448.950251
363.178558 1189.223132
377.183175 347.256293
413.366731 1186.557301
389.223103 264.623741
421.829790 1179.080695
471.448045 237.261588
463.401587 1198.815704
507.203751 250.077261
490.715477 1199.759295
503.168149 387.725701
487.588828 399.051040
528.967605 411.283164
530.713722 1188.308676
520.552831 200.728502
522.686943 559.775121
535.247290 523.295243
524.250735 592.401134
555.161601 323.403873
540.318004 431.159768
514.648042 1171.983083
557.365262 641.830976
559.734576 656.690975
553.005168 217.199473
527.197570 749.378782
566.213337 1106.647219
543.030734 739.386574
553.394509 210.314773
574.891196 754.019297
553.104548 353.231493
568.223108 1061.748993
582.798193 1121.630233
576.196601 419.788374
593.295371 845.233299
577.118533 1048.185539
592.515700 317.878684
569.930123 845.907348
550.156859 886.942583
592.230796 943.918561
568.323579 155.732295
581.115822 968.972225
621.273617 109.901338
607.280511 893.098325
628.341528 91.560912
650.090830 511.085194
616.597208 865.273571
662.776440 471.583804
647.399563 76.000616
655.256342 576.164498
656.890171 334.030944
685.330756 430.580550
681.336508 866.400344
692.940806 267.131131
663.475129 373.900028
643.597521 59.481907
690.250582 380.741281
673.836514 552.908807
714.437284 225.984228
691.749749 25.312902
696.106356 615.972936
711.256540 841.826284
709.288686 209.242701
738.298844 639.858577
742.601787 21.932500
747.162007 814.697341
783.144128 237.983380
788.711724 684.187348
799.513255 86.784074
795.513376 160.226495
792.947026 666.736281
797.573897 786.125012
812.368021 159.645087
828.782574 717.380282
803.390064 658.007533
798.039716 113.316714
