52.663150 165.298487
46.042561 151.432954
50.522279 155.535639
53.242971 158.198292
56.017738 169.746353
48.942880 167.880339
53.229258 160.042478
44.855231 164.259565
53.000813 176.244352
45.459349 175.776300
44.201423 177.373694
52.333360 175.921798
57.097071 184.474999
52.771525 189.667392
50.802947 187.553617
46.284918 187.744700
58.417359 155.551081
57.100674 143.484758
51.265087 155.529478
56.221521 149.530538
68.099093 181.829914
61.223647 194.856065
64.540120 189.371206
71.842844 194.401389
63.773419 148.551020
61.405023 150.763193
61.687990 151.220854
71.297830 149.988253
70.498974 197.177028
70.101345 194.923007
71.165453 198.451922
74.166336 192.611323
69.980974 71.265891
69.882065 69.925991
76.551341 75.675364
74.434537 61.347705
69.944307 142.666076
74.686183 137.887804
67.423276 137.364241
68.761084 140.551539
72.750811 69.479970
86.383539 72.258418
80.942131 66.711028
78.723877 81.603226
82.016232 205.198840
79.593298 200.367211
86.060057 203.079830
74.828132 193.281928
76.057946 130.747390
85.635964 133.698230
76.219362 133.499682
83.556011 134.672422
87.758401 72.934241
83.916577 57.680513
88.194022 61.315410
82.912207 70.324009
82.473378 81.664333
86.284086 86.735604
88.505224 83.036077
86.482982 86.614780
89.328062 121.968310
86.251715 121.615256
91.086503 121.615363
92.386860 125.165919
89.548747 199.561769
83.466818 196.221167
89.067307 196.579884
91.029453 201.016450
94.877493 73.835562
93.830518 69.181355
95.442242 63.700494
94.908051 73.319824
88.234436 89.264554
90.329777 89.164962
91.711399 91.166515
85.976043 94.968420
99.186729 99.938873
92.746154 104.551314
96.185151 101.154563
93.775815 98.984393
100.400610 205.063446
101.189020 197.475408
106.070273 198.492551
101.748289 190.909939
104.907068 95.954155
108.351925 94.954395
102.127052 105.581791
104.167314 95.545463
103.966597 73.059059
105.889649 69.525290
103.238802 67.391503
103.757489 77.036742
106.993355 89.991533
100.447694 86.058628
116.541098 89.493562
114.830267 91.263306
115.815299 203.394446
101.596504 204.845489
113.745882 194.400965
106.310919 200.028623
113.618936 68.551934
119.565579 64.100723
121.352693 74.492881
110.787264 66.390767
119.297486 198.872946
126.031374 203.628067
117.217533 202.390468
111.046759 201.641457
125.504055 79.231031
118.000301 75.148976
126.143479 73.435882
123.764219 74.537302
138.157039 206.391180
127.848197 205.377943
129.313355 204.397646
129.340670 204.641595
133.441802 68.968408
130.948891 69.212684
132.873975 75.672566
134.004018 72.905659
134.397303 54.709790
128.441952 48.343285
136.789824 50.873853
132.595685 43.971622
136.374900 207.607475
139.168271 205.783306
143.187540 208.808606
145.005175 205.307443
142.987629 78.510800
143.796663 71.797477
145.169543 82.225057
140.576542 71.044298
140.427596 54.628599
137.366999 51.218439
140.155712 48.931283
141.445445 52.497185
140.381181 58.000165
140.459379 66.286617
147.320427 61.665815
142.117001 56.121865
152.423318 204.488607
153.403420 212.511001
150.406885 208.961099
140.204571 204.430392
151.988837 69.021625
144.932906 64.723937
150.326248 77.154830
151.619629 73.372512
162.930723 48.800837
151.482812 47.689078
158.702375 49.302976
149.293680 48.772371
153.961495 212.030795
161.545216 205.753719
148.470591 208.366296
156.118588 211.308959
170.171966 45.629656
163.855716 48.854972
160.877212 43.748208
172.469547 46.957940
168.245746 221.573812
164.896544 218.544348
167.125178 215.714461
170.274034 206.323634
166.296563 226.757453
175.805544 227.913221
171.282482 220.653120
170.911661 219.020648
176.047087 47.377484
171.504489 41.337598
179.449729 45.400661
166.530195 50.629941
180.641203 232.026387
181.629830 235.608394
183.112908 232.749494
176.712562 236.947909
183.616895 51.187297
185.150625 50.882494
181.256748 46.685130
193.072050 54.730534
183.261162 242.897346
192.797290 238.922773
184.052638 237.873015
181.470419 237.569573
191.290140 50.456103
192.081145 58.148846
192.573018 60.500858
188.959415 59.093887
187.416303 250.429568
193.507356 254.046295
193.252232 255.094243
191.455152 249.746696
195.348657 66.890681
189.578594 65.207315
191.987843 66.330316
196.204480 67.344566
194.341351 252.122437
186.359177 259.598885
203.525638 255.295144
197.451565 255.925119
193.671960 262.342150
200.768031 264.588271
196.063266 272.046799
201.574223 268.211064
200.929709 76.019976
206.190199 79.037383
197.213864 71.067281
204.987354 71.194607
209.217158 275.069395
215.844790 280.330749
198.542198 276.680637
203.833218 267.375845
211.293693 65.966509
212.719826 68.914850
217.000226 71.689854
216.756447 72.581108
215.214892 281.233711
206.682292 288.859571
217.011864 285.228852
215.728921 285.631644
214.714536 297.245769
218.512721 294.503670
219.949005 288.386860
216.918637 294.764716
219.428958 104.322054
210.694603 110.361185
222.671518 109.906513
219.628839 114.935371
226.830258 73.713360
220.280891 69.734922
222.551875 69.210486
218.133694 68.855092
218.449476 306.814275
230.213077 303.941763
226.024195 311.431541
220.407593 294.742783
223.915244 313.597905
221.845353 307.717198
226.217704 312.428247
218.610529 308.840325
228.573184 102.766619
226.442700 111.595276
223.646841 104.369488
230.537119 105.638304
227.627852 118.500398
226.153907 118.980366
231.413252 113.009965
220.199863 113.291197
226.603400 317.534779
228.056933 328.302095
227.034491 324.754538
225.912567 325.839148
231.026106 335.818826
228.386759 331.329897
235.415560 336.551434
229.991214 335.135666
226.675456 454.674864
220.995469 460.517949
228.479401 459.046937
227.704399 459.663497
229.476312 89.724319
234.433687 92.272935
229.437286 97.548843
226.715817 98.480196
230.129160 73.531802
231.846730 76.706778
229.077617 69.294567
229.114885 72.032663
232.595028 347.589409
225.066154 341.202512
240.856253 340.902266
235.674212 337.419574
235.608329 468.478300
234.992987 464.928359
233.785808 465.700795
238.291871 457.767162
233.921571 443.811505
235.617353 451.613329
235.234704 451.357902
235.175035 442.593668
240.343616 126.361318
236.973152 120.064191
240.133981 119.245714
244.747147 127.295728
237.853713 353.340558
238.794445 347.266106
232.284589 345.617098
238.626836 343.168788
238.095881 442.537356
240.397946 440.656311
244.170134 437.639903
233.556942 442.311320
245.867552 462.173909
243.720009 459.657966
247.486547 460.380534
246.517026 464.771512
248.378564 120.115309
250.508168 119.229864
241.119758 117.376693
251.126207 128.723011
249.010196 352.865413
240.173494 354.929656
249.573093 353.027123
248.729801 344.500344
245.729941 362.356660
248.894360 355.307856
245.288814 369.903074
253.051774 366.748249
254.525765 374.572820
252.073291 375.467815
250.073902 372.247338
250.778288 371.372007
247.809358 420.478512
248.763600 421.189777
240.464903 416.910490
251.894460 422.676153
257.068775 373.329355
254.639376 382.247204
254.708312 382.679250
254.045305 382.698533
261.290184 393.182874
251.595427 388.451078
253.808818 391.946952
252.836662 392.845273
257.831858 406.101261
253.477169 396.858001
262.787944 405.624871
260.763507 400.180129
260.459567 410.832165
251.909633 409.903018
257.044666 415.749421
261.075041 414.312555
260.247405 465.058458
251.815775 464.437608
248.662929 461.184302
254.840160 464.425360
254.439967 130.878907
255.415779 128.946256
266.221731 129.932063
260.060421 126.125158
267.201176 469.226770
256.945701 462.262180
266.543349 467.226098
265.115943 465.206468
265.140145 133.411349
264.070753 127.720499
260.978592 126.563911
264.618558 128.110130
269.939213 440.462402
270.237065 437.566548
273.932506 440.844231
272.265111 438.997154
265.168234 451.166247
271.376606 449.516168
274.987013 443.197895
278.033630 450.601517
283.519445 393.658350
271.008667 398.636401
268.602078 399.949073
282.597132 399.783081
281.050788 408.765941
282.673823 406.669986
272.743285 408.638239
275.414349 404.620578
283.737257 415.422265
273.330726 418.009526
275.378042 410.915606
281.423577 410.537781
272.430321 425.409864
268.499716 423.184058
276.023911 424.773486
276.823199 423.399133
277.392848 125.211980
276.088515 127.759584
282.771413 123.106727
274.754058 128.670973
278.226103 366.279376
276.277012 377.188706
273.745715 362.850640
279.973666 370.458039
277.296390 378.947180
282.726893 389.303386
277.955615 375.833628
286.268473 376.777311
286.110729 351.170157
288.008514 340.921512
278.717380 352.380832
279.556388 356.406337
286.067438 350.866721
286.130039 359.774069
286.099066 359.553410
281.814368 354.830769
293.791180 129.744029
289.173690 129.873082
286.198369 133.666640
279.278541 122.648541
286.233331 350.997923
300.564864 349.819810
295.240082 350.378963
292.972970 349.946893
296.586469 132.739477
295.725352 128.610228
295.331426 123.595944
303.358147 136.657357
305.531601 346.406907
305.218636 351.445450
302.797659 351.608169
298.622349 342.674225
306.625680 134.238019
306.358281 136.156494
310.931388 138.473760
309.984116 130.049659
305.854136 468.126871
309.085403 467.017255
305.583225 458.432475
304.578566 459.397221
309.174837 476.866989
310.724903 467.231900
308.435367 484.409569
309.182800 480.291588
308.493870 356.919933
320.382176 362.436187
306.963128 353.273491
310.509484 354.380117
305.770760 450.165291
319.532040 452.425491
314.692223 453.709301
322.802574 453.002604
316.895581 138.510802
310.173441 134.110388
315.804734 134.043995
312.980145 138.739687
321.405959 365.420809
314.301899 362.579644
318.720013 370.824827
314.042167 366.014493
325.844260 373.100986
318.690749 375.013241
322.914242 373.921934
324.827122 368.212339
318.608300 439.474868
321.228804 438.525973
315.512587 443.348277
318.108154 441.355833
320.049507 474.371495
313.713240 485.001545
318.718313 487.499206
312.648669 486.050772
323.700253 389.709930
327.679460 385.112246
327.971658 387.168988
323.377309 386.290434
322.886028 395.374663
326.040027 395.448764
325.196628 394.418675
326.334826 394.361791
323.497525 405.131025
323.709119 406.163332
318.719100 406.678426
324.265349 405.137685
321.412387 422.412862
324.696794 416.754938
319.238442 422.969432
328.899055 410.898161
326.988777 425.074563
323.642526 430.410510
322.596674 426.361288
325.198440 429.331562
329.864130 134.307825
331.990989 133.790060
326.131044 140.206788
329.989050 136.040818
333.845694 477.301450
325.524840 477.326172
329.860383 480.598185
327.094712 471.954721
336.064372 129.357714
333.684773 134.674566
341.390578 136.703371
331.658111 134.044914
335.102247 478.397115
341.986433 480.381619
338.848402 480.450301
335.746355 478.608215
352.713326 138.609981
351.271083 131.433057
347.442988 133.079139
353.045678 140.951961
351.046541 476.069907
340.288704 473.194608
345.497238 471.903678
343.758267 475.917666
356.963759 387.091531
343.866595 378.758757
350.660366 379.253360
350.200641 379.752387
352.099592 383.946365
343.650606 391.477543
345.710649 390.511717
352.818683 390.826962
353.919066 393.962531
341.867360 404.368681
344.991599 403.595898
354.730829 404.685193
349.524792 409.650496
353.199104 417.093637
344.096744 410.123481
352.094166 400.296255
353.729377 419.200201
356.258403 424.985752
344.983371 421.947815
351.531304 420.586896
347.085190 437.501317
345.880856 433.049877
348.769906 429.846051
344.577785 427.608995
355.041473 441.508715
349.949812 439.961724
352.848314 440.598066
346.101089 445.261127
349.104842 452.998974
354.819084 446.983718
352.700524 454.810304
347.086691 446.076767
355.778442 461.829878
347.955954 462.520594
350.827305 458.832439
358.411833 464.137426
360.532004 144.010753
349.468907 141.925840
350.410447 138.038387
352.114941 129.850271
353.304200 336.145469
351.510832 342.567723
363.334867 340.120720
350.212107 337.236828
355.782973 353.434790
353.132544 364.537844
359.340152 357.418332
358.712044 359.309020
356.464682 368.512951
362.431489 368.760912
355.920149 364.980947
358.585234 372.304188
367.247822 147.447364
366.298423 135.378275
364.988394 139.028640
359.503263 144.947252
365.632516 342.202317
361.994102 347.229755
369.002592 343.151357
361.992398 341.998280
376.155969 139.124794
366.215996 138.612145
381.550051 132.641711
378.692064 133.035557
367.759203 347.921059
374.485502 343.188128
370.198314 341.831310
365.296166 343.847086
383.779817 350.111699
383.354278 341.295630
382.154901 347.014904
386.599416 344.346381
384.654282 140.943279
383.805358 142.152210
385.014755 138.846180
382.619433 132.984488
391.863220 348.478309
400.959185 344.033924
397.142648 353.606912
389.982211 343.010036
394.047491 131.506160
400.161729 137.622107
398.104209 137.926645
391.957756 133.525403
398.762488 342.025897
407.305104 352.051373
402.707652 354.906290
406.997840 349.302540
394.804206 130.591759
400.014213 127.976173
404.463998 125.783920
407.039593 131.284810
414.237573 345.902013
421.733465 344.255312
412.025357 344.472853
412.733475 345.677640
407.243964 134.291298
417.340543 138.262018
411.890839 135.227026
418.186262 138.060602
421.809909 344.188868
419.982774 337.661985
415.563021 341.508196
425.807087 347.924356
424.685592 128.646653
425.377353 135.727282
423.045512 132.248897
432.131211 131.334258
422.357015 418.048125
424.690007 418.116352
421.985278 421.378183
419.055498 414.452980
426.793126 408.735985
424.771794 398.266270
426.484989 405.370959
437.650672 406.250837
428.681897 354.947250
422.927705 350.533281
431.964792 356.522069
434.655829 354.300519
429.803234 416.216972
427.657295 418.718310
432.775763 431.283768
425.931592 423.701052
438.916452 131.743173
430.746030 140.394834
431.599538 126.165630
428.645061 133.627549
434.096437 393.868218
433.574368 397.940783
427.852987 395.578646
435.381600 404.084232
438.992544 364.780816
439.804439 354.172539
433.261739 359.520167
432.274532 357.900175
439.102846 424.659709
435.300688 420.133007
448.820266 420.939504
438.529870 427.953698
441.933217 389.116946
433.947726 388.390877
441.114921 391.564000
436.878881 387.711578
443.105439 133.665465
446.014912 128.136212
442.459482 128.907586
444.486314 134.178946
443.238503 371.341383
443.216975 365.835045
442.966914 355.589555
445.954426 365.107390
443.097440 380.854967
436.965283 368.454548
439.782269 381.449523
443.850525 374.914361
456.362547 421.968384
454.672450 421.388332
451.547280 424.082826
451.376333 424.704780
448.321371 137.516168
454.242443 129.369640
449.157089 128.242297
450.395150 119.725506
459.078129 410.162466
454.954497 420.126009
458.727402 417.368884
456.815152 419.121257
458.127165 402.645413
455.860106 392.630702
452.236490 399.493705
460.380242 402.077321
467.785841 137.302124
461.297107 127.515626
464.461539 127.858795
464.247401 127.520845
463.883948 370.733344
469.747396 368.700817
468.414709 372.941114
465.099805 368.886425
466.654512 381.082420
464.001227 381.498280
465.471990 379.808685
462.661237 373.693210
466.780176 391.543657
462.106796 395.711522
461.020419 396.250907
465.364122 386.725268
463.910526 131.672244
477.124221 137.239947
473.156617 128.216037
476.817883 129.238032
480.218176 366.988714
477.020498 363.252070
475.700743 367.568453
473.989640 363.128527
483.248471 343.048721
480.008990 338.258212
482.588371 342.087184
481.255425 340.291505
478.958293 349.560013
478.653843 351.468009
480.578773 349.912083
473.096277 357.046031
485.767643 116.569855
482.092639 120.892272
481.266961 119.800202
483.921712 131.494985
488.581546 345.285572
488.794942 344.519333
489.614479 350.652926
491.307939 349.415622
488.119032 131.223041
489.752969 126.665327
486.806693 130.538612
494.840358 127.944289
501.566724 358.951609
501.921432 344.696529
500.952379 349.775304
493.235644 350.740870
501.761315 135.799859
497.014006 133.723792
499.110354 136.004355
499.734922 127.916396
503.881541 344.037408
502.092053 344.815419
508.613037 339.761760
499.328860 343.423614
511.914178 128.545061
513.277456 141.131854
513.849353 132.600670
505.335286 142.315870
511.531266 334.130142
518.198886 336.361012
520.110378 334.821748
512.371594 339.124424
525.032789 343.782938
515.158839 343.860153
517.975696 347.857588
518.144481 348.585271
521.964792 145.175387
513.943104 139.959800
519.023282 148.490309
519.460497 142.488898
518.407803 413.175931
520.735262 413.830553
524.118798 413.819458
515.161230 413.670979
520.684095 426.129916
521.271493 423.149787
511.562028 421.146769
516.394690 423.077587
517.219472 154.257535
527.262338 149.320339
524.117170 151.015486
524.310341 150.796573
520.254916 349.441310
521.520235 357.105509
521.043058 360.856516
531.426157 346.671375
525.748869 370.496117
524.033657 360.934841
520.875758 365.169911
517.384830 358.337767
514.753877 375.084647
517.300861 369.147764
525.705535 367.613691
530.917465 374.057600
524.152908 383.254777
524.600153 381.041073
524.050466 392.742633
528.573579 382.709825
525.484633 394.664546
531.064094 390.364710
520.740167 389.539079
526.646608 394.879401
526.213853 406.150974
518.367750 406.924667
533.977964 402.421476
524.642243 399.899595
529.505847 432.600096
531.489556 431.376907
524.249036 435.472924
531.359388 430.477726
527.138589 157.556343
525.211518 161.099989
525.802960 159.602802
529.530534 154.578703
527.522575 173.185055
529.144058 170.385758
531.337547 168.505276
525.455163 169.439132
531.214810 183.594348
526.344978 188.130560
523.035102 183.264572
528.023991 171.151760
522.406791 188.274543
530.631072 191.762010
527.023001 197.625873
532.958226 193.079942
530.857516 435.461326
539.237948 439.726657
539.975147 437.806664
529.874401 430.568248
534.714009 195.901431
533.715792 201.139690
527.702108 202.253471
528.345804 199.845473
532.958617 209.356194
538.905761 214.079220
529.250837 202.141433
534.683786 202.343648
542.845357 213.972137
535.145147 217.238190
526.114179 215.962321
534.841412 220.114953
543.732032 232.369441
532.100141 231.450277
533.029745 230.450369
535.379387 229.933803
534.998079 240.026868
536.571478 245.324223
529.293314 248.012716
536.586980 241.933867
538.024162 271.406973
541.697306 273.496704
544.032436 272.013013
533.371962 275.419923
538.387627 280.889484
532.442457 281.721245
528.708286 272.361388
535.976614 287.050045
530.117029 291.856010
538.534188 293.705105
543.560042 294.047967
540.238043 292.083220
540.688054 300.949917
537.294975 303.814645
533.603297 299.034499
527.864944 296.078762
534.506799 307.741350
540.104664 312.894374
534.150067 313.695661
538.821747 310.498983
540.606668 248.530036
548.126900 247.665149
533.064280 251.966630
548.639838 253.356057
545.945299 258.533926
540.988096 250.904200
534.266793 260.781820
539.100189 258.747738
548.793598 317.661850
541.084796 324.571915
540.180683 328.598062
546.289299 327.639960
541.382842 437.401704
537.713652 439.416753
540.063636 440.209353
544.235275 431.341020
549.959801 337.521314
544.068041 320.048087
540.729533 333.033490
545.408895 330.497040
541.187213 344.797143
539.414400 342.241624
542.517840 336.054515
542.017188 335.793547
548.407327 345.164640
550.840450 345.686305
549.139253 353.535281
551.691453 350.520879
549.052422 361.847493
545.461393 358.242161
552.827984 356.413246
552.923188 355.044745
546.687176 363.650564
545.081489 369.049690
546.071332 373.581229
546.698177 359.627756
543.935280 370.257033
551.489954 376.722782
549.493203 375.743171
549.578101 373.594650
550.377388 388.376873
550.477551 379.170647
541.992825 393.080387
546.591150 396.370353
547.428962 403.469670
543.431407 390.725631
551.941640 403.087885
548.897461 405.106391
549.718858 410.159313
555.017512 414.819009
550.898227 406.070522
550.541282 407.565753
548.832267 419.660598
554.258860 414.784400
550.108355 418.140551
544.321357 416.742751
