47.899627 155.549209
54.010753 167.901647
58.737794 160.720578
37.173196 160.943607
45.894809 150.555944
46.456819 164.115375
45.582081 160.267834
55.170437 157.759318
55.486370 147.141118
49.964351 161.698915
50.638835 157.321366
47.982130 166.033863
42.929286 174.670368
47.778528 166.295023
53.064611 167.355911
40.683595 159.149766
40.000131 172.181436
53.169556 162.943928
49.026840 166.992326
37.826695 165.779915
49.655120 168.454876
51.316316 160.120482
42.985441 180.089971
40.757545 175.965675
46.462956 170.326456
50.399444 172.492993
57.472175 178.467532
53.829582 166.320164
45.801721 186.472586
47.277338 172.871254
44.182215 177.033743
38.586281 174.348429
48.018539 174.634694
55.422991 186.775350
49.595654 174.343576
51.042474 196.504816
55.231378 195.449077
51.070643 190.956773
55.511359 181.675950
52.240147 192.231545
53.382187 183.369380
50.198141 185.724398
64.589688 182.187941
62.323375 189.206615
68.776818 148.247872
56.469894 150.096724
64.636670 155.439546
66.901056 147.730960
56.711348 149.571288
53.895198 155.033589
58.468124 150.047971
61.396353 145.317315
62.350618 154.940164
48.166198 150.432114
50.935611 151.776084
62.509334 188.175913
60.400683 181.804466
72.908278 192.092645
72.232139 180.890035
57.048664 191.926631
62.755671 201.175917
70.084528 193.029877
57.358524 180.184388
62.732345 195.613992
61.321175 190.482021
63.800595 189.845201
71.004215 160.440052
70.008289 150.289301
68.062321 148.993216
73.083989 141.530413
71.731400 153.001108
67.267270 141.587528
69.320070 148.959085
61.698888 157.218258
63.319927 148.044876
67.199845 149.141139
67.042307 149.039696
60.253152 205.577745
68.027196 191.633029
63.322923 202.326531
70.494765 198.129472
76.368960 199.955294
78.694764 200.265325
69.727282 196.403755
73.150706 200.210820
80.700022 194.217890
71.771536 194.073594
74.058450 196.350517
76.776056 67.853504
76.363192 76.745250
74.328139 67.137787
83.975655 63.626028
76.247558 66.338903
67.004437 58.684960
75.132103 67.060886
76.915847 64.241282
80.432871 69.504685
68.462585 64.142640
66.703908 73.935004
74.576346 142.191748
84.539618 146.502261
78.481877 137.767964
80.665534 142.007208
77.727951 139.901781
86.799678 141.781296
79.800135 141.087591
72.495349 147.293857
64.798136 146.461794
72.744480 143.298928
74.986009 140.883348
77.782648 80.328541
81.825113 71.149857
67.338779 76.325174
87.672527 69.230594
79.305045 75.701192
76.628712 73.630724
71.882870 66.605078
80.624669 77.665795
79.701290 80.344566
79.662275 83.435424
72.293070 80.631882
75.484639 205.203709
80.155251 191.078991
82.637001 194.555460
73.149752 201.473326
76.944397 199.798162
90.596215 205.737229
72.158483 202.115529
86.767158 196.884925
80.787992 204.830089
82.618394 201.864500
84.210432 202.927997
76.075144 139.374747
83.862719 136.115146
85.108868 131.878825
86.881481 132.172633
82.761040 128.237202
77.780800 123.843288
78.612823 135.500409
93.389062 128.157366
81.200038 125.368553
79.101944 129.475519
84.655405 133.728676
76.874435 60.904784
85.529258 64.499859
81.919636 60.367425
75.775615 59.960255
82.132472 64.724881
83.487032 63.563958
83.467639 63.007520
78.027928 58.501522
83.793435 53.688404
83.862631 63.705804
86.888665 52.826714
80.867787 78.729965
85.637756 80.673246
82.951901 73.042516
85.762337 96.206594
80.478482 79.536117
97.355157 82.439644
93.141637 81.333050
83.171653 80.821839
82.313266 85.642010
79.702260 83.778948
92.251985 76.482406
89.614882 119.192196
84.187908 125.594858
83.453091 115.441226
90.829812 119.639291
89.204493 121.972216
100.746589 124.064405
91.202941 129.869243
94.827775 118.579200
90.754485 132.051528
100.026560 116.290466
81.489042 124.477518
94.156218 206.193872
94.704082 204.372146
93.782485 193.317306
93.027566 190.941673
89.382586 202.264262
89.346380 199.897595
87.101927 191.754746
86.257369 198.826753
94.532710 202.630408
90.412082 199.603940
96.584166 201.384173
86.264540 74.780540
92.988391 57.968094
94.680019 55.758556
99.300378 66.840693
96.309563 55.672897
94.355823 66.019466
96.635514 68.879194
94.567951 65.634172
93.696723 66.123854
93.541098 53.767822
101.131664 67.869590
96.105056 87.992903
100.806837 84.720312
97.489726 101.231440
96.752028 90.213117
96.144326 92.655275
89.393444 87.262587
85.231150 89.527123
97.204854 85.137377
90.963823 89.491482
94.278454 89.526391
94.535663 91.103335
93.317135 108.821639
83.383777 100.762815
93.333079 111.584385
84.157385 101.278372
96.048140 99.838363
104.082813 103.930896
85.920436 108.807210
96.019772 101.561350
84.016576 112.022546
91.507141 109.856057
99.422886 103.986367
97.344824 203.268208
105.100939 191.335862
101.452878 199.746216
108.654417 196.815616
97.713224 196.352320
94.482443 209.912412
105.845964 194.969081
98.206551 200.874974
99.314747 198.111659
88.528475 196.500520
92.889034 204.950851
104.119562 94.403740
99.231953 88.914932
110.084806 91.758340
104.411808 105.660209
103.335530 100.045777
103.185405 108.388616
102.479271 99.259856
102.367046 93.134180
94.388146 90.493609
109.239121 98.283560
107.749250 104.356361
105.821176 77.977288
107.566024 67.970935
113.640662 72.967443
116.007759 69.613269
103.584699 72.785952
111.426806 64.732478
105.964038 77.243308
92.790284 70.292574
106.113046 73.832054
108.062081 60.638666
93.803046 67.762833
111.042106 93.227230
106.927808 91.800156
114.452459 99.627387
115.035490 83.686564
109.914755 87.004511
97.061661 82.981260
103.138366 90.528828
107.346988 91.567389
98.855128 92.417968
103.346807 81.245688
105.820866 90.577844
113.556056 205.429959
106.932608 211.415659
109.940760 200.135508
98.933812 198.537159
118.374944 206.233412
114.104569 193.170076
107.227468 207.014019
108.804448 200.132417
111.503833 205.224736
118.026258 205.032933
109.237058 209.318670
110.920040 71.271524
118.657493 75.430600
121.946452 76.719255
112.523715 73.970658
115.398861 61.554034
116.287966 57.578678
119.099568 72.299261
116.916780 70.805696
114.897011 71.314362
126.207122 68.665198
114.065317 72.857213
123.410814 207.883037
118.687018 198.212773
114.289287 198.138453
121.979737 203.536101
118.310712 205.270420
127.413525 198.223645
121.551025 213.817150
106.992834 203.361772
123.096004 213.148081
122.365495 208.364545
118.726097 202.922215
129.671359 74.991776
124.047710 76.067938
117.664178 62.797392
125.417677 72.650049
122.969501 73.953496
125.825369 76.635370
111.876325 74.618773
116.727623 63.979720
115.177708 82.322703
122.827516 84.171071
117.450612 81.039178
135.902271 204.435815
123.985841 206.132860
138.907141 203.919526
125.699421 200.019520
129.451215 210.740216
136.565001 201.594080
134.689197 206.104949
130.903547 211.306650
128.521489 196.569871
137.202918 208.043610
129.030187 207.240288
127.916688 68.510148
135.307506 83.117179
133.098492 74.661430
131.963155 66.833378
133.716354 79.590374
136.297147 70.896616
126.676251 76.888312
134.622042 63.645845
142.232248 75.643276
133.742163 72.510575
132.086026 61.819174
144.558723 49.338400
134.473734 54.597250
135.742795 53.557086
134.250960 52.353097
140.057767 47.055106
141.227591 55.180824
126.264426 54.341718
133.310919 41.264943
139.054650 61.178368
140.363493 49.070489
140.808200 47.157010
137.485456 205.262961
145.350456 206.925825
151.130782 204.801300
142.273009 207.786068
129.898033 202.440007
139.864995 207.020013
148.681308 204.501763
135.487033 194.689074
139.888094 207.136195
143.783875 204.227203
133.377716 202.259640
148.405983 74.013577
154.736238 77.056546
147.980000 70.519809
142.246891 77.035871
154.463774 72.528687
149.294212 81.863962
146.592956 72.300419
148.746127 70.441802
133.591338 71.136956
149.600131 77.631739
144.735238 79.680699
144.780803 49.358094
152.455482 52.219837
140.061078 39.508223
144.025316 44.671905
142.689624 48.829747
144.609063 53.949377
139.022780 56.977197
144.255174 49.267599
143.115279 48.535342
140.070523 53.789124
143.985356 49.578652
150.507573 58.557667
145.331201 61.795862
149.543931 56.266334
143.528107 60.366117
146.020117 58.985266
146.655643 59.528412
142.340370 66.259156
150.703299 54.269156
146.333533 51.306912
135.096279 55.464215
134.106773 55.938093
147.772908 210.847719
148.238118 208.496594
144.094951 220.164707
146.660526 215.990315
143.152086 213.563831
149.439092 208.662453
148.029044 209.946773
147.924291 202.849408
141.597048 215.920997
147.981528 210.482119
141.440298 211.401629
146.763196 69.087891
149.234303 71.138075
154.056054 68.581008
146.935493 70.577055
152.649797 66.293555
155.317310 65.876687
150.980016 71.281637
146.957974 64.928846
159.405641 72.098538
149.856460 74.721191
146.521091 76.315713
155.154461 57.130128
153.733433 48.739607
153.043533 44.840674
152.522854 58.015423
155.801815 45.324879
158.020369 42.815984
144.826321 51.090615
153.865702 48.836723
155.000441 58.959245
153.001568 47.632737
150.733582 49.564356
157.723322 213.788273
151.268057 202.925956
155.351768 197.918387
163.880639 209.646121
159.857025 204.172918
164.664079 217.175492
158.884053 209.582667
166.709008 208.523559
158.052222 210.645214
159.284310 208.458920
147.443711 207.932785
171.131994 47.205319
165.452926 54.503403
154.407294 51.243802
158.601048 46.044067
168.671726 47.953276
163.925359 49.405236
152.776586 50.965217
163.717937 53.738741
164.192678 47.769619
164.576051 48.612214
168.503351 47.863360
161.867455 206.283547
167.390118 215.316668
163.221294 216.037338
164.772224 210.931802
168.024207 214.868978
172.757128 223.649767
172.857471 220.028385
160.159698 215.084237
163.021855 210.529938
171.048112 211.903312
161.023167 211.110401
171.821671 224.547980
173.771345 214.981088
172.774549 217.838453
171.944469 225.017803
172.812626 218.430159
170.642840 221.922662
168.744124 224.940334
176.874859 213.879783
176.546986 216.410344
179.904092 221.942241
182.822952 225.683514
176.198811 49.010889
169.641815 55.143650
168.861256 49.267059
164.227364 44.002372
173.893573 46.596745
165.501805 50.630130
173.889827 53.873099
176.263309 46.350729
176.667180 51.965082
178.520425 45.035533
167.574009 47.604436
173.605004 228.569359
182.122410 242.856733
183.632211 232.611671
179.319351 234.686978
182.837391 241.539946
184.910150 238.254246
177.226483 230.136358
183.679720 237.018055
179.848231 234.639309
175.292646 228.426592
180.504079 230.728478
182.455987 56.298877
185.062256 50.088926
184.900213 52.724500
178.837559 54.544926
186.033311 52.207003
185.718480 52.981167
180.646851 49.104906
181.477505 61.804699
177.731045 59.080557
190.219846 55.014100
188.404344 56.381558
184.039331 240.719280
181.099743 237.659697
192.699846 234.502864
181.925760 243.200674
189.619026 235.230150
173.730077 243.501972
183.950820 249.863889
181.133162 241.806726
186.168766 236.192922
180.936792 242.465454
183.541794 242.317018
201.013601 64.190786
185.112792 52.897439
189.999197 58.998207
184.992014 59.368901
192.682537 55.509799
183.735933 53.963024
189.812347 58.855175
178.296964 61.256157
188.585235 58.790173
189.238327 65.152522
179.049595 60.746134
190.268752 243.778062
183.925517 248.219290
188.053670 240.394492
189.920932 248.885184
188.283279 258.729444
194.311608 247.721174
184.841571 245.280813
196.270953 258.957336
182.547667 257.406050
180.809092 254.543672
187.462168 248.359625
199.552344 65.632963
193.534151 70.379784
190.846284 69.907557
185.728034 66.513458
205.459900 69.316838
196.413048 76.195410
199.170670 78.979826
188.662436 74.668969
191.640467 59.063513
197.928157 58.093603
199.532032 67.283590
204.266803 261.656775
195.354177 254.288704
194.772961 257.420577
202.122664 258.289387
195.320833 258.169673
195.402222 255.765320
204.695774 252.866676
187.527314 258.514626
188.092221 254.943152
195.933019 257.785144
196.988078 266.814410
205.906808 268.043320
195.601025 279.107255
197.597421 256.580232
200.094012 267.890368
190.031191 268.251922
204.643334 259.676645
188.324171 270.152469
190.945570 271.464555
189.117221 270.745329
200.176045 271.056751
202.150516 268.363049
201.624364 81.964924
198.370943 78.264210
198.880856 70.708763
199.981164 71.044868
208.302083 68.559009
212.883143 76.998432
201.981126 71.399157
202.941738 73.325301
195.343611 81.607596
205.919259 78.325686
203.272763 76.040980
207.576180 264.379078
207.740521 275.417245
208.176122 280.726466
207.282813 275.513222
206.484377 265.373035
204.806689 278.778173
214.877037 281.524150
195.806111 276.719415
205.445873 279.776682
208.240938 264.514133
213.251618 269.114126
212.411663 71.907577
211.801384 67.924431
213.442846 72.343706
205.029214 60.573237
213.520146 71.588941
212.143771 68.796614
205.572138 73.470411
209.401047 76.690962
208.810328 72.177358
208.361316 75.507808
214.708406 63.757670
214.389447 287.012970
205.818827 290.690631
210.276112 285.304202
216.968940 282.831533
218.674861 284.099522
213.018453 287.494734
212.816074 287.641045
221.262606 287.800343
200.956752 288.377996
205.399674 281.907588
210.873413 280.703146
207.667468 293.097987
217.371119 292.048578
205.731463 291.259241
221.041910 293.547650
215.414867 297.031248
216.371041 291.651995
217.126116 295.682735
217.943283 301.951040
219.692403 294.765188
215.077996 289.941374
211.254030 283.458712
227.405877 117.058567
222.444894 109.226475
215.710794 119.411849
221.206800 116.431565
218.591271 105.449512
225.045962 115.040255
218.302098 109.375111
222.827897 98.179692
209.159166 110.541155
219.845093 110.710730
226.009224 105.110535
223.175954 60.998221
221.617502 67.897232
219.746171 65.361629
219.758136 68.051231
222.973985 80.529467
223.686598 74.885446
227.275839 64.713501
224.079881 75.163148
225.287113 60.372757
226.757327 76.932281
220.288060 72.281511
224.003623 301.369315
221.930426 305.977609
225.584463 299.139168
223.345825 302.803526
230.819318 307.207453
230.027986 308.723837
225.683481 301.068288
234.015908 296.206964
225.160911 304.851951
224.041069 302.303698
225.400883 300.806425
227.290637 306.605632
231.516260 309.555222
226.224536 310.486575
224.214587 314.531368
221.915141 306.060619
223.211945 308.183092
226.559600 308.933580
230.434559 305.036635
230.371099 309.698387
222.366569 308.494491
222.939161 306.576273
226.465019 91.434464
228.273452 106.283486
232.893789 111.561303
224.480831 100.411261
236.131259 94.248090
233.299622 108.804485
229.785164 91.375591
226.295984 108.083581
229.871408 112.454709
236.457192 99.474067
226.802918 104.506747
236.197752 108.052477
228.900327 106.138603
218.127271 118.179793
230.604638 126.685112
225.334313 105.609363
235.152855 111.628442
226.800990 113.871895
234.901783 117.615979
234.476872 119.708055
224.865634 121.666934
226.190609 115.184435
228.091729 321.362397
239.174204 324.060655
226.252831 316.485188
220.842919 319.647781
235.960777 327.658721
226.618018 318.741818
223.683695 322.270657
219.442141 314.552751
234.836151 327.394325
225.051122 321.604946
225.682616 327.853039
235.031723 330.680644
236.048689 329.341001
227.309947 324.426489
230.675193 336.642105
229.323203 331.907909
235.476714 332.684156
232.761164 329.524849
233.779586 326.360626
237.803283 327.897642
228.460049 337.674473
226.467235 334.899750
229.339767 455.707953
231.540211 463.338608
234.208985 467.835067
230.844150 453.045344
224.721861 457.390663
225.998435 456.628409
228.145870 454.934092
235.189723 454.616728
231.783933 446.627363
228.503671 444.935951
237.066377 455.763810
226.463953 100.390238
227.992562 84.142442
226.175302 80.525205
229.892501 88.326595
229.990548 90.008434
226.663217 89.940184
227.176631 78.618169
226.747151 91.708022
224.641233 84.322993
224.335255 98.449334
223.778579 81.860600
231.939973 74.967044
233.699623 62.285219
229.558821 77.536468
233.296996 75.046697
221.100177 74.063718
225.598039 81.786140
227.675041 79.468692
233.865359 62.853371
238.456143 74.725431
234.638205 79.429572
241.588567 73.083132
237.566183 342.392668
234.249243 334.426441
237.338984 340.299363
236.261366 340.559753
244.323357 335.643531
225.849432 330.847185
243.046755 339.775656
236.714457 341.758714
231.539131 331.042933
225.360932 344.398860
222.874632 337.638728
225.581000 459.098073
235.423213 463.054183
230.016234 454.109601
245.982710 462.852098
236.293206 459.921099
222.957242 463.128599
231.270204 456.825642
239.788257 459.653173
232.835574 456.668152
227.876519 461.862321
229.643498 468.672388
239.190043 448.033551
235.299724 441.297000
247.054945 445.391119
229.339572 453.332947
234.406664 452.326860
234.217221 452.422161
240.062735 455.401098
243.661241 442.662111
239.726973 447.713983
235.849790 457.313168
242.054642 441.857396
244.107981 119.461208
242.379141 117.068673
233.550511 112.711622
239.806677 128.923631
247.378452 118.526253
242.151272 119.851027
243.888880 118.893564
235.628875 118.072574
240.386343 120.872860
227.102255 118.817339
239.211071 115.716449
245.004702 357.754632
245.792189 355.023167
252.270356 345.658586
241.012749 350.589615
240.915706 344.965451
234.219962 349.920288
248.995300 343.594174
239.474911 359.343311
239.180788 350.314807
241.795578 342.830516
242.641275 350.396530
242.836614 427.307889
244.548966 434.745503
242.559548 450.037354
238.580893 432.799335
241.760541 438.778243
252.628521 439.952310
238.114727 436.129128
241.264095 432.034705
249.349199 433.221363
237.578420 438.945048
232.957804 433.074425
238.232940 465.218399
245.712996 468.184750
252.703569 467.186460
252.106858 466.949891
240.997274 474.325440
245.019667 465.478872
236.393140 473.711815
246.377014 461.361348
247.987776 465.757899
246.295819 468.145999
241.529865 456.922554
246.451816 119.749323
253.032585 123.844677
247.079970 123.486933
260.294821 123.566604
247.780733 125.146378
247.399228 111.537316
247.988781 123.916877
240.092284 132.992231
247.744540 123.044458
248.391898 128.131881
239.965149 116.604812
248.663098 346.971509
249.628526 350.308503
239.466444 355.552401
249.410817 353.377912
245.169258 351.261907
250.444245 362.038109
245.120601 346.093092
252.407604 353.227919
244.291416 350.112040
251.090621 346.497710
248.832077 353.265038
247.112069 370.697321
248.977537 362.997906
248.905056 359.982156
242.460772 362.622224
260.123603 367.962662
240.736452 358.415994
247.949015 373.651986
257.362185 365.289496
241.825364 367.990499
251.637875 355.937382
253.749360 366.114766
248.764681 372.843044
246.121264 373.351536
248.314892 367.941145
249.073876 372.990526
247.538431 372.591799
248.855935 369.705962
258.270528 372.851709
249.520766 365.856318
260.484188 369.887949
254.061017 378.688124
243.172523 364.240624
249.561759 421.352025
247.644487 430.112639
254.801060 426.782447
245.249280 411.980727
245.143761 419.121358
250.228181 415.984472
248.820150 424.263717
259.683925 418.219840
250.724803 418.894997
239.607465 429.889231
242.937947 424.780526
250.464776 380.420503
249.093788 385.282756
254.775017 382.346958
252.631042 380.393812
254.110649 382.085480
253.518086 384.490901
248.994984 393.095573
255.350250 384.371576
254.833527 386.131116
254.508476 384.151542
248.142953 375.491440
262.289320 397.800988
252.369984 390.458448
255.087194 392.519618
258.749851 381.630260
256.678958 398.338213
256.902135 395.981559
259.260740 393.664858
257.685522 384.273749
255.326093 392.623922
256.262237 386.546712
256.645484 396.722505
248.654093 397.498289
256.339028 402.344787
258.343072 400.520028
243.423016 399.182161
261.104516 398.852950
254.155324 401.703728
241.990660 399.233146
243.301386 407.028051
250.952501 403.929262
248.125352 411.377041
264.147519 398.595726
263.936776 410.987854
250.231116 402.368798
260.790225 421.454369
248.613926 409.068310
253.963670 411.756974
252.303342 414.638866
254.276588 413.673229
252.889867 412.133387
258.060720 407.163243
254.000813 410.639158
255.000216 420.374455
262.006542 464.969339
259.548158 464.400915
264.158407 471.670523
254.239511 463.067590
255.387022 465.220369
249.943430 469.546200
255.268431 457.431947
247.975057 467.263553
258.933700 472.358758
262.308240 461.181943
254.895703 470.587304
260.389276 130.695795
268.076388 131.841584
257.542130 131.999090
252.472673 124.627828
256.667684 134.416362
260.610012 130.412836
251.512063 131.046902
252.179542 129.673817
254.942186 128.781170
255.527337 130.385484
253.283336 131.052835
265.158242 456.695807
263.184188 467.302929
274.862311 462.141745
257.768163 455.636291
271.930595 455.130071
254.089490 459.027853
275.729496 466.160186
267.746909 474.508991
275.831129 464.368377
267.641778 465.631297
258.029788 471.444918
275.954617 128.517811
274.897466 133.991176
260.978569 134.510766
265.444188 128.912681
267.201437 128.683324
274.137276 135.158239
267.624133 123.952628
267.546909 129.326303
267.612271 130.386577
265.517532 130.883229
271.358609 133.625813
271.004724 440.246304
269.655836 440.972019
270.962696 440.461832
268.459325 439.337565
276.658055 445.997084
269.846362 440.984337
270.002157 439.767179
270.720644 438.438577
267.774123 436.809396
259.961420 446.118511
266.784292 443.842658
273.754788 451.976392
276.811745 454.375151
280.430939 455.654407
274.984529 460.370153
272.399368 445.675132
259.221536 445.176999
276.747762 448.384643
269.520449 450.328374
271.872936 450.673108
267.067922 450.014413
263.295362 447.932001
279.692599 395.520240
265.869987 388.272840
271.638972 404.661966
279.964127 394.976047
272.877266 402.114694
273.814903 400.395008
275.069893 384.320616
273.880463 383.470857
264.939170 393.413843
274.586096 396.253189
273.981047 407.244475
270.480669 411.340127
274.449807 402.615024
272.290743 396.572803
274.987234 403.138324
273.108059 398.746945
267.108768 413.058000
264.049231 409.524226
267.315833 396.898639
271.280130 395.480656
276.966091 408.348529
274.162800 406.630000
271.648150 414.756860
278.640617 416.590451
273.706592 418.906453
270.273045 409.972304
278.573725 405.087279
275.718443 414.345660
276.165698 408.422954
275.547601 420.797130
269.003818 405.956734
269.453071 419.251325
268.533639 406.338034
274.290936 425.493045
280.623670 425.446449
268.886066 423.405250
276.594282 428.581868
277.046786 425.636083
282.951309 417.161732
276.832478 429.813925
284.432434 424.789984
273.470154 421.198109
282.477802 417.304188
270.117862 427.333816
279.872717 130.786098
271.921031 122.738190
269.975520 120.965219
276.562132 124.506925
266.636869 133.660522
285.808687 127.123844
282.242169 131.877743
273.972174 138.469972
280.571209 137.092902
278.868362 122.496306
274.626304 132.274793
279.950867 369.858170
277.785968 364.284058
284.925782 380.380383
288.581451 377.658658
283.503894 371.712140
280.019027 369.891419
275.505290 371.101026
277.493643 367.837813
271.233944 371.568615
281.399749 380.075900
277.920881 367.641221
281.231781 373.009412
276.003508 381.463340
277.597165 378.819349
275.528788 381.210717
291.000722 375.600851
285.996448 381.717637
274.307599 390.036006
280.593409 378.988784
280.386809 379.650488
278.301606 387.527533
284.937504 379.497786
285.089192 349.471110
273.391649 350.918025
277.339012 349.543757
278.121192 340.365632
284.303654 352.733921
284.923280 355.268831
282.518262 344.610705
275.955989 356.737605
290.274559 350.666791
286.939290 338.135748
287.271999 341.338705
288.006672 348.635417
285.782509 357.892400
285.161838 361.172120
283.762653 366.870937
278.984524 359.820302
293.816902 354.632893
290.434955 357.075004
284.335571 352.852408
287.218720 359.147780
275.893475 360.058385
284.004283 360.906332
295.680088 129.251597
288.065183 128.775866
286.520411 128.716632
285.769732 129.019597
284.904018 128.017218
284.829894 134.168900
287.257974 129.249489
288.825478 127.784983
299.358427 127.926153
286.265428 129.855594
276.750694 131.313110
305.446664 348.403923
299.866016 349.624366
294.222772 342.678920
295.609406 350.007670
303.547156 356.795440
290.243427 339.220911
294.694746 348.060120
297.364223 349.215327
290.271046 353.210609
302.428801 343.286846
294.282902 355.812822
298.201251 130.321834
298.890669 133.557339
297.244749 127.028236
294.738769 138.262507
298.535867 135.096453
300.695384 134.611688
295.632325 127.334854
296.589079 128.707420
298.991109 128.628396
300.602872 129.160753
297.698017 120.521383
300.247531 357.386405
301.359504 353.373170
300.202912 350.421037
301.111909 346.854419
310.177692 353.648409
311.689670 352.748467
308.094578 349.753551
306.731700 349.364523
308.477090 352.414765
294.225053 347.790006
304.544863 347.016898
302.808771 132.067958
301.532269 135.124515
305.811762 134.474235
303.546064 142.875066
309.000368 135.630403
304.724654 128.067218
304.908400 136.885518
302.931640 140.440637
308.427474 139.542527
303.776328 133.850902
315.349686 134.867620
313.525173 470.712409
308.580098 466.678491
303.273970 464.464603
307.694436 468.920238
309.137115 467.345263
306.342178 474.606469
308.061730 462.481642
315.074418 460.027189
313.824513 471.894346
316.672139 459.090229
311.530669 462.616821
318.585283 473.372946
303.861071 478.821704
299.874862 474.607391
316.411871 476.088558
314.452417 476.287733
305.918965 482.988761
311.302722 479.363601
310.913359 476.341559
302.435974 475.371701
305.460976 475.402038
305.293282 477.029890
308.414210 359.095927
308.148371 356.333058
318.728909 346.871690
318.021839 350.646679
312.403182 355.299872
315.407747 355.823787
312.491208 355.881729
314.810517 354.949980
312.570888 358.014409
303.111180 353.757947
313.893295 351.846700
307.347238 458.775968
313.061542 460.661142
324.003083 456.318215
319.402227 456.098035
307.800001 442.610035
309.869215 449.999823
321.679913 455.162587
313.424661 450.244304
302.732903 450.537604
317.138678 459.062489
316.027791 458.349323
308.828446 127.852225
311.249725 142.112702
315.531893 144.869204
309.772699 126.254351
313.990836 135.264492
314.998660 136.782337
314.097329 140.008674
307.524508 135.199570
311.344826 127.726571
308.699418 138.612519
310.325319 138.626098
316.478871 366.028898
314.004057 364.887242
315.476751 368.404092
314.590139 364.193226
314.378863 376.295376
323.425593 366.092218
320.379363 354.351465
325.311767 370.118708
316.360352 361.955058
318.174661 370.888060
317.611119 365.166168
320.490420 382.938031
318.115818 374.592593
320.877653 374.022518
323.109828 374.018523
319.035194 368.763991
321.592106 365.235043
313.147308 368.255978
318.887531 374.124106
326.106201 371.650608
311.783976 373.529863
320.488852 375.681404
314.006838 434.736675
317.540441 431.812603
316.431256 442.708779
311.810778 449.678726
328.232471 442.648819
317.393606 443.114895
320.946920 440.460853
310.628928 449.147803
318.915118 442.904692
319.330188 440.285669
319.671925 442.429204
311.946686 487.245365
316.857806 475.341073
319.378668 480.967144
317.723279 484.493438
314.062384 491.377352
323.822239 485.129737
307.564819 479.109108
315.186994 487.100807
314.313772 469.137796
330.164255 479.123079
318.283861 479.790448
323.749271 378.573696
311.797433 383.053613
316.544463 388.648681
314.216206 391.017701
322.829877 384.547426
319.430487 376.346578
319.407060 394.365699
321.512435 382.827631
316.357732 382.082511
322.706338 383.777345
323.062642 383.219179
332.513669 397.019431
315.815036 386.221343
324.962382 393.860413
328.724696 390.613363
325.349061 385.345655
332.918073 400.705956
334.223232 400.187019
333.817497 390.945439
324.793153 407.229877
324.130878 392.949904
328.329701 389.058479
324.574655 404.438315
332.334376 401.174852
319.458077 406.261052
316.811615 410.895601
323.954775 405.076542
321.433637 402.576885
327.232575 407.150869
325.490140 403.800436
335.761224 402.654269
331.050353 399.989496
323.055950 405.913627
324.330002 411.879385
327.430089 417.925359
327.913634 413.855065
328.971458 412.654737
323.744617 414.804686
334.777277 416.051230
328.459145 423.003574
323.661127 413.917862
320.133721 406.333430
324.714027 412.171625
330.589892 405.325346
327.521058 420.549775
322.959065 425.365789
319.378361 424.381989
325.404559 423.014256
321.877688 423.959925
321.388870 435.934658
323.245997 418.453049
319.714600 422.730926
320.521441 428.249777
322.928055 418.924106
320.787328 428.214532
320.157920 134.051640
323.674656 136.168883
330.237995 128.092158
323.128085 138.448942
326.250618 138.200952
320.002959 136.902024
326.635982 134.682992
324.902564 140.954012
328.104210 135.453948
325.991385 133.999007
318.022650 125.435899
321.167861 487.831773
326.584856 489.925143
323.731762 476.673164
332.687141 482.765421
333.496270 477.930401
329.183374 480.347210
330.979544 476.833511
327.206555 479.723877
332.958296 477.507101
326.197400 469.455595
330.686606 479.178714
338.032248 133.647465
342.698271 124.211947
330.633134 141.671592
333.472503 139.950325
332.883480 125.279653
336.387593 133.870491
330.692944 127.910176
334.613081 135.328180
335.817517 134.003075
325.463436 138.855083
324.329500 138.333092
339.352921 479.703070
345.075144 476.453232
344.274802 473.778134
332.097292 471.246770
334.012694 479.733783
343.156324 482.648029
338.153743 491.103112
341.368513 472.892272
338.919423 480.090141
328.647911 473.602949
349.572615 476.772328
351.275313 132.923647
356.386183 137.407778
345.062449 134.441499
345.428208 133.412204
347.016396 131.857628
338.122513 131.325248
353.514869 131.472277
339.851715 144.485480
356.700758 137.817375
343.224527 131.567231
338.654168 139.768967
352.507436 472.334851
352.067848 470.392588
351.475655 488.824745
347.349097 476.027430
354.015210 467.388894
346.256119 480.438074
359.742661 474.817130
354.434687 473.653074
358.286187 474.333443
349.739157 476.339850
356.536211 484.300563
351.490703 377.237477
345.416661 387.466089
361.611990 378.218266
348.417266 384.893455
355.686029 385.004312
340.994120 388.148524
339.999769 378.976060
349.313908 389.174200
347.003323 378.643604
350.135427 380.116843
352.818139 382.813484
349.993062 389.992950
341.090685 398.025095
352.092930 392.387414
355.381433 387.967213
356.765930 386.201205
361.497138 389.680947
358.300918 398.297261
351.212982 381.675511
352.111162 391.435146
350.497239 390.504235
340.247756 385.034779
353.453756 394.907288
360.666098 404.036396
350.774252 398.291002
354.840681 404.943481
351.250854 388.593511
342.882639 394.085435
356.170631 401.056271
354.962170 394.860819
346.463286 392.099075
343.849444 399.947596
353.768674 401.579907
349.311293 413.330720
349.169979 412.003662
353.229991 411.304113
351.003690 410.540751
354.416909 412.059132
340.783957 410.049371
348.923886 421.220492
358.291607 405.863354
354.059718 413.822980
350.131895 410.055286
356.075165 409.443661
351.878840 422.873602
343.907659 416.882393
351.044535 424.078212
348.032528 419.748806
353.877626 422.855208
352.488165 424.062477
346.402646 418.705393
347.874232 418.757249
349.988401 426.119209
348.407761 407.696318
354.719067 408.620194
353.324410 427.381063
357.284762 421.039450
347.425148 431.296106
350.323869 429.623262
343.058115 424.853409
358.371640 427.269795
343.998309 424.873480
353.007326 420.543808
347.778695 431.609625
346.981203 432.710081
356.675734 427.144678
347.354957 437.609882
349.620125 438.689044
349.378214 437.967288
352.725907 447.533969
350.574515 439.954147
360.285154 446.329037
350.632595 451.452542
343.512504 442.106099
350.752114 440.703962
344.526948 433.804077
355.776228 442.432700
354.149415 460.671317
356.745549 443.682939
344.636430 443.014170
360.480997 444.980970
348.551123 445.376114
351.480315 448.640971
350.958102 461.531404
355.176434 450.925127
349.540392 451.665458
351.229829 447.926720
356.440821 449.946860
352.555082 459.400746
347.756082 447.798534
348.806050 458.811247
355.651781 462.850256
351.274708 469.129421
338.443168 461.468231
352.684031 453.603636
338.223241 463.772449
346.904319 458.816278
345.015842 455.257410
360.717151 464.087142
358.990337 147.436199
344.312786 142.949674
353.709611 141.848411
355.101649 133.838592
349.375080 136.799094
357.239065 141.431165
357.462530 136.851221
356.698755 130.268320
350.789351 134.754707
351.639046 146.376184
359.540774 133.518709
353.408538 344.332293
355.862531 357.297599
364.194621 340.708147
360.738280 350.689752
355.256552 339.509583
356.797518 343.378471
353.761501 340.965552
357.752811 349.895957
358.971355 346.389232
358.902328 335.519591
363.217079 346.224971
360.564010 360.301022
359.943386 347.951697
359.060982 356.554863
350.479961 350.544716
347.861503 356.055004
354.451089 358.151543
352.758656 365.176284
355.003979 355.018210
357.795305 354.051755
359.935941 354.290999
351.546041 349.290887
360.194541 363.665598
362.005073 371.884247
355.176242 374.772202
354.679633 364.827752
356.163040 363.137031
353.350247 361.816339
344.952587 369.392954
353.552294 366.248715
348.348338 358.948244
348.884488 355.097998
349.051783 371.636934
364.626204 137.494957
372.665319 144.278602
367.801360 137.482429
369.273983 144.040523
377.047286 140.754044
365.261799 142.836850
354.236356 135.283827
359.577795 131.296974
365.781011 131.044705
363.890966 143.612820
365.147668 137.083865
358.914186 346.485885
360.542893 338.123290
363.213946 350.749873
364.930669 350.417565
363.331934 340.375811
366.242371 342.636138
365.155361 344.125137
368.662078 338.511401
367.192728 355.748004
368.540205 336.740944
364.574063 350.683300
377.777974 139.154103
369.473688 143.625427
383.984473 136.956904
378.824283 139.058960
377.480155 140.671240
378.552103 149.218241
379.302883 135.336398
376.137594 139.154077
370.803387 144.412191
373.787198 137.908100
374.918078 142.819610
374.928998 344.069436
364.614910 339.467132
383.856418 348.342223
373.069287 346.155120
378.504444 343.582925
380.804237 340.378248
373.475391 338.152143
375.488756 345.156932
374.845279 345.326670
369.915625 336.626085
371.533967 338.813010
384.536221 350.182737
377.252582 346.358874
390.438404 351.800467
372.820659 350.236423
388.273676 339.676686
379.604334 357.290163
389.429125 349.364392
378.553593 345.918454
389.021582 351.086430
381.163991 346.167552
391.333269 342.432906
378.975908 143.084040
385.073571 141.917069
378.695370 133.065938
390.560191 133.738608
377.969046 145.517472
388.288172 133.761752
378.075191 128.759011
383.904419 137.054447
384.772405 140.645129
389.417049 137.942916
388.534024 144.136678
388.284752 342.121617
392.750362 339.757898
390.940109 345.331708
398.601608 345.440460
393.768255 350.084965
395.688235 346.540303
389.615717 347.080127
390.386591 350.720229
389.333164 346.323656
395.367707 345.907430
394.429151 345.882888
402.616708 137.288221
387.806639 135.471672
397.526901 135.320473
406.537692 142.755531
384.525523 135.018219
395.356746 130.921471
396.180412 129.783372
394.766958 150.710268
395.069516 139.018390
398.645026 142.513383
396.980566 141.553049
394.041707 337.083166
405.993221 339.726729
401.360635 343.403182
397.859249 343.762767
391.631650 340.592399
396.850455 344.419141
390.969514 347.485289
398.830848 339.679253
405.643763 350.566456
393.046811 340.457396
406.538741 351.153293
403.253391 137.636331
401.518268 128.056430
405.624474 131.249106
398.085589 130.796834
400.972508 127.374727
403.726766 133.883249
406.748390 132.476849
403.773988 134.862848
405.862488 141.021829
398.206640 138.065827
411.421233 128.229557
421.764218 346.001770
407.787424 353.329265
419.842625 335.929346
404.140679 344.457014
416.621305 337.753153
407.131606 355.582176
413.244664 341.078554
412.793864 345.628166
412.002266 344.887651
404.603789 352.252419
414.315183 345.784507
407.473194 136.225214
417.401894 132.116464
410.452609 135.453447
407.707629 124.881637
410.317904 139.425628
416.640752 142.196403
415.799816 131.392940
415.219459 140.739126
412.269579 132.465975
403.231859 129.959045
412.729559 134.583433
425.669179 346.022006
428.146435 345.688739
412.329347 347.291949
422.145864 347.440708
425.048853 337.584200
425.307175 346.003445
417.034655 347.407450
421.854297 338.142774
418.914930 342.006349
427.531978 350.367226
421.869840 348.133101
422.678334 135.798761
430.027815 133.834707
421.254612 142.279238
424.262471 135.546858
419.826555 138.868649
422.428340 134.901459
417.319219 131.673642
426.993098 124.212109
430.645962 123.455434
419.826735 125.851283
423.338876 124.231202
433.942799 420.693025
422.916398 421.531932
426.191188 419.597818
433.055932 419.715624
422.134418 408.705819
418.477288 425.608402
435.793889 415.088622
419.513751 419.685525
426.482997 421.899014
422.648334 422.290238
425.382549 412.910343
429.054222 409.011520
429.739908 407.280137
428.642677 407.826093
425.672822 401.530501
433.494116 398.837943
424.316502 403.163023
424.517622 403.598785
429.832955 416.651810
431.750002 405.889143
426.378596 403.640934
420.431187 413.250619
421.813587 344.040074
417.952187 355.496928
432.501496 344.519777
424.190776 345.722368
435.611065 355.017804
425.985590 351.118511
423.548348 350.032976
433.323189 357.075543
423.801379 352.426995
433.140471 344.223865
430.821467 348.675462
431.691595 428.577069
427.696657 423.264302
435.159611 426.574301
437.623163 423.918450
431.307799 419.415838
429.571543 434.935118
430.847723 426.410240
435.426803 417.284167
436.821962 420.262641
424.891288 415.668226
440.868282 423.595813
435.218134 133.590960
427.786068 133.961478
429.666230 137.656132
435.339744 127.625920
435.109147 133.075630
433.734493 140.981825
433.487893 145.693170
433.410174 144.670934
444.370179 131.353223
435.126279 133.609444
435.653643 126.567746
425.019233 397.924651
432.857405 399.978309
440.754542 402.584723
430.043937 392.571958
434.558417 406.175936
425.906287 394.763103
435.254043 398.114168
434.513661 398.121439
443.300852 398.599629
430.826295 391.778761
435.054615 396.481329
450.610667 360.921191
446.208351 347.449165
435.229865 356.734395
442.962328 356.187908
447.223766 349.407711
444.487391 354.592109
433.076210 344.988414
435.465967 357.840903
439.344787 354.621184
430.991308 361.797806
434.460167 361.890524
438.952386 425.597625
437.897372 428.452562
448.666747 429.456017
437.752088 418.247665
442.153005 429.302987
439.677230 427.944041
435.907344 422.253723
439.445178 432.528641
446.335655 421.944211
441.203475 417.987479
444.776250 428.061856
438.596425 390.139191
450.138777 391.679916
444.218897 377.971625
440.576539 385.409154
446.812029 388.339520
442.619693 378.686335
443.355922 382.739186
441.989352 387.965446
446.242751 395.900055
444.462009 389.051677
440.780348 387.266730
443.635336 133.471402
454.904295 132.376496
441.081580 122.269192
450.708883 142.009179
437.324567 136.926813
451.807806 134.500783
444.066010 134.068023
452.659795 127.034449
445.470240 133.827142
436.536313 132.533166
444.966703 146.001999
440.609231 367.052434
444.185150 364.802500
439.125164 374.041861
447.056575 371.012942
440.852036 365.630331
441.837702 365.166356
443.884685 365.223979
443.297811 366.341191
447.849422 360.351992
451.677689 364.225854
447.021666 366.096364
444.874996 374.854493
445.205522 373.667227
444.137700 384.869242
446.041798 372.887156
440.027763 373.985846
442.062669 370.059595
434.248059 371.581412
443.139946 376.813988
447.463181 379.268107
453.133720 366.805396
445.518545 374.829181
446.205484 423.063357
456.184235 425.808075
449.946382 424.055877
451.524694 424.414772
454.359957 418.478354
442.822105 429.662718
449.002434 426.183320
453.681864 413.695653
448.027230 418.942589
449.486025 425.501882
452.428271 432.381655
451.715155 124.456455
447.965940 126.867207
454.157350 127.211468
453.304975 129.013862
459.146927 139.260264
449.743747 128.699108
453.588879 134.004683
451.444269 121.344432
451.507204 134.172682
454.784635 122.331161
455.950019 128.540521
464.077335 411.152880
466.095369 415.296320
465.924989 422.897262
456.716978 418.397974
464.244018 412.916214
457.913885 417.928168
459.938062 418.675560
449.738899 415.745236
464.675511 420.950466
458.027683 424.889946
448.947459 410.972061
462.441784 407.909990
460.087750 399.154029
460.845940 400.100252
454.796996 402.038848
462.539526 395.135768
466.706865 409.807635
462.915844 396.378586
463.484863 408.370865
464.827151 408.047012
470.796007 401.317024
457.421480 402.751426
466.089922 120.614323
460.611382 117.723011
463.866476 128.357600
466.557511 134.658015
464.407079 139.686305
462.876007 129.949981
457.066406 138.228526
464.335438 129.279398
463.052635 126.430821
464.718181 133.253730
461.861254 119.856686
470.631650 378.589811
466.890937 374.724286
459.693651 380.316376
468.279654 370.856747
464.334741 369.653888
455.969519 371.475329
464.396710 369.128847
466.511251 364.939210
468.954497 368.246941
472.089003 378.048139
474.988193 364.359657
461.263196 381.357504
462.783059 369.499276
467.732717 382.761548
471.966963 376.256233
471.093496 369.382584
465.926863 389.386666
468.443760 377.015277
468.496092 375.103159
460.284264 379.413375
469.085212 373.389516
469.822498 376.922849
469.306308 394.379234
475.204531 392.728526
455.648846 392.043902
462.861331 389.217562
460.678250 390.903834
468.358226 391.202082
466.180998 397.790837
453.381111 391.313146
471.418563 381.163767
465.506016 390.871649
460.651102 388.081389
472.317571 132.483864
467.216134 122.901544
475.717589 121.770219
466.502836 124.463863
477.117031 119.127485
475.379941 134.995697
472.207586 130.251502
484.366331 125.262249
473.249313 129.022789
468.445146 121.617601
474.219506 129.572228
471.959936 374.310351
480.979166 367.115732
462.235135 362.526105
472.112092 360.003125
473.096093 364.731907
480.718053 372.259097
463.389425 355.090287
467.578724 352.495340
482.028697 354.356219
477.998019 373.237543
462.350443 362.882215
472.284560 345.619975
479.738419 339.996269
482.808153 339.307262
469.611028 333.055986
488.283076 342.733565
480.209366 340.682394
479.114983 341.299452
480.201883 333.475318
469.733475 333.777589
480.785481 344.213209
490.603664 342.002612
479.425773 340.593805
480.233053 347.589716
481.322941 344.869405
470.234288 352.580540
478.207627 355.469541
473.909683 356.133769
482.610471 350.838968
473.196318 357.713280
480.029966 360.087010
473.711720 343.923856
477.924170 348.378082
472.527592 131.818127
488.321101 120.133305
481.835872 126.876512
491.123841 126.690166
477.078832 114.560196
481.502000 127.541591
482.466322 121.468078
483.802756 125.368851
472.160165 116.873792
490.947596 128.423974
493.017079 125.488798
488.031161 350.530441
485.428305 344.126494
488.071452 346.780506
485.954864 345.680538
500.665389 344.037899
478.525655 350.534492
497.108050 335.774572
488.988992 344.987070
491.644883 342.847073
496.982191 340.205161
493.615217 340.981573
491.390121 126.802588
494.688926 126.702108
487.812368 134.799598
498.308609 130.519336
488.726820 127.901929
491.514670 129.680495
501.294937 127.488441
487.480430 139.073999
492.935277 132.990390
485.086295 123.129600
494.309834 121.513430
504.431845 340.339847
492.718751 342.357860
498.214565 358.515467
495.978429 344.331696
492.847854 356.445081
493.128081 347.610548
497.675208 350.130188
496.092346 355.687660
505.553211 347.413924
496.570361 349.459420
497.770018 350.066712
494.661369 128.822136
507.760895 139.292175
501.850925 133.457271
498.328450 130.433215
507.554144 135.060991
498.065046 138.610084
507.144392 131.352645
500.061501 133.920431
504.202827 139.380791
499.245050 133.062139
500.054024 143.373405
513.978328 338.850186
504.861769 333.757765
504.744976 339.973088
502.428098 340.050000
502.767598 331.888207
506.729878 338.990447
504.266561 342.375778
505.352890 342.249665
514.482826 337.942706
510.829359 334.882094
506.694884 346.753110
510.455224 133.962318
507.874013 132.165437
510.556638 128.149120
513.760638 139.265643
517.675209 137.069645
507.401348 135.491091
510.886371 134.341506
497.875568 134.493780
514.167770 132.326695
513.493670 130.403393
507.010274 136.850207
515.616003 333.366665
513.421661 341.080434
508.680583 335.274476
522.681994 332.600640
512.161062 340.953276
520.195917 335.707931
508.159712 338.786077
518.639584 336.359753
520.966653 331.119831
514.527921 335.050238
514.641023 335.601593
511.698897 353.615998
506.451261 350.253669
518.131124 348.576504
521.646857 351.852867
518.774706 341.235829
514.869139 351.147053
511.309007 349.442487
518.883999 343.678048
517.988348 345.979983
510.211749 342.556500
512.377075 355.659329
523.252155 148.464859
522.221037 151.154179
521.357475 136.367353
517.562986 138.929484
520.244646 144.178583
513.296963 131.325888
516.045458 130.863805
523.135604 143.702064
523.257598 143.000368
520.812136 148.607028
528.547609 142.983019
518.940725 411.672155
507.122518 410.332901
524.714040 406.981637
519.295688 411.263514
512.138940 407.112495
524.514891 422.698803
517.442876 412.265356
521.533194 411.928635
514.293305 408.473042
524.146588 412.750178
518.726676 404.188970
520.534922 427.531721
517.707123 410.775959
521.159745 419.755900
523.562418 415.491609
516.406219 414.641938
520.411389 415.143009
517.024814 427.255813
524.907801 419.301449
513.038355 428.444383
521.777357 414.965375
518.755908 424.131625
524.988753 141.738429
516.692304 145.354756
516.547896 150.604668
533.870469 152.265010
523.337769 150.715545
523.979786 150.836632
526.626009 146.490172
518.984605 150.180736
524.022832 150.958892
523.702380 150.801483
523.750579 144.184496
522.977194 351.649808
535.303060 349.719462
523.885697 357.398842
523.544771 351.340380
522.817688 348.750615
528.852541 358.942988
515.507152 351.309373
524.755332 363.506805
529.216961 351.599026
528.513609 353.433152
523.481011 351.676712
521.315426 361.178346
513.452630 357.277510
525.911086 356.444652
521.585761 362.384211
517.956629 356.283672
514.038440 367.082299
530.454320 367.843515
523.934036 362.829832
525.465775 362.776166
521.050566 363.948074
533.625847 367.332724
520.684142 381.084971
522.219720 374.102315
531.229617 364.268649
525.686019 383.203899
531.149106 370.554069
522.540070 375.295741
524.167849 373.061074
524.356223 375.582498
523.896458 371.573988
524.521828 374.872398
519.201273 361.821749
524.181588 379.107887
519.238198 382.261029
533.569586 381.035304
528.565545 376.545643
519.948594 386.109095
524.027946 389.697979
528.795691 393.762695
517.157468 376.147106
524.114120 387.674946
517.144129 376.871089
524.016731 383.016575
525.603210 392.062521
518.777201 395.131458
523.771378 391.624982
532.595106 390.812048
520.924754 400.231614
522.049770 383.538967
525.301739 386.888882
523.160659 392.304360
522.832236 391.578950
521.177693 402.870111
523.383392 395.403508
516.266928 411.453099
525.153019 404.048346
527.722424 400.993498
524.872168 403.207727
521.895586 396.821106
531.482978 412.420435
528.126791 408.709410
523.952340 402.522271
516.657603 411.476116
525.385950 410.120846
526.637610 405.388580
514.274375 425.199896
522.387068 431.780112
523.817609 432.311299
523.956088 433.490487
523.049906 432.419697
523.983662 431.059713
517.432821 432.197573
521.322314 434.365931
525.073865 423.186102
517.236951 431.800267
518.600752 429.456397
520.604317 165.633469
526.183123 151.912345
533.829777 153.323888
521.926914 160.385310
527.261103 160.762989
523.834356 150.135041
531.751241 158.843568
512.805569 159.596799
525.493500 165.920657
524.444222 160.506984
528.032951 160.279797
528.449233 172.811578
533.989974 171.414315
530.250733 176.287415
535.323536 178.324611
528.340196 158.937569
535.108448 165.899970
529.615340 176.821524
520.242961 170.576628
528.655042 159.801557
530.378034 172.636796
522.279166 171.215491
529.935580 169.007745
531.476089 185.278445
530.063065 180.296784
525.245718 184.316086
539.767104 182.324025
532.564663 190.547367
522.558062 186.134839
518.190238 178.204139
536.046579 187.430809
526.340311 174.531159
523.576211 190.033364
533.177430 184.099550
533.686131 189.392406
522.143258 192.893853
539.054496 179.780375
532.912020 184.485856
531.956532 183.131798
530.869758 185.693613
529.732864 190.121094
533.166214 187.802416
534.364943 185.762764
538.251401 188.742784
534.201524 434.194412
535.993831 435.435655
542.611327 442.845673
533.560505 436.606666
538.527583 428.819945
529.995574 434.708014
530.792839 435.644646
538.051494 434.878117
533.352163 435.960780
528.404809 439.202749
530.673134 439.853393
543.018763 202.978583
536.880741 190.790569
536.274754 198.132647
536.893661 197.837129
540.061594 206.455163
535.312925 200.346303
534.854152 209.702716
534.962774 200.051986
532.943239 187.864342
536.497349 198.017434
541.849071 201.144227
541.668444 207.489489
523.199529 206.038238
524.597943 204.494772
536.787416 204.314335
534.886222 208.762655
541.838388 213.254459
536.400288 210.836668
531.967745 204.191368
533.318815 204.284572
541.642028 214.445865
537.500967 219.252689
531.150059 214.038963
544.281251 225.189324
539.402423 220.208664
542.635796 217.125934
523.392290 220.967855
536.101272 219.763200
534.005646 227.269078
534.965088 217.373939
534.150870 224.626265
543.481215 221.350949
534.632343 219.823834
535.260295 237.120297
535.939565 228.608079
541.418136 232.854119
540.368966 228.356990
529.982797 233.508444
535.066205 217.837643
539.648766 230.464304
530.316324 224.293227
533.963146 232.493453
534.930117 231.256632
527.404124 232.936663
544.837391 239.972448
536.475496 249.199252
536.228544 241.972617
540.300306 237.323697
538.972563 237.749628
540.614454 236.423742
525.387078 247.429972
534.566631 238.505865
534.997536 235.974747
537.762227 242.360199
534.255150 239.089422
537.826911 276.960548
533.164596 266.415366
541.370914 278.454635
533.855944 269.280641
531.486449 274.220354
534.255124 278.687366
542.494427 279.752609
526.886323 265.501669
535.154667 266.469977
534.507072 267.430253
529.557500 279.201433
528.031889 270.808198
537.999435 278.175567
536.319982 281.019671
539.133232 283.234265
526.179159 274.239236
542.781607 287.253871
527.144006 282.449839
537.051059 273.387807
542.816868 275.044764
540.737481 271.756998
540.995879 281.191399
542.100519 296.915500
523.577943 289.861291
538.392093 291.185175
533.291014 287.685867
533.575162 299.012429
524.810688 293.617845
531.110214 279.095061
536.330896 287.603954
536.118957 282.772711
532.137211 287.245283
535.487713 297.502897
527.779102 296.225232
540.221759 300.125735
534.760049 293.734443
535.885915 301.283548
536.309417 298.609943
541.455450 300.883127
535.142099 300.317117
542.603611 294.496487
541.069178 301.852050
529.019460 300.040068
546.885083 298.705902
538.095840 310.890034
535.851714 309.822503
544.685679 319.100564
537.320749 310.532074
539.276510 308.984944
536.563082 310.073391
531.676975 303.524802
538.744610 302.975617
538.107632 307.614144
543.418818 301.487550
544.958270 303.146718
543.182603 259.844345
540.407049 240.577482
534.477385 246.154024
538.297791 250.049504
535.859060 253.312655
542.385284 247.902594
544.744144 246.648349
539.887852 241.651057
536.139044 240.511574
549.195676 241.021226
545.548146 246.507444
537.204714 267.871328
541.457387 260.161644
534.678993 270.144369
534.741311 258.096300
533.232148 263.633499
529.121056 261.960815
548.257719 251.888025
533.365914 256.813812
530.310827 254.616089
533.729650 269.572315
538.190544 258.208032
542.531999 316.488956
535.813673 323.107707
539.502758 318.113478
537.514579 319.031581
538.228742 323.878121
540.444563 322.274885
537.730537 322.987930
539.079261 320.262389
541.738115 327.438544
540.873566 324.666955
531.372827 320.014846
543.562462 433.200467
543.493772 436.820767
546.067876 436.458856
548.536858 438.068902
544.191015 434.728414
546.305165 440.166975
543.439818 434.272648
544.254090 424.038824
546.945464 429.773286
543.950332 434.968794
544.880249 428.706468
539.447922 323.336715
547.622531 325.625136
543.613691 328.828355
544.500623 325.747533
543.186969 327.696393
551.010707 329.989749
542.284062 325.930855
554.846685 331.246946
544.977704 317.270914
537.359256 324.885222
552.111246 319.354138
534.509535 332.342486
541.880529 334.268193
541.786029 339.084606
540.862152 339.728231
534.916814 341.600710
545.981690 340.505915
543.623622 338.308170
543.174131 333.550553
552.786498 336.555188
536.055165 341.476510
556.181262 335.390016
537.626863 356.744238
545.646125 353.522531
547.639435 349.909140
542.053956 353.306778
542.723794 355.740641
545.884226 349.174785
547.930999 351.907034
545.190019 351.743950
548.971421 352.982795
544.850243 340.124886
550.908197 341.823968
542.301021 361.174880
544.256230 361.330529
543.059993 361.110426
548.607323 360.239576
537.661188 360.345668
554.318515 365.451902
545.495614 357.980348
544.887878 358.940855
554.642870 354.512266
537.925211 358.992451
539.152071 360.118645
541.198622 367.954937
542.037911 373.638103
552.322521 366.658140
553.789266 377.844372
544.960031 366.993708
540.653378 363.973694
548.691707 376.706458
539.918306 365.305998
544.131950 368.748233
533.733494 365.250729
541.307619 361.870607
555.266802 373.176434
536.315472 377.476076
542.305331 370.031860
540.229386 381.295091
551.738171 368.834447
547.170336 378.175265
543.126019 373.048433
546.384014 378.223156
545.004408 379.002639
543.502355 378.507089
549.642911 386.263253
555.210191 392.252636
549.103052 385.404175
538.623240 386.788617
552.174833 387.559394
550.400599 388.205204
546.064366 393.405136
553.395548 384.998883
553.725520 386.730939
550.795385 389.597113
559.409002 390.597445
550.586780 380.027852
558.564048 400.585727
548.593520 398.941569
559.513584 393.387425
556.385466 392.972821
548.793454 402.201093
551.218578 394.680667
556.980803 390.589284
554.826498 407.238351
542.164244 390.426446
551.091482 391.299743
542.650748 396.116595
545.740251 407.276627
549.324092 420.215657
547.178587 411.216986
557.133027 410.066798
548.609987 401.957452
553.938175 404.564874
549.993486 408.008542
549.539564 404.933746
537.756380 405.869576
551.159935 406.779828
554.642199 409.751929
561.551584 416.406506
548.071132 414.985268
549.192039 416.649348
547.194926 417.230994
548.792065 416.802182
556.310230 421.187133
545.537031 421.868651
549.623321 417.573614
546.775201 407.189340
551.620801 419.137510
545.568143 418.466805
