-0.801533 662.917278
2.568185 652.371099
5.223482 651.842054
3.242987 649.698578
2.865852 647.807292
0.972644 660.808995
5.251781 655.072827
11.472684 650.983584
10.712075 657.275072
2.748432 660.891588
5.328035 648.872325
-4.305843 653.552433
11.188288 591.205972
8.607355 611.837417
0.320817 603.290836
19.364847 595.483834
9.568271 600.158909
13.188855 601.711626
14.544066 599.417275
9.993679 598.834454
10.494751 600.322263
13.754169 604.240377
9.141125 599.871728
13.802591 610.602293
14.570144 711.509234
13.200942 704.199421
6.978659 703.404944
2.108040 704.919404
15.660599 709.460475
10.091525 690.526456
4.912223 699.979984
8.804654 710.209626
16.051625 701.133723
5.325491 690.472370
18.833438 700.202724
13.188394 694.765306
25.992487 556.783787
24.490469 568.323545
33.866101 568.669091
30.199143 557.857541
25.119882 569.488768
17.068823 570.622922
29.234203 566.238511
22.115388 561.673182
24.510000 568.244456
24.726042 568.574042
24.496987 568.260172
18.376196 572.677041
27.463709 733.305861
23.383787 726.445862
31.104533 728.112138
34.162595 739.205293
17.648738 738.224346
27.684897 729.979156
30.016680 733.169315
27.624580 728.489597
28.507216 718.546939
17.806049 731.296588
26.622973 726.736416
20.963319 727.413035
40.009652 532.488124
42.014815 535.995811
43.937680 528.295247
47.267447 534.981811
36.598811 540.632258
43.459083 537.599423
46.657576 538.339875
36.445871 528.288388
49.064462 536.137291
41.823138 536.155170
43.218219 534.353219
52.084030 534.706073
58.156040 767.534481
54.250376 771.303394
54.210859 764.160480
53.733415 761.258038
60.317981 756.365207
48.028990 759.748930
48.697507 755.139477
43.085370 766.901259
45.134493 762.899270
49.937589 758.083363
45.469311 763.992330
43.224370 763.311522
69.702315 510.565562
65.991979 517.412937
70.202369 502.612809
63.958780 503.475926
70.311864 513.211014
77.197467 501.588808
71.676082 513.039227
71.480027 506.433723
70.922890 508.359854
71.097596 504.175645
67.189126 506.478141
66.610157 507.257358
88.898719 788.320204
76.936867 790.154852
72.968482 780.522164
78.879206 784.362604
79.655634 796.061112
73.249478 781.628708
78.098545 789.780856
77.583565 792.947685
77.556286 781.283622
80.049636 791.957360
83.860744 787.349345
78.454150 800.082481
97.979817 481.574325
106.654173 481.293027
103.056508 489.639614
103.578098 488.416470
89.177683 478.896069
101.362509 475.083421
103.477300 473.234827
103.504164 476.323738
111.044435 471.812780
94.840706 479.047550
102.982933 471.352937
94.762220 470.361424
108.441858 815.089374
107.665558 813.071899
104.664355 815.238737
104.294262 818.856385
104.452779 825.963839
106.529664 825.278867
112.274342 812.696074
101.898188 815.162833
116.603629 817.572722
113.156196 811.425209
106.051749 815.799975
109.838377 804.355931
128.761013 462.073839
132.470186 458.300571
123.783284 464.068094
132.471472 457.417400
132.246250 457.777672
129.378072 455.805545
132.773645 459.294236
133.783892 452.149337
129.115407 460.829357
131.175418 464.712746
141.651124 452.096175
136.129699 455.145299
143.649908 832.515570
141.515376 832.495343
140.898580 826.767362
132.897662 829.300612
140.101028 831.914205
135.993413 823.469580
138.228125 832.446656
151.672873 833.298202
139.724558 829.790270
132.908258 840.940856
139.722366 835.866385
129.847174 834.410457
162.543273 460.772246
161.444446 452.510032
165.139003 452.486511
166.991153 451.555166
171.082203 441.393709
170.201445 445.144556
161.080577 452.851136
165.501498 442.805002
156.258199 454.765525
158.599017 441.055722
160.289164 455.639331
156.949710 448.509288
178.254116 839.433640
172.247763 840.022088
169.088536 826.048680
161.094062 833.266903
172.531812 839.230158
169.868826 825.737391
179.771017 839.730192
170.820686 831.050452
160.684712 840.121125
170.531313 829.369242
169.993336 839.640317
182.287759 835.130504
200.358126 446.693031
194.732329 449.755316
202.865824 451.599648
196.045111 443.325736
191.993230 453.015717
201.971765 457.474272
182.504469 448.646665
199.848391 441.623888
194.131910 448.310533
189.627462 451.183531
192.709266 438.122496
191.839662 451.654408
200.669008 830.281050
211.490535 845.213504
204.333093 835.032424
201.414656 832.333618
199.298633 849.292210
204.930021 830.190080
202.922752 835.959352
196.145911 832.728036
201.774958 841.427700
202.845647 850.422566
201.329249 838.083879
200.881895 846.350488
230.244150 435.818972
226.007036 445.953269
227.984085 443.427373
223.861210 448.630579
224.173638 444.857488
224.417180 437.281569
223.583913 437.464942
228.442456 446.396725
224.612250 444.691315
216.112431 439.557763
229.826254 453.175514
226.940895 456.761824
231.931030 831.799559
225.953681 847.671453
236.770388 843.116247
234.337223 842.884494
236.761530 844.637614
236.354670 836.769988
229.851995 851.859358
224.101310 836.213230
229.395708 843.667307
234.437548 843.628115
235.943056 844.891624
230.474673 843.007952
268.441604 438.704228
255.867469 439.494978
251.717237 435.823719
258.859840 434.635990
255.019950 436.269564
254.816836 430.789915
258.139371 431.885537
255.415724 439.488611
253.642196 444.389244
245.806634 441.138109
255.638724 432.028704
258.749839 433.433053
263.437740 863.300195
265.668934 860.945306
270.450402 853.435914
262.648855 852.786574
264.874983 851.223970
259.375416 856.342528
265.250079 859.519092
267.307627 856.638703
268.820473 844.700783
270.532720 858.686153
264.286458 852.405298
270.327329 856.880569
283.110421 401.370571
284.321123 397.383273
274.758913 404.864361
285.072841 409.736187
286.924429 413.823199
283.533322 409.932840
287.716382 406.423808
280.593676 414.041639
286.889129 409.449799
289.232151 407.840653
282.158471 409.339428
282.231756 399.044610
289.661662 875.606865
299.756694 888.271894
290.859989 882.948217
287.453129 873.995954
298.674755 870.874665
295.599120 882.601336
299.458443 883.031457
293.566118 879.245328
289.709944 882.156422
294.145000 889.967792
290.031255 882.005655
292.416646 880.275396
316.198060 375.700501
307.987639 374.483347
299.530406 372.186048
307.403955 378.335519
307.992122 383.150623
306.536311 377.160667
315.474485 370.768675
309.512668 379.204204
309.799496 380.004743
309.468761 377.082727
306.401280 378.086722
309.860837 374.866476
314.439902 900.943697
316.507636 918.951612
322.511358 912.312535
316.225525 904.463791
319.944128 918.168559
317.281092 919.777355
306.245567 914.083815
321.268688 904.717725
323.558322 903.061413
320.649768 921.187372
316.119793 909.664875
315.462554 916.538460
318.166166 336.601356
322.167905 346.867634
321.809181 347.889524
316.757746 337.752067
318.127969 347.324502
326.796765 353.560336
321.074018 346.952373
326.473479 347.706213
332.004353 351.065591
324.593032 343.374731
313.753829 354.304019
320.035956 351.894644
327.219909 943.889411
328.650682 945.661606
322.791889 940.575464
324.928762 938.452762
324.778505 948.088158
333.697193 949.950360
333.254778 933.306713
332.404296 944.310280
332.440084 943.238582
330.812482 943.704914
333.050952 940.418461
331.228850 943.386312
331.227494 309.961244
326.365463 322.881903
331.424472 313.016401
325.594371 323.426041
337.904405 326.425520
333.304994 316.169250
334.643767 315.107996
326.414296 308.717040
333.084572 303.895254
344.341850 321.081781
330.024146 308.909220
325.369401 319.830442
343.810220 278.797277
338.795986 274.277085
339.045564 288.468840
348.474192 280.469223
352.450184 277.517485
344.816266 288.926829
344.910602 281.234003
338.669276 284.447664
344.090122 283.197022
344.841351 282.886457
356.302647 286.432301
343.208419 286.562248
342.108888 982.278080
352.900899 970.101223
352.118573 978.439923
341.056520 973.510268
348.473961 972.917618
355.352260 977.148187
338.011229 980.903263
340.922460 984.112409
341.781185 976.870122
349.483696 963.523336
343.061333 974.604252
351.647530 973.558892
350.271996 252.429750
344.124773 250.624167
363.815745 245.632047
358.680758 243.113239
357.588893 249.051243
354.169852 250.477702
354.523759 252.360447
344.339623 252.783056
345.524586 258.989082
353.544496 247.047897
359.370283 251.862609
357.305576 240.231545
365.226860 501.579623
354.121779 495.976783
363.511459 503.170794
364.471403 494.238682
365.934253 491.093026
363.935669 492.079421
364.179664 508.830555
363.359867 499.522007
370.662569 502.748187
373.310581 502.124966
359.073718 505.109341
361.646227 490.251018
366.144931 582.890150
364.162807 577.093810
365.161962 578.744419
363.978266 578.189526
373.826577 577.311157
364.913113 577.964506
360.793130 576.269109
361.935274 579.718436
364.830940 580.163369
361.085961 572.895779
372.469231 577.917627
364.916736 573.351021
360.057605 717.473140
367.900152 712.113729
368.480922 713.160320
368.401710 712.525772
357.085952 710.597396
373.703702 703.893539
369.163148 711.694237
374.321716 721.673357
372.314610 706.315502
363.904553 710.320116
372.177259 701.218327
364.316522 715.389147
367.368659 797.398705
368.587456 788.586031
363.537978 782.546962
362.779801 794.370209
366.813603 788.602532
363.124237 788.206147
368.966787 788.729841
369.389908 792.545463
358.162552 790.153110
359.581373 786.920017
363.790563 782.709687
367.681700 788.242748
358.268625 1008.062916
369.235884 1008.901791
363.754462 1000.010037
358.120873 1017.616561
358.978994 1006.860549
360.859280 1006.998131
349.409701 1010.074596
362.168946 1010.039457
365.133610 1003.267011
363.216421 1006.023024
355.042555 1000.792851
356.543439 1006.398725
356.907665 220.319877
357.873138 219.486355
352.833654 214.456584
367.747754 213.614100
362.971604 220.758989
361.848784 221.107497
363.678426 215.720767
363.920415 222.182017
372.931451 217.442510
350.961015 223.447999
367.061821 210.238159
369.939445 227.041243
359.496902 185.592138
377.793801 186.351592
374.823299 180.475757
368.587514 186.668993
373.126697 181.641881
367.293393 186.133336
369.210071 191.310050
362.111049 185.887273
379.462997 191.044080
366.205678 189.524878
372.432491 191.557545
364.679295 182.791852
377.396352 1034.999682
377.875336 1034.734843
374.073239 1036.300401
373.914497 1037.237949
372.684734 1037.484418
374.638156 1028.570609
371.068575 1040.990004
370.249456 1040.880258
363.259848 1034.817826
377.714980 1041.673455
366.219607 1035.730639
363.771618 1034.575021
378.351058 158.417838
368.904551 149.634857
386.467499 155.490878
384.747022 149.889674
372.099058 156.879478
368.204650 159.028937
372.773384 142.015851
373.769471 152.554949
376.974713 147.775298
371.108298 152.435305
370.542220 161.441592
381.717547 152.958651
377.077177 1067.685889
384.128804 1062.873541
380.311109 1059.992450
381.683784 1069.615975
386.581309 1060.641488
374.366563 1062.690814
374.859407 1069.278838
380.028983 1076.079440
381.089073 1060.429377
374.272349 1068.704674
384.480095 1066.068625
380.658496 1066.590488
386.387980 494.845885
386.926058 495.492897
394.099119 480.823985
384.420889 496.748719
391.035336 489.075949
393.733241 499.158903
390.136520 499.675091
395.651241 491.555403
386.483190 494.126752
398.842108 489.045410
397.199680 501.938836
398.122531 492.464380
399.427243 595.352467
396.208373 582.040772
388.469272 583.325587
397.702860 588.193171
395.908621 585.441466
401.239832 586.753676
398.768934 594.300385
396.136232 575.404525
397.182236 592.058232
387.701770 592.701663
399.616091 585.401341
399.055361 593.073737
389.766867 126.604684
393.740254 122.698125
388.392201 120.334812
389.459902 121.916790
383.069785 126.753771
386.591221 121.080817
385.138462 122.016334
387.486922 118.851359
384.920298 122.807465
378.074295 117.733520
389.727748 122.464661
386.148654 122.756442
394.824067 703.203401
396.710982 705.599501
396.131567 705.567548
399.500119 700.542173
408.537936 700.725203
391.570119 699.353768
395.171966 701.495244
390.701027 706.242796
392.082759 709.048431
401.566896 697.715970
403.170531 709.517485
392.812790 702.711902
392.037249 1099.164406
398.026162 1102.818858
388.061398 1099.436194
383.685993 1096.364253
394.943827 1100.975126
392.648718 1103.619559
393.210609 1105.265933
400.117789 1103.861230
394.385925 1101.649289
399.763184 1106.074341
397.885603 1109.656424
388.189665 1108.273948
396.474695 91.428407
405.562963 79.783875
409.195483 89.062563
399.808401 90.374853
399.536653 91.515991
399.024939 82.478570
403.224018 96.007686
399.631482 94.336052
402.772734 85.224236
399.085907 88.939303
396.255224 84.796117
390.313784 85.726135
412.028525 1125.150131
401.845595 1135.428848
404.901678 1131.655981
415.262711 1129.960971
406.643161 1135.607553
411.207002 1122.058072
410.773816 1124.538150
407.187216 1133.660173
409.878200 1136.126469
405.388658 1124.768523
407.902339 1129.566457
398.898229 1139.916745
415.679731 55.677759
414.280495 54.367906
418.444271 52.768816
421.333384 61.971516
411.525450 54.483967
424.571950 60.469506
421.491964 55.376361
409.940367 53.199854
416.324003 52.117289
415.907843 56.142953
424.177353 48.224013
414.919250 61.454455
422.616381 495.668872
429.307697 485.446443
426.744542 486.504147
427.484542 480.372051
435.846613 480.751790
426.444454 487.938205
421.378600 498.559263
425.015950 477.322212
422.457261 483.528549
418.080020 489.632074
418.660133 495.142558
429.049639 490.427707
430.680698 588.813285
419.799514 587.364325
420.344411 586.214240
419.357651 589.293136
427.688687 587.874414
418.348636 595.909785
426.056617 591.827942
425.097406 595.287151
429.625126 593.876694
423.546921 591.015638
428.055353 591.097940
432.310563 583.304334
432.193111 693.762632
436.379365 706.030969
432.382642 695.979520
436.260836 698.362304
429.574416 693.514169
425.848419 687.940897
430.109625 700.428279
422.002134 707.811501
435.040309 696.142064
437.933916 700.678896
422.523762 700.830631
442.264866 696.785818
423.141085 1160.093930
428.432337 1156.753870
435.894869 1160.818442
419.076946 1165.206407
426.461657 1163.304409
430.125508 1172.072813
428.543376 1163.169766
434.963950 1169.314832
435.692140 1161.616896
424.040531 1167.601298
420.314022 1159.636450
430.836360 1164.166812
442.768662 28.506858
436.970799 26.267617
430.567198 29.131607
433.818347 29.203208
438.745783 37.779015
445.782228 28.331391
442.209302 27.271867
429.561399 24.302212
443.347752 20.749692
440.190897 25.771149
436.101043 30.704885
441.346615 33.729241
440.312487 529.960440
446.243198 529.603336
444.496209 525.976131
452.117839 532.675392
448.943031 524.679908
444.235535 524.483876
448.489383 524.483473
443.139198 519.649978
442.799069 529.756352
455.094745 524.480639
449.194708 524.642743
440.380130 517.660182
446.102896 553.088483
447.495898 558.434971
448.224073 564.504425
449.323256 565.583362
446.337153 558.412327
451.831627 552.959733
448.683123 559.771231
447.601202 558.053067
444.184857 554.125834
448.928566 555.270594
445.172129 559.921812
446.949583 558.069694
448.573289 1190.328729
455.593080 1196.123142
460.393554 1183.690738
450.259738 1188.869974
445.662490 1183.871003
453.531185 1193.584033
458.117266 1202.419351
465.330811 1194.542302
451.951725 1194.820704
448.639740 1194.894539
448.460716 1202.619419
449.199145 1199.029235
455.497679 738.535599
446.054614 730.333009
452.144061 730.785914
448.711413 745.019444
457.183344 746.794074
451.777715 730.240423
452.904296 740.420149
455.970359 739.556461
454.456052 738.820268
452.016485 730.886815
454.152206 738.596662
459.852550 731.046949
452.444431 489.108930
459.406027 483.706001
457.234375 489.500983
457.261147 489.484577
465.377052 494.404815
455.349568 491.225305
466.093462 492.896766
459.061909 488.935837
454.608333 487.027531
453.554956 487.601621
449.201710 484.602425
457.930832 487.923929
455.154018 589.749446
449.245261 589.836097
458.502160 590.692420
447.539908 585.783511
454.345598 593.062844
459.575033 594.487826
470.796539 591.170557
458.536795 593.920831
460.458844 582.370471
448.000304 594.309861
460.421931 589.025346
453.585156 601.674762
470.024297 693.554128
454.763145 695.490693
458.998657 693.042936
458.494084 697.046644
453.729266 703.014881
461.757454 704.493898
463.618950 696.419789
461.575274 698.337398
466.242529 699.598400
463.846870 696.293422
452.612403 707.759899
465.547932 703.162697
477.568472 6.888814
471.099514 -3.869071
484.563460 10.471726
477.448987 2.862780
473.212944 7.820499
462.183180 10.775298
472.471118 17.362374
472.467488 8.334001
475.989495 11.067953
474.233724 8.951977
464.434714 2.168732
476.647714 3.895138
468.350935 540.051639
469.898822 530.842427
469.784687 548.063807
465.538157 532.835937
460.923828 538.803898
464.763757 541.901641
467.426913 543.238919
471.463798 540.408954
472.380986 541.429996
463.892079 540.445744
474.062640 537.858351
467.964587 544.338639
480.816118 1211.372323
481.591318 1218.162604
488.171131 1211.572491
488.741200 1223.599496
492.429815 1204.305209
484.429944 1214.531161
496.687269 1210.601132
483.579669 1218.963091
480.099468 1204.159497
486.878264 1214.913896
483.284250 1211.737123
489.243893 1208.018562
488.270067 492.574866
488.646042 494.770247
491.607853 483.361677
494.760984 485.559977
486.801759 500.868549
492.060945 497.397471
480.901623 488.872686
488.426660 493.031559
497.031380 486.012109
487.063477 482.228472
487.325163 485.325285
498.242271 486.591245
488.655473 588.270570
478.441726 589.988124
492.697251 588.676546
493.372714 591.123711
484.294319 594.721940
488.516170 589.077985
487.310325 585.773395
497.962148 578.336281
494.106304 585.988781
484.675153 581.473859
486.452839 583.529446
489.867536 576.669528
485.269875 697.875248
482.919870 709.751728
485.929531 710.387926
495.152855 701.165118
496.263656 705.690301
488.878056 710.029596
499.348703 704.293890
487.779419 699.473430
492.078488 695.870452
498.686945 695.459755
492.791670 703.170311
485.848550 701.544735
485.691797 791.774904
486.879559 799.969592
493.189535 794.565480
497.927976 796.593779
491.731039 797.578538
487.296050 793.354107
488.380128 791.861647
495.228422 795.111638
489.876113 805.496045
497.718023 799.885048
494.519775 789.272614
502.047787 803.788789
494.746283 -2.564489
505.439904 5.356546
508.171006 9.101357
503.177653 -5.477448
502.939396 1.320997
507.343981 -7.435292
502.101969 -2.408276
503.558135 -0.265956
500.234421 2.755860
506.608084 7.392611
503.603043 6.750453
512.371267 -3.448426
521.662284 1228.007807
517.781105 1223.990004
518.346948 1216.831212
522.535992 1210.011086
507.936276 1213.757282
506.097620 1225.187756
522.786134 1228.071088
516.954789 1214.696826
518.705303 1229.212966
514.824460 1221.837403
512.506802 1218.793288
519.285351 1220.224693
526.167574 513.453491
521.372596 515.534898
508.988452 501.710961
527.980309 500.032003
519.952223 506.882896
524.497081 512.485079
516.938646 501.911509
514.726869 510.385848
514.486742 497.437646
514.996653 516.385935
519.071413 502.751948
521.249675 505.698245
520.775309 572.092291
510.073286 572.169733
520.577794 584.575192
522.465851 571.596311
525.304281 580.270564
525.628682 564.629660
511.656255 564.663107
522.550032 563.107571
526.530517 574.470952
530.952119 578.558326
524.760534 575.477833
520.590612 561.176232
528.160160 711.922188
522.785247 717.645084
525.794746 719.087308
525.979079 715.728721
512.713004 716.950036
520.361702 711.747146
522.982436 717.522014
519.080979 721.045324
521.573383 717.296986
514.511266 717.774170
519.473990 726.386920
513.899042 723.963181
523.790362 785.041071
519.199306 785.366315
519.591489 781.404470
519.355976 785.568242
523.256685 785.339261
516.009164 787.423534
527.831316 777.218605
523.743325 782.795531
522.072069 786.669152
522.117105 787.202019
523.499531 784.243678
524.090384 784.264629
534.158059 3.365779
532.258224 5.018039
534.045308 -2.773667
527.042636 5.144412
539.532260 2.266505
528.036342 10.778951
542.157314 7.146109
533.372321 -7.421949
535.597691 4.920454
543.150237 8.461782
529.461516 -2.236459
534.983774 2.042904
542.514469 1214.999906
543.554147 1216.938479
541.124065 1224.024487
542.736472 1223.223031
540.469510 1216.032702
550.702730 1213.891651
553.760669 1225.097878
536.422280 1223.914816
557.078873 1220.598356
548.933615 1219.896490
547.256616 1224.399634
545.486095 1219.597433
539.144457 521.763961
544.523875 532.533269
542.055839 528.416980
544.277631 529.157087
552.791100 523.873688
550.170224 533.267625
545.066085 540.529176
532.109289 524.125958
535.179790 522.194986
550.442417 535.966519
547.869757 520.957624
537.019560 526.407874
540.908014 562.620997
541.084584 557.784306
535.637684 556.923891
544.699998 563.106389
539.078578 552.708875
544.372558 562.511971
551.480408 559.614283
546.515985 549.037312
537.568410 562.267534
542.900886 547.398737
539.360630 565.133197
540.991323 554.636075
542.324993 738.582833
555.138728 738.511091
551.917860 740.394630
544.204194 735.962952
553.080692 741.136152
537.036015 734.608390
547.482772 745.392580
547.086513 740.210939
544.414057 748.444190
538.463841 738.552460
548.352091 736.416154
543.057797 745.247306
540.615540 780.248546
536.125870 762.119635
548.516854 775.283678
554.992083 771.988000
536.975447 772.660115
536.849910 764.849067
536.984140 761.681761
553.317037 774.053539
536.831809 765.274518
544.533639 772.471562
539.152035 762.052321
539.911326 769.561015
565.364412 19.858004
577.196168 17.312025
572.989075 29.494952
559.687703 12.150535
572.874945 18.630038
564.901005 20.288343
576.156448 26.014041
570.717373 27.861919
571.700633 12.952340
569.488067 26.294688
567.600386 18.850888
566.820697 12.654552
576.839850 1208.334106
589.116413 1206.300717
577.466158 1206.909943
580.218679 1209.385171
577.559145 1207.397853
575.700287 1207.672710
577.506866 1207.497656
577.045281 1204.253790
581.394141 1209.982549
573.524407 1202.881706
566.903074 1202.339937
570.261533 1209.261358
604.954713 47.976354
584.617166 45.216177
596.397680 35.369026
590.040476 46.459360
583.341529 43.862106
597.660210 52.501645
602.333329 43.852619
587.351381 51.306129
582.813897 50.110341
585.707548 47.527554
593.304660 40.742411
587.356239 54.616637
604.399304 1180.972125
614.404838 1180.453515
611.182826 1196.669790
606.516343 1184.284363
608.663100 1182.098980
596.653654 1187.190422
611.573984 1192.915928
610.720516 1189.676000
606.335567 1184.500008
603.521169 1186.927331
601.677132 1177.831115
603.955276 1186.066878
620.632821 78.648260
605.953532 72.037535
615.266669 80.401135
615.674786 85.423117
605.806604 77.097312
613.298838 80.672852
617.813487 87.389223
608.794381 84.100352
613.296226 78.865803
613.007956 78.463003
623.633791 84.040068
611.099074 67.382894
630.028337 108.941495
632.250871 108.051555
635.253812 107.878999
630.289252 110.419669
619.332331 108.639593
632.125345 118.386493
627.613858 108.713504
632.790892 111.189840
634.352571 109.064354
627.406731 104.285316
622.832071 112.089366
631.039763 103.957878
638.269514 1156.949626
633.657397 1166.035321
634.236301 1155.090610
644.420533 1147.991185
634.906070 1153.785223
633.053864 1142.706893
642.611228 1152.707557
632.077959 1150.825212
632.846936 1160.188887
637.439273 1156.031491
638.727690 1147.032232
627.317461 1146.836101
647.764688 144.068505
642.497185 140.959003
641.469979 141.538773
639.945581 145.098555
644.120545 144.970464
642.994166 131.756669
649.653166 135.391500
639.400206 134.518455
654.641336 143.333402
638.901573 138.646246
642.065886 141.173385
650.877793 143.950232
660.438520 1125.534197
657.578829 1122.998362
652.321957 1127.561403
655.749483 1122.461511
660.509864 1124.132778
653.263873 1125.462982
665.903560 1130.349217
653.138496 1122.811862
657.681086 1114.174204
658.641510 1117.113067
656.336253 1125.477804
655.559783 1132.889355
658.751681 177.240623
644.645776 171.517650
654.340427 173.723124
657.372832 161.902393
655.658087 175.661694
645.826185 167.803192
655.393345 173.145130
656.803399 185.565332
653.333627 184.002336
664.622953 176.187829
656.909609 174.181524
657.965542 178.291289
672.404596 782.996451
664.023948 768.909468
667.887276 782.552297
669.417939 778.335083
654.991962 780.854048
672.243744 781.610425
651.981077 777.907643
657.162447 778.312665
664.120293 778.828947
660.138246 775.766659
666.842858 772.981683
665.049555 778.242991
658.249178 457.433368
669.603282 447.658664
664.519283 451.490791
659.955353 452.678726
655.097787 448.709609
653.343929 451.946371
672.656596 443.314627
666.146544 441.119672
658.954980 449.534456
665.163537 442.626370
667.545351 449.914112
665.882971 450.202729
661.526043 194.060060
658.288463 206.453540
670.106685 198.895946
667.118946 193.220815
666.391670 206.016736
675.567117 207.388628
662.164643 203.569873
656.664609 211.463022
673.958030 208.738943
672.586283 210.762760
674.133568 199.829918
660.572804 210.470911
674.730910 1083.115389
668.437163 1098.588712
672.009989 1096.545435
676.199516 1090.191433
670.606687 1096.108685
673.703053 1094.208272
664.829471 1088.168133
675.944599 1091.987119
678.914795 1097.721172
673.270611 1094.352555
680.355095 1093.886271
682.037958 1095.871120
673.023339 234.131653
676.844810 231.037870
674.346514 238.679687
680.549916 231.404828
675.300606 238.525375
675.155763 240.458060
682.349957 240.357461
673.300979 246.309326
684.459634 244.439329
686.916503 236.191903
678.428398 238.032813
676.585209 236.879470
687.351199 746.454838
679.028162 747.641229
679.931206 749.318031
679.025456 754.350838
695.531976 737.593473
694.145601 750.527190
687.713472 747.414321
691.627317 739.255778
690.523517 746.700988
696.989967 747.295199
694.308111 739.562665
686.628080 746.427409
693.679335 485.672560
687.160254 479.812803
697.717180 480.170644
693.764062 478.637334
687.889533 476.339025
687.890314 486.672040
698.725455 482.606628
695.875356 486.014042
687.199174 488.289273
687.993741 479.425471
703.434157 476.804396
692.153435 482.966375
694.193629 265.828563
684.100582 259.324669
694.949194 261.092897
693.367271 273.010335
693.960408 266.237398
690.353634 262.201964
691.710303 277.383544
690.663915 268.181280
691.810185 271.250368
696.621693 268.418197
689.627259 265.067043
696.359669 259.607289
697.216960 1068.055789
691.449575 1068.994495
693.271660 1059.249912
702.609368 1058.747841
686.714807 1068.154910
693.114504 1063.606901
693.203539 1060.871740
684.761040 1064.289495
703.315237 1054.967651
681.990443 1057.164523
703.426576 1060.338363
683.367334 1058.648253
697.454704 300.456384
703.555933 298.855542
698.555498 306.344460
693.963130 298.932680
704.037431 299.171848
704.845922 301.593419
704.256911 310.532344
711.188019 303.395302
702.755510 299.150984
712.100021 299.572830
705.500615 300.421133
698.533251 288.776560
702.755414 1030.671019
713.934528 1029.601559
710.170419 1029.301985
709.081863 1030.309474
698.587220 1029.890398
712.000079 1028.035181
719.026948 1028.237768
706.227425 1026.919345
712.207504 1030.455730
714.678199 1033.513427
697.921977 1032.044040
710.936841 1033.792708
715.555392 712.117474
718.349355 717.982420
710.386984 720.547120
728.902022 716.787895
725.194307 712.948956
720.083220 729.581249
723.285106 721.545672
707.785555 716.506210
724.641105 716.073507
722.984163 712.091063
708.998498 722.232440
712.179990 720.549439
719.017170 498.155367
712.059559 503.844239
720.263728 506.275064
733.168570 495.139220
724.485027 503.491794
724.439952 506.269985
734.281254 501.408196
720.334415 511.802944
725.617518 495.093060
719.265563 499.547574
712.319705 503.016217
724.370008 508.279125
725.405611 334.416809
717.140831 333.773174
710.453206 323.159079
722.490292 328.393633
712.595354 331.237810
722.756110 327.373251
718.496878 330.072196
718.173649 331.331124
716.920498 333.632866
707.388132 331.502881
718.391469 330.351550
729.117016 326.508689
715.310529 1001.776019
727.606486 993.954183
717.315682 997.099904
724.686179 995.830352
725.757603 1001.883906
721.406153 1009.311420
727.486440 1001.290755
726.503575 1002.292006
720.812803 994.419033
731.218417 999.116485
716.101260 995.719281
731.049563 996.007538
737.079455 364.969542
744.031013 360.298632
748.618172 366.548476
740.407039 362.161406
743.210766 353.338732
747.091303 370.172924
730.661331 369.376637
739.361645 360.184001
736.074654 361.637532
734.468417 361.100249
743.845273 357.434220
733.019955 372.895030
743.157600 706.684036
750.291522 694.173811
749.363577 701.612952
759.893819 701.773629
752.148397 704.302301
749.435659 701.963128
739.746217 705.320976
750.711991 701.118802
755.741729 693.848481
752.883105 692.458477
749.729306 703.788402
751.875206 713.381427
751.014584 965.178501
748.879610 966.614747
737.316430 971.460899
746.351756 961.355318
740.329002 954.677424
733.177400 964.892696
745.004720 965.879222
743.843917 973.809322
737.003544 968.530452
742.652139 973.245284
744.487792 966.336392
749.357680 967.136597
757.269328 521.304111
748.416607 520.794588
761.122309 519.468314
755.628734 518.492094
754.568087 525.174216
756.148758 516.932671
757.438193 523.723489
749.138220 529.919174
751.710891 519.776290
760.281475 528.955145
757.065551 518.896431
767.425551 519.753839
767.768263 386.063205
773.464122 386.020930
760.148416 380.040519
772.740481 390.854188
754.809962 387.985026
771.892801 384.302709
766.753627 392.887300
768.166486 392.973171
760.534641 395.599979
761.132645 391.662139
773.611004 393.432558
762.745291 381.519291
774.737196 935.191596
768.832449 934.934131
764.416477 940.476903
762.929057 934.801464
775.039286 939.749992
757.549221 933.839318
766.832400 928.819417
766.332357 938.555092
770.157011 933.973779
767.794583 934.794552
768.798074 937.431964
766.424528 932.896284
777.720877 675.419561
785.680318 696.512535
781.331520 686.737241
787.626570 688.450539
780.240867 687.532976
775.332244 678.759379
781.084157 699.602493
770.582821 692.144824
778.039313 688.937898
783.477515 683.155509
778.015171 684.376455
780.428400 680.229037
793.927424 525.346196
784.005580 529.572411
798.198018 525.167181
775.698426 523.964839
783.290633 520.518090
787.618284 537.797832
777.204560 525.102935
793.330334 531.617682
784.549555 535.744280
787.828613 523.880706
789.655462 533.216438
780.273872 532.709289
793.596748 907.748487
789.291607 904.407720
796.401790 909.203219
782.773819 902.186031
780.084755 898.149807
787.154667 906.848309
791.726140 903.184222
787.666992 912.539326
788.425507 903.189514
790.512607 895.394984
781.746721 901.841888
787.754633 903.466520
794.754939 410.209384
787.580947 413.692584
801.621655 419.821668
807.010274 412.088819
792.238851 409.276039
798.977837 405.443425
795.623168 402.833133
798.434322 411.276711
797.169917 403.048207
798.325697 405.950041
791.021208 399.478834
791.733905 414.153223
811.698729 667.300424
810.632118 685.053970
811.392066 676.442457
806.242183 670.091517
809.544457 677.491683
812.011500 677.474427
812.350605 678.066160
808.151690 676.202331
818.936111 681.035543
811.601930 677.112254
813.844598 674.173423
802.633131 678.875465
821.911000 880.942077
810.304980 866.792587
810.721027 878.773472
825.303980 869.685373
820.578748 865.407966
815.097671 878.532131
805.634876 880.344013
826.201043 878.205765
817.319902 864.948173
817.326018 875.117753
815.695988 885.348451
824.644360 875.457883
815.538002 529.763943
821.077830 525.690827
825.775031 537.049322
812.461658 528.960248
818.001027 533.101809
820.296326 527.580660
817.095179 525.577869
806.368091 535.571272
817.492692 533.475056
807.806785 531.056920
817.017103 530.075638
818.604718 531.876649
834.176967 406.668244
815.704485 416.975135
826.040419 426.911922
816.422315 413.361876
825.731453 414.798529
823.041971 409.496731
825.283435 405.737915
829.046389 412.989969
825.479995 414.811698
823.778882 409.749452
835.189886 420.339260
825.176509 411.622249
846.805579 672.980381
852.141519 674.211153
849.242908 666.080483
842.122583 673.076948
840.823284 664.992988
835.504408 677.488216
844.163787 674.442212
848.739644 668.682410
841.476025 670.908542
842.278478 671.507223
847.144626 666.398043
847.732702 662.046633
854.264480 859.704876
838.804396 855.077086
849.587900 854.173316
839.778846 854.882522
846.145972 856.508637
847.341186 851.686145
851.637303 854.188829
844.297506 862.564556
848.813855 857.864191
847.794661 853.944599
844.028922 852.201147
858.069086 861.500164
852.463309 525.839349
853.206589 526.703897
848.932635 534.273642
847.632406 534.290203
842.502605 544.612519
850.401964 534.677757
849.793799 532.468175
852.945754 531.843197
859.161591 540.266865
850.998282 537.188634
845.365927 536.326975
844.033531 532.238660
857.213878 405.930113
857.416465 406.930573
858.276627 409.310987
855.493284 407.627944
863.245332 403.472724
864.782048 396.999331
854.180619 406.751772
856.276567 405.956509
858.357211 405.730732
857.419012 406.076152
857.873636 405.777448
866.472472 407.486506
864.290991 675.913852
861.831682 672.192079
865.816214 673.296865
875.168209 667.764691
879.704970 678.438415
878.720634 673.683146
872.333455 669.571385
872.649360 671.442913
870.057277 673.413978
864.684442 667.196811
878.829403 670.090484
878.624077 664.146509
879.528278 844.423990
875.429266 845.718096
869.403261 843.509044
883.585880 848.907734
883.962215 853.584001
878.621708 845.210716
879.692480 856.997802
878.815711 850.372709
871.934394 845.401308
883.121593 840.256814
882.692082 852.820065
877.295574 841.769877
874.804341 543.199397
884.915530 534.860381
880.621215 532.409716
881.277742 535.620816
880.408596 530.338040
880.257097 531.342257
880.209278 531.821665
876.798573 535.125122
879.459692 531.940458
883.849257 532.511238
879.938108 535.603775
880.357294 531.349698
874.126765 377.240727
886.140775 385.020957
880.857144 364.386096
892.995258 379.641376
883.401262 376.613516
880.717338 382.405214
893.948218 379.445539
882.835360 375.849615
887.349783 373.934495
882.318715 385.108151
884.263014 372.959664
876.356648 378.014234
903.888019 667.052117
913.108911 668.993712
901.984656 664.120861
899.505999 665.692834
902.668701 668.125106
904.438862 666.966771
900.222999 663.970531
898.966832 674.947549
904.835483 672.226118
903.421346 664.855737
904.952711 668.063935
904.463428 667.731635
897.778109 352.482771
902.515934 335.418149
895.493793 348.681077
903.081132 344.955603
889.637443 348.359115
902.176401 343.359131
909.434634 343.137279
911.227708 350.144746
903.772882 348.234060
898.159895 343.217365
898.487595 339.687526
903.758733 335.635330
912.265132 843.340285
910.349527 836.093594
904.567290 851.167067
909.086175 847.154330
906.965727 840.267623
908.362192 847.421390
914.224929 845.848886
909.648393 847.177606
916.844915 846.208117
907.101967 846.582320
909.300317 835.642614
912.422566 856.915696
916.496236 517.729587
909.020215 529.680163
902.627658 519.652045
919.672230 530.238006
922.321535 529.228924
905.234336 523.325565
917.791842 521.267066
907.228693 521.710093
912.923296 529.421702
916.665752 534.219108
908.132563 535.467817
916.850273 522.797203
919.665699 310.616847
930.381045 313.106113
916.888214 317.491302
914.952398 302.361801
917.465422 309.080146
920.798718 308.749073
908.677622 310.133117
914.140153 315.008253
930.169009 310.563641
916.198681 316.330335
912.506106 319.644114
920.101450 310.448561
932.439418 678.394671
937.829282 680.800084
928.881249 670.939828
926.654422 673.393048
926.490668 669.437561
934.449916 666.646143
937.795365 659.049872
934.411373 668.358335
931.649354 670.954219
934.205649 680.713804
943.421324 670.850247
930.551325 669.943182
947.032966 868.033093
936.515603 860.098922
939.456502 866.782073
940.430280 867.545024
942.714182 867.835710
941.210271 864.657108
932.159488 872.654990
941.636654 877.045639
947.906504 874.831904
947.429942 864.745380
938.725636 858.835673
934.143773 866.542946
934.907405 516.954948
941.750420 528.320197
940.709399 515.693538
941.331222 514.337925
947.857547 520.719625
942.149082 521.301192
940.008604 530.025541
936.090814 524.808944
934.920370 526.119165
944.895642 527.468272
939.263395 513.555052
941.003336 521.462804
951.677587 287.045514
948.887976 287.001800
945.533346 282.316636
946.083806 283.957374
954.365760 285.730031
941.288006 290.985549
946.904904 280.076090
949.955375 285.444931
937.373891 280.121805
950.487870 278.274768
946.784735 273.755772
949.410663 283.879700
959.163653 677.199225
964.055649 671.133538
966.037223 681.032898
964.879970 682.473602
966.932938 662.420340
963.992461 664.633836
970.976020 672.334528
965.344895 673.169721
973.398626 666.075214
976.431450 668.719316
966.188615 675.273616
969.270360 666.115535
961.840648 894.513719
965.022061 899.349502
975.580180 906.757703
969.434999 902.421662
975.146141 899.511858
972.146032 894.205672
969.645424 908.947425
967.749886 895.280320
969.425369 904.307888
975.000510 891.211536
963.381584 893.539988
969.069714 899.555088
972.185135 513.638978
981.806122 514.756149
973.292821 512.194569
973.104914 517.360239
970.094579 515.780038
978.314421 505.036201
976.550514 519.168766
961.496234 517.947412
982.425324 508.123982
960.737645 519.521517
971.416648 517.097499
971.561888 515.694538
973.863662 260.255183
976.460833 271.654670
967.168582 271.752712
976.314438 280.507550
974.732279 270.480667
975.465234 265.182967
971.718792 275.528769
979.847765 276.584938
976.958171 260.663416
978.246698 278.533755
973.293470 276.872344
983.898393 269.618033
990.222489 940.778786
982.905641 928.219738
1002.630779 926.892146
985.568113 938.990734
990.974903 929.437822
984.822765 929.639956
991.602384 927.493814
988.576665 928.108765
987.578298 924.854182
989.855174 924.890656
986.626672 926.755940
1000.715923 935.353064
990.866887 675.320655
991.537362 681.817152
994.847627 675.946044
997.496881 678.028636
996.069895 683.480303
995.457594 675.927105
997.237413 677.927120
997.279826 681.457557
1009.742814 677.262438
994.304152 688.714819
999.727033 666.232377
997.392784 678.129516
1006.977608 504.794267
996.351844 508.540122
1004.367528 505.496670
1004.269627 514.907129
1000.171608 501.522241
1001.488985 512.618065
1003.536062 509.261954
1003.097009 506.895393
1014.148514 504.085510
1005.594227 503.018184
1001.652851 512.528574
1009.411606 519.262994
1005.549796 287.722879
1015.729611 293.407544
1006.571323 295.828090
1002.473105 291.115731
1007.667267 287.098909
1012.936843 292.949200
1002.977362 288.650600
997.123893 284.043309
1002.448641 284.507766
1007.121537 280.999567
1006.464816 298.963923
995.908127 288.352437
1025.614802 947.825972
1025.027134 949.329601
1024.270195 942.729386
1033.737885 939.475116
1029.899535 944.558791
1026.351723 940.142723
1015.831519 950.167772
1025.648290 947.859560
1029.979872 943.408027
1019.429613 951.870516
1025.105707 949.153030
1023.076142 948.948950
1035.693955 678.413112
1020.328048 687.772538
1030.808185 683.558767
1024.718806 691.888148
1029.446758 684.857215
1023.314719 679.697682
1027.580857 686.040667
1027.536987 685.147216
1025.908945 675.986401
1038.138182 681.959485
1031.023674 682.563274
1039.086229 688.363878
1034.213249 504.024246
1033.513482 504.562268
1036.366689 506.289929
1037.285050 506.031068
1032.377072 497.024106
1037.931617 505.434560
1035.582409 504.356706
1034.245662 509.919382
1039.457306 509.783346
1026.022299 500.489137
1037.061408 501.777102
1034.056772 509.298985
1037.514660 325.568992
1028.655390 314.492818
1027.120494 321.990811
1031.077176 310.800541
1027.026983 319.909903
1027.002781 316.182058
1029.321772 320.523471
1021.021007 318.074507
1034.879115 321.506348
1021.430818 321.807520
1032.001065 331.603620
1026.472169 317.731155
1040.347630 352.015382
1038.890527 351.558941
1043.071760 354.316001
1034.412436 353.773136
1041.606790 356.260204
1035.394597 353.031757
1036.064027 354.083960
1038.188059 351.028009
1040.937889 352.344775
1044.185140 352.164835
1043.472039 356.119147
1044.752758 343.034788
1046.820293 405.953450
1036.559084 389.167262
1045.240934 390.542243
1041.427238 397.356910
1043.889942 393.274122
1047.775884 395.024176
1043.634058 401.915262
1035.782581 393.396893
1037.789601 388.700633
1041.262410 395.130797
1039.577189 390.629677
1052.125985 392.133632
1058.051561 938.942736
1048.717233 931.507508
1054.737656 947.756513
1056.279196 938.137680
1050.410864 946.445172
1067.830515 935.989873
1056.370789 939.681512
1057.367159 932.671696
1059.236591 943.290007
1049.515463 931.175119
1059.544098 939.358125
1059.471712 934.417735
1050.013949 688.916600
1057.806805 696.472565
1055.159736 703.395398
1047.779363 683.360964
1062.615779 694.047678
1050.705113 684.817136
1056.763802 697.346627
1055.111089 690.010298
1051.938718 691.574620
1065.149839 688.226627
1057.251649 692.316020
1054.999097 693.680829
1059.871299 421.124633
1053.031845 412.960186
1064.032759 417.561008
1054.143135 421.621108
1057.824459 420.294012
1059.345956 415.159719
1061.157572 414.169366
1063.831285 416.084820
1065.799856 407.004542
1059.035892 418.064824
1061.930263 419.223914
1062.814063 415.590586
1077.438835 898.454959
1081.084011 899.830006
1076.296084 913.859972
1076.660128 920.087347
1073.933729 904.644551
1087.709952 901.906252
1084.501011 912.158839
1074.773604 919.975547
1076.024664 911.169854
1086.260165 919.090502
1086.268639 900.537424
1082.128324 906.598405
1102.192854 422.190987
1094.639297 414.107839
1092.793526 414.479975
1102.507313 413.929852
1090.106225 420.190996
1088.029622 417.927416
1093.948657 428.145051
1096.847964 425.470077
1087.100771 411.599500
1092.682466 415.831015
1090.099885 421.261658
1101.923687 422.107166
1082.026139 865.019521
1082.714701 853.638250
1079.086620 851.146067
1083.426969 851.038090
1079.146050 844.500437
1076.117049 857.646760
1084.286880 849.751803
1081.470110 859.311649
1084.108370 859.786909
1088.678921 849.967810
1079.524991 849.170788
1083.352656 854.052867
1093.474111 886.906043
1085.174798 878.663304
1088.579475 879.706623
1092.754934 882.924998
1087.519632 876.220799
1092.605663 870.123882
1090.175586 875.582359
1085.487019 866.651310
1094.806560 876.808285
1090.489118 884.960219
1082.667991 872.395205
1084.935054 880.003292
1110.669789 796.580909
1112.308790 793.070794
1112.893115 796.202355
1109.649868 799.772132
1113.879400 794.462171
1111.955264 801.309608
1110.460724 786.033279
1109.625256 798.654933
1114.464875 793.839479
1114.483089 790.769744
1116.871373 787.878889
1111.828601 783.912109
1124.443660 420.111979
1117.816007 418.025733
1123.789242 409.166944
1128.006502 424.314906
1120.335856 413.889310
1123.953802 407.856573
1124.179217 411.338397
1123.627867 414.473341
1121.137869 417.582940
1122.159481 419.489258
1127.299342 424.938708
1128.116634 410.291191
1144.693232 805.567475
1139.473762 797.136020
1138.943599 801.671812
1144.240716 798.651740
1147.373031 796.662487
1134.977237 798.623023
1138.289225 803.284992
1146.325337 797.312073
1137.409563 802.525522
1145.181963 798.832851
1136.207678 796.851773
1146.978980 792.744539
1144.540353 431.337625
1149.452605 426.351827
1147.951255 430.228518
1146.841307 430.558308
1142.279057 420.297915
1151.350111 428.692242
1136.930188 434.599132
1148.121633 431.461274
1143.986833 420.603148
1141.799975 437.248833
1146.779084 428.369781
1137.694113 435.653495
1146.751921 462.146063
1148.621248 472.636792
1162.881158 458.107413
1145.557149 462.046819
1154.695616 463.366207
1151.696433 462.255844
1150.620023 458.590938
1149.281510 457.691214
1160.444771 461.775527
1144.073124 469.071649
1156.025310 465.355841
1153.902515 465.914962
1161.725744 503.546431
1177.108500 500.190543
1164.028094 501.988036
1172.832561 501.403003
1163.374431 503.024900
1170.049853 509.267105
1176.655007 500.033189
1169.002264 503.591428
1168.626887 501.692993
1164.626031 506.611189
1166.208335 505.657508
1169.284094 509.760069
1164.797755 790.886217
1168.196595 780.694735
1177.437016 790.787491
1177.501874 790.133041
1161.673273 794.040823
1167.492824 785.537365
1175.208513 793.484912
1166.971621 779.297571
1167.179610 778.364806
1158.520706 785.519910
1157.391895 789.152915
1177.134021 787.983129
1171.802644 706.978656
1171.696658 696.041486
1173.598899 712.078891
1177.080965 714.182625
1176.320308 711.849723
1172.153812 714.909991
1174.011864 707.350655
1180.876846 713.805540
1182.288302 700.008914
1178.868393 716.795597
1182.596030 705.605720
1183.536276 703.082631
1195.752086 508.162275
1193.240648 518.059159
1191.182173 507.837322
1189.237439 523.542088
1200.326928 517.365141
1192.344549 511.056991
1195.457621 524.247436
1189.820543 507.186446
1191.611619 512.806669
1194.901798 510.012330
1191.068756 504.924252
1186.717776 516.763149
1186.166010 757.120602
1166.784460 748.666575
1185.628552 757.172049
1169.939726 761.570917
1184.448273 747.068436
1172.437425 743.589005
1178.192459 755.157602
1181.647740 752.553238
1173.477634 754.612122
1180.994516 765.876328
1178.918050 765.160059
1171.531493 754.213909
1186.137662 673.923558
1188.239096 675.504388
1204.325011 674.451776
1200.513265 662.791573
1202.131966 665.322617
1193.358064 676.757505
1192.084159 660.615770
1192.773919 666.586671
1183.871062 669.231069
1192.661832 665.636203
1195.300346 669.943241
1199.599897 665.075757
1225.069120 519.503530
1231.466758 514.576643
1228.843057 523.284689
1216.908244 514.494436
1221.839081 515.972945
1221.749392 514.953767
1219.643086 515.816976
1223.479386 512.993979
1220.944948 507.716688
1213.261897 513.269026
1218.424318 512.149996
1215.608028 517.792672
1223.052993 652.488296
1222.705663 640.580217
1230.482311 652.010482
1229.411085 636.361122
1221.356893 651.373565
1229.938016 644.585562
1222.097418 642.187477
1215.821067 649.138861
1226.169949 636.527203
1216.333105 653.052086
1233.121939 652.302200
1235.359866 645.112625
1253.091972 514.995462
1248.305655 513.111675
1252.443396 515.288047
1251.200027 515.185721
1254.815425 514.038996
1245.839036 514.770729
1256.387080 519.447715
1244.592876 508.450734
1261.115156 513.831274
1258.812990 518.465201
1252.804829 516.475571
1256.311719 522.337655
1258.257776 643.279427
1259.617769 628.343494
1267.563615 636.085169
1256.556678 638.954929
1256.445923 621.881446
1254.912641 620.431324
1256.668353 632.619975
1258.090454 625.871077
1256.367194 629.432067
1257.013507 620.817686
1261.839686 631.751993
1254.792163 628.728089
1286.097006 505.916969
1275.444190 521.902118
1279.703464 517.438071
1283.491478 514.502981
1285.058084 516.438126
1279.052736 507.892118
1282.474272 511.283536
1278.224554 519.340299
1283.539057 514.651790
1282.134017 520.155490
1277.887852 521.451160
1279.557563 520.380783
1288.907060 616.270887
1281.003361 621.485543
1281.805061 619.169945
1288.094429 619.124689
1277.954249 618.946760
1286.858355 618.228333
1285.460470 624.982618
1287.280558 618.754065
1290.665240 615.003052
1299.534968 622.767903
1281.656708 621.614708
1288.895443 618.417410
1311.736817 509.128841
1310.100935 515.689772
1319.096878 520.016135
1315.015464 503.114561
1308.491922 516.205579
1322.114501 511.614564
1309.456719 520.469322
1323.278729 513.714702
1311.956989 506.081278
1313.053541 515.230350
1314.830261 504.606214
1317.122097 508.999182
1323.409861 615.079704
1319.237329 608.894546
1321.553928 610.517861
1319.280015 598.803730
1319.588710 610.409290
1322.623152 606.537060
1317.396373 608.469535
1320.654134 609.965802
1319.016116 598.755362
1323.379636 618.728561
1313.963397 603.744099
1317.229312 601.005093
1357.295283 513.685133
1340.789113 507.306496
1344.407997 523.028730
1335.897457 512.185024
1348.892493 505.006640
1344.799300 519.872222
1351.315679 523.499448
1349.902807 506.942115
1336.684230 508.527930
1343.577423 503.292540
1345.558890 513.905478
1343.601915 504.324525
1351.688758 591.824705
1350.026540 601.620093
1353.108422 604.814527
1341.426377 603.554688
1350.856909 600.625284
1352.968619 604.440219
1356.294097 599.568183
1353.730160 613.671749
1350.544846 602.594154
1355.129523 596.249773
1351.168118 610.918441
1361.918581 597.768516
1370.787301 503.883996
1379.173084 517.567769
1374.097968 517.054545
1380.774497 521.170223
1378.117468 517.718895
1379.665305 507.837756
1371.564720 517.018358
1376.597229 513.491344
1374.003692 513.125596
1375.187942 513.343909
1373.145607 513.759711
1384.604055 513.041302
1382.406655 595.809093
1382.803563 597.409238
1386.029593 600.783062
1379.177983 586.919863
1383.922605 601.150656
1382.147607 598.165877
1379.686985 595.552485
1378.316802 598.244636
1374.706964 590.416286
1378.956740 592.995810
1379.115381 603.307507
1378.459194 585.654248
1411.419046 519.382393
1401.889366 511.069281
1406.983223 501.633908
1409.782249 510.463859
1403.019776 511.537631
1408.467271 511.434707
1417.180435 517.807641
1416.342895 514.932810
1413.649608 513.157229
1408.049141 512.248971
1409.977785 508.927678
1408.473210 508.935772
1403.877600 601.326598
1408.527344 597.603249
1408.032371 595.673774
1420.356174 592.346731
1413.791976 594.762710
1406.233360 585.336316
1407.436067 603.824862
1411.498161 591.778459
1412.097297 582.337687
1417.263411 592.914470
1409.016481 597.872669
1420.022027 602.399397
1438.281572 512.928373
1446.879623 519.895439
1436.685757 512.106410
1444.254329 523.150332
1449.919148 511.176501
1445.053280 507.046349
1440.289556 512.552188
1431.663961 507.533851
1438.467317 512.457702
1438.959587 512.446311
1443.973954 513.412312
1435.701762 511.620950
1443.282749 589.981736
1447.756612 591.192776
1443.493773 593.481556
1442.078309 594.385184
1446.844202 592.845359
1439.435125 597.604486
1446.001253 591.981862
1440.849515 596.699404
1446.532961 585.071817
1444.770732 593.759144
1439.802315 582.983625
1438.796390 592.861041
1462.384229 519.693161
1468.482567 512.374443
1469.959096 517.586928
1477.020618 516.375605
1457.195428 514.434086
1469.396074 514.713030
1475.455373 512.779368
1468.576040 513.834701
1459.552323 514.458554
1463.908964 508.054210
1470.457789 525.068349
1469.809836 511.189637
1468.180229 597.419991
1474.458000 594.208124
1473.791122 594.137101
1472.303068 585.307668
1477.571572 593.725111
1480.448671 599.989611
1469.646636 591.734562
1470.930385 599.519940
1471.779809 592.991550
1474.604527 595.664201
1473.785106 594.037403
1483.426794 589.648760
1495.916533 506.972187
1500.533269 512.961106
1503.313919 514.528337
1489.938018 511.311685
1496.207247 518.823548
1498.275513 513.688446
1508.764591 513.489821
1503.149222 515.651086
1506.666355 521.885294
1503.015956 512.205475
1498.276222 521.504258
1496.539704 516.158406
1517.403421 594.051658
1501.009165 600.049915
1503.064115 601.941582
1502.727964 600.376672
1510.339442 594.114309
1506.402944 589.038236
1504.141654 592.168875
1515.827375 594.178738
1504.662457 595.076712
1510.687086 593.822749
1495.448954 596.755466
1507.247378 596.495704
1527.631321 522.328445
1533.062461 509.670313
1527.197104 516.499767
1519.081106 517.134056
1530.853854 516.993300
1537.891880 514.216177
1534.475724 525.197067
1528.572998 516.384388
1531.898376 516.355926
1529.133121 528.071968
1537.876852 507.507557
1530.457955 521.651701
1537.536009 597.361253
1531.029594 600.654476
1545.204774 605.801872
1538.418858 598.513986
1539.777171 595.417904
1541.295454 593.626786
1539.068633 592.454187
1544.399673 591.980700
1528.845086 599.382474
1532.229774 611.221352
1538.727660 597.813149
1537.487471 605.946249
1554.334985 514.852627
1565.394555 522.898493
1562.520740 524.252898
1569.930801 520.644446
1558.415429 524.216923
1560.974257 521.010520
1558.515051 523.331358
1559.502598 528.641724
1555.530424 515.584009
1554.199244 524.414827
1565.388814 523.177263
1554.155682 513.864303
1571.068654 599.173842
1576.529059 600.781031
1563.159593 607.740362
1562.797219 608.877509
1572.287757 607.522616
1565.344765 605.870070
1562.115510 602.652251
1563.538439 600.743351
1575.340647 608.745587
1567.755092 606.062010
1563.488197 602.027520
1567.682171 603.190219
1595.415003 522.837980
1583.511956 518.860723
1591.992206 526.532288
1591.352058 527.660578
1593.736710 524.209428
1590.825910 529.539222
1597.319502 519.609320
1597.791744 536.423583
1585.089189 531.635582
1589.648644 523.296157
1593.199758 526.262272
1602.784233 521.116578
1598.597196 610.762089
1599.681034 600.709721
1602.844468 610.286531
1602.606213 610.079478
1599.598397 612.456786
1591.087050 620.530201
1601.269908 617.251708
1603.609299 618.212643
1593.373622 613.050470
1595.860200 613.779433
1597.491616 606.433915
1596.373851 610.032390
1635.536744 535.739961
1622.602650 532.958893
1627.193673 526.674248
1624.851983 534.780088
1633.380672 525.976795
1615.309008 530.940480
1633.976562 527.500208
1622.418711 523.924756
1621.913804 534.424778
1629.402054 540.749305
1624.685429 526.325417
1624.127980 526.158630
1628.968555 619.998138
1632.175548 619.964842
1637.347659 619.363229
1635.095583 616.481745
1623.524074 615.679163
1630.286462 619.955150
1632.426071 611.039422
1631.266302 620.714534
1628.348995 618.664643
1625.143283 610.370102
1641.516121 617.113362
1628.548628 612.220564
1650.505500 538.663740
1655.964268 542.641805
1655.481766 553.435810
1650.914243 535.760756
1663.970014 540.446581
1651.308302 533.363194
1658.161619 536.342250
1654.317139 547.864232
1656.917050 554.512042
1651.440353 532.240418
1652.431954 543.079908
1650.316608 549.337393
1659.912646 619.364024
1662.303539 631.645936
1654.516716 620.112495
1656.071150 627.258000
1655.656390 632.695618
1657.526240 629.008083
1658.484472 628.894735
1660.939131 632.039528
1652.382813 622.671983
1658.399864 623.506721
1659.427975 632.722253
1658.844370 630.889676
1681.246176 550.347613
1676.871960 553.102999
1689.123732 560.383686
1684.501881 565.621079
1685.888176 554.237731
1686.128880 554.245807
1689.905449 553.228333
1678.804414 552.922445
1686.742062 558.090397
1698.293367 554.092553
1688.454263 549.870273
1681.510527 552.162613
1693.047441 640.099534
1686.528042 630.263880
1691.557762 639.481691
1690.616670 641.594960
1692.119122 634.513462
1687.526381 650.654079
1681.835348 638.503410
1695.460182 643.591250
1692.442026 637.727755
1691.477551 640.720285
1690.369453 639.957343
1699.907903 631.498660
1716.905037 563.742933
1716.233690 567.838051
1718.256207 567.015299
1715.945355 571.249200
1707.358406 567.871415
1717.892363 561.132133
1716.475127 558.586115
1724.525640 567.517379
1727.264293 564.244439
1719.976937 559.739947
1723.752566 577.246408
1715.958188 568.789510
1714.627480 646.436149
1721.338330 654.383455
1722.814014 652.520158
1716.662286 644.664042
1733.410351 652.499663
1719.408476 653.126199
1720.484546 653.189232
1731.564338 653.194296
1724.340853 660.038335
1723.033248 651.954125
1727.277376 650.370695
1718.190093 649.988403
1748.275908 584.005652
1755.920487 583.656899
1746.277794 582.918219
1749.049364 593.082634
1751.044308 583.617091
1739.796674 587.560970
1749.375384 592.298183
1747.493128 585.242438
1758.555710 583.200754
1747.032367 582.188520
1742.639642 592.315194
1743.526036 581.105903
1758.136001 674.607293
1753.652796 669.858044
1748.969279 672.875133
1743.559732 666.242960
1752.402388 678.032046
1753.139365 669.180774
1758.505958 666.313174
1757.280380 680.485645
1752.490978 658.999870
1752.101573 669.398235
1764.175014 667.546922
1758.293365 672.607967
1771.026756 598.999705
1781.145832 604.853084
1778.462576 604.666292
1770.234302 604.283632
1774.118016 606.695296
1789.860357 603.160172
1778.324499 605.031198
1777.333631 597.516339
1778.533978 603.786543
1779.886553 604.561468
1777.108865 611.830675
1779.037265 606.052237
1790.362147 691.464153
1788.031436 686.141836
1776.848615 697.333694
1792.898938 695.315432
1777.590317 693.355293
1788.680270 680.734134
1778.165247 691.178426
1785.802234 692.604512
1774.636892 687.656238
1791.018728 686.945659
1782.079229 683.388184
1787.861388 684.720102
1807.849353 621.463341
1809.521359 634.324777
1801.003876 630.688872
1813.574621 627.176749
1812.835859 617.232005
1809.923966 627.826495
1809.387547 616.789039
1808.736252 619.192332
1813.761952 631.146547
1806.636045 622.119913
1808.227510 636.505529
1798.651333 625.939694
1814.348985 723.376178
1811.738336 723.056882
1811.129224 713.779885
1814.495984 717.543590
1820.285628 727.570374
1815.603659 724.552368
1815.212941 718.469215
1820.708935 725.203922
1824.198158 716.670284
1811.362168 722.563177
1814.862266 716.841111
1814.892366 710.655560
1841.782648 655.493235
1833.913218 646.321614
1849.640754 655.879973
1840.413101 651.290752
1843.566520 654.671184
1841.286128 655.441528
1839.830614 652.745813
1844.542104 664.093962
1849.971265 658.377164
1848.184444 647.332788
1842.017700 657.943777
1832.776967 653.442988
1837.763607 751.309632
1845.305089 752.114171
1842.864811 746.692523
1831.290595 750.082978
1835.962272 755.649729
1839.691196 745.000977
1831.998887 754.879548
1834.226994 744.880543
1833.162382 747.662454
1840.714557 755.565115
1844.419479 748.285544
1840.442242 751.036666
1851.499604 784.051410
1858.377388 793.072416
1852.252306 777.823435
1849.800873 786.630530
1861.945620 781.213354
1841.727452 780.852567
1851.638559 782.317330
1848.701893 789.635450
1840.854745 777.538983
1853.275743 780.843679
1849.828442 781.544214
1849.348484 786.500370
1850.820327 848.768450
1849.188133 841.719391
1849.254527 842.250237
1863.748890 843.310087
1857.405134 848.162513
1862.706073 839.483218
1861.876146 849.847900
1851.426238 846.730066
1847.822087 857.361333
1856.380021 843.393151
1854.187804 847.043170
1848.987955 858.255263
1863.924055 919.373251
1867.214427 925.554664
1856.684876 921.910173
1856.875848 923.806760
1865.085006 929.856185
1863.463071 930.066696
1861.128787 928.673444
1866.496709 922.442872
1865.847691 925.023528
1860.920201 917.432788
1866.861956 924.804033
1866.203991 934.666248
1863.642039 679.449745
1869.981008 697.008827
1871.901624 673.603799
1875.144012 695.984244
1868.119465 687.416070
1877.796139 693.383261
1867.955580 685.459284
1871.073857 687.869331
1873.979441 679.768547
1869.159638 697.241575
1860.872448 689.712689
1870.101343 687.326487
1862.857855 813.628396
1860.070314 822.834764
1868.758446 823.112341
1860.563958 815.110758
1860.615204 815.798157
1860.458756 815.287343
1859.136168 814.992269
1868.489482 819.969348
1862.004150 810.484637
1855.349566 816.757530
1861.833262 816.543606
1850.195633 817.021716
1888.879448 721.727261
1886.561955 714.508558
1891.765824 718.502052
1893.598562 715.998940
1892.615135 720.958758
1882.193798 715.719968
1892.167640 716.302998
1884.196148 721.442340
1897.137978 727.281349
1891.975237 716.425601
1897.494995 726.693496
1893.410551 712.575859
1897.447218 953.025456
1905.908837 950.479083
1899.387613 951.371571
1899.961932 961.046302
1897.614602 950.668634
1905.831363 948.808315
1895.204871 953.721512
1899.289811 951.389663
1896.666522 951.443473
1894.432240 941.240062
1899.197860 955.676254
1896.019310 954.752210
1911.025849 747.971861
1914.503179 742.906228
1919.184828 739.115898
1909.329711 750.859614
1907.141249 748.833511
1903.541489 747.746061
1911.708072 749.438683
1907.332408 738.370398
1911.848377 744.732378
1909.561868 749.083770
1905.160925 748.630596
1907.805179 758.245897
1926.649252 785.812252
1927.187405 786.116507
1927.069967 766.296313
1921.711974 774.767082
1919.166812 781.262450
1915.228074 776.478852
1914.317816 780.014886
1932.722786 770.427553
1927.109368 782.231454
1918.111316 787.782376
1927.370512 767.010968
1926.330952 773.436918
1935.944869 803.449091
1938.801946 810.976159
1933.872390 811.996752
1932.733382 801.715826
1927.913310 805.998532
1940.649544 813.072343
1929.593873 821.321628
1938.603456 810.114186
1943.917483 815.768681
1933.949713 810.063237
1922.145125 810.317051
1943.083807 818.726811
1941.648783 837.101630
1938.783659 840.623906
1944.583714 838.375671
1948.264022 844.035368
1937.203599 849.119879
1933.376450 844.906036
1942.047065 840.567245
1933.140364 843.785532
1941.548509 840.630692
1943.072660 830.972273
1946.365473 847.431401
1942.062003 841.969374
1947.849707 870.340316
1949.101599 871.331018
1939.058649 872.424134
1957.299014 877.507354
1946.600810 871.295230
1945.682162 872.628524
1948.144653 879.935510
1947.066955 874.191041
1947.436004 872.181691
1951.968620 875.396642
1954.109511 873.604580
1946.763710 862.659097
1954.595453 905.607715
1953.223394 911.152560
1954.389620 911.055696
1954.386629 910.776311
1957.400957 903.748048
1952.816446 908.356296
1952.576620 908.784779
1955.904631 904.082895
1953.592188 919.138899
1948.589443 914.401665
1951.639949 910.707493
1945.986184 911.061855
1960.477455 931.373101
1946.148807 936.905535
1953.762017 941.238359
1959.229148 940.420091
1951.081894 938.163631
1949.418810 935.649207
1957.611056 941.668440
1947.955804 936.907781
1960.692738 939.570134
1952.005896 936.796034
1962.408924 946.113340
1951.774791 947.006931
349.844863 565.482561
338.978340 572.564423
347.790551 561.772539
337.918499 566.627451
342.424143 561.873100
343.870270 566.161634
333.519119 556.681677
339.720239 565.875199
343.120075 572.416208
341.954291 573.725954
332.812693 562.205380
349.871985 568.109413
320.509655 541.018701
329.183704 541.806059
329.053684 542.227924
327.998522 537.554880
319.354672 529.259537
325.341840 538.630543
326.603784 539.306165
330.396055 540.737827
325.287144 527.536080
324.349639 538.426426
331.399375 541.926796
333.039159 537.025173
338.316853 514.164566
347.317602 514.771171
348.551489 507.646836
347.671239 516.250200
343.958017 514.308233
336.035223 518.083062
340.250367 515.767367
343.640020 513.002884
338.804967 517.261569
339.887701 514.833416
329.074330 515.051288
343.674827 522.494204
412.343614 549.406347
413.960788 554.246775
401.196538 545.433989
404.353429 550.463496
414.139258 555.207129
409.781109 546.702691
409.815999 549.782854
409.663568 549.496466
412.714832 549.067340
404.628505 551.038964
405.935729 549.696591
421.547014 547.542412
415.940262 559.470577
425.431480 570.260787
434.451176 562.845684
430.619303 560.021659
416.516864 551.956178
432.532266 562.594562
432.887046 554.854274
419.350611 557.232143
429.328495 568.505194
420.218773 552.884219
432.084311 553.548588
418.298058 555.541633
408.950048 527.459460
410.952669 530.609026
402.959029 525.385308
413.868847 535.659769
410.661223 523.092605
419.527336 528.203885
408.604831 531.412356
410.462689 533.220845
406.172866 527.221141
409.659011 528.855099
414.240587 528.993439
406.414609 521.444021
431.568069 522.068193
422.368570 517.746556
433.512258 518.664120
431.470512 515.969849
436.009341 519.047730
431.200234 522.093011
436.477967 523.777513
437.813905 529.708160
435.852887 518.557424
425.293938 523.469505
430.651081 513.466858
439.773881 529.364224
462.681177 552.061576
464.336413 544.337066
460.054761 550.594664
461.805270 551.213401
467.575428 546.920099
463.742665 542.036178
457.720719 544.746444
465.130665 554.010367
458.706751 551.200132
462.980366 554.985351
467.528610 559.145548
467.060283 551.327201
430.674166 732.560196
436.433803 729.022437
433.478685 728.321770
437.106165 735.162909
437.181127 734.505756
446.461973 732.103329
437.941594 736.343270
435.375147 736.654891
428.373019 736.036996
437.564466 734.078336
439.505557 735.834406
437.014675 738.143168
413.848839 743.772566
406.267988 737.599154
403.205291 745.393046
412.797175 743.320928
410.516842 744.795021
417.664307 739.036484
421.655588 733.785720
406.572545 742.797175
412.263639 749.514280
412.781798 743.643473
412.570918 743.123388
414.059814 744.283475
405.938354 762.013751
410.827734 766.938004
421.911557 762.677091
416.437381 757.622546
407.300288 764.855620
403.877337 762.294592
405.393874 763.651548
413.584515 765.471245
410.672002 765.575751
422.606220 760.075663
408.416986 765.618621
409.530862 769.206908
445.646544 781.718940
445.004581 767.822733
444.428847 767.968252
439.601545 768.605371
440.318737 764.041873
447.354979 773.177720
443.512854 771.809245
443.239032 776.793787
438.575097 779.392165
447.600990 769.751518
442.835877 770.045144
432.812963 776.816741
465.751776 763.197976
460.336263 760.069242
464.633735 765.348388
463.587525 768.480492
460.411069 752.364176
454.396416 765.267673
475.105159 762.914938
458.770566 763.759539
465.768124 766.008142
466.819801 768.179274
467.182053 763.648887
464.369207 765.226510
466.344163 739.088381
472.916021 748.750685
475.267781 748.373261
467.492032 747.916523
470.085306 744.898211
473.402087 746.243093
481.116975 749.295150
474.402765 739.826102
477.686501 751.257630
481.112307 752.091052
469.133355 757.460030
469.041933 741.965584
334.885219 764.876833
332.177994 771.744301
339.701759 769.185148
343.195358 766.937694
335.446653 773.617367
338.523409 769.117734
334.176176 774.302808
342.012995 767.657497
328.716555 774.257011
337.010558 772.367364
339.127994 768.743175
340.127033 770.360487
330.836289 743.646516
332.411810 741.516195
333.686182 751.910830
333.748598 738.854378
333.078662 744.768091
330.313842 739.903000
331.052337 743.978167
330.870470 742.136753
343.321388 738.878949
334.929071 740.778632
336.815566 746.289815
331.329005 750.809436
342.354926 723.991107
354.966237 718.202982
347.649947 721.507408
346.203737 721.578167
345.006342 726.362118
346.375003 709.092927
340.819155 721.135087
339.379326 713.677965
349.404934 732.248961
355.723138 716.176203
345.520992 724.149592
347.806090 715.032306
1842.258957 863.609519
1848.932079 867.640964
1841.114979 863.880218
1843.129734 855.667230
1849.047386 865.133480
1837.376662 859.708492
1848.821426 867.056958
1841.737813 866.023770
1833.113573 874.833096
1842.773600 877.360965
1843.866263 876.716895
1842.744919 868.561484
1826.977094 900.470165
1817.582253 884.426837
1824.758500 884.788289
1827.599532 890.861410
1828.476051 889.062562
1829.423575 889.818220
1826.274147 889.993069
1830.567804 888.897933
1826.039426 899.326985
1824.260655 886.743975
1830.450040 894.330711
1823.521307 886.895840
1852.087633 900.329131
1842.482110 907.513714
1840.672897 897.480373
1842.353282 907.772548
1846.419057 906.499905
1845.763501 909.692313
1852.509669 913.452767
1843.776542 907.844733
1836.459085 909.512372
1845.289842 902.150360
1832.629603 907.784776
1840.273864 905.431994
1066.544491 808.697296
1076.321322 823.333357
1065.965250 815.792438
1071.877968 813.289857
1061.828635 816.028851
1067.951952 811.162708
1068.959769 811.914467
1076.476063 818.590142
1076.008621 816.228926
1067.523698 813.749400
1064.954071 814.450356
1065.163060 823.873330
1075.936286 784.653552
1083.675376 791.922163
1075.707873 791.194413
1086.597370 789.697759
1086.054186 791.336921
1089.424862 798.850910
1086.935210 789.762689
1094.985061 782.577803
1086.338245 791.504960
1086.264941 791.077971
1088.492001 782.869573
1092.503111 780.738316
394.926689 804.435000
392.404416 800.197914
397.415826 800.857961
390.068395 803.414881
393.931243 798.519379
384.206828 794.917683
398.893912 801.735376
389.591992 805.189078
390.212766 800.245123
396.014236 805.021905
388.963193 800.169015
394.242033 795.186556
431.670050 798.619657
415.966558 802.405227
420.444118 810.003292
415.242710 808.349456
414.829801 802.730674
426.903079 807.000507
421.328578 804.260746
421.618040 815.891048
418.329651 804.670950
431.863170 795.538410
428.705653 813.336510
422.837425 807.974027
447.046546 813.504810
446.489509 796.658356
448.711895 811.225283
450.666660 801.483141
455.448148 808.227692
447.259735 800.668783
449.862155 806.081927
447.175886 799.390068
461.938786 804.810309
446.640502 796.441191
447.772740 815.083255
449.169153 798.600099
469.313446 796.807048
468.114552 802.435942
476.903801 802.312572
470.089344 804.446912
480.027951 807.983172
471.732193 804.036575
471.390208 802.220136
478.918903 796.076458
477.753781 803.658355
468.650705 805.370295
474.731611 800.336480
465.283122 799.727715
1914.267681 967.341616
1917.412529 955.497974
1922.857970 958.086584
1914.780479 962.239712
1916.940668 962.416032
1906.419319 965.825382
1912.512690 965.900233
1915.080121 963.318448
1912.531370 958.572463
1907.501036 960.424506
1913.715368 964.346196
1915.527613 960.864195
1932.832634 982.510681
1939.961365 988.300276
1928.770282 983.914819
1932.759307 981.259734
1942.922174 983.416311
1932.540602 984.441496
1940.849344 985.680519
1923.242196 982.293873
1930.820676 975.333093
1936.512373 986.392928
1931.714167 978.717050
1939.037058 980.873104
1957.054844 966.800024
1963.649306 972.289822
1954.041646 964.719565
1960.391019 970.408374
1962.549260 965.035739
1959.026764 962.356945
1956.059662 966.979948
1955.110964 965.831737
1957.841929 964.395739
1948.279594 970.163810
1951.458585 968.774475
1955.364815 974.040958
1953.552687 981.728722
1951.249160 985.870386
1951.432480 984.981183
1949.711347 986.676095
1950.381790 986.115544
1959.268539 984.591336
1952.368733 986.289641
1956.543246 990.161062
1952.739526 981.691146
1959.223645 984.031556
1946.348942 994.720342
1949.005055 985.904784
