44.721828 179.047591
46.272496 178.371389
48.850914 174.533657
43.999437 176.029574
41.384686 167.592083
40.785503 171.573955
51.894253 681.851390
51.144869 681.661810
50.018889 692.696020
46.769965 693.659135
41.823533 681.580420
47.450775 681.095057
51.176089 105.895043
46.150848 110.675438
48.700269 111.364582
47.150755 109.715317
49.227793 107.827242
56.007452 115.566272
51.130320 730.951561
55.302557 742.107246
52.856071 744.109229
54.851792 741.929776
59.352414 748.548083
53.679064 742.742448
65.865167 66.539931
66.378986 81.290684
67.043903 64.154982
63.989841 66.953823
66.299584 65.301866
63.239751 72.209899
61.203730 640.978048
63.956602 639.964596
66.315049 641.443489
57.496663 640.588887
66.542559 648.406652
63.169290 640.895424
74.070510 202.378112
63.483655 203.598952
70.687954 188.723815
67.910996 191.483102
59.011092 190.663663
67.065578 188.397116
87.296719 611.464772
80.837889 615.154846
84.286071 624.557499
79.950732 612.236117
78.675558 614.155802
84.008624 604.671816
83.885436 225.713056
88.341186 213.906468
77.314167 222.602734
87.876227 209.944172
86.904877 215.027144
82.773112 209.649311
81.040557 774.778788
79.806038 787.028411
79.860648 792.034280
91.473202 789.587733
84.101270 776.642866
86.229858 771.699793
97.571509 48.579459
104.235710 49.739381
91.553119 56.116995
99.580608 61.980279
107.384734 54.927403
99.663694 53.264299
116.549451 791.620943
115.969118 783.326676
111.127073 795.703249
118.198979 796.860806
113.958139 793.520734
123.647398 785.570660
121.277831 580.054884
129.666209 581.261808
132.417083 586.053658
111.571489 581.176105
120.406920 579.269358
119.177331 583.522433
122.391770 246.486792
118.168184 237.267022
124.730107 236.015796
125.457047 243.633048
125.562841 235.081318
126.113409 234.639934
137.907225 812.091002
133.853616 821.772175
141.899530 810.342656
137.371844 824.583122
142.126041 815.189701
144.763715 810.151241
142.169317 256.890867
139.881908 258.190180
143.265700 258.434891
144.742429 254.516452
137.976003 264.600227
152.596011 252.615457
141.884741 48.277612
137.506679 53.439418
139.666031 54.851249
137.608159 43.610582
141.685276 46.411575
134.173977 41.343743
142.586420 570.836367
153.040542 568.934868
152.632789 565.971588
150.946188 562.802323
152.757322 573.679769
145.401514 565.277438
167.241792 382.725616
159.431906 376.880801
174.217983 394.598225
169.648647 392.912629
174.641946 380.057406
176.038070 380.286018
170.435721 817.137106
164.892218 827.615457
162.076073 828.430183
169.519949 825.161141
164.511495 829.431292
165.835404 825.848749
170.419573 65.050610
176.248889 57.503397
165.966792 55.471284
165.257425 62.360020
175.530864 60.322737
174.208654 65.305030
175.513306 276.002900
175.147293 275.554245
175.502744 277.635343
172.753858 278.823151
174.987623 279.012397
182.934320 281.120445
184.461840 540.016643
181.426836 526.195050
189.932555 530.150154
179.528263 529.877684
186.080037 538.220705
196.823106 533.221918
188.277387 355.700668
187.337918 338.528631
183.978854 341.785564
194.723533 334.505533
194.602236 342.567062
192.720170 356.091448
197.317627 434.592510
191.271920 438.420355
179.948173 431.054153
192.211288 435.911771
192.294637 435.626230
185.710081 435.554319
194.671083 87.923490
193.459605 75.521010
193.016340 83.831545
195.852564 81.197067
187.994533 82.267432
201.951798 86.869918
193.315320 317.907957
193.572075 307.225486
198.484515 311.158636
191.791910 314.782897
198.133586 309.493678
189.518412 315.281129
202.049065 493.593258
198.242611 489.594411
194.988917 505.126258
195.558328 489.039496
204.515029 494.231539
195.735557 497.843266
213.644071 451.034828
209.421988 444.415856
212.838857 452.979249
206.286949 451.590322
214.044577 453.064176
220.353881 450.962301
214.328052 114.894917
209.953469 102.607095
211.044741 105.555287
219.814435 106.960548
220.169780 109.824262
218.271499 105.278882
218.878784 844.873580
213.972973 839.919559
217.390099 845.059470
211.151948 838.570790
224.986007 848.773806
213.712863 850.107019
232.846138 137.593585
234.480301 131.289521
229.949213 128.028285
232.794505 135.090589
244.745154 130.996507
244.463792 128.749901
235.581636 995.994999
241.516045 988.995319
247.248173 989.801953
237.664969 984.004824
239.803409 999.418564
246.047852 992.542065
230.052680 962.784744
242.160273 965.540898
241.741500 974.577850
231.400040 963.989436
235.157676 967.192734
252.467069 964.518248
242.835575 860.377656
248.513485 862.306752
243.783606 854.765938
247.222780 859.460352
245.022443 869.984006
245.453127 865.898279
247.665508 920.143701
245.347250 931.976713
237.549220 926.505552
239.998725 923.570381
248.324434 924.699997
252.082290 938.885733
248.683767 1028.906359
241.400841 1023.183008
251.409340 1042.869710
238.096445 1029.311743
241.267341 1038.827390
243.197421 1039.404214
251.168079 1084.595404
246.535366 1085.731474
241.975592 1080.996637
254.487041 1082.586849
251.825216 1081.530634
250.943157 1082.529394
250.905826 1123.297415
249.333002 1121.487590
256.441497 1125.621540
247.942304 1126.407051
243.647738 1116.641394
250.790595 1121.819978
266.111245 175.025249
260.750429 174.507058
259.584674 185.518913
253.287872 175.445684
268.057067 181.736703
247.307991 180.819393
270.377021 823.269139
271.769919 821.634609
266.255882 826.289343
268.079780 835.336558
268.787527 832.046415
267.122371 838.456815
271.917346 884.360726
257.631594 883.259976
257.608406 874.690854
263.815413 884.034435
259.796758 890.256007
261.839022 884.977680
267.725498 774.384400
264.919838 770.657105
261.029248 778.925886
277.931798 774.926083
275.023125 778.001469
280.103849 773.596742
269.634624 814.249109
264.520190 808.942886
276.920032 809.599723
277.511475 800.486073
266.286399 809.804776
271.206373 811.030441
269.390197 1157.910243
282.764825 1156.682016
286.459184 1150.194891
267.378671 1152.063094
272.979198 1141.894039
275.341047 1150.720278
272.643827 743.662475
277.709416 752.180792
276.121500 745.307471
281.517007 740.051871
283.835927 747.694739
286.914405 741.550083
282.793625 712.247251
286.357155 717.822178
277.834129 705.429520
289.469427 702.410821
282.335769 710.623720
289.088047 713.004811
290.825899 371.145992
279.631852 375.475068
270.983485 381.550071
281.369043 380.101850
292.025675 376.038178
281.227174 377.890274
285.207679 404.299348
295.189884 415.708800
285.946439 402.805424
276.456742 412.896687
281.791515 403.633832
282.245116 410.246997
281.894785 213.493013
281.734364 202.022259
285.649602 206.097136
292.192205 208.310338
292.979718 203.098265
289.937716 207.191432
295.944805 669.313753
290.585023 672.235178
290.745630 667.419865
290.238286 673.078567
292.020008 673.829475
284.844771 683.688623
291.524096 447.054085
298.063668 453.596798
290.051218 446.501339
289.850808 449.741951
290.912128 445.844356
284.496952 447.986179
294.989784 644.117912
296.272051 649.936043
299.006036 640.976328
290.756379 649.184062
297.851012 640.151416
298.519008 641.899278
298.268134 328.900611
310.567900 331.191156
298.902405 336.012270
296.263444 339.113270
296.891005 345.259244
302.909208 343.132124
313.440786 578.066191
308.867776 575.249686
307.322092 575.702148
304.610367 573.555213
310.297868 576.309462
307.807547 591.027499
313.135528 541.177217
313.813892 533.229570
313.692871 530.855199
308.985855 531.305276
306.228980 530.570109
308.879810 532.558339
308.960310 1181.223368
320.687337 1175.295196
314.610833 1168.975284
309.386288 1186.916306
310.829651 1184.408478
312.127386 1187.747575
309.670765 616.873743
314.889191 617.696252
311.911192 618.297188
305.007095 619.313906
311.409856 629.744919
310.621450 616.263285
319.485533 232.433952
318.988740 213.670416
302.934289 222.631721
314.001800 213.537055
321.889729 227.001885
315.433363 221.763517
310.741600 552.698517
311.013244 555.714022
318.884400 553.959736
323.057824 559.238822
316.975851 552.071889
314.458328 565.540797
327.738928 328.667862
334.050730 326.763568
330.936966 331.042886
322.991179 322.792450
327.763887 326.438195
331.513295 327.817198
339.462279 461.696871
332.127311 447.087248
337.825020 452.329851
332.791144 457.852781
331.415181 452.121276
323.971152 451.786344
338.387930 358.029901
337.282601 352.105380
355.753688 363.423196
350.377739 349.077992
345.301946 358.233149
352.329330 349.545796
347.724632 237.573165
348.894126 241.683480
351.472693 229.141625
347.629510 237.041154
356.943414 237.161656
348.024117 244.397271
359.662508 418.121816
354.550365 428.740215
357.534249 425.100818
356.639944 420.239483
348.420594 425.169240
354.369170 420.361410
359.519273 1180.539312
353.633359 1179.065317
363.364485 1181.106452
357.141450 1185.004211
363.253074 1191.110025
347.868906 1190.336740
368.015316 389.760839
365.698257 394.614144
369.159159 392.017260
360.769553 383.579384
361.587243 383.690958
354.948252 372.988058
390.679025 1164.736075
390.610307 1167.744881
387.919277 1156.255619
389.163687 1160.835038
389.645493 1163.185122
386.309257 1150.646897
391.284754 254.356959
388.553849 256.760970
391.751868 252.181091
397.795916 252.537632
386.627070 249.694815
400.823975 252.641387
428.669545 1153.339071
430.419674 1151.671010
437.395372 1149.307555
427.856338 1143.266654
438.675008 1148.185850
419.621975 1151.047645
444.766117 247.003247
434.157879 261.520166
433.130648 249.061594
441.533659 254.497327
442.061603 257.653590
441.317296 248.089789
454.200783 1191.953533
444.704783 1177.194852
450.789436 1181.639852
453.923830 1186.931407
443.345626 1172.579296
445.052787 1190.284932
466.072986 241.348314
477.953779 241.944500
478.709843 240.807756
479.873299 241.174736
477.259352 237.824722
471.817835 240.260909
493.530237 1184.327267
484.741661 1184.465421
492.444000 1188.220446
492.431851 1178.733664
489.536232 1189.993724
487.489305 1188.196344
504.721058 352.575709
501.396110 355.699065
506.647709 358.792071
508.881935 350.117883
501.478627 351.012685
507.073399 358.435959
506.450767 374.486095
514.815921 393.889502
504.479330 378.923584
505.909882 385.430482
514.526179 380.851747
514.148269 383.266477
502.309957 433.512263
513.600095 427.082854
507.382761 427.175976
514.232894 429.469644
516.771551 430.516563
513.905356 429.431951
512.160023 1176.694608
519.685840 1166.177266
512.168491 1168.688437
508.989863 1182.009285
524.450673 1180.326996
515.773122 1173.856232
528.610243 233.475178
526.610895 239.618493
531.990489 236.215768
528.085832 228.883045
527.803265 233.915280
527.923485 227.655666
539.937765 568.590142
526.516798 566.969600
537.929177 571.481724
530.862493 573.816360
532.778152 578.316537
544.522266 580.126121
528.111564 546.002364
536.817054 544.426170
536.428702 546.870356
540.792928 548.614324
539.103011 550.771085
545.163791 543.742686
536.220040 623.452837
528.962133 618.955030
526.725214 617.193496
543.675142 618.871858
536.002865 625.810086
533.210459 625.229048
537.806450 325.217392
551.133996 320.605500
534.936206 317.570167
549.473235 319.834694
534.834193 327.515291
539.821879 313.755132
533.468694 445.009929
543.085858 447.155163
541.802866 449.637016
537.029268 456.717529
539.888676 445.739634
542.033252 446.090914
539.779021 1153.773538
540.947209 1159.131992
550.267973 1166.864635
552.463542 1162.637460
541.639253 1153.423958
549.367433 1163.622030
548.146361 683.887649
540.810949 677.139111
542.724325 684.902478
553.949363 676.719553
554.132509 681.766483
553.042982 688.994763
541.280520 659.112550
551.924286 642.563966
545.674417 649.038947
540.940784 647.979081
554.568612 645.004473
547.949417 645.326657
550.598629 223.624265
558.150343 209.433829
557.511277 213.220176
550.472928 215.087052
565.463523 219.736453
548.016568 229.093996
549.804422 737.749433
552.868329 740.130612
564.587482 732.573643
558.958253 734.261685
558.761601 740.607135
560.978267 741.580615
559.793689 1133.591652
561.072779 1127.977755
561.960139 1125.183726
557.177578 1124.371818
560.387761 1124.262142
561.233587 1128.999964
569.989881 772.312412
562.180835 781.545331
574.035325 764.847946
579.942879 772.738417
563.577956 780.352883
570.681937 773.575508
568.569935 201.341874
564.529960 188.755026
572.636893 197.259196
562.929191 194.257819
574.814992 202.644751
571.792179 196.033015
584.089283 798.919372
573.494630 796.434423
572.689486 809.666684
564.567005 802.667548
575.767785 804.814549
571.191428 801.897409
573.751167 334.501102
573.777442 335.412695
573.063357 333.518258
572.551120 332.971640
574.946472 338.106751
576.655941 337.201080
581.752208 1073.443752
572.750769 1078.513346
580.443651 1075.989191
573.475034 1067.895455
585.912813 1070.433418
574.597828 1079.577734
579.103150 1102.250904
585.178345 1114.177768
578.278260 1103.647968
579.675749 1107.817927
583.051677 1102.904334
576.592583 1097.837365
572.669924 423.208455
577.205305 429.114708
583.955671 434.694364
587.189183 427.286635
581.350535 428.283341
581.889020 430.238412
570.326592 829.463544
571.188830 832.439080
567.372979 833.684229
578.255318 833.314304
576.183971 834.718817
588.785748 831.214123
578.524940 1032.745996
573.785178 1032.092101
575.715528 1038.167621
590.114569 1027.123022
573.050528 1038.012889
587.423224 1026.105935
577.497276 380.457727
593.251632 377.835136
585.976367 381.935276
591.607946 386.153787
585.108903 377.383827
575.540046 373.151676
585.297872 867.671008
583.554098 881.660597
580.356870 878.151986
590.483559 876.307936
580.199208 881.451170
595.906629 872.386366
588.173359 908.935944
578.094062 915.208682
588.068694 909.616633
588.031171 903.662841
586.136874 917.470339
586.895033 908.267449
587.649980 944.216092
588.532749 928.915612
589.470175 941.633765
584.379480 932.263608
598.463548 948.131377
598.320720 937.074253
588.183197 156.264418
593.285529 156.267072
590.532027 161.822968
601.685843 156.648129
594.805829 158.177367
592.780068 164.024462
598.092886 1001.955299
591.752449 996.473093
600.768747 1003.798546
586.352960 988.844265
593.815101 991.546149
585.832909 986.766782
610.736008 138.879967
618.339698 143.308428
603.119093 140.076060
606.628035 128.550057
607.345874 131.309131
597.217760 143.903867
600.737361 859.516620
606.355927 853.822301
606.667109 853.176381
601.022236 849.953301
608.549863 856.232185
600.262140 857.879499
632.590020 80.533109
624.076907 95.178783
629.491179 96.131897
629.431305 81.928856
629.013946 90.934189
633.567117 96.264592
637.136771 493.412148
640.528763 492.524977
638.952936 486.462817
637.620094 486.421472
637.858505 478.936663
631.735966 474.937105
627.902792 853.212865
631.180503 853.910639
633.031217 848.213524
627.255837 848.847612
634.249917 847.963851
635.543401 855.701870
638.717389 448.126522
643.853222 455.755032
650.621791 454.624992
641.861032 454.338965
637.235426 457.668293
650.177844 460.875980
656.764585 60.698295
656.271581 64.491461
636.676122 51.828060
638.844583 56.702927
645.328139 58.358862
646.615248 61.384137
656.383432 537.314726
645.268204 528.250469
648.003702 528.483489
657.570427 527.916207
649.802255 533.849177
658.123230 530.829278
650.298226 322.023560
648.976168 312.907902
650.074120 323.737221
649.218434 334.567118
651.099274 325.426790
650.338628 323.237893
667.829317 428.315780
671.579668 417.014438
660.815255 427.672456
661.164676 425.308654
660.806614 414.425956
664.067921 423.669852
659.003881 837.345412
673.838517 831.150289
671.118478 832.181745
657.968149 838.889003
664.722603 835.075677
663.969253 844.206869
672.454032 287.312254
678.636571 274.265234
662.580344 269.562198
666.448078 277.982250
663.043201 283.464970
675.035710 276.033245
665.851599 354.736081
668.127162 343.712504
659.909466 356.309418
662.545244 352.485545
676.086911 347.206879
664.242783 351.162903
671.597164 48.455325
672.571222 46.834058
666.172800 45.066015
677.718907 47.963490
663.281665 45.107583
672.529734 40.259625
687.469432 398.585542
671.926921 393.742239
670.233791 393.502155
677.584421 412.023551
683.734574 394.360813
687.900575 396.709286
685.171091 562.997649
681.622455 565.054421
682.518994 557.350547
683.699558 548.712824
688.102476 558.990555
689.043111 562.730715
696.633004 250.174602
700.615440 257.157639
703.001461 237.873636
705.548408 250.543649
695.165026 255.598103
698.944016 248.531978
711.271071 48.926679
705.532427 39.492802
699.375719 40.912272
700.281432 35.990995
708.910715 34.291293
711.135744 36.823758
717.574729 590.295240
711.600892 595.162856
709.757026 585.616020
728.847085 587.929248
716.310640 600.964999
704.601629 591.542672
718.597530 808.772502
727.941339 815.610536
719.987554 810.171432
719.539802 817.090928
723.282861 813.504398
712.002906 809.455697
739.210155 226.278394
730.028327 215.793900
732.312986 222.310484
720.147593 220.628346
732.037469 222.478114
719.781214 222.240806
740.797708 612.372270
745.464916 619.735181
740.938680 619.234523
729.224635 618.209408
736.982374 609.132984
733.440862 614.802056
747.233249 40.109924
754.156366 37.089494
745.503479 39.988871
745.810790 37.235713
750.963950 36.415031
739.823146 42.034079
761.514408 793.151823
758.874993 792.500039
764.029749 786.754661
749.156085 791.973711
763.739780 787.059989
752.902359 797.538569
765.178307 205.293186
754.993407 212.240918
774.422541 208.744448
762.573074 205.444822
776.370696 202.407264
759.178662 204.606982
781.935257 649.295738
770.578596 639.341258
764.326655 653.797287
772.807482 657.026648
761.434964 647.986461
773.267364 653.542072
787.884667 75.886120
781.804448 73.296990
781.699860 67.815138
777.837652 69.666205
773.817981 82.471511
779.457398 76.141883
791.042576 180.144434
785.493328 184.434134
781.877774 185.814213
795.217219 171.007838
799.661636 180.368497
789.390753 180.329547
795.763914 665.475381
800.467299 663.862276
790.051302 661.751236
797.605689 666.983708
800.718935 665.859514
789.199010 675.371833
798.104913 766.457109
800.405453 760.284506
807.698681 754.847121
799.342324 763.285906
809.870088 760.192538
792.677122 767.790032
813.543982 148.637120
801.306862 143.917619
814.996443 136.073318
811.695597 136.004822
808.923092 131.421379
812.401234 143.375384
816.258963 729.161670
807.061359 729.880639
812.337639 725.462091
807.548457 725.540434
816.474427 729.303602
824.374657 730.669918
809.934542 694.227614
813.598972 697.353084
807.094613 701.106978
817.590292 709.505119
814.266443 699.912700
819.795139 704.945414
827.000770 105.779426
819.433792 108.676841
817.190454 112.737988
818.828443 105.732806
811.029388 107.654771
817.171361 113.334221
