83.800431 386.570945
101.707934 408.457998
91.101241 459.390083
213.996353 277.705506
242.917106 228.733891
277.936776 193.048565
285.123379 133.371984
300.208350 72.995563
297.932608 29.194154
323.083891 72.848373
341.035388 123.276913
342.838902 162.128520
378.302790 475.554351
379.606964 214.276502
385.013574 437.666644
384.034811 518.198643
402.609361 239.730843
416.593581 542.522754
414.266794 411.233126
434.633011 519.578890
472.959601 406.427527
511.160850 388.681849
544.085400 401.410196
545.768832 497.028800
585.223145 426.745265
583.737962 501.454780
601.515499 221.159643
604.142508 453.086822
626.942653 471.112985
617.134805 513.437256
650.416026 168.231190
660.851293 148.743397
681.119037 126.014950
768.670629 106.044523
782.849302 136.166663
790.646321 59.422969
783.100165 30.301368
819.055617 350.115317
831.847071 367.054741
836.450813 317.440033
862.170523 396.918120
882.503382 302.469707
888.278170 395.619680
900.502226 312.285355
899.297949 346.426765
919.164732 377.680160
