-20.389320 223.993245
58.759702 145.648517
87.287112 119.571530
157.198157 26.245565
191.596457 24.192314
298.192143 11.564324
376.710673 48.010025
435.837024 70.301148
525.539975 106.793400
533.777973 192.717118
517.978157 172.406238
474.642073 154.449521
438.959402 169.837765
444.501642 169.480018
428.358986 192.462902
365.099469 195.602252
397.186871 205.777927
384.093217 201.449094
383.330552 171.502677
359.398709 137.672757
371.390413 119.425326
324.898746 148.288119
360.790069 151.874136
343.782405 177.836454
355.189254 205.256308
306.992463 211.235948
313.861991 219.355969
340.184867 249.665251
298.781113 281.837077
327.505819 302.284922
326.433171 348.362737
367.237265 463.206374
329.205892 489.261920
276.130671 487.638325
299.524660 449.587203
316.955851 397.137653
258.929559 332.271647
288.017318 265.634879
273.575623 232.080822
264.709448 235.463646
257.012363 207.099122
268.925555 192.786575
283.962381 173.292121
262.472004 149.307038
253.304852 155.580930
226.020525 175.344359
219.569228 178.566980
199.657091 176.941295
186.141953 200.521694
221.055500 231.912806
160.167238 206.533267
211.058634 198.330293
181.426376 174.251859
158.211782 167.961853
160.735800 150.102904
152.119147 171.004932
89.101336 164.895619
78.680455 203.155042
24.772439 196.054522
816.130228 212.596997
828.876053 216.788319
839.255786 183.772929
858.978624 136.070442
864.271477 117.666056
901.350664 67.653580
862.035623 127.612434
889.238041 173.889891
925.566903 216.967948
920.901918 224.467730
938.685134 260.084893
