30.852478 219.414064
56.201554 148.405756
68.361219 116.133111
144.651044 57.639465
213.237091 36.565617
312.800191 22.820209
383.645324 35.222086
475.361014 64.655760
507.454580 112.020417
541.115517 183.930404
517.192804 167.442175
481.177752 160.526710
444.095653 148.986213
420.191714 160.700726
410.114719 173.123740
420.961833 189.252281
409.884512 200.089058
402.585684 182.240618
394.636925 167.622877
383.505825 150.358310
362.293708 147.178227
337.519645 150.756991
328.275513 158.068469
334.763073 179.386982
327.907202 193.052270
324.182840 210.628546
319.450152 227.278903
335.153469 252.136038
328.670935 275.001147
334.661127 307.011690
329.109643 354.718186
354.037661 460.761821
340.868642 492.733189
278.723269 489.224028
286.909536 453.318726
276.600146 402.154300
279.936728 323.482861
280.355981 278.960534
276.558586 250.894331
274.314677 220.698698
282.004394 204.440206
272.698040 192.425104
272.126760 172.678486
278.539066 147.007590
251.176481 159.785390
228.588787 168.901207
210.749515 179.284568
210.072861 186.863389
198.759288 208.556211
194.489643 219.522794
169.195381 201.390668
164.347115 186.539284
166.864774 165.142377
150.612045 149.754067
133.452481 157.432607
126.644568 173.208093
87.920639 183.470207
69.184596 190.149182
40.422177 213.546653
809.455277 212.275753
838.777499 203.749462
850.790355 175.184418
859.824581 148.868343
865.898062 108.257475
878.290896 72.184014
889.501644 115.159703
890.232107 178.586181
890.312876 212.772821
913.260664 225.774443
920.341308 252.937140
