22.469013 223.043870
53.553957 131.140744
88.547508 128.646872
131.216997 55.772360
212.820003 29.860745
308.102939 30.383614
373.802197 34.834395
496.395875 65.233413
546.965031 111.070759
545.913058 195.617662
507.366924 164.652839
493.153767 165.075213
441.420501 145.227608
419.679485 163.227492
413.448319 171.224962
416.115258 200.909738
405.315742 203.092290
402.494381 188.449312
389.032829 181.238188
394.097871 146.189210
369.552842 137.808301
314.037417 145.863330
315.045918 161.966420
336.098418 171.393611
344.941883 175.935234
298.477346 209.781467
317.997141 231.664210
313.662145 256.169564
340.080739 283.666204
333.084509 312.194397
354.748298 358.389416
345.251083 463.797695
353.542075 487.925107
283.194639 491.073590
268.123956 455.098204
270.503893 416.136126
314.959789 338.985193
281.124535 275.252772
276.982870 247.526893
291.024322 225.759574
284.837738 212.676702
303.698892 194.661932
271.660722 173.556323
289.346089 155.623514
272.243315 158.742136
207.182557 175.268872
224.975627 171.288996
188.477580 188.306406
203.313473 204.334026
215.817039 230.396817
157.545668 198.024772
166.127117 189.410524
148.875585 154.591568
160.911960 154.502913
130.282206 160.545520
134.034611 169.035368
88.211926 190.685117
90.111905 188.782127
18.918202 213.308527
791.361521 213.853679
826.809023 195.868989
859.902564 178.917266
858.122960 139.576671
867.842647 120.511467
886.209271 69.991307
885.130521 111.919368
894.361383 179.188789
882.887311 213.222325
896.922301 226.413669
924.922918 240.917393
