282.984118 954.365681
233.175967 1000.668059
280.126817 1077.820633
260.615939 1050.276920
250.583227 1030.571357
287.969660 1060.609892
241.337984 995.661197
230.637461 1003.226305
270.402626 1066.005898
267.746715 1061.358707
269.639829 1064.536221
270.564375 1066.785634
264.616583 967.939187
219.626330 1007.547539
254.507028 945.426180
256.583746 998.455448
260.873888 941.319177
336.520346 1124.714952
315.092899 944.940441
311.274758 1098.378267
278.959335 939.462908
276.631005 930.592679
271.907308 1065.992217
310.691043 900.740409
295.969290 919.586101
332.358049 1098.081508
319.613289 893.084183
330.061037 1143.179797
334.189759 881.216351
354.117572 1074.249892
330.563330 882.624049
337.396196 1094.194335
320.536845 885.909312
318.294889 1106.604310
329.447095 1147.291463
331.985235 1174.724029
306.940183 1093.243045
351.154426 1070.105008
359.709483 1067.548857
343.356193 1183.111950
368.450783 860.181233
350.260889 1099.898958
342.795245 1113.643196
331.067145 1140.897356
349.655069 1217.509182
353.446631 1217.102542
364.629125 849.437238
343.279769 1198.001972
352.449902 1228.553308
355.913941 1237.323170
357.998150 850.920436
348.537905 1217.513934
366.254113 1268.028435
374.234049 826.503456
367.656643 1264.536132
381.672135 1308.690321
379.858198 826.670318
364.471893 1263.331669
392.892158 806.256133
394.857389 1308.461317
413.886775 787.557325
432.857843 1339.616174
388.140498 1309.283219
383.241381 1309.045647
397.750237 1317.830927
413.961476 1337.556508
404.098596 791.722745
420.149028 1335.557173
393.905576 1338.844123
437.460306 1413.863217
411.275279 789.227660
398.666536 1339.993601
408.915795 788.261620
418.594086 1400.038914
394.317662 811.248296
421.993344 1395.834406
385.364711 819.208261
437.889120 1435.810417
444.399105 757.369547
441.362919 1378.742961
429.973792 769.886643
460.409267 1412.861282
462.079606 1417.465736
442.340974 752.926511
461.361792 721.910440
439.515991 1447.677961
486.448565 1432.879278
491.913405 1459.542571
453.420112 1481.501695
465.054915 1464.335400
460.215250 725.782835
441.763386 1411.060717
501.519819 1513.806619
479.938095 1498.909810
460.081419 1515.379016
468.520103 1507.835388
464.308860 1539.127765
466.737290 1548.856454
473.415565 1567.117313
495.313033 1420.838993
554.351525 1513.676499
478.564561 1436.464373
500.541934 1487.706073
460.906565 726.073786
484.119247 1585.569935
471.343287 1447.276940
464.626413 726.344182
514.313226 1597.690017
464.098802 722.394317
492.626737 1570.759381
513.529208 655.873818
481.205655 1590.866722
512.282453 1597.254749
505.360831 673.353788
486.216287 715.305674
539.187132 1537.842402
537.133529 672.869585
561.087584 579.040618
529.053684 547.445424
536.073827 534.706990
525.734774 573.172526
504.441744 1554.044675
569.316010 527.066215
578.780876 514.492390
541.496240 532.028106
561.829158 557.761451
554.674669 545.687929
511.108348 723.516537
541.994001 531.687710
572.946215 550.742314
514.716718 1592.966192
513.299434 659.554174
566.662931 1393.614228
549.669924 1435.600076
545.765180 1414.000204
581.959156 515.722067
537.769182 1401.134549
525.905889 612.005906
522.368975 1408.895420
552.789296 1424.721900
601.970446 1583.191804
532.529503 1431.325728
567.890852 1370.268086
581.436270 466.510892
543.390713 664.420321
589.913246 1413.801761
549.336014 1446.291209
620.296310 580.902078
537.319645 1592.852186
564.412415 1430.758904
568.416351 1434.440686
566.344515 1427.604002
595.111781 446.590424
539.527743 672.390473
523.504956 1382.777836
574.303615 612.830267
558.621645 1506.984534
524.540513 1493.302619
600.474435 1576.353043
574.184676 1402.688581
581.620701 1408.242037
602.948857 443.649687
555.894376 645.946149
600.037287 1517.521786
592.882200 591.114324
582.668235 1558.319197
584.069815 1438.199535
614.367637 1414.724704
615.550791 498.615713
552.151034 1510.116045
576.490849 626.722798
574.472476 627.267211
573.635774 1413.596066
551.437510 1469.255446
570.921010 482.037898
574.335428 1514.675927
650.569108 1583.764048
577.385292 622.891296
578.800712 1406.043143
572.537542 1445.715660
578.577578 1509.764158
644.336036 513.790797
594.259174 1544.860051
636.385086 1452.557336
636.163575 1471.839141
572.430100 1541.293776
562.694102 1468.158005
628.469389 459.505144
615.713711 1529.502065
615.881646 1584.219370
623.375643 1511.402897
601.947984 1462.516565
604.736562 1458.640775
609.123287 1551.014733
631.978100 1565.365158
615.055650 443.859008
610.709948 1499.513184
641.080182 1545.704007
579.580722 1571.543725
617.867008 1510.350230
594.845664 1538.578671
621.921158 1547.072099
644.808698 1542.709631
628.759341 1539.982464
612.176122 446.097675
607.921438 1570.763292
619.390906 1496.673725
597.069870 445.508566
640.549851 1566.658678
627.419871 1569.346526
625.033785 446.850033
665.054470 1524.482109
691.813702 454.125404
614.176979 1579.553719
688.329806 460.660324
630.970944 1429.588086
640.489911 1488.763391
635.787393 1537.569992
727.626104 1579.102819
665.173876 1310.155939
668.024825 1358.730198
652.413306 1320.105112
678.552929 1352.305714
650.264106 1468.950816
680.827981 1380.308180
666.899678 1410.821298
688.953201 1470.002312
635.910186 1436.262486
636.408575 1463.497255
732.712568 464.324117
697.795015 1368.143746
681.899903 1365.076037
652.959997 1319.129349
683.009217 1582.524570
678.943966 1492.863935
670.499904 1314.348417
667.049203 466.258835
644.023953 1299.113192
682.592649 1316.196439
685.039570 1486.746026
709.099060 1568.863424
689.584899 1264.172351
634.853008 445.434532
684.883020 1497.297358
712.047862 1209.144919
695.841052 1233.645593
738.499943 1581.623135
653.247733 1276.210152
766.086481 449.386703
684.899439 1497.942374
701.861298 1219.558501
681.383669 1245.730909
692.222932 1210.181063
685.566749 1583.849508
723.016861 469.553676
717.300380 1511.289641
722.489120 1200.526583
706.712196 1193.570767
731.240178 1182.978646
718.998250 1564.366415
753.875471 465.155670
678.111012 1497.529657
764.366184 1166.063984
771.058450 452.760571
728.569199 1564.230751
725.544423 1195.184010
775.654801 1561.898363
733.320551 1537.627700
746.751704 472.417572
766.005664 1564.745800
687.337891 1172.183207
727.661990 1582.651530
819.170164 1501.349293
699.166146 1178.690798
719.471046 459.368946
718.079159 1553.781419
705.556314 1564.871709
724.406762 1154.638632
740.063045 469.006602
719.307372 456.187667
714.663458 456.226156
778.950268 478.813424
771.942106 1134.641464
746.275831 469.714411
782.408200 508.307251
750.406059 569.370171
774.099803 506.932910
695.274453 1097.806351
797.245339 527.047527
805.089763 1137.144106
757.398331 550.129198
792.828236 564.496709
756.592485 1137.778671
813.699978 532.845189
768.803074 1128.871223
792.163401 521.209327
774.021758 1130.064617
838.767916 452.415317
837.627845 451.752492
812.177577 462.104325
794.278932 471.901339
823.026486 556.283651
822.573505 425.784297
838.716425 461.461404
778.280622 1130.697445
817.961475 400.498915
850.662739 392.967294
825.958526 504.102485
823.646215 586.508064
827.596540 392.390802
860.996022 412.207657
830.807199 483.316865
785.969964 1132.682874
816.374668 573.930552
790.139680 444.821038
832.119541 365.799489
923.669943 497.274135
865.754300 1133.801162
840.137636 368.006754
824.135708 546.823972
825.827996 482.910115
838.955251 1137.028933
837.604276 366.425590
822.902567 501.498904
871.921979 353.231336
869.651870 1172.050765
884.883061 351.757590
857.470352 1127.797617
827.889289 366.469885
857.056882 1153.079239
853.728677 370.837945
845.846561 1134.107405
925.506049 325.550377
896.578048 1123.753187
892.795875 341.974355
898.084671 1124.850454
886.901034 1141.543186
929.017236 327.117008
932.638354 1177.083952
913.699167 1120.774237
930.424848 1177.788346
921.554461 1205.252501
904.977517 338.618844
909.708348 1181.605021
935.568240 1175.744821
929.630993 1232.839210
930.995158 1178.525650
973.285394 352.695507
935.363416 1253.751864
903.356280 1211.947610
959.224675 323.647341
951.478273 1244.636163
958.348469 1284.946125
923.305523 338.281074
927.123300 1232.604792
967.741919 316.076235
930.075904 1249.410984
966.007306 339.680435
882.457365 1228.630099
937.851616 1294.969365
932.901800 1286.540900
936.489203 331.091898
961.404360 1339.141684
956.098777 1590.252123
973.944099 1594.941304
1013.762801 1586.402113
1014.150039 1524.173286
1009.294889 350.661746
990.487128 1317.690715
925.941336 1263.746663
953.153368 1562.518993
1067.521757 1606.795083
973.003230 1561.809477
1016.544288 1321.655771
972.050548 1339.942660
947.626629 1328.074292
985.383202 1422.432403
928.964999 1352.110546
1016.359888 1456.777434
1046.481116 1416.768724
1021.864279 1451.761685
993.293548 1455.228153
959.688204 1379.237707
989.555057 1435.798579
1023.868139 1452.764326
1009.290192 1449.056708
977.546022 1479.225318
976.520696 1523.925173
1017.232930 1454.127418
993.581218 1474.962072
1038.053508 1457.703420
1029.367769 346.966058
968.490202 1542.269686
969.826133 1557.851433
1012.210808 1541.707522
985.484094 1550.558133
986.528103 1540.562346
1008.263575 1604.714591
1046.254925 369.867218
1082.482491 1592.592667
979.223439 336.465844
992.656154 1593.563202
995.283931 326.798874
987.021802 1592.717709
1020.164680 364.083214
1052.853978 379.023787
1045.538856 1611.325494
1090.680476 338.730835
1021.801272 1608.939589
1069.586509 433.275041
1036.585570 462.280591
1028.217410 452.813402
1042.911654 489.587964
1069.509373 437.569127
1059.075870 375.856775
1069.094313 532.250731
1007.305800 339.654044
1019.746601 1605.953539
1056.207415 511.000192
1061.827855 425.427385
1072.014749 449.067014
1086.134758 381.916219
1047.779064 534.803515
1117.490792 389.437023
1043.695365 384.580394
1103.848392 423.731734
1071.058869 1606.872793
1074.840267 504.695338
1101.256897 546.084887
1073.489088 1608.580357
1052.263648 537.364146
1094.671061 1602.270640
1128.833529 563.233088
1119.076019 563.203189
1054.641783 1608.774377
1069.082661 575.649919
1085.390979 1605.892825
1144.628417 549.960705
1095.549150 1598.979898
1071.321226 553.664212
1154.235217 1583.636498
1140.405517 1318.528089
1126.035905 1389.517156
1134.887149 1366.156999
1131.717272 1405.727721
1121.107555 1343.740064
1133.992803 1376.766022
1115.919418 1446.986353
1129.362844 1420.758755
1129.881749 1402.087075
1125.041435 1410.239622
1133.012803 1456.337897
1137.484643 1512.550750
1113.125895 1460.567478
1155.011249 1492.821859
1105.137044 1474.147708
1123.838432 1458.948738
1134.229560 1475.020206
1123.012134 563.973632
1119.043907 1579.580554
1118.058425 1308.660725
1076.560577 1543.036545
1095.557864 559.655958
1174.027730 321.565244
1243.095868 330.484318
1171.776050 317.553788
1099.160948 1580.426292
1129.432238 1331.053740
1078.522457 1499.359628
1119.585939 313.632063
1153.173858 287.986496
1125.324703 564.353508
1145.910987 360.589161
1168.558740 1563.332655
1128.276418 1399.011598
1132.825732 296.397003
1135.045790 1465.943606
1206.352971 342.914418
1181.171201 532.363715
1163.438118 1558.151810
1171.150173 294.359520
1139.133798 1351.184363
1135.450509 1556.503625
1115.258937 359.689422
1167.405561 554.219633
1130.372914 286.211768
1129.837292 1590.106310
1183.015330 1533.971181
1186.657540 1299.162333
1178.741047 327.329719
1130.289055 300.159791
1158.380580 555.570474
1159.590684 1581.338247
1158.904404 1525.461192
1169.679035 1298.945096
1164.812953 403.481586
1184.046045 344.688222
1155.838812 442.142217
1158.962260 420.898328
1161.706396 464.151648
1189.116127 476.160206
1204.173483 312.024146
1254.627909 622.137634
1149.820252 1560.085965
1180.298199 1536.547596
1171.422629 472.795185
1182.625835 1295.196112
1179.439186 358.028411
1160.226258 445.696122
1189.982148 490.710860
1195.721961 473.575416
1188.772766 475.073261
1141.080445 459.108223
1157.135478 1578.697622
1202.833637 281.348638
1143.780398 558.947881
1183.355007 1511.390906
1210.631483 192.774298
1235.525154 500.971404
1162.713071 480.137541
1147.186404 515.411008
1184.289448 1301.264628
1181.889075 1538.597592
1163.984433 1577.913001
1159.387549 526.010946
1208.904396 204.454207
1259.085878 157.931833
1208.987473 196.457066
1193.273427 262.913913
1193.812035 301.225306
1163.779192 548.057670
1183.965756 1274.960825
1215.827861 212.738637
1173.195777 553.108349
1187.451592 1299.509381
1212.289805 188.012382
1155.760069 1285.694083
1246.448878 147.260358
1185.798335 1298.867092
1233.389452 158.856941
1257.052338 1097.679636
1216.112103 1086.499532
1190.077592 1128.191509
1198.205735 1239.441080
1226.529189 1226.212162
1221.822580 1090.022540
1177.693569 1138.609820
1224.150696 1172.208565
1230.327725 1158.089376
1229.926694 1168.017242
1213.248142 1232.817830
1145.855661 1241.835610
1248.282920 143.964727
1214.285965 1184.058082
1173.439148 1050.043859
1234.056519 1083.812726
1220.534347 1085.841824
1177.277466 1054.441794
1245.636622 1087.705994
1236.304864 1195.968236
1232.752418 1151.467555
1241.961022 1078.835577
1243.568749 176.107470
1243.367691 1057.556562
1258.847074 147.760640
1249.755864 1052.805183
1247.360283 142.578561
1243.338187 1057.577173
1245.118916 144.762651
1260.355779 1087.449043
1292.076877 192.991938
1274.463431 1059.143436
1325.284326 117.429282
1293.435523 1081.855593
1326.591637 118.822175
1286.110125 1069.256109
1270.454995 137.454009
1333.840238 1073.547456
1237.081706 154.459934
1329.078147 1072.053572
1339.767601 123.081097
1326.941860 1059.597285
1301.997690 128.001308
1340.889599 1085.615787
1332.879546 140.695936
1387.055604 1064.954510
1323.698538 118.411688
1362.152310 1035.842829
1339.344811 118.746997
1376.609961 1055.211040
1388.465268 135.716088
1351.312808 1069.377465
1392.963914 128.795709
1368.582376 1082.767371
1363.366314 122.401532
1387.833284 1064.696973
1373.459894 116.583445
1428.317236 1041.451081
1368.671319 115.130805
1404.980007 1052.584542
1394.396849 128.628575
1432.025429 1041.471242
1433.159110 1035.329510
1440.329081 150.346384
1413.343599 1052.136565
1452.797478 149.468251
1433.511505 1037.905963
1459.032654 159.421223
1465.601455 1005.811718
1464.907570 165.115935
1422.109057 1034.162560
1450.742505 149.278773
1446.309346 1022.747262
1468.489464 1003.940886
1479.863500 184.270245
1460.837886 1000.166725
1464.871003 190.224282
1483.745884 951.810239
1430.348782 160.733562
1487.161106 953.119394
1478.021084 207.820185
1488.732096 979.357800
1452.785592 159.533943
1489.300555 980.099857
1483.623902 184.429488
1483.942925 213.078359
1508.610062 224.291148
1485.752956 974.409805
1498.723499 204.908381
1494.629949 916.694869
1510.827127 843.909513
1519.158793 228.137371
1504.203542 813.982232
1507.182407 828.498645
1496.643574 884.868634
1500.916926 876.438476
1505.108081 882.538614
1518.360811 225.629238
1504.199545 816.415180
1536.837806 470.530323
1533.159904 455.958163
1547.995231 736.110673
1542.144533 739.277496
1513.239632 838.070435
1510.678691 817.391509
1532.509268 751.713354
1476.387492 224.249599
1545.637178 481.091134
1544.934080 536.592145
1536.458268 736.174788
1531.155904 757.231420
1527.972130 773.046405
1487.269203 812.882111
1518.012431 440.686288
1557.235655 258.176490
1544.772371 502.512913
1538.637346 504.944126
1559.683142 717.666315
1537.699995 560.555264
1542.347260 223.898222
1544.362255 746.229788
1569.407679 449.817996
1573.457333 599.986710
1551.806420 571.646293
1538.590012 576.351864
1521.113544 581.045289
1538.068472 571.518387
1543.255512 610.031618
1571.911073 607.973079
1564.989802 604.210319
1529.805202 647.908699
1530.259398 660.238235
1576.858950 654.293577
1531.011815 742.375597
1593.572649 698.934036
1521.047463 719.063893
1526.423088 686.959143
1538.592701 692.851372
1535.217936 592.632204
1576.003093 709.901416
1554.453956 685.681803
1544.623179 236.139927
1573.661673 412.564716
1555.892971 262.131111
1566.677995 454.346277
1597.459655 285.464643
1570.101074 455.267930
1568.946410 246.288563
1624.167876 404.774239
1642.450540 252.907897
1578.124356 468.725504
1611.936625 264.099389
1623.168338 411.634197
1597.882036 416.025858
1615.761103 278.075272
1620.363283 409.427410
1644.064169 312.368482
1621.825664 261.290948
1628.268040 344.817012
1649.700781 291.989346
1677.695209 308.900348
1624.975536 347.201540
1578.209346 307.129662
1594.434146 425.963173
1600.711880 316.181633
1621.059668 400.970266
1568.892677 359.545629
1641.774782 336.211559
1604.091370 289.650052
1648.637448 336.086580
1678.962893 312.193006
1646.654784 349.466031
1645.974578 343.311028
1630.982027 377.886711
1620.457605 377.907643
