84.938085 663.060386
134.025416 720.888166
156.168723 553.379137
228.153845 768.285455
292.007439 455.349238
298.055016 957.996052
306.335141 945.062357
320.923827 966.862432
319.588842 941.152852
336.591819 959.100483
334.626805 783.792989
340.790116 936.492074
351.980347 950.190226
361.724995 934.512783
368.824347 779.331273
367.539202 922.647113
375.641193 823.511999
370.117085 889.131092
382.063492 856.834255
384.210278 950.377507
392.791464 822.938345
395.872492 919.060474
401.077721 427.222693
398.003469 952.984877
408.438776 766.858023
401.374217 905.055566
399.889289 929.762684
404.147306 889.819449
411.279643 835.942070
411.098001 854.257372
409.945887 937.380393
417.966766 952.963042
438.059540 943.181573
437.611692 959.183781
479.617221 761.919530
508.619263 439.632668
506.943007 134.203369
518.901858 101.625899
533.738351 136.386470
545.455525 96.868176
562.112437 125.516900
583.978707 131.796404
590.111766 81.265260
602.447898 433.313326
609.943669 730.457712
622.437622 55.651237
627.069581 134.754646
637.628456 40.070223
654.366464 48.845113
662.574681 114.524999
696.860247 336.462497
694.699977 699.387495
709.169627 111.348896
728.261861 45.553660
729.548492 121.844459
731.734553 264.206704
752.188658 59.932966
754.846560 183.795526
751.763626 609.890441
785.850962 550.325623
788.198200 505.853232
795.427162 442.421479
800.912717 385.649103
811.268769 113.248566
811.253926 136.667132
811.833550 329.625415
824.677836 283.189356
825.776554 204.522653
828.114170 232.570215
621.921431 81.989179
628.890944 91.154020
635.741529 83.217018
646.241930 72.330489
638.437053 71.647486
