4.966028 206.145564
13.994147 217.717405
-19.586086 220.479232
-5.746634 204.156545
-13.348490 247.499466
7.900643 178.148655
34.118427 262.819488
9.299159 159.435006
13.657598 145.125618
-8.720530 279.340281
-12.176994 137.374048
35.362878 291.372535
19.974818 121.411572
36.936569 301.638329
23.835151 115.196972
27.023055 320.877001
24.334370 106.801822
12.100253 330.263412
25.738223 637.402013
31.777529 79.600525
35.584102 616.282471
32.108857 329.950126
29.537933 77.273772
23.334482 597.380677
50.454390 342.719868
46.279524 341.681374
47.626246 373.085944
34.607314 369.097805
42.877182 645.704605
68.755561 589.730525
32.394851 68.274497
37.879536 584.841448
35.845584 388.790186
50.052314 567.270119
59.987935 653.143499
68.964746 62.164832
46.819156 551.809536
49.886846 537.191051
44.256340 405.559259
71.205278 52.956495
40.940777 521.389794
64.535654 653.512313
82.776813 520.908393
57.675057 417.388101
64.971109 493.348608
83.264361 29.256703
60.858801 473.510495
81.345418 677.521315
80.072180 413.309703
73.079620 434.273289
87.876458 477.124954
93.351835 446.605042
80.521306 20.095398
73.550306 694.996884
96.404615 19.113040
111.450923 694.354037
96.599736 0.942727
114.577605 701.913799
99.670862 18.088587
124.612211 706.667337
124.584438 -6.878436
120.604216 733.371089
135.533642 3.353157
141.960565 733.561740
152.899098 25.040856
150.659634 749.703332
173.467426 0.850806
160.274665 755.486428
188.378827 7.428906
173.041311 751.970401
189.698426 3.453628
213.355272 761.524211
192.491827 -0.173274
195.042905 770.794611
213.132370 -0.331758
210.709632 796.506031
218.603876 -0.414309
225.825552 796.118588
231.592905 4.260069
246.105866 796.108947
239.602742 779.534478
242.993265 0.939517
249.745559 769.193263
251.033162 -6.066482
253.802100 662.495995
236.385395 695.258839
252.354465 702.548267
238.387396 710.815452
271.562974 761.050197
270.633135 715.384334
260.370718 743.256581
237.477100 749.246898
260.491449 7.876594
289.573277 662.107313
289.521889 3.553222
272.664061 659.530801
294.242635 30.094912
293.784578 655.492923
309.879970 25.349325
300.348722 667.476770
313.233929 30.578159
322.176456 670.894030
312.599100 39.039930
333.067193 652.074932
335.649117 28.869058
323.217309 676.698192
337.503820 43.890085
346.595720 686.153214
344.710209 48.779326
362.251043 675.604787
363.661807 60.783494
366.515736 688.441534
377.922745 57.198483
361.013741 686.061483
377.510837 83.258391
394.226846 681.675871
370.702154 69.338922
394.733243 98.717550
393.030435 122.935402
392.692353 657.847020
369.775940 126.519770
413.943333 130.240135
386.940038 143.499924
407.942380 664.789989
409.458053 651.631382
398.035668 633.047764
402.505396 138.196348
417.288879 607.671340
411.684329 594.073614
405.445783 171.964164
426.381107 585.259237
414.391540 169.305602
434.576160 571.422008
396.521911 554.505362
425.902094 184.614454
416.293821 504.081510
419.771735 532.787655
425.487786 535.768501
418.813541 191.311144
400.288427 534.091616
421.924367 539.202911
401.258195 210.477297
415.890788 211.060900
435.089061 237.063884
435.464434 245.827030
413.992239 254.496099
419.218147 267.051638
423.224816 266.982579
407.000051 293.820062
434.208456 292.833784
437.000662 485.333765
447.918258 312.397188
445.473426 333.687765
431.414074 338.765395
436.392917 341.375742
443.116349 367.141044
457.689562 370.432462
444.212542 496.145938
466.273806 379.289479
436.603305 408.431025
457.801080 487.496381
439.596392 398.456307
477.105251 420.529062
481.911069 432.568433
473.256691 489.258580
459.624524 431.101418
468.191091 453.694957
488.726908 473.272867
477.317680 461.695979
525.353192 487.281296
538.784459 474.854484
530.062912 507.231697
530.520809 443.717607
567.535354 435.557064
550.541954 427.268588
566.948973 501.864567
550.086157 414.744531
563.994026 408.387563
543.786196 384.970013
547.818057 392.868424
558.059366 496.954769
567.153359 345.171233
557.789859 355.962900
556.129289 140.705989
548.812115 323.452249
581.202679 330.318035
556.648991 126.038155
569.080377 165.701398
585.109056 296.763858
547.706821 316.952352
543.503161 281.731000
546.225116 287.259718
576.197036 124.379848
558.998302 181.612997
570.378295 265.916052
561.952630 101.687744
546.312826 532.104828
562.489764 184.714180
565.012441 259.717969
576.841273 513.599361
568.007520 87.332226
590.077181 196.540339
598.493288 517.648066
553.382467 553.744810
571.558960 240.114473
586.139140 216.471530
582.226331 236.886606
585.119783 575.156988
592.488371 65.952710
588.398505 220.398139
602.101632 579.332702
596.751692 87.755378
599.638425 579.993504
614.693393 40.320997
592.873644 581.059886
599.340603 610.269563
612.342029 625.155698
600.228247 636.267927
630.145170 64.208268
616.673920 648.997858
631.690137 52.905274
641.965795 661.723107
635.446412 43.884756
646.378687 650.955499
645.934243 34.871487
652.587347 645.009071
656.100894 32.402254
665.936450 646.246780
677.175564 11.577015
664.379113 652.225245
689.511472 31.243991
700.210535 648.038385
691.147511 34.151477
688.733726 639.982958
691.044763 30.794145
711.976350 643.538132
697.426811 665.148993
715.574066 25.294293
732.340737 679.823144
720.917609 674.456004
710.160155 685.639596
736.002560 803.358555
713.263832 744.246467
718.134152 751.888733
724.232777 751.365805
718.819929 758.107305
740.780146 778.395094
726.856404 694.954533
719.250068 726.009631
732.617400 726.530546
730.725998 805.155563
724.472563 33.407135
747.017817 813.695362
737.334880 31.882970
737.990704 809.610935
743.369419 19.522298
775.228982 803.813963
768.802127 28.253783
774.015999 796.895958
768.666462 34.464690
786.535446 790.826182
791.889941 11.295547
801.569985 783.896571
804.627038 6.553144
804.976679 765.425947
811.197778 12.161849
814.592427 765.170223
825.660298 0.268690
840.482065 760.546798
834.299931 19.500596
834.720455 767.307124
849.731796 15.925635
861.977454 759.856305
850.044462 14.695100
857.173271 764.518611
857.538793 33.164302
841.695842 539.953921
838.362804 560.639551
872.121668 743.954889
885.363747 48.900929
844.216925 566.460379
865.142993 580.332038
888.436022 546.612520
870.008641 598.396941
876.386741 736.955485
892.983601 63.147397
875.329150 598.757881
877.678342 616.585862
908.495463 536.298664
903.929947 632.054023
887.665900 64.175764
896.989262 732.436817
889.548485 633.633900
894.972887 656.830774
901.475764 532.812619
896.021484 82.451399
904.886351 745.779157
898.390761 655.388421
917.885524 508.603932
917.900445 92.567084
913.449245 722.886709
924.101164 671.000119
901.909128 529.657637
945.997806 99.582159
914.854271 731.097908
925.335558 688.210769
937.520566 120.877652
934.024052 518.214703
912.633697 718.332184
938.925333 702.765309
943.850173 110.104460
959.765132 501.353912
927.354915 698.488414
948.508436 698.605225
961.043307 144.282884
947.984584 509.025621
956.914471 480.922848
966.773022 133.726632
962.330815 484.687655
962.335180 472.314223
976.424360 449.505446
987.410656 154.157491
968.501886 434.232074
974.049679 440.540421
977.520549 161.296355
984.866122 300.069019
974.884771 333.844146
981.330218 338.407626
980.299778 417.079612
996.037212 296.599302
985.531782 366.305919
972.935326 173.709374
977.109117 405.437620
994.148533 363.503116
996.614217 299.616074
1003.439045 382.682832
998.814679 394.777975
1009.832354 168.200834
990.750284 282.493793
998.257178 191.236078
995.506962 208.531152
1005.851852 262.456491
1011.443715 188.856544
1004.941698 232.542400
1007.662833 256.017897
999.889454 268.327928
303.649828 729.183211
311.826810 738.544804
326.720553 755.525061
334.109250 748.504939
356.311661 757.853205
349.621639 756.522108
383.082411 758.482657
397.717641 745.675321
437.057604 757.367425
464.521515 752.729376
508.571009 755.531066
520.968437 739.811285
533.285553 752.682207
584.459786 756.512028
601.391862 740.830230
619.007608 741.628282
636.673897 726.548763
646.908244 737.537815
680.785942 708.844244
320.859662 743.550617
285.942177 756.383438
290.312525 774.097780
266.058549 782.639776
302.093019 793.325036
304.139538 802.601363
305.377060 793.766534
351.206945 813.448235
385.757519 828.396919
402.811266 785.391081
423.359788 816.561929
463.032235 818.186023
465.679184 822.928120
500.985633 802.430842
529.454095 804.363680
560.208217 812.010797
573.792129 797.376928
603.204085 808.856965
681.224122 766.509378
684.731006 757.584345
719.345740 757.442749
695.677940 743.331798
668.346259 732.047129
682.940904 713.885815
619.773955 799.434316
657.050056 786.391891
648.661747 796.931037
