5.351456 206.285894
-4.933942 221.515745
-1.957650 231.244226
4.392008 189.702156
5.291568 252.482440
2.525305 173.095786
7.094153 260.705108
6.068297 163.940003
16.027219 154.121386
4.611233 272.815188
8.547627 138.357378
14.660684 285.217283
5.055743 113.725814
13.175879 300.121282
23.440428 109.764683
28.467688 309.145484
35.336775 90.570783
23.355997 320.799683
27.534629 634.180607
26.133398 79.142509
28.985179 604.588158
31.053826 334.059609
38.130406 80.046172
40.565893 610.739092
30.650579 341.427620
39.350438 345.882470
32.635400 362.409163
49.420827 383.364809
47.894328 654.491961
36.288545 585.917669
47.858974 60.821465
40.520450 569.881143
45.557555 397.727572
49.533040 562.702920
57.211377 660.881165
55.152218 54.397979
59.136367 550.542093
61.493211 533.227236
60.584878 402.694906
71.109032 48.640371
63.881788 515.682122
63.460875 665.117401
64.498614 513.847607
57.382705 419.822873
71.329960 500.431399
78.974647 27.020125
73.848229 476.625587
71.783545 674.154222
71.416710 415.630480
70.748076 441.194742
76.812924 471.845949
74.722170 456.801248
91.392374 27.281474
96.478200 683.565980
98.614230 17.802546
100.329858 692.458454
100.875551 17.687117
112.807363 703.031446
113.716015 4.980414
121.525813 715.900247
123.546934 9.088918
130.303039 718.270172
141.311606 11.621180
140.784754 734.287529
156.215295 6.417737
148.380478 747.199713
158.989540 2.735445
154.015832 757.575184
175.770295 3.768715
173.739884 759.983057
182.438040 10.534386
198.035359 769.231798
199.835297 -2.280968
189.223372 777.593939
210.410677 2.446753
218.256176 787.374813
216.016039 3.347705
218.855220 794.861852
231.493023 3.159070
236.806579 792.485468
239.348720 779.988903
241.071565 4.943191
248.700670 767.008510
240.498074 2.076809
264.624571 662.742580
256.043630 688.353867
255.722394 701.151304
260.427350 702.258641
253.172832 756.992336
254.134811 719.314430
264.620472 736.386451
255.123909 746.620989
262.801906 9.270207
264.118196 650.183354
270.085941 2.877572
269.457819 651.639284
284.250299 24.081037
289.000017 664.404599
291.682107 19.504697
306.706410 668.516631
305.292867 21.151577
308.084199 669.746501
320.707360 29.876152
327.580464 660.388064
332.243049 38.205838
326.779246 667.446266
345.809422 44.145773
341.939542 674.227354
357.284029 47.504035
350.541325 689.092129
367.102243 51.773817
355.803456 679.148639
379.857847 63.619875
375.417675 684.350010
391.226130 72.081598
387.962667 673.706299
390.106917 80.480727
377.819506 93.179478
393.095275 106.399121
392.572783 668.216073
397.910046 112.224988
405.036031 118.506713
407.684656 133.496230
406.471727 664.205346
404.022726 644.615466
398.888225 635.349479
405.808569 145.979645
408.051861 623.369480
409.803176 606.873139
408.286014 156.086004
413.822590 589.919449
421.501569 176.581963
421.391504 574.762243
412.170037 559.878849
421.603531 178.098698
420.250362 498.359353
409.992153 520.629576
427.780528 552.139589
422.817480 194.326418
416.839993 527.291242
423.871076 543.746076
420.375992 207.247621
412.475663 209.384156
427.646064 225.585573
422.752215 242.544018
426.670672 255.601782
417.517060 268.230844
423.060177 279.903790
427.828407 282.075576
433.009039 298.737571
429.681402 502.316359
429.045093 307.701111
435.913813 318.703454
428.709204 335.431815
436.296016 350.083234
438.206279 357.086366
450.810336 379.304336
443.388595 499.628223
449.073797 393.341767
453.928282 398.174939
461.350791 492.566864
459.204330 409.346739
459.063462 418.702304
466.178677 436.912813
469.084371 489.270539
473.854824 442.305092
472.909082 458.103806
475.502541 475.139214
479.495886 462.094820
537.390510 488.341721
535.630377 464.865551
543.993619 499.479377
545.523020 452.749045
544.445138 435.399656
551.126316 434.893654
555.131114 511.143758
556.159464 418.143274
560.858432 402.223765
561.071773 376.814291
563.759163 384.771706
564.294616 506.674625
560.991725 352.442452
564.171523 366.586175
572.447762 150.764869
577.216685 328.499966
561.826686 342.017813
564.794015 128.264082
563.908800 165.589700
565.196712 309.551659
556.863860 317.516962
560.407692 278.063025
563.732110 296.610115
569.576499 117.713906
571.376364 181.425428
577.937938 261.116613
574.166750 98.435673
576.566821 537.802733
555.535903 179.635238
573.920391 259.158904
575.349990 511.724400
576.088542 90.169620
579.428801 203.933877
576.674287 514.936681
573.197420 553.083488
576.293553 243.239385
579.381716 215.843820
583.539756 234.537468
588.952698 569.780175
586.403015 82.884636
582.889323 226.987231
586.556619 577.400528
596.248538 70.388698
593.013917 579.359382
610.602568 58.188198
589.593805 594.627685
600.009542 609.691636
608.400719 629.578566
617.925428 643.552627
619.078616 57.825013
608.243991 659.610368
634.493826 49.263320
638.032120 660.613851
639.455743 36.907513
638.058672 649.802223
655.500828 38.688983
654.371401 646.509957
662.475507 32.502905
666.552328 641.216795
670.947018 28.043561
679.095406 639.773228
692.267249 31.446297
683.293575 636.423011
695.708545 20.565757
703.803112 639.612737
701.056254 23.833177
697.480289 638.929859
717.196232 660.745986
726.278254 31.649240
708.895861 669.159291
718.751754 679.072579
718.964371 686.595870
720.873908 799.193537
729.515275 724.573284
719.283495 740.481044
706.536464 755.528249
714.079700 768.501369
715.604737 780.912111
726.334487 701.790517
712.075253 714.283829
709.756248 718.344257
718.914446 810.285110
725.853802 34.855711
735.437813 809.126211
734.507324 23.112675
758.694901 812.240330
752.669595 19.691759
750.726569 797.191168
756.902740 21.308430
764.681558 789.694358
769.943411 19.207477
784.277988 788.592232
779.127008 12.141299
783.763068 788.097804
798.724556 1.754460
802.669517 785.284993
801.734339 7.141680
807.580194 782.367372
808.566617 5.346159
829.030712 768.356790
821.394915 15.599917
847.671097 769.561222
821.905244 20.472748
840.128209 764.828091
846.673128 30.664534
855.611215 751.391083
859.592597 43.974521
860.024601 544.175190
863.413791 559.407074
869.044917 750.872811
868.882608 56.274186
859.550901 562.701066
872.941924 575.848082
880.478375 539.052140
869.685461 595.228848
874.868708 744.071422
873.388173 52.929415
881.886641 600.267555
885.671587 623.990096
884.685328 531.216482
887.268781 631.835090
888.427251 67.711192
888.699360 743.614274
883.354281 641.979060
888.250558 653.809551
894.354512 531.714292
893.260448 85.360811
902.682127 739.408748
914.751632 661.222862
912.198381 524.622004
912.911744 83.561476
918.904436 726.991062
922.939714 673.019116
911.071865 520.914533
919.798918 96.425714
921.642685 716.579620
926.707907 689.787517
932.769627 115.020082
933.524019 513.656053
933.405508 719.398078
936.785088 692.346850
943.648937 132.311044
937.334304 506.863244
948.863160 707.534950
955.281220 696.816469
954.895535 136.680191
952.406913 497.534184
953.018064 490.726965
967.573579 139.585251
966.655696 473.187829
961.062979 462.201365
976.144384 449.369404
985.651098 150.175637
977.504467 443.114542
974.107721 426.878487
978.532240 160.304831
979.888950 313.242765
987.422883 338.787154
980.831258 345.344649
998.533816 410.973373
994.804481 300.018237
985.630759 351.616705
982.811461 170.710867
990.887448 406.375315
995.925039 368.836942
1003.704539 285.748212
995.652051 383.306650
990.851069 392.126854
1005.237586 185.614073
1004.901861 276.369777
1009.782472 192.769106
1002.749966 200.843518
1009.254387 270.009345
1005.005230 221.408685
1016.853011 235.489759
999.233262 263.416573
1018.904144 252.983060
298.182081 731.009381
309.114861 734.359809
321.413667 744.847946
326.925072 744.510112
343.674987 752.803476
369.840659 752.840605
375.279359 749.396059
412.187965 762.826927
422.387163 761.077689
456.596359 748.336348
497.905091 748.787004
519.257707 748.614787
541.646439 754.248353
563.567896 750.427766
596.167830 742.060291
610.254465 741.767198
637.788235 731.206231
658.555212 733.607604
679.800450 709.365112
290.138364 745.584147
289.150796 756.787267
286.801779 766.847908
281.570241 777.201334
286.331923 787.806861
303.715759 784.139227
328.927741 792.368592
350.874800 803.220870
366.120669 803.336248
406.698657 807.490240
425.880033 804.731965
456.305267 809.316518
481.834493 804.697942
504.888168 810.248000
540.466442 810.497419
566.579193 812.531264
588.573919 811.233050
602.358736 796.038330
674.501051 783.593612
687.484758 768.644749
695.092781 759.271649
697.977676 745.094812
697.129739 732.013699
677.973262 716.041985
616.918428 804.326468
644.962311 797.527767
650.099383 782.141793
