52.342238 6.455729
65.618432 8.795323
79.101622 12.208249
86.654621 20.187962
89.954264 32.485365
85.720617 29.245600
80.058928 27.530116
74.963193 28.091296
72.097425 28.108077
71.970751 32.459721
70.352350 34.138751
67.601917 34.288910
67.528431 33.713348
65.917672 29.271492
64.820730 26.758310
61.645462 26.521240
56.593810 26.871531
57.025120 28.743815
56.395474 31.554004
55.755448 34.163633
57.646933 37.000576
56.443010 40.522798
57.204839 43.790412
56.438462 46.325598
57.262646 51.217786
57.661487 61.017485
59.497528 75.846005
60.372618 81.606940
48.709109 83.112787
47.667646 76.970421
48.633490 67.460862
48.781081 55.279537
49.656058 48.916359
49.301175 42.611535
48.278203 39.370095
47.655914 36.676325
48.876952 34.901374
48.064407 30.631344
48.084687 26.726759
44.843873 28.199366
42.042054 29.999516
36.496853 31.238297
36.801583 34.797068
34.290192 36.418100
34.045013 38.791516
30.603783 34.698562
28.972788 32.946463
29.802668 29.419732
28.493226 27.198183
28.328260 28.259570
23.567205 32.259085
16.240587 31.006568
14.739535 32.805482
10.006666 35.568133
8.309937 38.096456
11.834525 26.128104
12.379068 21.566827
26.214625 13.192952
38.272379 9.093047
