464.971544 858.767663
464.509993 849.515528
452.065136 864.518822
454.663406 858.739524
449.146987 863.373690
463.084757 883.617686
471.012335 864.995392
466.691248 913.373498
469.075363 919.688095
467.275640 842.423037
473.465522 927.812188
476.103094 946.589667
473.248928 942.615880
478.216410 830.283240
479.430126 952.685681
481.624760 818.459384
491.760054 966.689744
484.506024 816.841904
485.904057 963.789699
494.942888 500.414248
495.676485 507.594420
496.919302 511.437247
493.313657 521.653588
493.655814 531.376363
495.201749 538.371650
497.807881 535.455625
493.301320 543.947301
491.591801 549.030501
486.695726 562.586829
488.713588 604.103032
493.207508 810.832251
497.291948 975.342976
498.780141 498.233039
509.973780 607.595546
493.319741 620.786195
488.828151 604.324313
508.864880 625.776509
509.281915 482.175955
503.219149 642.956524
514.265311 653.419001
512.201157 976.409548
526.344390 796.226565
523.154607 981.864115
516.319166 658.747839
513.640162 482.328552
503.091355 786.852092
521.627329 672.672959
518.361770 981.217129
532.319620 1015.839365
523.349947 475.765251
545.749992 676.329115
533.010575 793.539779
540.238160 1030.762623
527.369414 465.553486
529.285793 699.031496
516.487929 789.945625
537.216386 1026.467585
543.631208 687.594300
545.219006 1038.910566
538.414333 455.526984
541.371624 784.409555
556.999978 1057.879006
538.691672 682.908952
545.356392 450.554680
541.514044 790.571441
556.835281 1059.700901
564.736873 1075.067648
559.090498 694.996051
552.029316 451.225385
549.345818 807.103369
559.143195 1063.044880
561.109921 696.967747
571.880352 1089.912600
569.878910 810.687505
591.722133 426.925962
577.957548 1093.904895
565.097417 702.896906
573.952471 1093.136114
583.125776 803.255289
566.291218 442.274213
583.194639 698.035750
604.433506 816.785441
578.972843 1095.421518
597.632258 423.754673
600.284111 825.330062
579.732103 701.545523
597.702266 1102.679847
585.095149 430.290465
592.252387 832.937695
610.413114 719.766716
613.329425 1107.863932
597.569052 433.940742
622.623640 828.933517
614.053158 685.951997
617.536438 1109.587543
612.291164 435.115383
616.621679 836.411273
626.157127 258.881549
625.109270 269.919426
620.031008 290.299026
616.793388 307.761647
629.452193 292.024024
640.807284 871.805517
626.950781 259.870758
615.093949 325.752411
618.489308 346.836398
626.389308 343.561400
606.525984 707.326527
613.267563 448.265457
615.940459 1109.555996
624.316534 350.559349
626.452657 351.859806
620.661660 731.105250
628.326723 742.373068
613.542107 714.008830
631.759953 862.947612
628.753896 258.677690
630.361780 459.168436
624.878411 350.995286
626.818927 749.187185
631.867983 746.212526
630.299429 750.249337
621.912337 764.534031
644.922251 798.249153
627.664410 805.480825
640.742775 817.340522
624.774205 819.715694
633.687885 824.581280
639.607697 826.482308
631.591128 838.626302
636.154920 867.698269
633.294833 1104.955778
632.540884 360.503058
646.294243 864.461667
635.214286 466.816287
640.296846 250.845185
655.614344 389.235631
643.573519 896.346745
625.795152 1107.817541
655.068655 480.142257
664.930956 231.741412
653.904232 393.218713
674.673814 477.828395
660.565012 478.879895
652.845579 1106.270847
668.234250 228.317216
665.108108 486.262215
651.050978 495.463214
668.008601 398.704839
671.785383 1108.698287
677.736834 226.916422
681.281293 494.763317
652.791829 382.697691
682.019778 1106.833961
688.023154 221.090239
694.152191 494.491847
671.107332 415.328579
689.971258 1104.803084
674.520588 225.139373
682.177930 492.401613
691.762164 395.484331
680.421338 1103.975844
707.449427 226.529469
703.704913 506.779214
713.308564 398.707794
706.878131 1105.328958
695.303404 218.647629
718.798929 518.167127
718.209540 392.201014
713.770308 1107.803372
713.258572 211.631745
729.668983 426.779157
715.106256 408.350593
726.613221 475.463671
707.343159 442.628835
711.349217 1108.058783
727.215320 205.676470
725.342521 444.579504
722.123124 440.354145
724.920143 494.633310
727.389765 446.689439
724.849799 449.156132
734.848524 470.820457
734.652536 1103.522800
740.516235 193.926609
744.552377 101.151837
745.326970 107.340193
745.861160 165.807772
732.267203 195.016058
747.904250 476.938743
736.399638 480.484529
748.238361 97.666370
744.356856 141.659711
732.879194 182.594967
750.386034 1079.216991
729.844979 452.779466
773.872207 72.293585
749.987331 128.519107
751.270775 133.413586
754.404118 132.415408
760.318262 157.842301
737.747001 1100.661753
756.761278 96.768288
779.566767 1075.343422
768.664478 73.209857
773.263207 1076.006353
768.557734 76.408817
781.609408 1067.525583
788.253516 1050.393482
796.576013 61.808489
782.853245 1063.434301
779.376529 69.155026
785.109194 1034.992732
812.952385 1039.440565
799.420634 63.759520
794.594578 1041.312965
803.737651 66.178771
813.966968 1051.310709
833.075984 1054.480069
822.285650 82.191888
810.098392 1057.779948
821.117321 78.935432
833.324326 1058.726032
821.340783 92.424059
859.948913 1065.865323
859.336946 93.177793
860.859100 1065.244670
845.750811 91.423574
849.082163 1062.849051
869.475031 103.077718
866.441357 1065.081643
874.252610 107.452934
880.944326 1067.216067
868.883879 103.481455
904.810612 1064.538691
903.144582 104.442011
887.621003 1065.303943
897.931232 106.629789
927.089652 1054.037570
914.398402 106.373569
916.001199 1058.653055
924.580618 103.537769
930.098374 1058.373112
930.230454 110.756750
943.075993 1058.074964
944.047913 115.407943
955.745462 1059.072301
951.277694 113.589444
969.320823 1060.246028
964.704489 115.449724
972.912035 1059.757562
983.043688 121.718532
994.682395 1055.708049
980.255838 119.831824
982.866953 1058.319232
983.954528 113.809495
1013.363383 1055.093315
1029.135832 101.537041
1030.670827 1060.049726
1008.010123 108.279103
1020.684778 1058.944795
1041.263079 95.848637
1017.381426 1047.407637
1021.078063 102.764874
1031.213989 1058.990836
1053.236139 94.362400
1051.352491 93.210896
1048.681393 1063.444665
1072.310632 91.679348
1067.321811 1068.156155
1081.778568 92.470040
1072.469038 1067.226644
1084.629621 99.414330
1096.981787 1056.780693
1082.463672 92.641386
1093.799045 1074.963919
1100.288472 1074.349030
1088.831652 93.430462
1104.862591 441.823687
1103.074465 439.171260
1112.008095 446.960211
1106.295484 1081.303623
1116.308411 450.330847
1112.490955 110.653003
1111.769182 403.508987
1127.352296 467.825956
1110.317565 1087.389001
1115.972087 110.073920
1119.086520 124.631489
1116.709719 389.928217
1119.772538 472.686804
1120.393922 502.010471
1107.352879 1088.381723
1120.881375 121.844748
1127.867597 419.519328
1147.031162 154.952599
1127.059091 485.482091
1126.493300 1091.956202
1112.396530 129.184056
1147.664325 155.498072
1152.786339 1112.712610
1129.419883 409.413279
1132.078020 140.891939
1120.839625 483.742441
1135.052912 1103.502129
1150.058329 416.560128
1144.699477 155.707476
1146.493345 496.197825
1158.948961 1114.309443
1152.729935 161.389994
1145.715327 411.548918
1146.586251 497.641977
1180.929450 1124.180054
1162.286484 180.553844
1174.424986 387.334032
1151.260099 498.240363
1173.699790 1115.770940
1173.111408 193.268874
1174.730158 193.393156
1168.115261 189.349778
1176.548712 387.902761
1180.323152 500.379599
1169.557507 191.515985
1184.926487 1132.015734
1205.657943 369.747331
1199.255502 216.666265
1193.726847 500.597192
1199.029716 1140.878507
1199.668367 216.173427
1201.058223 352.898498
1186.083863 496.537231
1205.729199 1139.573097
1204.070441 226.380758
1203.753500 367.205575
1212.772582 488.120704
1201.115748 364.722745
1218.780737 1143.391919
1216.014522 251.811433
1205.304137 249.240118
1226.883199 361.470966
1209.107019 512.329593
1223.887280 268.934388
1223.361597 349.496444
1202.231899 1144.713357
1207.295219 230.862651
1215.769554 513.166301
1213.763634 243.409913
1230.460471 283.911507
1225.924268 332.203439
1210.784225 518.802664
1233.614218 283.581914
1221.770304 262.044975
1234.343933 284.580053
1224.093656 310.188707
1228.226084 312.628974
1229.234444 308.566943
1224.033059 521.702120
1234.115465 533.053112
1226.422367 1139.038201
1236.981433 538.658739
1242.271041 546.445906
1240.459018 1138.024967
1242.945006 547.569370
1241.279075 1132.458226
1252.682683 562.459727
1265.258539 1129.928711
1249.738447 557.950933
1266.065646 1131.563928
1268.431325 569.531121
1277.407939 1118.595290
1284.535668 582.318851
1279.093012 1118.983413
1284.676900 583.053092
1285.016914 1108.086752
1296.463563 592.592987
1314.926823 1093.181005
1301.430742 597.256087
1316.447164 1091.659328
1305.375886 599.423445
1324.362817 1088.797410
1317.166589 607.989139
1334.329906 1075.089157
1327.518960 615.596395
1327.663009 615.091147
1331.680066 1081.002372
1333.905867 1074.896007
1344.452460 633.219594
1337.916652 1040.612545
1350.426836 641.915521
1351.797839 1042.266489
1360.467977 650.999767
1358.123211 1025.004577
1357.221216 647.304420
1373.802359 1004.718095
1361.639482 1021.587962
1359.293071 649.568960
1373.507252 796.898135
1377.706088 814.384626
1355.811415 808.680520
1361.588877 831.773770
1374.560836 1002.513887
1377.855418 673.608162
1372.569313 788.978238
1377.159304 827.551756
1386.499484 964.039383
1382.782123 983.594773
1379.056166 683.272862
1397.740340 766.727370
1385.750266 850.427241
1380.870186 678.399105
1385.026413 974.707580
1387.886914 711.448416
1400.920956 766.247950
1396.161440 868.815549
1392.556637 954.178170
1400.936685 861.539582
1380.964638 708.705713
1387.918984 719.611576
1399.971719 766.431540
1393.574114 946.079039
1404.496163 879.476316
1386.218167 726.160181
1386.714452 723.405834
1396.261404 865.210394
1398.964480 934.021753
1398.774326 898.477405
1401.695224 908.210553
1402.348967 915.036816
1398.215059 931.573704
