454.503375 854.021738
454.195178 854.171949
463.711622 867.601164
460.494820 843.577810
464.297644 880.258957
466.936000 893.951754
467.695261 907.131834
472.709320 895.468044
466.438317 919.231696
468.301827 837.655353
469.993925 931.173691
474.524633 943.009744
472.513830 938.416643
478.985990 823.313850
481.378186 963.329939
488.712808 814.038501
482.156805 965.133454
495.911199 805.439637
486.185253 971.328550
501.943601 497.229900
501.615217 512.104336
492.917628 526.398356
495.597664 522.116779
493.380520 531.856927
496.745030 550.238080
499.466866 556.576533
497.465856 554.055227
496.631781 579.274601
496.075038 576.567515
497.804925 591.840646
494.792741 810.361421
493.633549 979.727249
505.633934 478.311198
500.513764 600.435840
499.581772 610.587865
499.909074 616.365635
502.266243 629.974204
507.190839 474.150581
502.765019 636.355132
504.999288 643.969765
496.569690 980.558262
509.769233 811.601721
512.011671 995.703472
511.213306 661.671398
516.664341 463.125588
513.713512 803.968998
512.930505 663.045490
513.908397 1004.274258
522.510430 1013.631968
528.771179 454.979851
520.159904 672.968729
529.478123 795.764705
533.970193 1026.827230
534.855643 445.805768
526.831789 678.912293
545.955427 784.621891
535.264492 1030.555023
546.419717 696.639360
538.695157 1035.578120
541.123107 446.119450
544.565869 782.498137
551.548892 1054.696567
541.243680 700.673609
559.306530 446.012721
550.064311 792.169243
549.967231 1051.445262
560.697309 1067.535409
562.411766 697.211073
562.766362 447.843636
566.063729 788.674713
568.205040 1075.675922
563.913340 697.796384
568.212990 1077.954285
572.204292 802.733162
575.783440 436.470605
573.411675 1082.921689
572.893258 699.744147
583.280730 1092.306625
582.672284 810.887151
579.474849 430.503120
585.064182 707.393910
592.249282 816.627686
598.376946 1105.070575
589.483537 434.771252
588.823983 820.486671
593.268076 702.709378
601.097606 1107.707627
606.134547 438.435436
598.845413 826.466007
604.467486 699.006497
611.060084 1109.960740
606.830232 440.679223
608.637637 835.711025
615.131725 694.935789
617.389491 1108.486579
619.720677 436.447397
610.480990 837.418739
626.167066 266.338693
623.495645 276.375551
616.335493 290.783213
617.455381 300.718413
618.726618 295.712450
625.854203 854.553658
630.668298 253.325042
619.297553 329.327852
620.621302 338.354145
613.399666 343.080019
618.886305 698.688691
618.913694 441.310820
622.153501 1110.327154
634.090029 350.944606
632.163557 352.924011
624.700340 731.204277
637.955292 734.654993
631.539575 741.639565
623.851697 855.804104
631.210179 253.559234
632.075576 456.703648
636.824722 364.597786
633.354703 748.428825
632.747335 749.179256
631.372496 757.094524
630.063912 785.346066
630.691203 783.951330
631.058934 792.189325
636.365673 814.454586
636.461543 815.132797
638.006947 827.876823
622.369764 834.181783
634.832334 846.605381
643.648185 869.549381
638.250696 1109.963717
638.590340 380.898423
633.566883 859.578152
635.224013 447.455371
636.348823 254.206350
647.783717 380.059079
646.325757 880.008947
647.342082 1109.906038
641.261384 454.768014
658.308310 239.984970
649.509691 382.981101
653.805045 480.581000
662.299566 493.185911
650.456846 1109.379553
660.584606 236.952797
664.933618 495.685442
666.267368 499.593013
667.719130 395.709698
656.483019 1108.036090
672.581894 226.101794
668.029904 521.278762
677.846375 399.387268
677.538958 1104.155698
677.332112 225.869240
683.098750 503.728756
680.219889 395.154645
684.265466 1108.153320
681.421165 222.599558
684.610587 506.965778
698.679070 392.528073
697.716785 1108.337500
691.596524 222.055149
704.656512 500.115024
706.591488 395.667186
703.566652 1108.170173
714.049592 218.145273
705.893379 503.469551
710.237893 380.739365
715.894717 1105.071117
725.070600 210.447208
725.987765 387.150021
722.804720 410.222468
715.332898 504.909395
723.449062 425.651478
725.383871 1105.593300
728.890805 218.547512
724.932669 424.257282
734.418964 439.944821
726.727631 496.664991
738.118216 442.578591
735.244337 464.991232
736.046192 496.547950
740.934821 1101.768767
738.410943 207.510257
748.597899 107.387255
746.594672 124.089263
737.258249 193.894854
735.236281 202.181596
744.020184 456.620705
736.924373 483.688715
753.933025 101.644922
743.904819 131.618100
745.933208 179.781720
741.066660 1101.359022
748.210298 460.874837
754.787545 94.343946
748.009605 133.128585
751.572144 135.369641
745.888955 158.663275
751.317237 154.655063
756.480793 1090.820670
761.937739 86.824465
759.044079 1093.129170
770.773079 80.014419
768.468551 1081.016782
782.046470 73.849125
773.923755 1074.221693
782.003806 1060.133148
783.256842 75.150321
787.230303 1052.966969
801.778013 69.658364
788.748317 1035.630294
800.387356 1031.457074
803.090792 67.670685
804.131468 1038.708828
816.376602 71.169438
809.259478 1057.610012
815.579142 1066.744023
822.600931 73.926271
829.443070 1067.229822
828.715383 77.822278
840.021482 1069.060110
851.595006 85.748220
837.847860 1070.103418
841.213852 81.726280
854.840353 1064.344650
861.442421 88.792589
859.913757 1065.583381
867.551151 92.135239
881.769101 1063.740650
883.859978 96.837212
883.096821 1063.125755
888.160700 95.286149
901.082252 1063.931376
902.512120 106.290597
905.801462 1065.296165
908.088829 111.781468
912.566695 1064.460995
915.665073 108.771272
927.919362 1061.322588
935.389450 107.758779
935.734171 1059.745382
930.401836 108.689981
943.145065 1059.111564
949.082439 109.717927
949.515076 1058.296134
958.914365 110.427132
977.300640 1061.709433
971.132938 112.079284
976.421340 1061.194153
975.175230 112.536483
984.692413 1063.247662
990.439852 110.092968
997.174847 1067.888035
1001.539256 104.881879
997.446219 1062.796650
1006.300296 104.073429
1020.433797 1058.512857
1020.364578 98.177627
1035.072194 1050.483247
1023.019795 97.687437
1033.926781 1047.246570
1041.039700 96.465016
1047.422164 1056.023859
1041.191499 92.988161
1049.423711 91.094461
1050.430535 1059.047998
1073.063970 85.314850
1059.547342 1061.516087
1061.932097 85.149694
1074.083348 1072.330445
1081.084387 81.103911
1084.839215 1073.928516
1086.353115 80.629542
1100.292511 1076.537618
1103.605660 1083.216470
1105.064397 89.279369
1106.931264 423.724882
1106.517975 440.190503
1108.646996 446.818248
1105.712874 1086.815623
1109.739767 453.288232
1110.134419 91.863707
1116.030710 421.910990
1116.613588 469.960193
1113.294616 1093.789981
1114.349422 96.245116
1116.727929 98.879296
1119.598866 402.794326
1119.878849 462.658468
1107.451255 486.634518
1124.386914 1106.156181
1125.568486 114.209369
1129.988977 416.505934
1126.457693 118.675169
1126.100996 486.368923
1128.551320 1106.646553
1134.100002 133.058397
1142.689348 147.647146
1133.412281 1113.969634
1139.415581 409.299014
1134.351272 144.968680
1145.037627 487.336230
1140.076693 1119.239979
1146.105595 406.351204
1154.491378 161.892241
1149.464644 487.700767
1147.178871 1122.268332
1159.489075 165.947054
1156.829574 417.156903
1165.735019 495.111305
1161.950934 1127.576211
1162.778930 172.581057
1173.338987 392.211643
1175.947166 492.673875
1170.428078 1130.547100
1162.475444 171.674990
1170.252114 184.396806
1172.793292 193.198464
1174.194138 389.424084
1172.474294 499.091754
1174.943874 195.719936
1179.579350 1132.189583
1181.278365 390.315585
1194.881623 228.161933
1177.971116 498.331194
1193.166171 1138.648164
1195.180002 213.947235
1198.221011 379.637741
1193.495398 492.154310
1203.606751 1141.785929
1202.257118 219.743831
1198.914220 380.913348
1213.029144 481.550878
1206.004874 371.860049
1214.020773 1145.607273
1210.289626 227.484373
1221.845421 255.894828
1211.458607 360.894777
1217.169375 496.868815
1228.304322 265.494498
1215.108154 355.993182
1220.822419 1146.545058
1214.706355 235.165202
1220.054825 509.871527
1225.289106 255.869654
1227.384541 266.214648
1222.508778 332.271285
1221.419398 504.136327
1228.908260 276.828334
1230.010903 283.826085
1228.663859 290.560873
1227.184287 303.604007
1227.229796 315.700934
1227.892918 314.380523
1227.113560 522.964867
1226.465374 523.594877
1238.009955 1145.963154
1235.370464 536.938676
1241.171313 542.854943
1245.802669 1146.109712
1249.993128 552.304955
1247.382571 1144.024525
1256.475867 557.831719
1260.467647 1131.932928
1267.604905 565.454680
1268.061122 1129.587611
1268.816330 568.058082
1281.574991 1123.824628
1286.296912 574.414554
1286.571083 1118.889670
1296.001339 583.454874
1296.684290 1111.373812
1303.848119 585.434756
1302.115497 1105.432629
1312.388455 595.389999
1307.541698 1096.837779
1317.242973 601.057425
1310.315623 1087.617478
1329.233901 614.562060
1323.358853 1076.692915
1323.331278 607.376733
1334.380999 620.241314
1331.636770 1068.786015
1346.135280 1051.890392
1343.234957 631.812549
1343.168381 1053.331017
1347.049245 635.667126
1350.195781 1043.605273
1353.533844 643.358050
1358.635210 1030.070446
1355.506542 645.588707
1360.933043 1020.434472
1363.520073 1019.321290
1366.753591 661.367649
1380.522359 808.351646
1381.642415 803.244280
1377.621797 826.871605
1372.788380 829.197239
1370.094026 1002.187771
1376.835810 674.592605
1384.391496 783.532498
1379.667560 829.214791
1376.624885 984.481011
1376.183289 988.495186
1378.554769 680.084232
1389.095834 777.163051
1393.301516 859.351479
1389.759857 697.651703
1384.313267 960.632732
1394.623479 710.066744
1391.920069 766.475794
1393.842782 861.225761
1384.128319 966.362409
1393.558789 858.264690
1395.356731 711.099797
1395.927882 721.942617
1398.510541 745.635914
1392.603272 947.418738
1394.956565 868.774185
1396.403301 717.375108
1400.106825 753.295723
1401.422247 890.968364
1402.118236 930.406474
1404.688469 904.560246
1407.565351 912.965017
1407.087493 912.580315
1402.922630 927.514708
