51.913113 249.633848
62.882243 248.279964
55.951495 257.829459
67.811577 282.773140
70.821393 300.470483
91.267172 313.695049
105.532042 316.446545
111.268231 296.709590
110.428719 274.152874
114.848100 264.022168
121.683990 236.160571
131.212738 218.409592
123.320986 211.884032
108.520252 193.870247
103.672717 166.599213
128.259228 153.539704
138.963100 150.601278
160.332735 154.020579
176.261798 171.718802
203.349116 186.396294
227.618486 182.448863
248.210746 168.185701
266.385948 165.703971
286.098443 151.287573
304.698513 141.389488
327.856363 133.100122
331.572540 153.461194
333.603892 193.829498
327.606984 206.262895
301.722196 216.998066
284.523363 214.460589
257.421205 219.592660
230.033494 233.879137
227.594441 255.768003
251.483743 276.590824
250.024986 302.009383
249.193889 320.024336
242.699149 341.714747
220.876157 353.770252
201.508728 348.420077
173.211381 351.500048
165.433156 327.799620
170.815188 319.016108
162.489251 302.516052
168.573047 281.363790
184.186362 269.488048
189.054743 252.968321
166.416288 249.575716
173.224404 231.701171
155.077978 225.784015
97.614569 240.864273
201.256769 138.439729
214.884552 141.417213
236.632348 149.345694
248.964974 126.621232
272.027396 103.204522
272.307124 81.108047
277.162009 69.814018
305.463487 46.131462
322.658986 36.626442
387.055942 37.557059
402.592298 56.465299
405.341670 89.083042
393.315596 118.680214
407.030241 152.688348
397.958784 183.901269
395.204434 210.385878
404.983661 241.797896
392.925951 271.328835
399.504908 299.617284
397.098286 317.636629
402.638381 339.290378
402.950422 359.726686
328.167755 291.156649
340.624351 281.290712
334.033256 268.652034
328.445986 250.857813
311.797153 247.940383
296.780418 246.360842
294.278144 251.416890
278.685249 268.248740
283.685536 290.854342
296.501192 298.210616
310.111191 305.600330
188.162946 112.323893
178.864096 85.046096
161.854428 71.292245
127.319278 66.139504
98.730962 88.850193
