-348.725924 231.497434
-334.926507 234.974513
-317.824088 231.708101
-300.554369 233.989606
-272.939226 235.576716
-251.988565 239.665165
-227.366869 234.367993
-204.887919 233.683127
-185.828028 234.399338
-161.055062 231.532797
-144.706923 233.944401
-121.600005 236.548766
-114.785585 235.968164
-94.718220 240.892115
-77.705231 234.727946
-58.752313 233.215125
-48.331188 234.874022
-353.244732 225.499525
-354.662845 207.366664
-353.077380 191.598613
-359.765390 175.362471
-359.254000 160.913609
-352.714983 147.310249
-356.466940 138.476422
-355.370878 124.353644
-342.372266 118.745544
-333.134872 123.106975
-308.718273 120.546403
-297.751916 117.295703
-287.423420 120.889892
-271.467686 118.613380
-254.697030 121.529176
-232.445461 120.613887
-222.037793 121.019030
-198.931105 115.538907
-193.664348 120.522319
-172.897748 122.471852
-155.010439 114.989867
-141.537468 121.028094
-132.306916 118.875968
-108.269077 117.516852
-94.641140 115.217412
-82.278539 122.576803
-70.176385 122.178121
-60.235364 118.544467
-49.158934 220.123605
-51.055084 208.570635
-55.949965 197.151342
-55.818327 177.740531
-51.888408 165.844641
-46.011803 151.210597
-49.676240 133.552378
-355.229008 66.488243
-56.112901 62.800876
-45.538757 -50.033654
-227.170793 -56.343477
-225.508992 -118.032551
-51.514185 -116.174524
-50.715383 -226.900136
-349.337267 -227.296829
-341.197641 58.822467
-329.434367 65.473409
-294.353058 61.098921
-279.697050 60.173775
-259.430021 62.946321
-250.752758 60.565788
-226.687514 62.444266
-218.470428 60.533872
-200.119183 59.301013
-188.515334 60.493120
-171.985145 64.196329
-149.676174 60.666557
-137.947844 65.719435
-128.853784 58.058835
-104.620653 63.816378
-95.795412 58.948248
-73.345969 61.662736
-69.676411 62.176197
-51.407846 48.024433
-46.303504 26.484491
-49.630898 16.432033
-51.334953 -3.774237
-53.216821 -31.095801
-44.293289 -37.402166
-207.087315 -57.690345
-201.795116 -52.551938
-170.344555 -51.877664
-157.416393 -57.282084
-150.472668 -55.838183
-131.619304 -56.569418
-119.017286 -51.604051
-104.916408 -57.099641
-86.908530 -59.199137
-77.826229 -49.736893
-223.335050 -64.573756
-228.274671 -74.312254
-220.658871 -93.115959
-236.629265 -108.399078
-214.198851 -122.440463
-199.109548 -119.355803
-185.093083 -117.226761
-163.029861 -111.919819
-164.838748 -117.564925
-150.093241 -113.701412
-139.554486 -117.258964
-125.893394 -117.432861
-102.825401 -117.554087
-95.685389 -120.093561
-76.741165 -125.219225
-67.838496 -115.307844
-355.758988 43.473781
-358.728373 30.905464
-355.248337 11.907597
-357.173951 -3.500118
-358.616643 -19.996903
-361.898574 -32.309258
-350.316005 -49.075005
-362.100822 -60.834184
-354.857397 -76.192844
-353.354493 -93.202970
-359.720940 -112.315089
-364.515323 -127.593199
-357.179678 -140.378325
-358.434824 -166.746326
-355.255580 -174.809386
-361.132040 -187.782853
-362.674100 -203.818402
-344.501423 -229.300234
-318.348223 -225.880019
-302.351132 -225.083892
-291.396016 -227.325439
-275.947290 -224.977459
-261.958986 -224.823813
-244.948961 -220.832555
-225.118473 -223.506513
-213.748301 -224.648739
-192.479697 -226.224013
-175.031859 -224.991353
-163.846141 -229.049625
-147.091196 -225.704780
-129.636043 -222.854318
-114.937170 -224.160990
-102.905485 -219.402670
-83.526541 -225.415557
-69.917070 -224.098984
-49.586123 -135.751873
-55.023989 -155.920472
-53.931560 -172.243622
-44.987070 -180.395324
-53.421374 -195.117313
-54.044663 -215.332025
199.308075 59.851847
346.109193 59.641177
204.351569 -46.520888
332.146614 -48.396484
195.678829 47.609210
201.250155 37.404763
200.049510 12.756271
194.927290 5.628165
192.969863 -13.654672
196.886221 -32.948752
213.162275 -55.740132
229.682523 -53.240752
244.479690 -58.365813
257.942244 -51.048555
278.134569 -55.999628
294.104499 -54.901525
310.890384 -51.795255
326.473225 -52.704730
346.689644 45.806456
353.967801 31.512310
346.657182 13.516275
350.657083 -2.730120
346.576235 -13.528303
351.908600 -24.910827
345.378028 -36.071185
204.545801 64.593276
223.264006 67.623693
235.390391 65.208342
246.501648 59.524475
255.706749 62.985437
274.507407 64.143780
283.329927 67.658856
299.157375 65.427337
308.408886 66.193535
328.451335 68.077132
340.895823 61.224968
347.337737 236.270592
350.081573 117.595405
350.106178 223.351807
349.881145 204.537690
352.852841 188.401293
342.606936 182.539927
338.649741 165.730299
345.449033 153.271601
347.929657 138.008450
176.197218 110.938367
204.768931 111.956379
221.117151 120.083241
242.688014 121.703348
257.325646 123.998208
278.480417 125.051172
294.911492 127.502389
307.435545 114.141828
327.726034 120.404620
165.868861 103.429234
149.932007 89.773475
133.493327 78.153631
123.302259 58.364546
124.985912 47.624783
114.405397 29.253506
112.302320 13.892657
116.452009 6.029414
109.887589 -13.388625
120.586263 -35.371260
128.361082 -51.332525
133.270684 -58.336372
133.893460 -76.447554
138.570193 -85.551985
151.638671 -93.212044
164.806277 -105.945159
172.288216 -114.478143
181.210032 -118.575136
201.797998 -124.450915
221.929363 -133.571669
228.529452 -136.534009
249.437940 -134.397627
267.626276 -131.057313
276.596894 -118.185727
300.262141 -108.425058
315.734551 -99.006353
330.029164 -75.350243
336.189307 -76.121401
339.201418 -88.618162
330.572957 -98.970290
335.744266 -109.737687
339.868311 -126.312779
339.925403 -138.861010
332.167532 -159.923041
336.337233 -168.445338
332.451811 -186.806691
338.039950 -202.989905
6.196636 -102.962451
11.568725 -116.251223
17.045232 -138.492106
38.655271 -148.499285
44.752417 -160.535219
58.362970 -177.735461
72.709222 -186.356301
72.799926 -196.812974
99.901833 -207.306424
110.171461 -213.635127
122.625906 -223.705749
143.485750 -230.836130
152.965601 -238.604502
163.977778 -239.473347
192.636415 -248.733096
196.240135 -246.571684
220.536709 -247.499639
233.310309 -248.085030
253.699604 -243.091360
265.412644 -241.085416
283.840274 -237.205238
292.485987 -225.103460
321.258924 -218.545702
324.314182 -211.355237
1.197724 -86.400796
-6.807406 -66.534365
-13.723972 -44.373410
-16.791298 -28.228622
-14.943491 -4.900429
-20.246991 13.537658
-12.842281 34.528820
-10.992746 56.042285
-2.923190 71.290629
2.479153 85.862269
8.287122 102.996116
14.108799 118.372952
29.043881 134.060519
38.474812 149.220676
55.138260 164.028211
65.439448 179.842797
88.069889 194.131533
98.575141 205.371918
107.470733 210.117405
119.769273 218.549950
142.973398 223.718083
149.736237 231.537781
178.397256 236.168457
192.198432 237.178660
208.170786 235.007021
230.659850 242.451717
249.273971 234.228864
265.077958 239.327945
281.786783 240.820141
296.290855 236.406976
310.415412 239.172181
334.525212 243.155369
350.047591 -50.539559
316.713254 -87.109788
