-358.428782 235.736999
-326.590051 232.236411
-306.352055 234.720460
-301.135437 234.473368
-284.594041 225.885385
-261.367630 226.197318
-218.905920 236.398684
-201.741325 227.446050
-177.272239 234.859384
-163.088262 234.371568
-140.860295 239.652255
-130.422207 242.247570
-114.147614 239.671689
-88.947415 236.014623
-78.119081 241.029867
-72.245591 229.357573
-57.880405 234.621410
-353.300847 225.370060
-355.425330 199.965998
-353.267781 182.190258
-357.592437 174.599817
-349.446375 160.665427
-348.971601 147.513256
-372.293432 128.468396
-344.513495 121.047410
-346.633427 121.692988
-331.464567 110.846852
-322.854616 118.178319
-304.042652 121.417907
-281.353909 112.243408
-268.105779 120.391448
-253.158525 112.622901
-233.921937 126.632884
-217.169520 109.785159
-204.966506 114.309297
-168.963339 118.064577
-170.480218 116.690225
-148.522790 113.069850
-128.209592 120.612474
-142.052590 119.917599
-110.293678 116.604011
-92.861320 120.007222
-82.926835 130.863546
-68.185796 122.428680
-61.301280 128.528683
-42.002139 223.291797
-48.888221 219.447451
-59.161870 189.454902
-38.253342 183.524388
-54.599689 162.470786
-55.919686 137.457395
-57.279350 138.792642
-364.212772 68.881446
-42.812914 64.480633
-59.980412 -44.389746
-232.363555 -62.725092
-229.221556 -114.532180
-55.186014 -114.487630
-66.738907 -223.747940
-341.659997 -226.303523
-332.224230 67.144658
-304.110265 64.715120
-307.409260 62.155149
-280.048478 68.479099
-253.571001 65.076880
-240.772332 53.810534
-234.718517 61.977826
-222.882610 73.335968
-194.016704 57.367908
-179.418345 60.387822
-168.883779 62.541222
-155.893901 62.523542
-134.531694 68.381909
-130.153446 58.152776
-106.829798 60.253816
-103.419575 55.692018
-75.961113 63.170844
-69.061064 63.265887
-43.551663 45.250558
-52.355232 35.383979
-53.603458 14.142235
-46.449839 -15.777006
-43.187469 -30.899393
-52.072115 -37.040341
-194.054826 -53.399863
-197.205028 -47.764204
-181.001329 -58.719791
-163.259155 -53.213508
-145.834272 -55.773115
-125.072871 -51.338325
-116.975990 -60.258010
-104.938868 -54.881660
-83.914733 -51.261910
-62.371705 -42.087075
-222.617778 -62.481834
-221.867911 -73.418724
-236.920249 -98.644517
-232.223480 -102.013722
-215.919140 -114.202616
-200.376664 -121.318287
-187.894507 -114.575965
-167.773021 -115.218840
-165.364803 -121.890914
-151.741140 -126.969942
-140.307751 -120.454397
-124.469950 -121.196229
-111.669005 -117.459604
-100.297732 -112.841402
-74.235516 -112.817616
-64.243560 -124.858952
-344.981203 48.850320
-357.333019 22.482008
-360.873997 13.280643
-356.970829 -0.832883
-361.094506 -20.588098
-346.478302 -31.749395
-356.602994 -49.555837
-354.023118 -64.068112
-342.102092 -82.839113
-353.336423 -88.762958
-366.865132 -104.611326
-363.454130 -126.921055
-361.491858 -143.073364
-348.889225 -156.659427
-358.232535 -177.559701
-358.338015 -192.309365
-363.568864 -203.612546
-329.310474 -233.761795
-309.009537 -228.262818
-295.036824 -227.130602
-293.329728 -222.187450
-282.141052 -223.096772
-264.428380 -216.466538
-252.412573 -214.919710
-223.429553 -221.676241
-210.181434 -216.290343
-212.172954 -224.369691
-179.085891 -218.295553
-157.598955 -231.472291
-145.048319 -218.092229
-135.132823 -228.433936
-118.162624 -220.074632
-112.606746 -220.780064
-98.174041 -230.180068
-71.240625 -235.519089
-50.947281 -133.105625
-47.864649 -147.960251
-56.431438 -165.072573
-52.853771 -183.604488
-36.856874 -194.546125
-67.688825 -215.316616
207.222080 55.398453
342.146776 62.923076
191.244296 -44.058452
342.755800 -56.114683
200.777412 54.355132
204.936578 33.508495
196.856665 19.447240
211.005728 -1.301007
204.683635 -16.066999
203.246756 -36.246707
212.057963 -56.219479
230.068000 -51.491565
249.756782 -63.037986
269.209527 -61.272549
275.814888 -51.703194
284.816998 -58.510884
320.998684 -48.264962
316.800684 -53.838105
357.181759 48.388619
341.340047 26.562884
353.294452 18.977776
351.828873 0.262021
348.084918 -9.811771
350.209150 -23.349254
363.155187 -33.804455
201.863607 69.357802
222.821756 67.040500
230.263834 61.484409
249.412182 61.432956
260.642169 58.974757
277.468367 72.006486
289.461497 63.377769
292.820686 68.217513
303.976147 66.893156
332.572593 63.316403
338.113449 67.614692
355.831033 225.637769
334.175676 120.990462
349.840979 221.591158
349.761692 210.726525
332.884473 191.607494
348.255685 181.728164
348.440799 163.404614
339.440926 156.351058
347.181422 129.657985
171.403212 107.302087
209.296487 118.708510
210.107124 127.295505
241.596164 124.554923
265.931592 120.403637
282.273190 124.728521
313.262487 124.603883
310.943630 121.335808
318.990612 125.375369
172.674849 113.174625
151.701862 98.148468
136.944193 80.589814
132.354050 66.117091
117.124359 41.882296
114.232973 29.998805
114.590198 7.703292
110.734162 -4.125621
101.237013 -17.880009
112.818014 -29.945799
128.865582 -43.537159
127.697654 -56.062363
137.347982 -67.872302
141.516106 -90.211445
158.043473 -99.074494
166.863932 -103.901682
175.123011 -113.623467
192.498434 -122.535386
197.511019 -129.500665
208.522503 -130.567548
229.403619 -138.954320
253.275160 -143.970072
263.660694 -131.090045
282.601406 -114.454612
297.134237 -108.420781
306.899181 -101.120343
334.771660 -81.680329
348.458704 -76.078125
332.545259 -82.722721
328.791337 -97.896615
335.384355 -113.411505
347.322073 -122.175693
337.333140 -137.944777
331.221978 -158.954537
322.287200 -176.706997
326.615986 -188.713671
334.354697 -200.329579
-3.138987 -99.483755
13.932637 -116.214401
31.108118 -136.337652
29.745712 -147.997820
43.938164 -170.101446
59.533247 -175.466441
65.333424 -183.022387
76.813249 -194.366419
96.527727 -210.549052
111.249502 -217.009939
122.840228 -218.955707
148.469864 -228.917890
154.000396 -234.452835
178.420718 -243.766195
187.643808 -251.411330
204.114324 -237.857283
213.369019 -249.159981
228.719936 -245.471374
240.825772 -241.117914
271.585311 -240.773140
280.640015 -225.848874
292.313769 -238.650494
305.894050 -219.000916
327.193977 -209.742694
1.946150 -84.409867
-8.156105 -66.391069
-19.317103 -49.852076
-15.629935 -31.818519
-26.945191 -11.218435
-17.997430 13.244849
-7.510155 39.758473
-26.630191 54.448256
-8.331784 73.396963
0.866577 88.489820
9.696410 99.604483
13.863298 124.827199
24.440108 133.187729
45.730339 140.753124
68.849699 172.241987
58.755821 184.898767
91.495813 193.832096
96.658958 189.967767
110.486571 213.118181
127.110315 213.785282
149.858842 217.197975
159.274712 238.375210
170.088171 239.935389
203.452652 233.355829
208.224434 234.658910
233.911637 238.767106
245.427172 239.222126
268.499736 239.615440
283.268758 238.685735
283.371538 245.036689
308.875084 244.661078
323.634755 242.911656
339.484426 -51.122657
324.376820 -84.583468
