-369.786294 238.470182
-359.898933 241.553805
-306.276256 236.836993
-291.101246 226.383062
-255.300801 230.105302
-266.931923 223.986526
-226.999708 239.043819
-217.208278 240.379323
-198.363803 240.818725
-147.903253 260.840845
-157.661755 226.255710
-143.024919 241.944674
-97.075712 245.060452
-97.920662 232.782478
-41.330899 223.852519
-41.538698 244.690543
-65.368298 242.718781
-343.115979 200.632152
-368.224436 206.124615
-379.078869 184.123682
-372.883609 182.760387
-338.685390 159.872385
-332.140692 155.823125
-361.501848 138.449828
-316.134482 136.152485
-358.678288 117.866892
-324.042873 130.964103
-312.299717 105.744923
-281.240903 121.299086
-296.702549 105.460789
-271.119207 123.402354
-264.763314 109.829007
-242.382197 102.463017
-236.546710 118.190529
-209.678573 101.588872
-206.283230 129.546007
-181.393706 125.143796
-183.300040 114.955456
-131.684298 130.960445
-130.557516 113.228072
-103.815140 133.054694
-90.050154 108.401023
-86.705606 130.054959
-90.950566 111.580750
-54.995801 134.891890
-65.963550 204.000655
-54.517645 205.219099
-49.786299 198.536615
-52.671392 184.907653
-37.434536 166.378436
-53.806787 183.943628
-57.198871 114.716343
-365.892146 70.485936
-51.664784 64.173413
-64.179535 -67.477671
-236.510686 -42.891826
-218.232559 -114.733525
-74.183946 -113.861675
-46.342120 -223.528649
-361.945228 -238.539774
-379.023843 47.513650
-324.633993 73.052112
-287.025109 84.064176
-274.681515 58.688167
-277.765223 56.959116
-251.048898 45.358458
-235.666418 34.919409
-210.297802 80.221295
-168.673631 59.429325
-197.026465 58.564597
-137.789781 84.125057
-175.635224 69.138931
-158.109681 62.677554
-119.384208 61.229762
-137.815165 69.810812
-91.855465 63.924591
-88.091406 87.413103
-64.487971 59.784790
-43.681425 59.385300
-58.644432 35.925727
-62.955599 20.331206
-49.870432 -7.351383
-43.761905 -3.966615
-50.942364 -62.361720
-211.858276 -47.343043
-197.018321 -62.762264
-162.735490 -42.396697
-174.121609 -48.010328
-150.001961 -70.761155
-124.969083 -43.484847
-123.218364 -42.323073
-122.274961 -47.065818
-89.190946 -59.913434
-72.261732 -47.212809
-236.889481 -58.626133
-222.925425 -71.948753
-197.624360 -95.884156
-245.666478 -108.304091
-223.768369 -115.944165
-202.997892 -109.856785
-179.051244 -106.411856
-169.258947 -129.760881
-150.660259 -98.965178
-114.640198 -128.635728
-144.578648 -128.412267
-141.649850 -120.614318
-82.690953 -105.333984
-99.074364 -117.422532
-80.285303 -117.593177
-75.809922 -109.867214
-348.893317 46.241269
-367.308870 40.365377
-365.672197 16.981259
-385.850488 0.722121
-359.601225 -20.516425
-363.614543 -26.760937
-332.174504 -37.683394
-365.919882 -57.875686
-347.880975 -72.555932
-349.846990 -96.806957
-366.039012 -101.580985
-379.845172 -114.981200
-334.823064 -154.419680
-377.818525 -152.977362
-351.822543 -186.778901
-354.816119 -187.209759
-359.013024 -193.965454
-329.903439 -231.591630
-322.932068 -222.319887
-305.896902 -200.472954
-295.360160 -224.573361
-276.421488 -231.822681
-242.753161 -234.493414
-249.102195 -227.889117
-239.916670 -218.993686
-195.647712 -212.076497
-169.601928 -211.244782
-190.344701 -224.099234
-186.547700 -223.811695
-135.625602 -225.181169
-140.797529 -220.927008
-112.706678 -233.736222
-98.405015 -235.751792
-93.140406 -244.635587
-67.611258 -211.339988
-47.946372 -134.560188
-56.562016 -154.131284
-30.864566 -166.634833
-48.555210 -193.130096
-55.951807 -195.141540
-84.247084 -207.561413
202.848623 67.539834
326.929440 72.751291
189.001823 -29.987483
308.156395 -67.537730
196.578671 34.698699
180.620494 31.924643
189.471957 31.936007
211.494672 -9.901861
234.039753 -30.995236
204.938120 -38.345578
195.790128 -51.983893
228.841340 -82.961933
247.264447 -32.382886
233.847800 -50.213417
258.747845 -65.358858
294.671326 -63.521629
312.566150 -38.699842
330.249162 -60.449572
328.150910 44.157089
354.919022 42.546956
357.085917 -2.854909
366.325884 19.993243
372.217236 -0.073712
350.731725 -14.979084
340.469592 -34.636090
220.477615 69.978976
202.759750 66.003753
255.977806 57.627462
255.155381 76.450210
242.626796 61.113178
301.389142 65.789507
303.275422 74.213012
329.956766 44.152152
334.877005 68.090456
337.079064 64.761964
328.912333 58.303590
352.324114 247.191548
327.411181 114.753266
331.192018 214.767226
371.071806 214.600757
353.441297 204.030017
350.927878 161.932138
355.983430 177.541554
348.808037 158.593684
346.516250 133.412168
174.306905 114.421641
189.060314 98.950432
207.286555 104.827985
245.578733 109.904039
262.554787 109.394550
258.884848 120.447476
281.411382 134.454248
283.940403 118.843524
309.224321 115.654558
137.441711 92.366805
164.468595 108.110022
141.046107 68.050525
119.826448 55.133485
131.286011 36.551808
108.815362 37.509167
110.075680 18.889007
113.130470 -6.567167
104.140977 -15.207997
123.118520 -31.920272
121.021799 -32.038088
141.119374 -56.478657
140.148198 -72.062015
185.595915 -91.477397
138.361783 -102.564693
173.825196 -115.617544
175.757394 -125.339234
186.600502 -131.296513
181.656993 -145.848021
192.894595 -125.268977
209.287211 -134.659911
261.762721 -129.020865
272.728257 -125.768476
243.932343 -117.705740
325.476723 -102.098806
322.088112 -96.522404
323.308250 -73.576760
291.297083 -77.573096
298.011510 -85.066461
372.774596 -112.445791
359.515320 -110.127080
345.679509 -120.064570
333.810788 -137.410542
322.826180 -149.373864
319.402513 -167.677874
345.512371 -188.342983
326.094077 -205.536082
-8.327609 -113.777059
-1.104777 -120.333180
8.339478 -129.222706
23.224095 -161.524462
34.886646 -165.205984
37.255466 -191.313358
46.530842 -188.352932
83.100509 -196.530803
93.006388 -210.059018
98.116800 -231.551657
140.650238 -211.464313
138.221552 -237.984612
169.700527 -226.825602
192.467543 -221.974785
194.271657 -250.564735
184.197226 -245.858227
208.638472 -257.765261
221.636302 -256.829734
274.089297 -238.083207
258.940335 -232.630916
275.715097 -233.770401
329.117652 -230.945279
322.344183 -219.980600
292.280254 -225.668178
12.206622 -103.749241
0.015076 -62.218211
-26.700194 -39.471288
-20.039522 -24.472680
-42.153298 -10.918392
-3.488839 1.155945
7.640903 48.624680
1.816659 54.303198
-12.785906 72.444386
-2.329580 76.202344
-0.761971 113.955105
24.301170 110.922611
22.499913 129.392671
84.793569 154.012387
36.655353 167.067014
76.280534 193.927428
95.319620 196.834498
105.084393 197.211811
88.011022 219.991452
129.633599 204.598564
118.803483 226.266752
184.336779 235.696485
154.659453 219.704886
191.857563 250.210591
200.253232 237.698383
205.016619 222.332936
256.277219 242.140389
259.905593 245.437004
305.515593 251.188726
284.519592 226.072567
335.580821 238.472807
315.854066 244.123807
366.072839 -50.054985
325.665540 -59.178514
