86.269123 458.411435
100.493169 458.764015
110.715003 458.126315
122.134552 452.525004
126.129272 244.923862
124.494008 274.307849
124.660447 313.533801
124.307111 366.098706
123.153841 397.629646
128.994614 434.951816
122.148946 330.911903
124.893526 409.651037
126.700036 253.174567
123.427069 292.854648
119.762538 423.384741
130.004027 341.330838
126.943039 380.801208
128.994003 358.466052
122.806053 453.844322
136.547343 244.272430
146.235383 244.090359
157.515844 244.296661
170.517771 243.099685
178.649425 244.777746
190.843224 243.317339
205.193488 240.300402
208.224439 290.943840
210.731019 315.044655
210.105372 241.249153
214.675108 254.065716
209.940574 271.865898
211.648406 299.984131
216.305851 345.807796
218.584477 367.792341
216.066046 328.046801
216.816581 332.924856
210.536323 262.340149
228.280892 373.468369
236.291817 372.723280
246.920103 373.445255
255.371162 308.176952
254.200838 323.270040
255.514157 285.140398
256.844525 350.087922
256.282742 363.307825
255.194039 333.867645
251.903048 372.583873
267.630960 284.617044
281.541047 283.886018
292.357727 289.031352
303.189163 286.314083
311.971479 287.964170
320.723038 284.761134
333.922151 286.088986
335.732351 405.440168
343.614051 295.319916
343.201743 361.286998
342.863005 390.788637
341.941026 421.972207
341.079809 459.916019
345.195994 323.690857
343.993138 339.418681
342.453848 439.649382
343.490330 506.692479
344.665515 288.260919
342.734354 474.814817
341.772923 312.536117
340.345250 378.760773
343.086683 429.500907
344.591369 487.993062
344.877779 347.598446
351.368750 504.500565
368.260832 506.344591
377.756251 504.781755
385.068690 465.929068
391.161589 374.237022
387.334170 408.079773
388.482194 437.173350
386.164713 394.217661
385.635720 484.977425
385.368856 500.662356
384.263098 445.642907
388.702783 423.614556
395.723782 373.262284
406.429759 374.334352
418.138282 376.823622
428.033542 158.715578
425.563149 197.948524
426.893328 244.547472
430.434917 259.095530
425.359389 358.626481
431.583869 175.279495
423.627642 182.816763
426.703391 215.069822
427.092344 228.221959
427.231947 271.200674
429.193040 297.450067
424.770331 306.578913
424.483171 330.244898
428.053969 282.573208
429.695648 318.197723
426.553725 374.306373
429.622599 341.361659
437.497651 154.971500
449.683995 155.642014
461.651696 155.814376
461.799009 168.458893
470.831789 182.141001
465.657771 196.515516
469.675519 215.856530
473.616149 243.857322
469.525178 229.448744
469.666743 155.674698
483.317479 243.899967
492.620128 242.578027
504.839520 242.930788
515.708831 244.031360
518.878360 412.809622
515.821250 273.921273
513.928509 255.640435
512.298640 292.097320
516.933463 304.643312
514.356575 310.784369
513.074979 320.308830
518.037929 332.078287
513.101762 346.242874
520.425729 354.128216
516.270642 367.911458
516.945784 379.640653
517.468607 388.689808
512.608799 399.310810
524.799428 415.335254
535.581532 415.630149
545.069466 413.479951
555.481385 422.132736
561.003233 439.279784
557.497432 456.481840
560.111482 474.700388
558.174146 486.829488
558.149058 502.947643
572.143079 499.879139
580.410728 502.156391
595.200794 498.815243
