78.173854 462.419098
99.251230 461.840144
112.909132 455.713981
114.555754 458.991076
133.213446 241.152274
116.015319 274.646342
124.223992 313.475824
121.474696 367.532972
131.487787 397.753391
127.033737 428.896017
132.030387 330.226787
128.333964 408.290306
119.793161 257.990859
125.828763 291.903309
116.662964 420.392736
124.014497 343.671542
123.401469 380.240934
121.549486 358.585753
120.352422 457.686859
138.596124 250.276444
157.687158 242.075572
151.886881 250.365967
162.192714 246.976996
180.403806 244.090964
192.149382 243.106352
206.256582 242.871854
210.389424 287.849577
217.015883 310.664096
210.926700 242.579372
213.418647 258.738389
213.542021 268.423901
216.192222 296.707601
216.962412 356.620579
219.128818 369.557821
215.126544 329.525409
213.549506 334.800944
211.528447 266.734423
231.733300 370.582393
237.461005 375.838256
250.681601 372.006605
257.771812 308.526267
252.754350 326.021167
253.701287 283.994125
251.901642 357.961071
246.573585 359.806654
254.997766 335.822965
254.929255 370.857338
262.422287 285.998001
278.115880 280.873567
283.549985 279.993638
305.042662 290.384224
318.909943 284.152822
317.110308 286.992636
332.651135 279.342638
340.322875 412.451234
340.631464 303.400879
340.701022 362.590235
347.470316 396.019879
334.818780 429.006686
351.337271 458.747288
353.789024 315.946109
344.134007 335.869047
342.093805 441.758287
343.996873 504.122889
339.512885 284.873279
340.015348 473.640786
346.563599 312.380211
343.725122 378.259119
343.059845 426.156009
348.532894 491.470214
348.151151 349.305485
349.715340 501.144081
361.965890 500.724439
372.618912 502.328352
382.465490 466.455042
392.632179 374.497453
379.814072 415.422431
374.258183 434.575184
389.345894 390.077598
384.437346 492.488793
375.782697 503.790830
394.639744 451.657582
382.264630 422.765512
403.176500 375.695820
416.957034 372.093829
425.014407 375.606389
430.596315 158.434859
432.752131 194.483230
434.460930 241.117979
423.225144 254.085737
435.772363 354.200643
428.725751 176.474756
430.166938 183.275705
422.022499 214.750073
424.431217 229.406400
414.801658 267.606229
423.007540 295.063148
424.997747 300.793122
427.510867 327.660301
426.859368 281.210937
434.215799 319.797705
433.922468 370.222646
427.404175 334.602952
445.118282 156.618116
447.340001 159.489607
461.091641 152.549710
467.000871 165.811428
464.817482 179.654481
472.364473 195.162098
475.091694 214.380675
472.673815 240.511304
459.243378 232.491024
474.692482 159.846277
484.844782 241.770935
495.193100 243.441164
501.187364 240.808182
517.968385 238.670861
513.040195 410.088684
512.724832 266.944087
516.649151 256.731595
510.976155 288.248689
518.535281 306.881917
507.827792 314.360241
518.547286 322.181016
524.138702 331.747635
521.223917 350.553202
523.206879 354.428031
512.597612 365.337914
514.026587 389.181562
507.635725 393.889739
509.140323 401.598655
523.885843 410.838544
538.283928 414.185543
554.806218 418.044258
561.226765 425.479704
558.094460 432.206084
557.682168 451.859632
557.617630 475.592856
569.476316 493.019754
558.502196 503.096271
573.568435 502.232104
587.986607 504.095517
593.308208 509.159802
