86.500292 457.101550
103.507067 450.879276
100.537174 464.184324
112.200243 461.117217
137.512928 239.987557
125.990569 288.315664
127.257730 309.006461
129.176163 347.826878
132.279476 389.272666
116.034128 435.839866
132.783424 334.904421
123.703622 417.355451
133.507390 264.537639
116.254111 308.232608
109.911964 423.169269
128.070573 351.015613
126.136603 378.909830
110.020165 363.187855
127.837365 458.604749
136.472304 256.523082
141.323412 231.951480
143.092167 229.113780
178.044112 231.178419
175.486739 240.140835
201.621366 236.529194
192.654799 234.317891
203.589633 288.998896
220.620466 310.634052
214.942675 249.220374
200.330858 259.198292
211.982117 272.925081
221.171580 303.996376
195.565354 347.931184
233.228026 370.518959
202.369236 324.434840
225.865093 326.100910
198.505753 252.130090
226.315587 381.902940
235.015610 372.448234
250.721663 375.085885
255.289701 306.155611
258.674682 308.645709
255.913140 293.416029
260.433335 352.356193
245.060367 361.420447
237.725436 331.510729
260.071589 373.337108
257.021213 273.083983
264.728546 284.257436
293.268900 292.384861
281.054853 293.638227
316.910582 292.068812
322.369530 290.280503
347.485303 295.753216
347.470035 406.093373
348.433063 297.401797
347.794447 363.529979
327.508305 387.813487
336.689624 424.009330
341.410809 451.920199
347.821386 324.851825
335.808778 334.788523
335.770986 439.911022
354.327419 506.394897
352.973547 288.206110
356.250325 475.751011
350.737682 311.434222
346.121527 377.269331
332.668170 446.155103
319.875511 488.241939
339.763222 348.181381
363.984998 493.955320
360.797298 517.993611
390.179046 510.031959
371.863614 474.762459
383.888130 373.850867
375.156738 398.769225
393.394696 440.018891
378.980657 403.609960
391.226822 475.772127
391.049814 498.906938
380.983768 455.430434
375.973563 425.767254
388.829245 363.198065
398.456725 371.779411
425.813231 369.802628
440.643358 162.469926
426.246738 196.946868
430.817057 240.920854
421.554205 250.227350
428.977531 358.463503
441.327205 169.850604
430.943678 190.845277
418.817838 220.797805
414.012385 230.800193
429.268436 278.293073
429.456105 299.714870
422.645581 298.506548
416.095806 321.661355
422.361055 287.772752
432.330742 314.796295
403.899813 373.830346
434.958313 360.198284
441.706087 152.032991
443.783800 157.502587
469.138490 146.132505
476.060071 175.669964
493.759224 186.576784
460.634949 193.533185
474.569047 225.875764
472.899400 247.860393
480.028337 220.538878
471.539156 151.827174
475.458270 233.043458
484.372782 242.110268
509.119232 231.773251
505.351393 240.634404
506.190583 414.420337
530.439810 267.292282
537.496551 257.782538
510.504914 297.780835
515.695550 307.389717
499.058819 307.202327
519.115967 320.828551
521.716426 333.520369
493.738342 357.044071
516.167177 364.362975
508.421401 376.475406
529.803699 373.384187
512.379269 377.322111
517.156842 396.512283
520.138293 419.732214
536.456649 419.810459
551.736573 415.131966
567.905750 421.296811
564.389042 451.602249
551.786052 454.235988
568.469566 476.550581
537.107313 485.999627
561.770660 508.098865
572.523210 489.749881
590.551140 509.006476
584.342328 514.170369
