77.283877 229.779280
98.216695 215.593278
118.744551 524.366383
97.915393 238.612146
94.693900 532.747300
92.668834 495.349118
114.265494 572.335737
118.086980 205.764494
115.470554 255.224941
135.800874 197.297326
139.231636 494.655606
143.114926 579.508767
127.867619 243.540256
164.739576 211.193201
153.063604 505.328683
160.146938 550.052621
179.855035 522.102263
166.309781 254.257665
169.836576 186.537181
180.855941 223.242404
183.895859 165.240846
216.914361 238.412551
230.111756 117.245517
261.158689 105.180018
257.594773 261.497021
274.676921 91.199281
301.988135 329.126848
321.335907 386.039745
309.660507 59.665446
358.555724 53.799018
365.549504 217.457263
356.604745 426.743695
380.740023 197.702552
377.605501 246.060854
399.351587 185.991738
407.423199 233.010780
417.202617 73.559812
407.254006 187.451302
424.769867 210.243779
450.709366 201.615854
466.727091 448.307032
485.658733 79.901676
541.810923 122.890605
561.607350 378.786640
584.284954 178.659311
582.388516 242.125090
93.940977 218.055408
84.482007 232.341990
75.310504 236.465124
73.043385 241.829416
90.058655 236.331124
