85.137853 221.609857
95.947249 217.847683
100.274476 521.122542
103.705022 250.948458
103.409213 539.018064
108.510322 497.408240
113.448776 566.624371
112.322126 212.330786
117.282638 243.467678
138.479221 205.243875
135.930872 491.525631
140.203529 564.211345
141.049099 241.414634
148.359336 202.698101
152.141623 499.553429
159.321248 549.844761
156.751354 524.160115
161.749678 241.074749
163.520144 194.095250
192.211044 239.699201
202.387337 160.907639
214.111382 242.176837
233.360562 129.649242
249.171971 106.393956
250.003062 265.064554
278.145249 83.024465
295.347197 332.939658
308.871741 377.316826
310.796741 63.001323
356.217930 52.717326
370.795354 221.377154
364.060682 429.589900
376.119963 187.327621
382.362844 248.086681
397.396799 175.827561
407.728790 239.509622
415.585632 68.784517
417.883885 184.348893
432.563822 220.143089
434.012965 195.363039
465.817524 443.421394
485.005590 80.660713
553.065507 126.889111
561.804957 370.559767
576.077232 180.990973
594.613913 244.441646
78.717539 237.068210
74.293384 239.301639
70.979429 248.394737
78.230614 250.877656
82.425488 254.252127
