607.599346 241.753956
626.259486 311.142468
615.114171 271.331174
589.743472 172.435930
625.011798 291.294855
611.474205 211.999125
607.499548 253.710570
632.455261 135.408838
628.354594 139.798169
593.849844 171.238291
609.858846 257.965967
646.230126 146.419256
645.799058 245.668923
640.273321 168.169897
643.166112 276.710406
620.158744 171.653957
621.512060 287.202115
650.250967 329.094905
627.005822 132.207219
656.514944 311.867875
669.029317 385.506397
630.896622 161.126606
643.829446 290.865677
627.258352 129.081155
662.310227 357.392374
665.691528 300.112861
681.385649 145.619558
674.512044 356.037345
676.921968 128.497630
687.972393 441.051910
674.493525 134.007371
665.204153 355.702497
665.742242 419.776592
686.378120 136.917713
671.532559 424.765016
679.981636 133.939753
684.079506 430.766163
730.706968 148.383740
713.675642 455.744995
732.234832 150.445769
721.855319 357.303883
723.066104 1372.447524
751.854341 1274.608854
736.901292 1419.530994
750.199615 1475.762508
737.762886 1321.134886
723.830433 1365.434454
743.696975 1409.122141
720.096107 1508.826175
729.859147 1430.928571
737.457664 443.287772
729.961830 1420.547944
763.668280 1328.148270
729.052816 1435.413010
718.649985 1523.389221
738.835671 1552.798071
699.364188 142.959514
783.281370 439.755089
756.118433 1267.753311
728.706384 1472.793739
731.634886 462.986698
734.348552 1466.779864
735.901942 427.645613
755.779557 1267.089118
728.932409 1325.060861
734.072961 1482.873641
736.535459 494.861113
752.899560 163.312630
731.559896 1441.973646
735.106003 491.222778
775.536217 1218.627247
748.657208 1559.700229
749.938439 427.909793
733.986435 456.848204
754.020793 1267.961592
749.688523 1550.513011
751.799574 512.426193
759.883746 1498.133028
711.183352 177.597149
762.107691 522.025433
717.855915 471.225268
763.179033 1279.809086
767.315428 1536.502101
768.742632 521.967317
766.958795 1252.174240
789.515126 1585.211184
781.805130 163.612772
777.063982 465.980307
760.131038 519.817829
770.271335 1259.256651
783.771007 1594.152239
777.523580 556.191004
765.306921 529.877677
774.100563 580.456660
766.567248 543.636812
776.805581 1206.626318
758.675877 1530.970537
786.871021 168.899276
757.800302 1537.736215
804.139650 586.644894
794.525154 1242.697885
792.952251 1701.948181
772.322556 575.201722
781.422219 601.092439
784.361394 618.151732
787.779022 1218.546474
774.632827 1972.561373
814.263090 2060.499648
749.706918 152.855245
801.752523 1604.912390
778.761297 1989.764170
786.079441 623.912457
781.902885 2005.762612
793.232148 2045.385870
799.056098 2045.447302
794.712077 2074.372439
812.470237 2054.442376
799.514123 2082.239298
799.151818 2062.730754
790.031825 2020.489377
776.918943 1234.468921
795.204724 1564.031465
766.613666 160.465649
832.209141 709.873080
792.130251 643.478148
776.873915 1876.515500
784.899744 2010.881443
771.080539 1953.138783
810.047865 2098.184352
814.765135 1583.893099
802.325552 2048.127301
795.915766 672.531290
786.665876 626.807543
817.452321 764.978580
792.562609 1192.056906
795.205002 1951.740562
775.427829 1896.627747
816.684354 1558.277200
801.791077 2144.282347
772.708218 162.743610
794.007065 660.473106
810.865229 705.714701
806.174850 708.196409
799.073644 647.879813
816.479649 1673.174229
783.405757 1880.957858
801.847503 2093.265469
821.237406 1165.794543
815.194528 759.098426
807.806753 709.688429
825.806326 776.726250
806.208672 1579.461825
822.560839 1868.664230
818.887215 1875.632017
816.953678 2128.111163
786.723405 172.398078
816.447515 736.423509
818.423404 1248.368224
813.937990 762.699662
820.324274 782.451129
830.181628 790.149160
810.361035 1656.521656
777.664457 1879.591343
795.704076 1946.779600
807.117219 2137.144911
818.409961 200.997777
819.635639 718.063640
833.781323 788.923924
803.794817 1196.697048
808.915988 1654.646764
822.939317 2148.260297
870.504937 1865.892499
816.699134 181.937418
822.341674 763.453943
818.820407 840.307954
835.666666 1137.311608
814.493795 1608.830817
804.343379 1871.984801
815.324556 1858.924559
828.354465 2165.884040
806.151179 169.114445
828.965674 838.120054
843.044454 859.586438
805.612220 1644.332966
823.046651 1686.333807
810.172442 1925.388353
808.709205 2139.447691
818.945435 1167.526419
821.511406 191.904800
830.264684 807.129067
844.141498 863.933163
813.850387 1668.084476
843.881891 1772.735270
847.101029 2190.372233
823.170937 1163.810631
829.662911 205.507864
853.617571 897.866092
840.931945 940.760324
842.543365 1720.711811
827.230494 1825.956432
805.690110 2112.126577
825.824901 1690.227039
821.672636 194.118436
847.868098 878.707944
846.492242 887.361014
845.978104 841.870146
819.186151 868.705094
850.099436 1098.079681
854.187955 1116.043903
840.751752 1860.426600
835.530429 1719.354806
882.710420 2242.329897
844.698471 1724.414069
889.019251 277.142879
844.310245 866.166958
851.413672 886.187457
816.852195 963.753944
843.247420 1720.425696
839.157846 1765.572369
846.684935 1778.932437
827.620920 2162.003489
851.764491 227.346019
850.447722 1120.314770
861.756627 963.644540
845.413429 1729.467823
840.367400 2180.146933
876.950517 260.848949
872.005591 958.507689
867.249410 2203.549317
867.199822 1059.709341
865.050847 1004.210994
884.305359 2236.322081
864.854246 231.070414
867.138430 926.785615
886.812319 1063.347505
858.913261 1019.606320
872.801316 2230.339881
858.062801 209.453431
908.352415 961.370285
868.579470 1012.229839
867.750766 1065.075126
884.063300 1046.691624
867.554698 2210.897255
879.236402 972.553325
863.449792 216.989298
905.434368 1048.118499
857.219234 1108.002407
890.048842 1069.521152
870.118980 1034.419323
897.743094 2255.198557
869.836262 217.990070
871.873665 2227.151383
880.230651 258.550596
887.922315 2248.179735
894.587548 291.061312
910.622532 2268.055639
875.786792 249.410765
883.259622 341.261214
922.526891 2269.911728
908.882557 327.346922
894.242769 288.190636
879.131691 262.534720
896.368740 297.019269
932.561294 2281.100773
911.368595 329.418094
903.160476 311.207553
923.038604 395.266006
913.156943 2274.261617
903.050246 330.883464
898.217905 326.414650
949.017375 378.759708
926.552456 369.825170
936.818001 2278.068685
925.088953 380.005535
924.942684 344.830411
931.683950 467.910471
957.673315 2294.399309
950.636780 382.248110
940.048396 371.890226
934.445618 445.985861
929.402501 433.705214
963.155544 2283.462416
945.477179 423.368345
947.998873 477.049129
970.802728 468.743622
957.145429 574.551283
957.502637 390.412875
934.950722 2245.246632
963.126259 484.501257
967.167036 519.623273
964.007224 471.774525
975.063793 2302.345128
992.381206 604.077552
983.574087 592.995284
954.604089 618.429960
964.506440 531.060582
973.682575 559.382761
984.904326 655.740824
971.119549 564.967958
984.439045 632.248921
950.397768 2266.803021
987.986954 620.793398
990.732239 646.281719
983.346324 653.575079
989.805157 598.215010
997.131934 728.330431
1022.931245 701.366786
984.222592 2290.068642
990.866488 706.691051
994.160059 800.899187
989.992527 2305.283216
1017.036804 699.762944
950.173648 717.042671
998.852517 713.257967
1022.381600 703.913858
998.194272 677.342442
998.916821 2306.563018
1006.656130 744.424357
990.945283 759.805556
1020.185621 700.703797
1037.288730 2340.490978
993.532957 746.287905
1013.800734 714.155272
992.445322 863.276120
1032.729329 884.934928
1032.132447 787.795055
1001.453005 854.421838
1034.034977 2337.595638
1044.134843 847.210246
1022.178639 875.643121
1032.353947 878.430170
1033.914452 798.674938
1030.673398 869.724929
1019.682663 2333.675660
1035.856216 889.648181
1045.918423 905.768832
1032.390683 897.207674
1036.943792 968.989096
1032.885323 929.816424
1061.754669 2302.870685
1046.975948 903.475437
1028.535871 884.023726
1036.646755 899.529261
1052.355790 926.213769
1032.068850 979.014067
1075.474145 2339.533691
1060.444282 974.333295
1063.666484 1036.334660
1059.627978 2299.125891
1057.870150 1045.682437
1049.635065 903.158238
1098.536828 2330.772917
1061.642343 990.202914
1082.520847 1001.363517
1094.669625 2340.202391
1104.641825 1052.519775
1112.555373 1068.111768
1080.019461 1017.666787
1067.000240 992.521288
1124.374415 1051.434656
1115.078382 2337.515489
1073.644068 1098.710674
1081.770941 1046.843987
1101.132100 2296.748545
1124.203172 1057.594382
1113.609929 2304.142787
1150.757953 1142.270193
1109.075440 2284.478510
1125.640620 1053.236212
1159.517589 1123.304624
1152.722953 2302.477831
1130.878451 1062.867987
1120.624440 2294.322586
1133.416424 1050.747124
1146.879389 2340.010597
1183.835000 1191.812126
1182.936105 2307.520751
1173.686918 1154.291493
1185.107501 2348.461676
1173.140316 1163.273980
1200.136444 2358.386685
1175.270638 1142.321237
1222.272299 2242.808466
1201.881309 1181.398801
1233.893459 2315.209537
1194.982869 1141.589530
1191.194958 1133.268491
1219.071515 2359.876614
1262.550498 1277.500383
1192.574840 2313.465821
1242.307995 1212.447796
1227.374087 1220.675713
1264.356252 2340.534889
1216.952221 1158.786140
1210.076652 2335.379735
1230.528086 1166.744540
1226.083936 1158.564205
1264.205307 2352.573623
1246.166420 1207.159578
1277.352184 2345.692992
1232.459118 1172.515122
1253.189705 1219.163021
1278.185721 2325.380503
1247.134391 1197.322670
1254.699299 1224.721830
1272.098311 2366.416164
1256.931241 1229.185303
1314.460042 1262.973001
1264.344824 2345.376674
1289.683356 1263.351920
1302.863868 1312.106315
1294.218253 1349.043856
1286.530605 2278.132432
1303.674189 1327.288758
1293.704416 1291.542873
1306.218515 1261.930890
1314.786859 1350.905309
1315.811662 2292.420422
1302.501387 1283.878874
1292.013069 1337.624525
1331.596015 1374.747557
1326.809663 1371.380023
1296.181896 1399.155491
1285.422079 1385.154815
1308.885953 1504.910939
1302.208951 1557.059976
1317.632023 1503.600817
1305.725553 1507.589999
1310.752356 1510.938021
1273.704923 1567.581476
1319.920464 1592.033339
1368.255819 1700.466573
1338.634471 1701.742745
1315.796538 1630.445978
1308.287269 1580.503372
1313.438746 1659.071370
1319.169386 2296.164024
1319.293933 1419.434364
1330.074517 1403.349585
1332.448308 1391.555979
1328.497927 1372.172268
1310.183276 1495.639883
1333.494964 1406.901159
1310.881952 1487.410802
1335.647657 1405.297863
1303.825333 1446.908868
1321.916240 1451.172685
1316.751521 1504.416592
1314.970941 1566.409827
1316.356684 1611.143365
1337.809403 1620.386478
1308.951989 1602.385397
1323.834962 1651.866343
1360.818708 2226.549461
1332.467937 1699.143066
1343.458996 1663.375877
1360.882992 2240.122330
1375.867619 1730.659502
1373.734832 2232.542680
1391.905957 1728.464310
1375.027437 1720.469822
1351.155703 2270.660500
1388.137591 1709.256924
1365.877924 2275.962907
1396.342684 1738.958888
1381.529753 2252.774233
1393.614994 1726.233645
1358.154539 2231.215300
1417.158727 1770.128960
1402.256699 2252.652490
1392.715161 1775.458456
1410.263069 2191.444219
1417.494938 1746.489891
1396.826678 2268.222846
1402.373436 1769.734853
1374.655887 2282.878033
1383.675126 1685.303276
1431.816421 1776.931505
1415.249600 2259.556415
1421.417523 1798.120038
1432.685457 2234.604341
1412.976505 1776.109032
1431.619610 2242.155283
1431.469347 1771.054429
1434.893082 2254.502121
1443.594996 1834.103431
1442.274440 2187.748081
1443.235731 1784.847949
1465.641230 2122.605002
1446.737516 1806.265430
1466.965714 2100.089595
1427.367248 1756.808191
1447.853919 1801.820138
1478.952328 2101.451516
1451.802412 1855.868495
1461.309098 2132.689377
1472.368775 1901.968142
1474.371978 1879.575924
1452.119757 2166.445201
1474.682523 1865.857932
1475.708354 2058.149620
1473.462250 1868.175662
1482.969630 1986.299135
1463.169372 2048.695725
1455.632661 2150.849908
1470.129151 1904.429204
1473.195457 1898.930919
1483.207315 2089.028014
1494.023215 2074.536400
1478.117708 1921.509874
1489.953249 1960.786125
1484.322982 1987.803559
1480.493571 1920.232879
1499.141176 1988.188348
1494.139556 1973.830906
1490.753973 1968.748310
1494.153770 1974.061627
1499.709212 2031.984073
1498.016841 1995.648806
1484.571517 2077.994590
1498.191188 2071.479852
1491.293306 2079.301927
