599.970988 225.455651
599.342536 229.018989
598.913407 226.702519
601.468921 268.524608
600.445124 265.465881
601.328467 259.536770
601.311288 266.486795
605.362403 173.726256
610.274716 198.415386
603.567221 173.845163
613.670961 286.938051
617.296136 172.122895
615.819020 290.162184
613.953615 173.800623
619.142983 292.389158
621.279725 172.898628
629.618938 304.428624
635.661312 309.033575
633.142327 190.364885
640.149002 310.936416
648.160116 321.148032
642.914490 166.429670
653.735747 325.968400
653.508352 154.684668
659.617562 336.482281
671.942967 371.032096
666.345261 146.489544
670.555869 369.177230
672.711262 141.286197
673.281048 369.535012
684.159437 138.263834
682.176177 355.000805
696.532130 377.238755
687.590523 138.999926
702.400593 391.358702
708.023999 129.294536
710.637742 398.504132
709.863404 131.709213
725.044125 419.666392
725.934811 127.768160
725.029847 409.664052
724.371219 1341.391520
724.802847 1341.019482
724.074052 1360.402931
724.175897 1377.379842
724.392499 1395.260731
725.580585 1409.500909
725.680635 1415.937562
728.106528 1433.414850
726.612256 1421.963137
724.825815 415.476402
726.739287 1422.040206
730.534364 1316.909004
727.195603 1323.709640
731.777132 1452.530459
735.498836 1457.634757
729.393836 129.169358
737.771728 426.093262
731.366800 1313.463262
738.399704 1470.822371
734.988344 429.120230
736.622267 1456.346580
739.076909 438.283069
739.884500 1299.926099
740.107718 1303.816993
739.949404 1479.771548
744.606376 460.951439
742.785899 128.848860
746.311754 1508.176699
744.576256 454.207599
747.612763 1263.391140
750.818945 1518.101240
751.421924 481.326825
748.673643 475.919620
756.184044 1239.425035
749.048867 1515.752701
754.991520 492.633761
753.145503 1524.379556
753.838693 126.194192
761.009748 503.592732
761.862638 512.582799
752.828867 1257.956137
762.881390 1545.903402
761.924417 513.603332
757.860381 1241.232879
758.571848 1538.174320
758.800120 124.394760
762.292468 516.561716
766.137226 529.287531
766.481594 1233.245206
762.838858 1542.477407
769.511263 544.820422
773.597462 550.595589
774.907004 572.555080
776.438586 583.842463
774.959675 1226.867621
776.931594 1577.854671
764.337239 128.355057
773.238588 1567.726626
775.920203 580.180607
775.490085 1226.524812
781.140770 1582.298754
778.803924 600.523670
780.274334 606.372885
780.531594 604.676473
791.684057 1197.938247
782.836638 1991.718408
782.110128 2010.990891
782.022661 134.856717
781.313597 1570.467446
783.368008 1991.368013
787.473495 627.374617
785.417636 1974.919961
782.765994 2011.454392
782.834912 2045.848968
783.380162 2039.664056
782.726558 2047.457123
787.900225 2067.526540
784.229857 2057.285833
785.594503 2060.608166
794.950959 1198.169830
790.112167 1607.698590
791.931638 143.483147
793.555914 644.626388
786.951873 626.420326
790.184530 1936.630282
792.295223 1936.194886
787.897532 1964.911547
791.512629 2076.877725
794.092319 1615.332825
792.246514 2081.081814
801.847235 668.495786
802.657034 679.419460
802.209853 675.734823
793.125275 1212.803576
797.545160 1918.960557
794.487995 1929.177159
793.799147 1614.846434
806.372618 2104.946303
791.615970 141.092717
804.799922 671.011931
802.751307 697.843175
802.935862 707.133022
803.750632 714.097963
807.956197 1643.174438
800.443979 1908.857270
799.988991 2094.320222
804.330625 1191.789901
803.964040 714.071191
804.317983 739.307378
806.009999 743.309414
796.779520 1618.003888
807.605226 1881.883910
805.383242 1894.880277
813.139725 2125.456956
809.298976 148.876214
807.555735 750.799476
816.819055 1163.674576
809.240023 753.647797
811.330331 763.516634
816.795009 792.862693
811.892170 1650.958490
814.326481 1849.488917
809.482399 1877.303276
813.537411 2122.656650
807.507494 156.167274
821.313213 815.360521
817.189109 792.676830
817.630959 1160.690510
817.306291 1657.138442
816.976092 2131.724818
822.676139 1855.261293
814.604866 155.225734
820.670617 805.979674
820.531698 815.251983
826.928416 1146.517055
825.231688 1670.652321
820.062361 1839.384904
823.271808 1833.480775
816.702908 2112.896918
812.620234 153.793571
828.202756 840.793065
828.391034 839.980533
822.518998 1665.361842
825.929037 1667.879211
830.000628 1811.073813
836.356166 2175.438300
828.359220 1144.787526
818.499674 163.250129
827.061037 836.534181
836.684143 855.032643
835.179639 1707.502703
832.239595 1805.230573
829.375133 2153.272124
824.886777 1147.460237
838.770527 190.289859
837.273105 846.771841
838.790701 877.558749
833.327111 1697.463848
840.140453 1801.639923
832.540238 2167.112073
840.377132 1711.812343
838.121140 189.373924
844.574590 868.566026
843.205458 910.722312
842.266550 907.350159
840.343619 900.841815
841.939352 1136.272256
837.217649 1138.470141
846.192327 1769.740023
841.740672 1780.117624
843.896591 2191.243981
840.560167 1711.933079
839.203410 190.843728
846.385768 930.536648
847.442185 950.490608
853.079572 942.657805
843.278205 1714.140362
846.384659 1764.455559
846.664642 1749.728943
846.239258 2196.325925
843.727406 197.641663
849.291723 1126.957995
847.656918 951.963996
859.484757 1753.499941
855.928636 2211.184392
844.734650 202.139979
855.985888 965.662403
848.002271 2197.589719
858.425840 1117.181805
861.116148 980.488119
863.412943 2223.288619
863.143665 220.415815
858.287724 972.495624
863.498635 1101.020460
869.787394 998.421889
859.877847 2217.561729
863.778300 229.360764
873.382166 1009.072417
874.139618 1005.125304
875.096875 1044.946056
866.776373 1096.222821
872.991498 2235.699936
885.291839 1008.363141
876.968477 234.567074
881.411596 1079.776944
875.880341 1044.336218
881.224353 1050.810410
875.008515 1061.731994
882.214075 2248.624768
883.694587 239.247664
895.481837 2260.621121
887.468681 243.577771
894.510190 2260.819942
890.811161 247.925576
900.215060 2263.685027
904.776432 278.473708
904.019907 275.921298
907.449374 2272.772979
905.341595 281.004516
915.042746 301.525319
915.435747 303.865057
913.112411 296.322674
922.230310 2285.094454
920.731710 321.858761
920.895864 329.586629
922.629683 337.314760
927.137562 2287.582906
924.856377 350.878212
924.528056 370.705189
926.597438 372.522603
933.433685 387.722736
932.755826 2290.693236
941.986410 404.497872
942.160490 404.966877
935.579468 390.066830
945.051958 2289.127400
943.587828 423.341144
943.191260 426.959932
945.240586 444.795263
946.851780 474.595803
960.076626 2302.162494
949.741713 472.533674
955.216289 485.235860
958.514018 494.601109
959.382926 497.068794
960.541775 509.187608
963.373856 2304.280594
964.812499 520.907582
960.064555 501.122748
970.588230 542.390161
978.020565 2309.347276
970.371575 563.980423
973.128163 550.600361
972.048230 551.387254
964.982548 583.605146
979.166556 599.375122
976.307024 594.792581
980.317439 602.858141
979.183542 601.743675
973.820531 2307.041249
982.388472 619.830401
990.344975 639.226321
990.904263 646.550512
993.258110 657.508033
989.369280 656.858817
984.764354 680.458140
990.957308 2314.414848
987.367205 678.532351
994.721486 690.219792
1001.316166 2318.551061
996.525838 693.231487
995.434688 687.076577
1001.598929 710.929114
1005.670677 727.780677
1008.703129 735.788036
1020.825989 2325.089113
1009.520302 738.439860
1008.792605 735.695938
1015.820100 764.017562
1024.317092 2322.692553
1018.434574 779.377352
1020.475445 781.865149
1021.836981 796.545226
1022.188774 812.156525
1022.959015 805.058282
1026.260438 838.587677
1021.231258 2323.986132
1019.476011 829.075132
1029.108940 861.127559
1027.993163 866.590106
1028.743448 857.908785
1030.841131 868.813956
1045.830384 2326.306391
1034.136218 885.178672
1037.292174 897.046944
1039.560591 915.073774
1040.794458 909.336486
1043.696463 920.982104
1049.236095 2325.345243
1048.710595 944.037383
1051.390882 957.463762
1049.322572 949.473156
1054.102766 962.158513
1055.271488 964.900734
1059.749946 2332.674190
1067.606675 986.636248
1070.822591 993.448094
1065.461572 2331.322113
1065.982009 985.227789
1075.939367 1007.424493
1070.985822 2331.326182
1076.686314 1009.727343
1081.563416 1034.825235
1094.526364 2336.829227
1082.474474 1035.304231
1085.255192 1036.625773
1088.738987 1037.189812
1103.342994 1085.651448
1094.598013 1060.520996
1093.629491 2333.551284
1102.236913 1080.774620
1102.579574 1092.928929
1108.289805 2341.898927
1107.312791 1099.766730
1115.665709 2340.425179
1112.435273 1095.280422
1129.360677 2341.375907
1129.397916 1097.900754
1140.155222 1103.612555
1138.792324 2340.638010
1151.691497 1105.643589
1142.658721 2338.510048
1156.585134 1107.514888
1161.178835 2314.948284
1162.068759 1108.158736
1168.460679 2339.900229
1163.635041 1110.704208
1179.703866 2343.592049
1179.975354 1128.257944
1183.778441 2339.083208
1195.621882 1136.400492
1193.564896 2330.693155
1197.755485 1140.205385
1203.961493 2327.174232
1201.752964 1142.731369
1213.250022 1156.420801
1217.496123 2332.169349
1225.568975 1174.163123
1224.790510 2329.520562
1227.967927 1174.441289
1235.488551 1181.138374
1234.192928 2328.783539
1238.651376 1179.245067
1248.860298 2320.389454
1261.803918 1205.064469
1253.296051 1192.927765
1248.823898 2325.191411
1259.991461 1200.276422
1265.945590 2319.249716
1263.326919 1210.998103
1270.096229 1218.321241
1273.450059 2319.729146
1282.212590 1239.823389
1280.441630 1236.016736
1274.872888 2319.998261
1286.065387 1248.119867
1290.998216 1258.391225
1289.320363 2315.391092
1303.623923 1286.265962
1302.918003 1285.784460
1301.292154 1284.555775
1304.978979 2305.175304
1302.915709 1287.208776
1305.673652 1300.225750
1309.691660 1310.228518
1312.135350 1328.027356
1324.935200 2294.625908
1313.536375 1332.720295
1314.919807 1341.809618
1314.426583 1352.736336
1318.743143 1367.550154
1319.488281 1384.225496
1317.830828 1375.996839
1313.392043 1481.220440
1320.140392 1500.978836
1318.455041 1501.355872
1320.692639 1508.266001
1321.155643 1525.582874
1320.252014 1522.771602
1321.226996 1624.132111
1317.735765 1607.214989
1318.421616 1624.081826
1321.656201 1661.829794
1323.987875 1546.711217
1322.228671 1649.446274
1314.317807 2300.732858
1320.535950 1389.146720
1322.496542 1412.155179
1321.940685 1426.722861
1324.075660 1437.718054
1323.222113 1421.705038
1324.043349 1449.609265
1323.787815 1439.693055
1331.584858 1479.358048
1329.005321 1481.840948
1324.621487 1551.069634
1326.952456 1567.143165
1328.302733 1570.707239
1324.737946 1584.552907
1326.082701 1576.616366
1321.199105 1613.432159
1331.058843 1662.905262
1333.081761 2286.036280
1338.528467 1666.026946
1340.551737 1671.908063
1334.677864 2288.930377
1354.119557 1685.225973
1350.087247 2260.354411
1360.066613 1692.319650
1367.021219 1700.033352
1359.816726 2275.362071
1381.674853 1717.099251
1358.846474 2271.768135
1368.424927 1696.211173
1379.932594 2253.481515
1390.236042 1724.840710
1389.612070 2246.409124
1391.319693 1725.450687
1389.065819 2246.528782
1401.543818 1737.421103
1401.105923 2237.617190
1404.354245 1739.781268
1418.230665 2218.755409
1411.519720 1746.999323
1408.543022 2228.799073
1433.677306 1776.987060
1430.483580 1772.423084
1424.037084 2215.282965
1432.513017 1773.460541
1431.060818 2205.510470
1424.465528 1762.419226
1432.684752 2204.243871
1445.037299 1806.906618
1445.933663 2178.842099
1440.868021 1796.053055
1447.016865 2179.444500
1456.314267 1825.097294
1445.954489 2181.057785
1449.161532 1811.557889
1455.861317 2160.006052
1460.041810 1832.921919
1463.823403 1842.101054
1461.197278 2148.168135
1469.447151 1873.326465
1474.682533 2111.800315
1466.870819 1850.642925
1467.708741 1853.364637
1462.640409 2139.880066
1469.789489 1862.566994
1475.828893 2104.000474
1478.897129 1887.804378
1490.533029 1910.985730
1486.624818 2079.114015
1478.189732 2099.595390
1491.447434 1931.696112
1491.531355 1912.109767
1488.848914 2073.111778
1488.103627 2066.739298
1492.830458 1922.985354
1490.263123 1923.196626
1493.755921 1946.688029
1491.989751 1932.142338
1494.234798 1948.007661
1496.523956 1970.975609
1493.302551 1992.410290
1496.256683 2005.118802
1498.333652 2007.681670
1497.705222 2013.040021
1496.869478 2014.385839
1493.768347 2030.760657
1491.031416 2041.293676
