600.000000 216.000000
584.806706 350.304158
600.000000 236.000000
592.489641 279.446193
600.000000 256.000000
600.000000 266.000000
600.000000 276.000000
605.000000 186.000000
605.000000 196.000000
605.000000 206.000000
606.000000 284.000000
610.000000 176.000000
556.901346 280.879912
642.478753 84.140684
619.000000 300.000000
625.000000 161.000000
625.000000 308.000000
685.536949 323.080190
635.000000 156.000000
636.000000 324.000000
644.000000 330.000000
645.000000 151.000000
650.000000 338.000000
629.854470 61.402074
655.000000 347.000000
642.993543 366.097026
665.000000 145.000000
630.183617 423.208290
674.000000 140.000000
674.000000 370.000000
664.471129 245.210998
683.000000 375.000000
692.000000 380.000000
693.000000 129.000000
701.000000 385.000000
703.000000 125.000000
709.000000 391.000000
712.000000 120.000000
716.000000 399.000000
699.176489 77.173993
652.391229 332.636078
725.000000 1346.000000
725.000000 1356.000000
725.000000 1366.000000
725.000000 1376.000000
725.000000 1386.000000
725.000000 1396.000000
725.000000 1406.000000
725.000000 1416.000000
725.000000 1426.000000
728.000000 415.000000
743.797459 1446.282066
730.000000 1321.000000
730.000000 1331.000000
730.000000 1446.000000
730.000000 1456.000000
732.000000 120.000000
733.000000 424.000000
735.000000 1306.000000
735.000000 1465.000000
736.000000 434.000000
738.000000 1475.000000
740.000000 444.000000
740.000000 1286.000000
740.000000 1296.000000
740.000000 1485.000000
719.393987 352.116687
759.250265 170.902419
743.000000 1495.000000
745.000000 464.000000
745.000000 1271.000000
745.000000 1505.000000
746.000000 474.000000
750.000000 484.000000
725.833889 1171.014618
750.000000 1514.000000
751.000000 494.000000
751.000000 1524.000000
762.938992 150.665725
755.000000 504.000000
755.000000 514.000000
755.000000 1251.000000
755.000000 1534.000000
760.000000 523.000000
760.000000 1241.000000
756.355738 1638.282331
762.000000 120.000000
765.000000 532.000000
791.257195 596.144604
765.000000 1231.000000
765.000000 1552.000000
770.000000 551.000000
837.513810 571.536392
785.820502 606.071997
770.000000 581.000000
770.000000 1221.000000
770.000000 1561.000000
778.586200 23.893271
774.000000 1571.000000
775.000000 590.000000
775.000000 1211.000000
779.000000 1580.000000
780.000000 599.000000
780.000000 609.000000
780.000000 619.000000
780.000000 1201.000000
780.000000 1986.000000
780.000000 1996.000000
781.000000 125.000000
783.000000 1590.000000
784.000000 2006.000000
785.000000 628.000000
728.664188 1981.571134
785.000000 2016.000000
785.000000 2026.000000
844.927502 2015.525314
785.000000 2046.000000
785.000000 2056.000000
751.366832 2200.843786
785.000000 2076.000000
816.978309 1187.904747
788.000000 1599.000000
790.000000 130.000000
790.000000 637.000000
790.000000 647.000000
790.000000 1941.000000
790.000000 1951.000000
801.631815 1920.893621
790.000000 2085.000000
791.000000 1609.000000
793.000000 2095.000000
795.000000 656.000000
795.000000 666.000000
795.000000 676.000000
795.000000 1186.000000
795.000000 1921.000000
795.000000 1931.000000
796.000000 1618.000000
798.000000 2104.000000
799.000000 135.000000
799.000000 686.000000
800.000000 696.000000
800.000000 706.000000
800.000000 716.000000
800.000000 1628.000000
800.000000 1911.000000
801.000000 2114.000000
803.000000 1179.000000
805.000000 725.000000
800.347856 918.585918
805.000000 745.000000
805.000000 1637.000000
805.000000 1891.000000
805.000000 1901.000000
806.000000 2123.000000
808.000000 140.000000
808.000000 755.000000
808.000000 1169.000000
810.000000 765.000000
810.000000 775.000000
810.000000 785.000000
810.000000 1646.000000
810.000000 1866.000000
810.000000 1876.000000
810.000000 2133.000000
753.724167 99.767006
815.000000 794.000000
809.264989 795.410174
815.000000 1161.000000
815.000000 1655.000000
810.250426 2046.293748
818.000000 1859.000000
819.000000 156.000000
820.000000 813.000000
820.000000 823.000000
820.000000 1151.000000
820.000000 1664.000000
820.000000 1836.000000
820.000000 1846.000000
820.000000 2151.000000
825.000000 164.000000
825.000000 832.000000
825.000000 842.000000
825.000000 1673.000000
871.850863 1609.043600
825.000000 1821.000000
865.520668 2158.222618
828.000000 1144.000000
848.081967 160.849615
830.000000 851.000000
830.000000 861.000000
830.000000 1692.000000
830.000000 1806.000000
830.000000 2169.000000
833.000000 1134.000000
835.000000 182.000000
835.000000 870.000000
835.000000 880.000000
835.000000 1701.000000
835.000000 1796.000000
835.000000 2178.000000
839.000000 1711.000000
840.000000 191.000000
868.263482 915.651516
840.000000 899.000000
840.000000 909.000000
840.000000 919.000000
840.000000 1116.000000
800.076543 1017.740681
840.000000 1776.000000
840.000000 1786.000000
840.000000 2187.000000
844.000000 1720.000000
845.000000 200.000000
845.000000 928.000000
845.000000 938.000000
845.000000 948.000000
797.391000 1880.498159
845.000000 1751.000000
845.000000 1761.000000
845.000000 2196.000000
846.000000 210.000000
848.000000 1110.000000
850.000000 957.000000
831.605874 1706.822386
851.000000 2204.000000
836.174161 358.107805
855.000000 966.000000
856.000000 2213.000000
857.000000 1105.000000
859.000000 976.000000
860.000000 2223.000000
863.000000 221.000000
864.000000 985.000000
865.000000 1096.000000
868.000000 995.000000
868.000000 2229.000000
870.000000 229.000000
870.000000 1005.000000
887.184481 921.396879
870.000000 1025.000000
870.000000 1086.000000
875.000000 2237.000000
876.000000 1033.000000
878.000000 235.000000
863.826241 1075.858098
880.000000 1043.000000
890.500600 1155.697485
880.000000 1063.000000
880.000000 2246.000000
884.000000 243.000000
886.825349 2230.897686
889.000000 252.000000
894.000000 2260.000000
896.000000 260.000000
900.000000 2268.000000
901.000000 269.000000
905.000000 279.000000
908.000000 2274.000000
910.000000 288.000000
878.615986 250.026543
915.000000 307.000000
915.000000 317.000000
916.000000 2280.000000
920.000000 326.000000
920.000000 336.000000
920.000000 346.000000
924.000000 2286.000000
925.000000 355.000000
926.000000 365.000000
930.000000 375.000000
931.000000 385.000000
934.000000 2290.000000
935.000000 395.000000
940.000000 404.000000
940.000000 414.000000
943.000000 2295.000000
945.000000 423.000000
945.000000 433.000000
949.000000 443.000000
950.000000 453.000000
952.000000 2300.000000
954.000000 463.000000
955.000000 473.000000
959.000000 483.000000
960.000000 493.000000
960.000000 503.000000
961.000000 2305.000000
965.000000 512.000000
965.000000 522.000000
971.000000 530.000000
971.000000 2308.000000
975.000000 540.000000
912.886921 457.363604
975.000000 560.000000
975.000000 570.000000
944.190087 651.568833
976.000000 590.000000
980.000000 600.000000
980.000000 610.000000
980.000000 2313.000000
985.000000 619.000000
990.000000 628.000000
990.000000 638.000000
990.000000 648.000000
990.000000 658.000000
1040.511529 669.380771
990.000000 2316.000000
994.000000 678.000000
995.000000 688.000000
1011.911617 2364.352252
1003.000000 695.000000
1005.000000 705.000000
1005.000000 715.000000
1005.000000 725.000000
1006.000000 735.000000
1009.000000 2325.000000
1010.000000 745.000000
1010.000000 755.000000
1015.000000 764.000000
1018.000000 2330.000000
1020.000000 773.000000
1020.000000 783.000000
1020.000000 793.000000
1020.000000 803.000000
1025.000000 812.000000
1025.000000 822.000000
1028.000000 2330.000000
1029.000000 832.000000
1030.000000 842.000000
1030.000000 852.000000
1035.000000 861.000000
1035.000000 871.000000
1038.000000 2330.000000
1040.000000 880.000000
1040.000000 890.000000
1041.000000 900.000000
1049.990504 840.097966
1045.000000 920.000000
1048.000000 2334.000000
1050.000000 929.000000
1050.000000 939.000000
1050.000000 949.000000
1055.000000 958.000000
1133.950777 945.764745
1058.000000 2335.000000
1063.000000 975.000000
985.791944 1051.961425
1068.000000 2335.000000
1085.695796 968.828525
1075.000000 1004.000000
1078.000000 2335.000000
1080.000000 1013.000000
1085.000000 1022.000000
1088.000000 2339.000000
1089.000000 1032.000000
1094.000000 1041.000000
1095.000000 1051.000000
1033.030726 1033.213537
1095.000000 1071.000000
1098.000000 2340.000000
1100.000000 1080.000000
1101.000000 1090.000000
1108.000000 2340.000000
1110.000000 1095.000000
1125.691886 2306.363524
1120.000000 1095.000000
1128.000000 2340.000000
1129.000000 1100.000000
1138.000000 1105.000000
1138.000000 2340.000000
1147.000000 1110.000000
1148.000000 2340.000000
1156.000000 1115.000000
1158.000000 2340.000000
1166.000000 1119.000000
1168.000000 2340.000000
1174.000000 1125.000000
1178.000000 2340.000000
1183.000000 1130.000000
1188.000000 2340.000000
1192.000000 1135.000000
1198.000000 2340.000000
1199.000000 1143.000000
1207.000000 2335.000000
1209.000000 1146.000000
1215.000000 1154.000000
1217.000000 2335.000000
1223.000000 1160.000000
1227.000000 2334.000000
1229.000000 1168.000000
1237.000000 1175.000000
1237.000000 2330.000000
1244.000000 1183.000000
1267.045441 2226.427582
1252.000000 1190.000000
1256.000000 1200.000000
1256.000000 2325.000000
1264.000000 1206.000000
1265.000000 2320.000000
1270.000000 1214.000000
1239.561381 1231.156067
1275.000000 2320.000000
1279.000000 1233.000000
1284.000000 1242.000000
1284.000000 2315.000000
1375.389963 1244.897801
1290.000000 1261.000000
1294.000000 2312.000000
1295.000000 1270.000000
1296.000000 1280.000000
1301.000000 1289.000000
1304.000000 2307.000000
1305.000000 1299.000000
1233.300465 1290.717482
1299.719101 1284.867566
1314.000000 1328.000000
1314.000000 2302.000000
1315.000000 1338.000000
1315.000000 1348.000000
1320.000000 1357.000000
1320.000000 1367.000000
1320.000000 1377.000000
1320.000000 1387.000000
1317.858328 1450.791405
1320.000000 1495.000000
1320.000000 1505.000000
1320.000000 1515.000000
1320.000000 1525.000000
1320.000000 1535.000000
1330.605661 1739.578703
1320.000000 1630.000000
1320.000000 1640.000000
1320.000000 1650.000000
1321.000000 1545.000000
1321.000000 1660.000000
1324.000000 2297.000000
1325.000000 1396.000000
1325.000000 1406.000000
1325.000000 1416.000000
1325.000000 1426.000000
1325.000000 1436.000000
1325.000000 1446.000000
1325.000000 1456.000000
1325.000000 1466.000000
1325.000000 1476.000000
1325.000000 1555.000000
1325.000000 1565.000000
1325.000000 1575.000000
1325.000000 1585.000000
1323.585589 1580.790301
1325.000000 1605.000000
1329.000000 1666.000000
1334.000000 2292.000000
1335.000000 1674.000000
1343.000000 1680.000000
1344.000000 2287.000000
1349.000000 1688.000000
1352.000000 2280.000000
1354.000000 1697.000000
1361.000000 1705.000000
1361.000000 2275.000000
1370.000000 1710.000000
1370.000000 2270.000000
1378.000000 1716.000000
1380.000000 2265.000000
1388.000000 1720.000000
1388.000000 2258.000000
1394.000000 1728.000000
1395.000000 2250.000000
1400.000000 1736.000000
1405.000000 2245.000000
1361.581442 1671.321619
1410.000000 2230.000000
1414.000000 1751.000000
1418.000000 2223.000000
1420.000000 1759.000000
1425.000000 1768.000000
1425.000000 2210.000000
1433.000000 1775.000000
1433.000000 2203.000000
1436.000000 1785.000000
1438.000000 2193.000000
1458.608119 1910.420829
1445.000000 2180.000000
1448.000000 1801.000000
1450.000000 2170.000000
1453.000000 1810.000000
1455.000000 2160.000000
1459.000000 1818.000000
1460.000000 2150.000000
1464.000000 1827.000000
1465.000000 1837.000000
1465.000000 2140.000000
1470.000000 1846.000000
1470.000000 2130.000000
1473.000000 1856.000000
1475.000000 1866.000000
1475.000000 2120.000000
1480.000000 1875.000000
1480.000000 2105.000000
1481.000000 1885.000000
1485.000000 1895.000000
1485.000000 2085.000000
1485.000000 2095.000000
1486.000000 1905.000000
1490.000000 1915.000000
1490.000000 2060.000000
1490.000000 2070.000000
1495.798238 1823.561997
1495.000000 1934.000000
1495.000000 1944.000000
1495.000000 1954.000000
1448.993023 1960.834405
1495.000000 1974.000000
1495.000000 1984.000000
1495.000000 1994.000000
1495.000000 2004.000000
1495.000000 2014.000000
1495.000000 2024.000000
1495.000000 2034.000000
1495.000000 2044.000000
