589.375078 963.313485
525.018576 966.916785
509.683992 884.539390
520.738876 801.756750
513.385821 757.796026
453.725498 714.236521
374.999301 708.767229
327.108374 674.355260
219.611106 619.964874
186.965668 507.675604
184.254451 396.640099
224.036557 359.434311
249.908597 409.663445
284.805722 414.633717
346.707194 413.322778
364.564425 402.896599
367.624424 308.636061
393.258357 262.943236
393.941933 242.023303
401.392880 185.410667
413.728270 111.233633
455.841178 133.140961
434.463332 94.542403
448.860948 62.473345
460.224704 160.753146
458.598047 196.312562
467.714633 268.987303
490.975719 289.110152
489.521270 338.193703
501.470252 386.393739
534.543079 385.183392
583.884989 436.618277
592.096791 376.490745
635.326044 387.693597
623.696941 355.974105
641.390472 347.409059
640.143754 260.747256
650.878475 254.901693
701.747250 195.298448
693.536224 251.515069
705.279613 277.709686
711.764680 323.049990
703.671857 346.606667
721.997305 396.191335
771.459572 385.843885
814.332061 388.310093
855.561659 387.492791
870.986054 336.675386
883.594053 301.455794
910.665577 417.485419
879.712881 496.954627
840.624614 583.380617
814.605667 639.556531
682.336406 707.918426
647.234270 718.926371
599.814415 797.845066
583.119002 855.946671
595.076461 1094.813376
601.228896 1150.984051
505.038160 1128.876029
515.421198 562.999438
474.915350 575.233917
471.350034 546.800074
488.411489 542.297055
514.203225 526.297736
554.552849 530.356686
582.033655 490.140738
606.675522 501.731804
629.833582 567.765432
600.964828 566.122681
561.755458 592.298626
454.904964 582.148456
220.297244 331.497947
207.946021 295.182430
649.330080 195.583447
675.939599 174.119157
658.658360 137.092022
670.297801 123.339349
650.864396 107.964993
666.762206 71.155410
665.923656 65.623472
