593.441087 951.759280
520.022500 959.359702
514.474766 855.869139
519.825941 808.263208
508.693760 747.759340
441.114923 725.030702
385.483400 707.481304
329.402176 649.178106
228.840317 593.540620
193.121713 507.202037
191.306678 407.267194
241.279808 364.644334
256.948811 396.653236
296.748892 412.408954
336.214446 422.261250
356.627055 379.086978
378.343309 330.652907
386.938450 264.464035
399.720977 219.435243
410.394669 162.941156
409.880441 124.407372
453.114212 132.018214
438.646806 96.842279
431.680164 77.308101
454.823852 161.027887
453.917177 193.210560
468.044233 234.661575
483.455254 285.334463
488.948783 342.363937
513.725080 390.787419
533.997438 413.772851
567.995233 413.582303
599.669298 406.556253
629.072302 396.276150
642.124068 352.700050
638.071805 333.706010
642.433723 274.168768
643.744486 227.363705
686.939677 212.858428
695.492556 243.230266
698.585116 291.832671
707.261611 319.622786
713.147780 355.470364
721.058233 375.602881
771.971755 400.961489
819.209252 385.520827
865.065111 368.655587
883.235087 339.711230
892.161668 301.203668
900.198750 401.888181
877.532309 491.636625
844.890114 587.077641
801.977662 632.325928
687.094874 710.601543
643.527664 732.468671
600.372557 779.407047
587.860252 839.332924
597.449517 1111.578468
595.744965 1141.648896
517.939700 1142.878061
519.969026 572.313592
482.853986 565.158955
469.333736 548.927178
485.946229 531.342228
514.627422 524.131305
553.960095 518.298740
571.857506 517.041826
611.479692 534.640757
634.610197 541.035538
608.942187 567.084817
567.475095 569.499176
434.009794 555.031110
228.719812 347.212259
212.727537 299.673645
647.679841 182.778543
683.532462 165.212170
657.642636 148.215567
675.540000 121.708276
654.987347 110.867605
653.993619 88.400068
663.837471 42.787259
