92.050180 590.894293
89.789808 567.252475
110.311580 595.289596
87.511308 615.225122
117.603153 630.678335
115.239885 629.480521
94.176674 644.807612
112.404279 656.349229
70.284905 675.663617
101.274367 644.152861
93.478434 536.634020
99.235764 538.727085
84.043209 578.441233
108.426959 670.882261
109.803190 690.264473
113.745657 715.831826
98.514837 514.256847
108.325716 510.084971
119.165178 698.730952
109.952752 702.440255
108.402261 755.299717
103.457725 489.916034
119.051243 502.023187
110.162784 711.208446
108.938833 733.031623
130.004286 497.514384
102.078215 738.385858
112.320757 776.233882
107.290224 463.129642
132.287736 780.111318
120.215835 447.049414
130.433076 782.406283
130.189751 795.662897
127.590925 439.253640
115.729262 811.242226
133.627005 427.879326
167.907084 802.570987
133.466336 826.192760
141.700998 429.651143
137.480683 811.106503
169.355095 441.535218
140.736421 843.508926
162.651128 385.599768
160.999810 851.387738
171.947573 394.803617
161.313261 861.758111
180.671301 387.888948
163.879731 882.273586
157.375818 369.999885
141.536347 884.383804
172.223255 350.019593
184.407685 881.514794
181.016774 896.823771
194.435217 358.224937
191.155546 902.084452
188.399640 335.430990
209.160863 937.311109
194.756444 338.988493
213.554692 916.684516
203.620648 324.593455
215.307638 942.195039
228.158751 318.574056
221.300223 934.373709
215.084083 326.584858
223.331191 943.208450
234.088657 331.457341
214.374191 934.463134
214.412361 298.079236
238.667423 994.274506
232.540432 291.254379
252.067529 954.557198
226.487186 261.087535
237.547687 967.456823
267.254059 261.887466
231.330722 960.483681
254.010135 270.995743
258.535418 979.695404
245.244892 264.013015
309.789974 963.899427
306.934143 1017.180923
290.337221 250.016356
294.070408 241.355135
287.679157 1025.447050
271.038689 1015.208960
293.607035 275.917187
331.227445 1004.166237
286.757059 220.806920
334.039395 1039.825256
299.438366 206.290162
335.684695 1045.600713
342.775190 224.391565
340.896673 1015.127661
335.544551 215.374974
322.913290 1087.060818
355.949406 199.774409
343.305396 1039.682375
375.145050 247.290685
379.226932 1033.803366
353.498433 214.642482
368.772040 1026.336672
382.846418 194.534533
369.800590 1054.789413
370.996420 219.741051
403.763246 1067.730675
399.709006 198.039110
402.165809 1045.033564
407.248538 188.170139
395.899793 1082.554179
401.522904 189.427584
418.396791 1038.125540
380.633403 185.404265
424.649519 1071.004533
441.827082 208.760754
417.540882 1093.338357
460.866224 182.763741
428.897501 1070.419102
459.002891 192.384286
460.922399 1053.123956
478.426011 180.143809
463.446924 1079.920235
464.200778 180.961289
476.672922 19.412030
480.322780 32.473758
487.625027 1071.321735
460.442157 38.169475
492.199835 190.094444
494.764086 10.697443
484.632841 51.361096
475.088397 1092.494894
499.743711 58.485930
512.192959 182.671305
506.867981 33.634103
515.712061 84.585575
493.817902 1037.875713
512.676700 19.537289
519.186085 216.462602
521.450739 62.693987
494.636954 57.414993
513.206563 1044.720977
514.616327 69.061540
499.895658 44.946852
528.448300 155.153964
501.802862 109.977012
541.266987 64.098533
503.860286 1113.715513
510.817047 86.241438
525.219708 104.431256
516.973539 194.347372
518.962224 52.593151
525.817098 121.790381
542.960253 1079.426160
526.729713 107.062959
521.459514 169.008513
535.021843 99.365379
538.649632 1086.722854
541.460694 62.607456
535.350024 122.885877
567.885999 178.487027
541.756702 102.986780
541.420066 115.011708
566.564711 1072.548714
570.730223 192.312589
561.343672 127.680890
545.180505 158.244095
558.422069 1042.245360
565.802039 95.375496
569.039286 133.509697
576.292676 162.454560
557.918263 167.158741
578.432698 138.958970
558.388518 179.388347
562.356717 1073.576176
560.055310 178.061115
563.510913 157.666698
594.678741 83.792773
566.260248 1058.883725
583.891771 116.304992
577.815306 1087.728140
605.338647 129.791031
586.681936 1096.842160
580.838701 95.097953
585.380199 1053.491982
624.587367 74.078119
626.779009 61.489053
628.619880 1063.152120
634.235968 71.118793
618.217208 198.064627
630.967075 1050.498957
635.963666 170.664061
642.716692 60.373172
632.047405 196.279402
595.967304 179.053213
636.106609 1115.930646
638.665883 61.446851
635.925140 146.576231
655.194976 187.827333
655.664855 1082.929732
646.387284 156.117841
667.246788 50.079131
632.795294 175.442611
641.756219 137.302076
678.533796 1088.725104
653.618016 71.261186
676.777217 170.365665
674.361289 209.968451
677.054659 1093.409301
675.643172 17.422178
675.083721 136.334375
661.068647 191.688069
671.312760 1073.856979
669.638454 38.958844
684.722230 136.027907
707.742645 184.749201
667.959004 1044.690908
682.954901 53.391529
723.041463 125.806055
710.763249 190.351462
690.676575 1066.574859
667.013185 35.712122
713.308697 107.071185
712.041294 180.814154
717.950987 1075.674108
697.691965 58.092740
701.109360 125.580061
724.388729 190.696138
724.794224 1071.723127
707.614300 32.418701
706.386242 123.478798
713.679076 199.247318
717.396794 1066.159618
736.285325 23.126131
720.838512 103.218597
741.161006 178.978258
751.792878 1045.192449
740.297031 108.729432
738.354377 41.723988
752.825610 184.273702
740.813287 1066.556795
747.911695 106.534929
745.124368 46.823142
766.468796 217.276772
725.714321 1031.622413
764.042852 94.221793
747.387843 19.113362
758.160672 224.670256
759.433280 1056.374267
783.649024 102.187324
780.129825 32.831312
745.938719 204.034243
758.819773 1056.632842
775.130335 52.920326
788.374102 106.240236
750.258479 203.916337
772.185796 55.734566
785.718362 73.794115
791.848952 1059.167772
788.425040 206.841379
781.834184 1057.359935
828.144546 247.926226
805.883708 1049.329192
788.382990 218.188747
835.349946 1029.371176
833.053748 257.811526
819.782619 1031.193957
832.526635 232.797206
855.506876 1025.186235
831.528594 262.279408
845.460262 1013.811850
833.935464 243.626492
858.266034 999.640456
842.622840 249.730901
866.127219 1008.607530
872.672190 257.511248
870.411866 990.097516
910.404318 267.334743
888.082793 978.870920
879.443201 299.780718
857.388575 988.553041
890.564800 263.268189
901.807014 991.674385
895.844825 294.230556
922.569664 1004.300925
908.870068 320.209747
933.464342 959.029944
898.351483 297.672782
952.178687 957.203730
926.775198 308.047294
909.936602 929.715692
901.073351 341.329289
916.798932 928.426144
947.235946 350.202307
907.889193 972.727615
944.659439 365.104654
941.832250 930.352400
935.699224 342.549640
954.572278 915.052107
944.244284 364.035900
951.280249 927.444985
969.090754 376.713824
940.734749 364.987616
966.779983 903.885791
976.475132 394.545233
958.060786 896.452043
979.386404 353.244690
1002.589995 870.364405
982.364129 414.216680
969.255260 843.076575
994.802164 395.901636
991.585876 847.289375
1006.781072 400.275268
989.124385 415.538547
981.565512 845.874019
1020.433253 410.271639
1003.102746 834.634823
1020.602718 440.407104
997.869735 847.585626
1004.191907 455.027763
994.035346 824.053359
998.084677 453.077267
994.847358 796.595666
1011.592489 465.043510
1019.030597 472.073199
998.326239 815.642201
1033.239386 504.605979
998.990317 777.130348
1024.027852 493.039458
1045.229386 492.091135
1034.854488 767.522811
1030.045074 518.431289
1021.367277 532.910935
1040.160902 743.808432
1046.641692 755.029695
1041.336860 545.374299
1014.908904 552.167567
1034.032376 731.438512
1042.763482 728.205012
1027.910024 542.451009
1041.132712 578.946203
1055.172214 551.275292
1044.359641 586.445626
1054.788307 683.925843
1036.020831 687.694519
1034.312407 694.887921
1048.699851 597.698944
1069.789748 579.916505
1013.844710 564.947075
1055.889803 596.334008
1053.624134 627.778192
1043.022995 643.494436
1055.418562 650.933726
1056.137910 658.441824
1065.420293 657.453545
