97.067564 582.451398
95.771204 592.222333
95.469049 602.159071
95.676559 612.653718
96.179308 649.807321
95.737845 632.332363
93.953428 642.194721
95.441424 650.860915
96.530268 661.207386
97.887404 671.379782
102.374481 547.589116
101.120014 557.316462
100.310259 567.169990
99.153882 681.130185
100.579596 690.755359
102.279051 700.384305
107.331377 522.757938
105.129440 532.182515
104.113727 710.009883
105.546085 719.741449
107.411469 729.264709
112.157603 502.825307
110.336495 512.331324
109.785228 738.892743
112.123291 748.145416
116.727375 487.777219
114.638440 757.861645
117.437831 767.262478
121.879382 472.911816
120.838787 777.383425
127.308996 458.221920
124.552231 786.818702
126.808287 795.996257
131.795564 448.114146
130.462275 805.416020
137.120653 433.242681
134.442958 814.818021
138.756088 824.209757
141.828210 423.365255
142.958002 833.507584
146.628262 413.383958
147.913140 842.905656
151.928817 403.735611
152.994444 851.735670
157.676865 394.328766
158.331514 860.378682
162.704472 384.426363
163.006792 869.413255
169.349497 375.502472
168.884019 877.770740
176.879069 364.039809
176.892763 886.989690
184.096351 896.124576
183.988182 355.441286
176.048333 876.312736
191.921275 344.377613
194.122556 910.903823
199.191389 334.911208
199.861048 919.309428
206.441431 326.117456
206.496499 926.651588
212.394954 316.891966
213.382435 934.664074
221.426647 309.185277
220.649093 942.372920
221.816238 314.831122
228.052093 949.957254
235.223689 294.889573
236.087797 956.848979
244.026411 287.805690
243.860913 963.928115
251.343715 281.571629
251.840060 969.435844
258.930500 275.159103
260.477092 976.344609
266.849108 268.851207
268.674534 982.277329
276.019439 262.398035
276.624779 986.723497
316.868382 1003.327592
284.783348 256.333267
293.287626 252.206722
293.092311 999.106918
300.950460 1003.789027
271.664507 264.609004
310.192172 1007.410230
312.147622 238.437097
319.637064 1012.795306
320.483816 236.028232
330.124923 1019.101055
327.342139 231.336830
337.154902 1022.894841
339.785302 229.400682
347.820955 1029.539918
348.556113 223.126351
356.831815 1033.584423
358.627112 219.045883
364.648208 1037.255115
343.176297 245.583144
378.961365 1040.625491
378.101796 210.521776
383.692300 1044.622725
387.879038 206.523208
392.786578 1048.304175
398.283181 201.256126
402.640746 1051.462769
406.532210 197.243872
412.381617 1054.875135
415.045950 192.272910
422.493425 1057.049848
423.972078 188.033181
432.076387 1060.246260
434.006138 183.660676
441.494263 1062.861919
437.388113 173.929560
450.912988 1065.706890
454.374418 180.448752
414.973141 1045.299439
465.152828 180.894399
470.207370 1068.647111
471.997810 177.450889
481.127750 34.844904
478.010790 34.222224
479.734393 1070.857991
484.119330 36.576938
478.430761 176.251118
527.397144 35.612706
490.982050 43.151458
490.170232 1070.682984
498.250643 51.590584
488.775104 174.586852
497.870552 38.351038
504.451379 60.474680
486.243781 1070.368443
504.075302 44.282096
547.578323 140.973278
510.147543 68.696720
516.560586 15.894357
510.139664 1070.947203
515.636914 75.820688
508.874299 60.741337
512.619141 176.421815
482.494688 39.121681
559.128007 62.566978
520.048880 1070.309496
519.945592 76.288522
526.593185 103.060015
524.069604 178.736855
526.893544 85.498312
534.854765 112.972265
529.966809 1069.688641
541.894061 124.442913
532.889429 177.319210
537.270027 92.572133
539.847385 1069.906548
542.481812 102.145039
543.320444 129.092823
542.506089 176.271754
547.912759 109.724321
551.145193 135.091610
549.990933 1070.051627
553.665278 177.577199
555.965659 119.561911
556.491139 139.167104
559.108064 1069.913993
562.658021 126.192629
561.591880 145.841097
562.622204 156.807568
562.036299 181.586440
571.001045 130.086063
569.849652 170.268868
568.976687 1070.748758
574.067695 177.291822
574.789093 180.878671
576.897227 137.358527
578.877400 1071.375528
589.257467 121.532958
588.735885 1071.566703
593.158332 113.388650
598.233894 1073.114533
601.248934 106.255902
608.095139 1073.427429
609.868130 92.393385
620.576560 87.000604
618.041265 1074.341161
628.364138 80.735488
625.157982 179.594289
628.062042 1074.928486
630.054514 174.159144
639.173685 73.305446
636.477643 178.898630
638.704330 170.438120
637.982340 1075.224617
649.745107 66.069179
640.217761 161.628445
649.344153 177.057913
647.950607 1075.022876
649.733292 150.118066
638.687973 84.102013
677.532727 187.909165
660.004077 140.125719
657.906969 1075.173822
660.921104 58.034433
665.585981 133.514538
721.295485 195.676379
666.439732 1071.878746
668.166743 58.125583
672.763348 133.914515
681.455980 177.118863
694.100997 1055.609606
676.821270 47.615139
682.126885 129.078400
684.676448 183.017939
664.490987 1071.560888
687.014880 45.116366
692.159912 123.801723
696.978993 184.472289
694.818822 1061.557660
696.751595 46.218215
702.001089 113.444624
708.365888 185.293693
739.162317 1042.917060
705.338418 45.772303
713.756624 98.466888
717.728589 191.625229
714.748951 1056.665316
714.371827 46.394144
719.530228 107.125745
726.116202 192.819580
740.595049 1043.183398
727.254980 46.013273
733.577533 91.878939
733.933152 196.226869
735.147357 1051.598293
744.310853 80.340455
737.072133 52.849415
705.120060 171.962314
743.519453 1047.449200
748.767491 83.168025
746.284686 58.719296
758.459826 194.553045
770.001108 1037.125840
755.894732 78.858949
756.303084 56.731168
784.014748 94.869989
765.283468 1040.673269
767.710875 83.322676
762.161511 59.886416
773.307110 201.774646
774.223881 1038.479987
769.763048 69.443604
776.213563 81.181640
787.803999 210.314722
771.177530 67.822629
778.922374 77.047842
732.623153 1049.905744
794.532126 213.476400
791.640189 1031.526937
815.075856 234.916345
801.365029 1028.156076
813.526948 224.811446
811.668186 1022.678951
821.552460 229.166017
819.095368 1019.566661
819.856660 211.014317
828.597138 1013.954609
837.087840 242.260608
836.746882 1010.248965
773.292944 179.188289
847.719576 1003.595800
854.839628 256.744992
854.893312 999.489822
862.170612 263.812524
863.913642 994.300737
870.740601 269.366730
873.183447 987.194341
879.243605 275.668652
816.911123 1010.597992
886.953292 282.112111
888.638591 975.822000
894.541951 289.433716
897.865374 968.159531
901.770893 296.075015
905.037044 960.674053
910.054657 304.076949
912.700688 953.960195
917.572262 310.635398
919.334160 945.928152
925.012027 317.221993
927.376083 938.697083
932.963875 323.469442
934.306493 929.498659
940.571460 332.566579
941.560741 921.357803
946.061891 341.396967
948.285707 913.395130
951.300485 350.293540
955.161135 905.655230
931.854827 326.118868
962.041165 368.313047
918.057298 939.262693
968.643902 377.621510
970.446526 886.065347
974.888047 388.202028
977.214949 877.249608
977.593126 393.271862
984.825177 865.340302
983.279776 401.656045
990.555200 856.007922
988.910627 412.820046
969.993091 389.943463
995.023372 845.402123
998.911562 428.971394
999.135274 834.501991
1003.891178 437.004241
1003.120497 823.285527
1008.448043 446.795656
1007.494516 813.850555
1012.488810 456.113772
1011.616951 803.696457
1015.849177 465.933904
1019.586593 474.250518
1017.467812 789.002949
1023.230689 483.685477
1023.074874 774.308066
1026.402424 493.211690
1029.655903 502.085808
1027.987888 759.352367
1032.290757 511.807882
1035.081803 520.916334
1033.505655 739.585534
1030.993194 748.726502
1037.574118 530.557104
1039.702647 540.039584
1039.218552 714.839004
1036.944376 724.298911
1041.457436 550.101770
1043.510568 560.259996
1044.712267 570.019689
1045.722969 579.852181
1044.349197 679.934901
1043.164546 689.718130
1041.843618 699.404219
1047.166774 589.489075
1047.834055 599.233253
1048.363093 609.146926
1048.989323 619.083899
1048.560289 628.731506
1048.976103 638.894280
1048.249081 648.805342
1047.668033 658.683662
1046.828988 668.470641
