93.189206 579.957756
95.472873 578.349136
83.500088 589.032291
88.744318 582.492300
115.060031 650.747969
95.905387 609.948881
87.309447 666.966949
120.553617 668.154083
107.517827 668.410214
113.063615 704.111804
119.666724 550.577554
121.780344 547.210510
84.584529 588.035149
93.091961 671.250292
91.647476 672.947325
115.498926 649.795542
115.054507 533.838345
110.362844 543.903039
87.754134 668.521918
101.585214 686.409607
113.243804 729.385404
106.550821 553.488558
118.930646 535.098587
113.529184 752.317974
108.608477 729.538715
129.316478 486.593539
117.308309 764.446613
131.974030 794.948414
123.121535 508.402657
126.920024 764.511961
142.069153 446.891634
132.125387 804.041925
113.708015 750.388722
147.360575 481.651003
129.457465 788.841841
146.876669 422.050360
138.179877 818.567017
153.239758 843.989790
141.242470 461.903357
131.398962 802.816681
146.903590 426.582411
149.583854 851.955358
156.388823 408.764060
145.386894 839.569820
176.898353 365.922991
158.662589 855.789885
153.974933 415.937147
162.390940 861.453887
180.546528 356.210180
163.684755 860.480179
164.994701 389.344454
153.038838 852.650455
184.413326 880.308255
185.905450 338.670590
172.257384 858.076354
179.834007 356.600287
208.239474 924.175655
188.310491 340.226676
219.010176 946.221459
189.993473 338.123871
207.541106 930.249991
217.021328 317.351859
224.979002 940.209690
241.898598 277.548246
210.832277 930.262032
230.231445 307.171496
245.731378 957.373709
238.211238 284.982759
265.474972 965.599699
241.383628 295.659124
224.331354 946.174103
259.485438 278.565179
246.388471 962.101026
244.660722 277.792648
257.331235 966.511096
257.154815 263.027154
315.335460 996.873470
267.923269 252.407766
268.518687 965.491025
280.924163 979.365030
265.076735 255.898967
269.334448 254.866654
313.350136 998.838242
284.574549 983.802051
312.866719 216.809171
338.360387 1020.584222
307.173860 220.639594
350.167140 1013.782374
286.924748 235.635078
344.211015 1013.213182
360.441327 218.925286
311.323430 998.995916
339.977055 211.544695
327.307726 1010.708426
317.358245 215.626920
354.431397 1027.369773
382.262973 200.668163
357.508804 1025.233014
363.468115 215.050026
375.060530 1032.694043
375.014520 210.556400
362.640461 1023.933933
380.700866 198.976357
390.894180 1051.003365
397.616496 196.539185
414.742231 1046.547777
383.078103 199.355902
376.702967 1031.751068
419.545478 179.645613
439.711457 1064.483424
427.125337 202.473425
420.766445 1052.449317
413.952515 195.150155
435.486286 1059.773278
441.286538 189.072762
464.179186 1071.713329
489.469780 188.389550
446.455397 1064.780326
481.522890 185.843329
485.022923 1069.821871
485.958813 164.950364
469.429331 53.608945
472.750942 56.780336
462.923923 1058.584994
483.107331 56.977578
503.870510 194.398214
482.030919 53.331996
488.171135 66.986922
465.409712 1066.948164
497.504713 60.273273
482.589804 193.040859
465.114080 44.395036
495.289110 63.480474
476.477658 1070.203110
469.968458 55.703624
478.652673 192.205083
474.691905 88.056406
543.587233 69.843721
510.460845 1078.315350
501.158464 87.213494
519.937036 62.942565
510.069843 179.281795
512.212613 67.301550
527.461800 94.871014
504.045284 1073.591085
481.485419 87.238359
488.911906 96.574341
504.332370 185.896730
536.250763 69.142801
536.691260 137.470982
561.983817 1082.001172
520.886829 107.851558
551.224722 147.311306
547.928279 78.775641
530.848311 1085.266703
517.865560 106.703873
551.417309 135.489787
552.628770 142.141193
523.297470 82.375317
530.477162 120.652903
549.815126 1070.703726
532.628467 165.885151
581.056569 121.163063
546.261386 137.400613
534.100877 1086.431645
578.824304 112.216389
557.246921 157.013724
571.159409 106.344555
544.776396 175.800475
543.449453 123.348145
579.977392 147.143199
557.969321 1075.277056
572.215829 147.432322
577.524230 139.453067
588.665830 136.120655
615.886339 1073.689261
588.691149 115.917589
603.753236 1076.763763
627.469291 92.473016
614.492525 1068.763787
594.531718 113.439514
622.897226 1071.492260
593.052471 74.285677
594.306563 88.125151
592.752682 1080.646559
632.014986 65.535203
625.813017 174.431404
652.130450 1056.087072
637.126155 160.332204
612.154477 59.590720
640.437765 169.955447
633.210441 149.965518
643.862411 1070.699231
644.591199 82.154877
678.474289 150.220883
650.727309 168.278884
656.438411 1047.925149
619.851378 142.395248
680.822916 69.077876
648.866363 161.154179
635.221648 135.037825
646.867071 1065.756787
649.321218 54.389501
710.083893 132.091999
692.417108 178.729938
643.683029 1060.685992
690.639532 59.339552
652.700377 168.650145
662.239245 185.444579
686.933590 1049.185540
652.850519 91.031685
690.423338 121.244598
690.305031 184.984089
660.640286 1059.790253
677.863480 48.788480
696.439811 104.323133
686.620077 197.072540
678.665489 1060.782789
701.530765 78.607647
705.321317 108.370766
682.310325 203.636290
699.506524 1049.805489
719.040359 63.276742
716.590448 102.693227
769.761351 202.232652
734.129904 1053.773248
697.786769 55.063015
706.709279 127.267585
708.562283 205.140969
704.483391 1042.252181
762.877840 62.359712
762.703261 86.024404
715.948535 274.541685
703.341346 1062.102457
742.986512 72.833029
740.198061 61.516165
782.651591 210.929446
702.709445 1044.194607
757.206702 104.839152
745.057557 84.597715
764.560255 237.263578
739.772722 1053.211597
737.469030 106.664815
741.024232 64.176071
751.983008 165.726078
771.316304 1056.563417
773.927667 129.600433
756.977624 59.573814
805.471937 229.806551
783.045951 1060.094103
778.756468 71.791186
770.503314 62.953286
781.141679 216.949560
775.333004 57.881125
778.106320 86.080950
753.816818 1057.146718
817.301100 229.569595
810.803270 1035.701849
769.381967 216.901669
805.062175 1033.672205
828.850034 242.424001
808.966468 1032.881491
823.329189 241.571535
825.025983 1027.959683
797.419388 232.369898
827.014713 1026.336697
856.724696 261.616522
802.702785 1044.840735
833.010779 248.984441
868.503555 1009.057112
859.057743 276.787792
855.418882 1015.886884
854.432890 256.740228
884.770967 995.218158
850.262727 254.955821
876.825779 1001.455720
873.934412 290.866059
873.108574 1004.378264
865.061457 281.657503
909.537540 977.422446
909.170383 305.996215
921.393941 965.005062
894.783165 304.147109
911.377455 964.396807
926.915392 326.770608
914.994634 956.235819
894.609288 295.389741
935.537378 938.804581
934.708737 331.922056
930.521142 929.363851
953.063921 354.915591
944.932268 924.483990
925.295606 323.780927
954.139198 909.407966
942.874909 341.159800
934.386905 943.502895
960.170747 360.778370
937.006969 935.932186
940.684464 336.650725
959.653662 357.782381
959.337745 886.651388
962.099237 369.424768
992.900574 844.921057
971.430381 383.550900
979.911336 862.049446
976.675165 395.405052
983.508216 855.458255
989.480720 426.254092
982.687549 855.179960
983.305780 427.460835
990.477144 423.325843
1000.302314 836.399255
996.559003 438.814653
1011.333482 810.872361
995.718751 431.652763
1010.415883 813.357986
1004.357242 457.312428
1003.658164 826.195918
1007.874279 454.728605
1018.999451 796.075175
1007.299235 465.549853
1008.817374 495.415252
1019.881733 778.750490
1017.232983 518.519695
1024.547197 781.044030
1019.439622 511.577648
1015.510179 513.646250
1034.561444 756.113239
1003.524567 525.630668
1010.166673 517.150481
1044.050623 741.087719
1028.017695 728.366009
1029.886743 543.385714
1016.983188 524.071213
1042.683534 669.766276
1042.246904 743.990084
1032.299906 538.888878
1036.356690 557.979609
1027.558137 556.516867
996.689138 618.726545
1045.002123 664.438469
1029.367058 662.038142
1036.815031 700.215885
1043.726712 586.422744
1055.968456 645.547144
1039.930325 586.194812
1004.835213 615.562976
1057.570025 652.399209
1040.269505 630.269286
1029.355738 634.666768
1057.875917 655.773188
1059.830152 655.205514
