96.897923 586.555338
94.840449 575.123285
104.594094 600.391181
98.456584 606.022643
116.249342 628.515647
115.663696 628.467131
103.028352 644.086102
112.066780 649.746425
106.687008 666.636439
102.828033 645.862561
100.056991 538.289694
101.754402 538.316668
95.929034 581.716636
110.766664 671.192512
111.619492 689.995450
111.463720 714.694832
107.733982 517.740106
110.156488 510.097919
113.705721 701.490088
112.481821 702.231025
116.680392 752.655513
112.583639 503.905612
116.586798 496.822914
111.532170 712.166339
109.386467 732.916469
120.858257 488.436675
111.661817 734.958741
123.364787 769.102963
125.658552 471.288240
128.925447 782.154008
126.682607 454.537075
129.023161 783.149672
131.091801 792.128257
132.299331 441.819646
134.771286 803.611971
136.358225 429.732013
147.350368 818.038161
140.535707 821.676300
140.707313 427.418601
135.761737 811.083238
158.488256 428.004405
149.294073 835.513598
166.749397 391.783126
157.813884 854.812855
168.764712 392.547256
162.368014 863.563224
174.573975 379.550257
168.128833 876.935217
171.791305 379.541565
165.465047 867.176767
183.024196 361.372466
177.676317 887.760393
182.508854 894.645152
191.761572 352.278129
189.769456 903.195894
196.550368 342.591545
213.614779 933.283151
198.168409 341.436444
207.718334 924.958437
206.926408 331.218864
218.176072 938.486069
221.858037 313.717574
217.277425 937.547755
213.224003 324.090654
223.176295 943.454407
219.437070 319.373110
215.860358 936.755257
224.992672 307.528146
257.182295 977.906841
237.577701 294.158435
246.137983 964.738955
250.769562 282.639966
242.168545 963.208590
267.576635 264.380403
234.486614 955.418506
255.196554 271.884356
260.047873 979.277291
251.815154 277.171408
294.085552 992.316266
309.326439 1014.234873
288.273119 246.534119
295.087515 242.995063
298.104910 1008.933934
278.784948 996.155568
283.675078 256.856266
324.090387 1019.243173
299.453617 238.147596
336.485075 1034.485744
309.684292 229.277518
339.509475 1033.992412
342.055426 222.355116
336.343593 1028.485438
337.729534 222.616725
349.915707 1035.258511
361.948693 211.608088
344.041010 1035.481407
365.313606 221.306779
374.822099 1045.810977
353.968477 216.197416
363.782402 1040.348324
385.512758 200.981320
372.568538 1046.575814
368.070827 210.190534
406.376382 1060.331782
399.526112 197.636634
398.714005 1055.525127
407.621910 194.628076
403.604309 1060.494523
401.811812 193.594913
410.050617 1059.327604
384.440553 200.126639
424.844006 1069.614920
440.838912 197.327275
422.269193 1064.427298
460.922011 183.462309
429.041315 1068.491574
457.371086 187.047164
465.676405 1070.149005
478.951882 183.686405
464.973416 1070.873642
464.515135 181.664478
490.289190 34.044324
483.908463 45.791904
487.596421 1070.101965
481.871677 59.634554
492.366928 189.286580
495.022022 41.504092
486.026207 52.475633
477.003968 1073.015152
499.892281 56.529472
511.780516 181.642758
499.598651 50.889886
517.846434 81.920891
489.262740 1064.071651
508.369389 51.220563
521.064461 220.887798
521.671535 69.292451
496.469809 55.973131
510.230226 1065.760235
513.816542 69.602611
498.031140 53.978093
527.058698 149.471696
502.528400 114.115872
538.854742 75.076306
506.780075 1072.576909
514.156614 82.117044
525.738796 100.870340
516.008643 190.230672
514.835349 61.372321
526.798897 118.740446
541.713929 1070.227047
527.304130 104.207985
521.085952 167.129498
534.944548 98.329612
539.876098 1072.386548
538.754352 71.479243
535.919938 121.012360
565.848697 169.660547
541.267729 101.711100
541.391113 111.984529
566.312938 1071.461625
567.685489 177.066093
561.335338 129.731735
545.626692 153.721521
571.652651 1061.155289
563.790748 104.865469
569.364579 134.831838
576.180612 158.216583
558.679804 163.690335
576.553705 137.723150
557.392527 173.719277
562.315088 1071.750350
559.616189 171.914018
561.674263 151.944080
602.323602 99.129013
567.753252 1069.254996
582.472050 125.684483
579.389184 1072.637933
605.758622 133.151892
587.732972 1073.227576
582.649636 108.097686
585.057801 1070.085532
627.564159 79.911253
627.740662 68.060663
627.987088 1073.526136
634.024016 68.036280
621.212173 179.092745
630.249231 1072.855868
636.198644 168.771711
643.841687 63.054129
631.188992 185.588464
594.606540 165.860189
630.959287 1074.371661
639.487414 63.746653
636.507815 152.066388
655.365288 179.235673
656.857813 1076.147627
646.385177 156.476765
667.524324 50.090335
632.965879 173.706863
641.890570 136.056667
677.545587 1076.160083
653.333627 72.772862
676.856266 168.860950
676.640017 184.081956
674.673264 1076.476769
678.233082 44.178465
677.244394 145.526725
658.951781 179.388552
673.252424 1075.593562
668.974369 42.847607
684.004506 147.627101
708.212293 182.327031
672.897566 1072.070254
682.455815 54.771851
718.722125 114.504546
713.566290 184.370103
690.794145 1074.023127
670.179982 40.129294
712.338724 108.794216
713.172404 177.822754
715.868952 1068.175577
697.743983 64.634160
701.715101 127.792132
724.585888 188.674838
722.787013 1065.806621
709.124895 46.925842
706.247583 122.560929
716.422705 187.894584
717.349644 1067.676838
739.868495 49.823880
720.828772 103.666333
741.032775 179.993682
749.267952 1055.551820
740.255436 109.462446
738.646971 54.368586
753.148238 188.050483
739.548750 1060.056435
748.357058 109.872614
745.454484 63.966781
767.496025 212.605351
735.654075 1050.540781
763.746651 89.724227
742.314041 53.877470
763.350300 210.221590
759.424836 1055.787806
780.631358 108.752844
752.677382 52.339248
750.274013 197.973291
758.716054 1055.772055
767.965197 66.067454
780.009474 113.586621
752.315200 201.864813
770.199148 64.788600
772.670862 83.027119
786.511259 1044.128291
783.030408 217.743339
779.949594 1048.819152
832.916751 248.917439
799.609284 1038.323453
786.595808 222.185135
833.013561 1022.862473
835.031345 253.929410
818.177262 1027.391848
826.944996 242.492637
848.675659 1012.727101
836.127012 255.273813
845.076832 1013.281683
831.332779 245.886764
860.759474 1002.294369
832.281715 248.721333
863.153861 1003.110647
866.757810 269.872550
872.256620 993.906641
890.222461 280.426253
889.769333 986.599352
887.591150 290.540224
865.089806 996.620739
886.704179 278.334151
899.178886 982.372783
895.762583 291.736066
903.932086 978.759602
909.766130 318.012860
929.503973 941.029641
898.095291 296.957050
931.022234 944.962637
913.449618 318.763645
919.320451 938.264763
907.492257 331.690949
921.921456 938.472444
942.447901 357.671991
905.920266 973.655493
945.462745 363.833313
941.390098 931.257177
932.438166 346.569925
952.178311 913.733686
944.756744 363.647301
946.607184 924.036988
965.229110 380.117104
943.607358 361.734893
959.645956 899.557707
977.690670 392.767660
957.600144 896.930570
959.796903 370.515488
981.130292 858.455749
987.867733 409.288415
980.288650 849.578350
990.058143 405.666020
989.926188 843.406481
1001.774833 413.061108
991.068874 411.547591
984.660963 847.453335
1003.406370 420.764926
991.814999 836.610882
1009.577050 455.393289
991.708211 844.313238
1004.604419 453.612340
994.825709 825.798880
1001.484210 450.754881
1001.375143 801.844069
1012.996792 463.329148
1016.667279 472.419105
997.072611 817.553372
1026.916092 503.921186
1008.693239 782.491867
1022.375746 493.186216
1024.495599 499.748098
1026.728472 760.992815
1026.541792 519.924619
1025.665569 534.732994
1039.058431 740.817310
1034.054294 751.125459
1034.416707 555.325570
1022.709109 555.464089
1038.286671 735.777208
1039.068571 727.116620
1027.658335 545.090958
1041.543467 573.576901
1037.648774 560.599091
1044.509091 585.144450
1046.961740 678.463375
1039.511458 689.866959
1036.095543 698.165144
1045.978037 598.844087
1048.771616 588.916965
1023.642863 558.505806
1048.156871 596.723518
1051.004412 631.345285
1049.533524 649.008718
1052.071042 654.453900
1052.158971 656.147674
1053.382038 655.227028
