937.602842 893.527879
938.030419 897.492741
935.056076 902.262630
936.653792 904.107558
935.188139 910.948340
935.589171 912.067135
937.790435 886.440556
940.826209 882.183134
938.111098 917.163341
937.257723 915.362877
941.528838 883.047395
948.720540 873.052794
945.519376 925.245787
958.213823 922.158852
954.646313 868.208873
952.622001 869.451409
958.621412 964.972573
956.984810 967.566980
955.069719 977.519476
955.769901 974.350782
954.656783 987.249405
955.056961 983.064493
956.310573 1004.396069
959.134890 988.409068
953.953682 1001.855022
954.373215 1006.685147
954.252827 1016.426585
954.263559 1016.922251
955.390213 924.924150
958.095353 918.598500
958.995695 955.441457
959.392314 954.400462
955.865330 1020.324044
960.385489 1025.121590
964.774528 868.940241
966.936721 858.146069
966.602464 1031.263006
968.797241 1029.868766
973.135228 850.093034
974.083218 849.551438
968.070551 920.065655
963.464218 914.418705
965.110747 945.240250
959.706571 949.876579
979.182966 1031.166827
971.114217 1032.806680
981.816974 848.412743
974.338943 849.987912
976.516126 918.134460
985.617798 921.023027
973.769916 949.042690
978.912345 944.430614
985.592317 1035.783986
986.111259 1038.231554
990.654733 849.279284
989.228190 847.102576
982.901369 920.586439
987.610006 918.482588
987.647465 940.770348
986.577479 935.607243
994.037671 1037.128983
986.999517 1038.116723
999.838399 841.755109
998.173229 843.090116
994.335306 921.363255
994.323170 914.599204
992.414717 934.032633
998.008483 937.192977
1008.224958 1038.183505
1004.642571 1037.174245
1007.903707 840.098187
1005.276412 840.845063
1004.338706 923.532221
1010.818408 918.649862
1006.532885 944.203022
1008.640215 943.039482
1014.734057 1034.159545
1022.525747 1039.733193
1016.661316 839.572502
1012.942517 840.988002
1017.137270 937.667069
1025.066745 937.825416
1014.764736 905.862111
1024.494865 912.136405
1019.425682 1039.356905
1028.597598 1039.460117
1031.915118 839.401428
1026.944435 839.575926
1035.168116 1038.111603
1037.717418 1035.791385
1040.604620 840.336531
1038.847182 839.974726
1040.860360 1034.337738
1044.399381 1030.634771
1050.737159 841.306753
1046.547101 840.929565
1048.575192 1026.072338
1050.666339 1023.431419
1055.956409 1016.701376
1053.228365 1021.326370
1062.820269 839.203296
1051.902788 841.584126
1057.892625 1008.520435
1070.001867 1011.165179
1068.294610 839.675161
1066.270838 839.791389
1078.089978 1018.672323
1069.069195 1014.230228
1082.636828 839.624155
1069.526123 840.005049
1090.323830 1018.384643
1089.745047 1019.371223
1084.970120 838.391680
1079.391086 839.646264
1086.966475 1015.885385
1094.991973 1016.635703
1088.739128 837.810491
1094.205907 834.312125
1110.192612 1014.064513
1103.536707 1009.730694
1106.191651 833.133822
1114.093822 835.235285
1113.377237 1013.441714
1111.853751 1014.911584
1117.257066 829.330274
1123.061718 829.887349
1125.109545 1018.370280
1117.599905 1015.433857
1124.471057 841.135132
1122.114946 834.854562
1139.374100 1024.684134
1126.099588 1018.746243
1137.376948 830.122904
1128.679180 842.037246
1139.793558 797.437495
1139.167415 798.719775
1139.001706 808.157843
1139.918407 808.756992
1138.027405 816.283466
1137.024059 818.391407
1137.399286 1028.651893
1144.144877 1029.455272
1139.170701 799.873758
1141.277532 796.360113
1149.438021 1033.204627
1144.412858 1032.922881
1163.881893 782.764060
1161.626306 784.690075
1154.980192 1032.742750
1157.639625 1033.646086
1166.367127 783.732098
1168.721033 780.707450
1166.330258 1032.193684
1168.957089 1033.766721
1181.958161 777.538192
1176.865546 777.474506
1172.589906 1034.137799
1174.082352 1033.875639
1184.985904 778.353743
1178.413678 777.416979
1182.269295 1034.085873
1184.127988 1033.806152
1201.493452 780.338408
1195.837290 779.612709
1192.350293 1031.511215
1200.356870 1028.314972
1208.320447 779.939324
1197.953095 779.925407
1208.486097 1026.198068
1214.372298 1022.910709
1221.862806 780.080965
1216.849585 779.898988
1222.529020 1023.839866
1219.414677 1023.937780
1218.510934 779.694132
1223.846424 781.148926
1226.167766 1022.148304
1227.327722 1021.255695
1234.770646 785.908731
1238.004509 785.774091
1235.338646 1016.902429
1242.177413 1012.369878
1244.049222 1006.170911
1239.007138 1011.812193
1247.383806 782.778468
1244.374688 782.684237
1247.375980 1000.663923
1248.001095 999.036909
1251.147652 783.223339
1255.397809 781.001988
1260.885345 983.559244
1260.425473 987.103841
1263.946877 780.088948
1263.293951 782.297018
1274.766399 984.832642
1270.644893 988.293686
1276.269110 779.638265
1275.771489 780.008596
1276.489720 990.239653
1273.060250 995.134142
1282.030524 787.409300
1282.081390 785.545865
1293.321187 998.399994
1286.079859 995.355286
1283.884229 796.621021
1283.831398 799.048831
1288.644678 806.241797
1289.055281 811.238234
1286.320909 809.435266
1291.010283 821.358546
1290.867396 823.109811
1291.404848 823.560894
1295.543637 833.461197
1294.210968 834.541188
1295.305887 998.624529
1290.508623 999.784397
1293.343894 1013.521389
1302.213313 1013.895825
1302.197555 838.261589
1302.133151 839.004159
1314.789738 1021.514313
1307.318844 1018.520122
1303.429594 844.647240
1307.887777 849.953634
1312.335739 856.623055
1310.557718 858.205734
1313.600751 866.325665
1313.789917 866.792726
1314.258645 868.071930
1312.831550 873.707468
1319.041583 1021.467046
1322.298236 1022.446959
1322.973897 874.290574
1318.191452 872.056317
1328.768941 1020.692341
1322.511948 1022.176477
1329.550352 881.793098
1334.573116 881.798455
1336.442326 1015.122592
1342.154389 1017.777517
1342.664955 888.178081
1346.737924 891.276683
1350.106906 1017.138699
1348.956420 1018.033176
1346.411496 890.782760
1349.060910 895.887147
1348.325126 900.923773
1353.710210 908.201414
1352.628050 912.971936
1348.481367 912.160854
1349.225119 923.973543
1349.471762 927.634237
1356.247466 1010.617959
1356.125065 1007.814570
1356.644636 926.175434
1363.095273 935.510946
1371.568971 979.558250
1368.098392 978.741692
1362.022396 986.977445
1357.097128 987.471043
1362.306053 995.504180
1356.763684 1003.568406
1374.126289 927.108323
1372.805404 925.861956
1383.991889 975.413873
1374.474598 977.156346
1377.155186 931.565399
1384.530169 934.981031
1384.337622 975.299390
1387.792539 967.292369
1386.873605 937.434017
1387.389812 940.443332
1395.553157 950.221861
1392.507701 947.754113
1393.693814 957.629746
1388.578391 955.182108
