934.000000 892.000000
934.000000 902.000000
934.000000 912.000000
939.000000 882.000000
939.000000 921.000000
949.000000 877.000000
949.000000 925.000000
954.000000 867.000000
954.000000 967.000000
958.096994 994.306454
964.650282 993.233167
954.000000 997.000000
954.000000 1007.000000
954.000000 1017.000000
958.000000 920.000000
959.000000 957.000000
959.000000 1026.000000
962.000000 859.000000
966.000000 1034.000000
967.000000 849.000000
968.000000 920.000000
947.728963 957.200423
976.000000 1035.000000
977.000000 844.000000
978.000000 918.000000
979.000000 947.000000
986.000000 1035.000000
987.000000 844.000000
988.000000 915.000000
989.000000 944.000000
996.000000 1038.000000
997.000000 839.000000
998.000000 915.000000
998.000000 939.000000
1006.000000 1040.000000
1007.000000 839.000000
1008.000000 915.000000
1008.000000 939.000000
1016.000000 1040.000000
1017.000000 839.000000
1017.000000 934.000000
1018.000000 915.000000
1026.000000 1040.000000
1027.000000 839.000000
1036.000000 1040.000000
1040.398813 837.002214
1045.000000 1035.000000
1047.000000 839.000000
1050.000000 1025.000000
1046.107993 1031.355887
1057.000000 839.000000
1065.000000 1015.000000
1067.000000 839.000000
1075.000000 1015.000000
1077.000000 839.000000
1085.000000 1015.000000
1087.000000 839.000000
1095.000000 1015.000000
1097.000000 834.000000
1105.000000 1015.000000
1107.000000 834.000000
1115.000000 1015.000000
1117.000000 834.000000
1125.000000 1015.000000
1127.000000 834.000000
1150.955768 1011.452612
1137.000000 834.000000
1139.000000 797.000000
1139.000000 807.000000
1139.000000 817.000000
1139.000000 1030.000000
1147.000000 789.000000
1148.000000 1035.000000
1156.000000 784.000000
1158.000000 1035.000000
1166.000000 784.000000
1168.000000 1035.000000
1176.000000 780.000000
1169.949509 1044.577501
1186.000000 779.000000
1188.000000 1035.000000
1196.000000 779.000000
1198.000000 1033.000000
1206.000000 779.000000
1208.000000 1028.000000
1216.000000 779.000000
1218.000000 1025.000000
1226.000000 779.000000
1227.000000 1020.000000
1236.000000 779.000000
1236.000000 1015.000000
1244.000000 1007.000000
1246.000000 779.000000
1252.000000 999.000000
1256.000000 779.000000
1260.000000 990.000000
1266.000000 779.000000
1270.000000 990.000000
1276.000000 779.000000
1280.000000 990.000000
1284.000000 786.000000
1289.000000 995.000000
1290.000000 794.000000
1290.000000 804.000000
1290.000000 814.000000
1290.000000 824.000000
1295.000000 833.000000
1295.000000 1003.000000
1300.000000 1012.000000
1303.000000 840.000000
1316.861382 1030.608791
1310.000000 848.000000
1315.000000 857.000000
1315.000000 867.000000
1315.000000 877.000000
1319.000000 1020.000000
1325.000000 879.000000
1328.000000 1025.000000
1325.173339 892.059125
1338.000000 1023.000000
1344.000000 887.000000
1348.000000 1020.000000
1349.000000 896.000000
1350.000000 906.000000
1350.000000 916.000000
1350.000000 926.000000
1357.000000 1014.000000
1360.000000 929.000000
1365.000000 980.000000
1373.265961 988.893613
1365.000000 1000.000000
1370.000000 929.000000
1375.000000 980.000000
1380.000000 932.000000
1383.000000 973.000000
1387.000000 940.000000
1390.000000 950.000000
1390.000000 960.000000
