19.150171 128.810507
28.922179 136.790120
18.019498 152.357332
20.319494 157.820132
33.484332 63.629570
30.907866 92.345940
43.699691 168.892707
24.000149 177.926138
22.750148 126.740766
38.390774 95.051588
40.371249 99.814206
35.534313 105.184806
36.573284 189.169105
33.929832 206.318293
42.006863 70.025744
33.218423 205.883295
46.479171 60.706082
50.320145 214.459512
44.952687 218.821027
53.127651 77.841031
40.161021 234.815159
55.502000 256.455766
57.257446 248.400463
52.969910 84.809857
51.083317 267.803055
57.710348 275.492682
67.774692 289.244784
59.793550 86.964773
65.293283 302.474895
70.840672 314.138442
81.327972 89.822564
80.958424 305.713985
83.358565 92.432400
89.920338 323.921047
97.313001 330.403666
98.265500 95.155716
93.749488 344.973611
92.825482 536.072714
101.544050 546.509951
101.608120 106.252004
100.747111 350.745291
105.387834 532.529694
97.728284 548.439920
112.939511 358.425895
119.825740 88.994698
115.722354 524.426195
117.955372 548.946826
113.001845 359.186325
131.225010 91.202742
117.538306 505.047830
121.907966 376.217460
127.050026 556.011940
135.703328 389.575062
134.371056 405.718911
127.410739 413.095454
124.799064 475.547231
137.918325 491.890691
143.294081 86.447729
133.179121 379.823220
131.145421 417.905011
135.360551 457.178369
139.900129 483.272950
131.949896 554.900991
140.466537 433.868724
143.937815 440.359650
135.755159 449.918850
140.118819 79.315345
148.033781 547.866934
150.098698 77.060426
162.663413 542.756340
157.328507 66.084661
164.414665 77.138646
162.731782 96.098879
151.823374 105.021961
164.387107 111.323650
162.138261 130.740132
166.764008 130.360308
156.940955 144.661163
163.568730 524.828164
162.478862 155.687950
168.202232 517.001534
164.791410 514.347606
176.046651 158.497376
188.743330 161.194375
183.752635 515.334227
183.032241 461.826314
189.888227 477.832208
185.675884 159.670502
192.610927 513.192126
196.695091 447.700010
190.599436 477.735505
200.774564 506.772007
194.344928 425.170515
200.597776 485.507668
201.509291 149.692026
205.155414 509.090290
206.040037 425.520551
217.012295 149.664346
215.928200 424.511066
215.158941 395.683846
215.012524 391.840953
215.384556 140.317233
226.593104 376.661765
237.635733 144.740142
234.373549 366.619906
250.071474 365.525153
238.351191 136.142971
250.794547 135.736424
245.968622 369.049243
257.559683 367.493184
256.347104 131.595250
278.692503 374.950111
264.075660 136.868131
270.332774 376.556019
276.835100 135.894592
281.461338 384.050366
283.691678 139.988702
300.398154 380.543654
306.035304 139.396584
305.113203 382.057980
312.983085 125.941399
313.962106 384.031808
320.544389 134.424761
324.704892 387.769982
337.035986 136.238434
336.603551 385.641570
337.570338 143.204206
332.847157 512.070111
331.254681 405.123524
345.088105 514.338201
357.556530 139.719169
342.495192 498.459764
342.459898 417.476892
353.317929 512.442877
363.681314 415.789458
357.497353 147.589311
363.407173 491.077457
369.137565 416.762895
353.201719 516.334336
357.508475 152.934906
370.265303 485.106217
362.628020 433.682375
376.370736 477.702100
374.290725 526.579871
368.507291 146.575860
377.569632 443.620451
375.585888 449.020045
382.070092 471.587131
380.146582 472.712749
380.181085 513.025765
379.268950 147.673487
391.302809 503.686304
393.676196 156.997952
389.470003 487.284256
410.524471 508.410627
408.156348 509.783725
413.011352 157.463956
411.432106 484.895744
411.537115 469.176020
411.479145 503.975671
419.391245 526.758387
414.634107 162.497858
417.024627 464.060000
417.028744 492.763195
434.325708 458.756433
423.191443 481.254254
416.404065 473.014799
423.198468 526.424399
422.595921 159.101925
443.131581 448.717546
435.192541 148.888038
438.709412 519.828014
448.378093 143.151728
440.680963 516.254630
448.332626 141.467332
451.756106 502.219921
459.808136 123.188452
460.048541 489.491664
463.919572 117.984906
462.958836 360.665533
453.747725 369.092654
462.137046 375.235984
462.797497 471.939746
471.050366 338.820990
472.641030 392.294439
462.549901 404.912196
456.637616 455.491585
470.120316 453.496594
469.613616 108.096759
475.156036 192.424765
463.662321 396.197364
465.738271 413.521227
473.578387 426.883321
463.994875 438.055018
469.937253 200.649238
465.371041 353.377496
479.944689 326.572907
493.672080 209.582249
477.518290 188.200216
477.319524 92.697885
482.282012 220.256186
497.647697 306.782843
488.133375 165.247273
470.215169 92.188046
489.479952 231.294454
476.037667 228.255232
481.503401 298.504506
489.065466 170.089548
492.059285 245.946864
479.855990 264.217888
496.294097 271.719813
485.275218 285.043297
491.265831 285.861665
483.596117 83.786484
485.403609 145.090260
499.133208 73.912290
489.892808 128.037320
501.597801 143.085964
508.302146 70.787852
517.756224 126.568115
519.528693 116.807514
519.598702 65.085078
527.623418 105.286832
529.192730 59.948699
534.162753 112.117672
530.683775 51.447390
540.042442 102.171455
546.655105 65.608187
547.511449 109.194817
553.953223 169.273800
551.622017 57.039069
559.754565 165.336096
554.158138 191.129178
558.806921 116.710523
563.049496 123.253982
563.347182 138.566642
562.259634 145.454212
564.236313 157.564618
568.934011 68.009738
565.938778 184.012237
579.879725 73.052706
576.247489 186.741265
583.087012 77.523303
589.004168 178.264012
587.909115 84.839371
608.907610 165.795686
588.456278 106.410307
595.407301 110.032711
600.278258 162.217125
593.534932 118.802099
600.164946 126.728936
606.033437 140.572582
604.190086 155.319073
