25.256950 129.963985
21.769747 148.460704
23.663258 151.309246
24.894983 160.936445
31.765134 70.350806
27.245841 79.177744
24.671595 171.047409
26.755424 178.546876
31.696730 122.444542
35.243838 91.041469
34.012607 102.704842
30.811167 107.552689
31.021404 183.973715
31.524170 202.240794
41.698715 64.399907
34.469328 212.434015
44.843442 69.662145
49.301938 214.132988
47.180140 224.672423
47.478815 76.950454
48.796667 235.645730
60.679812 262.676765
53.567949 248.353266
55.859071 84.570940
57.689995 268.120596
61.665885 283.405787
66.551819 291.205696
64.638092 92.544418
64.308727 296.434825
75.342223 311.244273
81.835644 99.643291
83.337743 311.369463
82.005305 92.436333
85.826218 328.865492
92.190643 329.324496
98.945215 88.824298
97.677220 338.430206
97.083312 532.647613
98.689937 543.335408
105.062630 101.853769
106.040411 346.159255
108.734214 527.945254
110.338825 556.068976
110.475583 358.501476
120.039241 98.874204
116.389430 525.501605
119.328803 559.438640
120.621906 363.954389
121.740200 88.226369
131.310238 506.397464
128.316317 372.304879
125.637952 555.764671
136.124819 392.531024
126.280747 403.483040
130.178308 409.297530
127.534124 470.386698
131.886405 498.161923
131.761584 89.166091
134.595836 380.709342
137.848041 417.065383
131.374241 462.746878
134.990154 487.662544
139.517758 552.849996
139.877045 431.702864
136.776086 440.662190
135.853373 448.751145
138.487134 76.744541
145.378336 545.894599
141.632999 71.471340
157.359810 538.218954
159.274404 74.034619
163.405875 82.181140
164.816056 91.281075
159.368590 105.630804
162.887311 111.033404
162.578352 126.247139
163.059206 132.027642
161.376048 146.241464
160.951563 533.156116
159.366544 152.776992
163.603211 521.589954
171.669211 513.799768
180.025454 155.189212
181.635255 167.065861
182.889969 514.974275
189.087994 458.714511
190.419299 469.067435
190.715129 162.425110
193.535393 521.160412
194.532068 451.363618
195.838679 478.017138
193.658618 509.350096
198.653406 428.626715
198.000817 489.118793
199.444586 153.594896
209.017578 500.993153
206.896714 423.480828
214.313739 156.137218
217.662370 410.954371
212.974877 402.625477
216.461581 387.684466
221.684317 150.659046
221.343669 386.144239
232.785815 144.995672
237.238295 370.997082
242.633699 366.842181
241.748747 142.560995
250.889274 137.940681
248.087030 368.055902
259.305361 365.916708
259.603406 132.222846
269.255982 366.979281
266.497833 134.643090
271.213422 376.407532
278.597032 137.076298
286.344419 371.933413
287.329216 133.152044
298.160301 378.453878
292.765421 140.746568
312.425333 384.830510
302.303965 143.326722
314.123085 385.737699
313.324245 140.177652
326.370731 391.293867
326.392625 141.775683
330.603002 400.257709
338.379944 143.193982
335.425377 502.010153
344.354663 399.898218
347.555283 515.724724
343.664532 147.058666
345.508130 499.001477
349.950834 411.988097
355.246275 519.122300
357.248080 421.629113
361.132415 144.607095
359.521130 496.047789
363.564689 426.376455
363.482265 522.042716
368.056491 142.654516
363.970003 486.743993
371.560002 433.494614
375.616004 478.996839
367.077970 521.255273
376.171363 149.778712
377.768522 443.495225
379.311500 447.893796
379.047895 462.880616
378.956387 468.288432
386.710904 514.478162
388.670219 152.788504
389.033888 500.845951
392.980299 153.362258
399.496111 495.328862
400.102381 514.106259
404.528120 518.991467
406.220379 156.021560
403.745508 489.574591
402.823137 475.877650
410.001567 505.862318
417.611944 531.265506
411.577245 154.362942
419.607801 460.956662
417.727404 490.546841
415.495242 447.417859
423.432752 478.036294
420.088833 471.159501
418.651916 521.003416
425.003370 159.234633
425.505697 448.391457
431.098304 147.860089
432.183340 526.420663
446.534427 145.267063
442.360369 517.126729
446.117140 133.755075
443.771619 506.722893
455.182615 119.354708
456.396738 493.859234
459.434913 112.098273
459.880807 357.810528
459.221609 371.415726
458.947119 383.287539
459.291895 473.666513
461.283611 350.268836
467.028698 394.666470
462.281487 399.765249
464.867062 456.209058
468.646253 466.641487
471.823785 101.949050
475.566654 190.272913
470.872372 401.645766
463.733677 416.497821
476.056127 426.156120
476.457123 441.627700
477.982053 197.665727
477.367978 345.709071
476.805590 329.267912
478.285810 209.062674
476.034852 185.268401
480.027263 94.437471
480.532025 220.243156
485.560821 311.955632
481.503879 165.725270
486.637941 83.862638
486.150735 228.844916
482.495208 237.621360
486.645553 303.044620
491.752445 159.036212
493.787066 244.282333
489.759914 256.765388
490.268966 268.485963
493.395711 280.954181
487.222984 287.498672
491.419132 81.145879
495.859581 152.335364
497.823665 76.736494
501.269114 140.030843
508.049716 142.111595
513.582329 67.838139
516.151981 128.064707
516.268975 116.006926
521.041739 66.869043
527.530726 110.385960
531.184672 63.980748
534.647106 101.701285
539.782216 67.687168
544.260707 104.623259
550.430351 65.461771
556.723061 107.821902
550.854946 175.213658
553.707748 63.083297
557.838240 165.336875
553.742739 187.600895
560.823123 114.377478
566.816110 128.319989
562.562207 138.439914
565.535011 149.336245
564.545663 158.040766
564.881682 67.537679
566.242813 189.309663
574.530360 76.154018
582.875570 187.080458
578.586844 84.032636
583.475677 174.728279
585.468917 87.072441
591.074517 166.617601
597.507794 96.841362
596.632774 108.913123
599.103750 157.278677
598.462888 115.498483
600.413575 127.787327
601.006090 139.480025
598.110429 146.934835
