24.000000 132.000000
24.000000 142.000000
24.000000 152.000000
24.000000 162.000000
29.000000 72.000000
29.000000 82.000000
29.000000 171.000000
29.000000 181.000000
32.000000 124.000000
34.000000 91.000000
34.000000 101.000000
34.062916 155.277483
34.000000 190.000000
34.000000 200.000000
37.000000 64.000000
40.000000 208.000000
45.000000 70.000000
48.000000 215.000000
49.000000 225.000000
50.000000 79.000000
52.000000 235.000000
54.000000 262.000000
77.690972 221.523993
58.000000 85.000000
59.000000 271.000000
64.000000 280.000000
64.000000 290.000000
67.000000 90.000000
67.000000 300.000000
65.526349 333.991556
77.000000 94.000000
82.000000 315.000000
87.000000 94.000000
87.000000 324.000000
94.000000 332.000000
97.000000 94.000000
99.000000 341.000000
99.000000 537.000000
99.000000 547.000000
106.000000 99.000000
37.872443 343.036257
107.000000 529.000000
107.000000 554.000000
111.000000 358.000000
116.000000 95.000000
117.000000 524.000000
117.000000 555.000000
119.000000 365.000000
124.000000 89.000000
124.000000 507.000000
125.000000 373.000000
127.000000 555.000000
112.908459 401.119494
129.000000 402.000000
129.000000 412.000000
129.000000 472.000000
129.000000 497.000000
133.000000 84.000000
133.000000 380.000000
134.000000 421.000000
134.000000 462.000000
134.000000 481.000000
137.000000 554.000000
139.000000 430.000000
139.000000 440.000000
139.000000 450.000000
140.000000 76.000000
147.000000 549.000000
148.000000 69.000000
155.000000 540.000000
157.000000 74.000000
160.000000 84.000000
160.000000 94.000000
135.744092 83.896826
160.000000 114.000000
160.000000 124.000000
160.000000 134.000000
160.000000 144.000000
160.000000 530.000000
165.000000 153.000000
165.000000 520.000000
173.000000 513.000000
217.420908 156.966510
183.000000 164.000000
230.810944 539.549305
190.000000 460.000000
190.000000 470.000000
189.637616 192.919919
192.000000 520.000000
195.000000 445.000000
171.069627 475.822585
177.639586 515.459453
200.000000 430.000000
200.000000 486.000000
202.000000 154.000000
204.000000 502.000000
208.000000 423.000000
212.000000 154.000000
225.620331 390.730815
215.000000 400.000000
220.000000 390.000000
222.000000 149.000000
225.000000 380.000000
231.000000 144.000000
233.000000 373.000000
239.000000 365.000000
241.000000 140.000000
249.000000 134.000000
249.000000 365.000000
258.000000 370.000000
259.000000 134.000000
268.000000 370.000000
269.000000 134.000000
277.000000 375.000000
279.000000 134.000000
287.000000 375.000000
322.321110 144.919656
297.000000 379.000000
298.000000 139.000000
305.000000 385.000000
308.000000 139.000000
315.000000 385.000000
341.942411 139.958712
324.000000 390.000000
328.000000 139.000000
333.000000 395.000000
337.000000 144.000000
339.000000 507.000000
340.000000 403.000000
344.000000 516.000000
347.000000 144.000000
347.000000 499.000000
348.000000 410.000000
354.000000 520.000000
344.338951 436.245383
357.000000 144.000000
357.000000 494.000000
363.000000 425.000000
364.000000 520.000000
366.000000 149.000000
367.000000 489.000000
370.000000 433.000000
372.000000 479.000000
374.000000 520.000000
376.000000 149.000000
378.000000 440.000000
379.000000 450.000000
379.000000 460.000000
399.421790 483.546091
384.000000 517.000000
386.000000 149.000000
390.000000 500.000000
395.000000 154.000000
398.000000 493.000000
380.401628 537.005800
408.810054 506.992456
405.000000 157.000000
405.000000 485.000000
410.000000 475.000000
412.000000 504.000000
414.000000 525.000000
415.000000 157.000000
415.000000 460.000000
417.000000 494.000000
401.701347 476.612190
443.785620 499.837947
424.000000 472.000000
424.000000 525.000000
425.000000 159.000000
429.000000 455.000000
434.000000 152.000000
434.000000 525.000000
442.000000 144.000000
442.000000 519.000000
447.000000 134.000000
450.000000 505.000000
454.000000 122.000000
479.110438 495.315428
459.000000 112.000000
460.000000 360.000000
460.000000 370.000000
460.000000 380.000000
467.115952 472.194124
465.000000 350.000000
420.338462 387.069267
465.000000 399.000000
465.000000 455.000000
465.000000 465.000000
469.000000 102.000000
470.000000 190.000000
470.000000 408.000000
470.000000 418.000000
470.000000 428.000000
470.000000 438.000000
472.000000 200.000000
473.000000 343.000000
475.000000 330.000000
477.000000 209.000000
478.000000 183.000000
479.000000 97.000000
480.000000 219.000000
480.000000 315.000000
483.000000 173.000000
484.000000 87.000000
485.000000 228.000000
485.000000 238.000000
485.000000 305.000000
490.000000 160.000000
490.000000 247.000000
490.000000 257.000000
490.000000 267.000000
490.000000 277.000000
477.272561 277.356393
492.000000 79.000000
495.000000 150.000000
501.000000 74.000000
505.000000 135.000000
505.000000 145.000000
510.000000 69.000000
513.000000 128.000000
518.000000 118.000000
519.000000 64.000000
525.000000 110.000000
529.000000 64.000000
532.817405 74.397847
539.000000 64.000000
544.000000 105.000000
549.000000 64.000000
553.000000 110.000000
581.296943 158.022741
559.000000 64.000000
570.866411 188.703715
559.000000 186.000000
560.000000 118.000000
564.000000 128.000000
564.000000 138.000000
564.000000 148.000000
564.000000 158.000000
568.000000 69.000000
569.000000 187.000000
577.000000 74.000000
596.175521 184.718403
580.000000 84.000000
585.000000 175.000000
588.000000 90.000000
580.276026 172.166270
595.000000 98.000000
576.487497 101.370256
598.000000 158.000000
600.000000 117.000000
600.000000 127.000000
600.000000 137.000000
610.716698 147.041891
