78.921628 659.266007
140.960382 713.296258
155.503268 562.728595
232.111722 759.792355
288.667432 453.844108
295.758258 957.487964
308.357593 945.520049
317.349061 966.290929
319.168643 938.692693
332.654866 958.373175
330.310839 774.954004
337.294430 931.176317
354.188904 955.336834
367.152298 929.591362
370.727729 769.967821
366.881694 915.778994
370.946766 832.874005
378.274698 883.977258
379.833640 866.222965
374.703161 945.886104
392.813467 820.627514
394.901607 926.167904
394.172488 423.209487
392.851827 953.315314
393.610008 772.754825
394.297607 900.998418
393.368411 937.459501
408.680360 880.848071
406.130128 832.459413
411.529804 854.554591
419.663891 932.599452
423.637011 960.514549
435.598328 942.686363
439.111945 965.670287
471.339394 757.256280
504.396741 438.456099
514.878524 133.934886
519.876041 111.513231
536.886338 126.858135
542.511580 95.250795
563.190831 127.808487
583.402164 138.099467
590.209531 74.555383
606.775125 431.041199
614.398508 729.247068
620.371453 59.547634
627.866622 139.129528
638.109906 47.037721
658.687000 44.853960
665.631119 119.029139
695.250657 325.206806
696.482844 697.569441
708.635664 109.037185
723.395894 43.792813
725.222911 127.887351
735.058061 264.785768
751.191316 60.843247
752.482746 190.886127
760.343371 609.247282
781.142077 556.864497
792.959862 504.505770
798.773027 445.028113
798.729929 384.906425
805.600514 122.819670
813.840311 139.105254
814.758618 334.319851
817.940733 275.028299
819.936921 208.085624
832.700581 236.698340
619.162112 83.073240
633.951123 88.991066
636.763262 80.358899
640.583383 73.315684
631.064725 73.382461
