84.917869 665.102830
81.233531 658.802085
78.203103 660.392325
133.911761 718.559238
138.264646 712.746273
131.798670 721.490654
156.965438 557.188531
162.186593 557.892948
158.145452 556.142931
226.396460 752.112877
228.384381 757.484419
221.812148 757.054279
299.721647 450.209566
290.603027 444.616416
289.598031 452.293472
297.883322 952.241709
291.528838 965.577953
295.643113 956.736650
305.395966 944.515932
300.069061 940.092195
305.029675 950.170543
311.641771 960.716211
307.403381 953.044622
312.488103 965.146326
321.885132 938.702329
330.067988 946.937080
317.677681 937.378821
333.888484 952.594766
321.312039 956.905908
332.880951 955.678480
341.899203 777.818793
345.584650 778.517069
332.004334 776.527866
341.802028 931.907948
335.860992 934.701482
336.101162 933.139486
358.002502 952.215107
355.755651 952.633487
352.938757 940.257522
367.143702 929.602009
364.171992 922.593421
362.735379 929.874713
376.225007 784.554103
361.691819 783.056979
364.155985 780.559059
382.674233 909.527095
367.402183 913.816012
363.246051 914.443188
375.861378 828.483844
376.079632 830.338364
374.604750 822.804319
381.424103 879.115937
371.786988 893.081853
376.341406 884.731565
375.949340 857.722344
378.053135 863.379512
377.114539 863.018936
380.962092 947.547255
378.398773 950.482377
384.929903 938.336567
391.192417 816.070619
396.910816 826.197288
388.118149 828.977453
394.337617 932.605683
403.849787 912.869317
389.435496 920.388550
404.257222 433.379233
399.817235 432.937024
398.273498 426.270652
403.423828 947.252256
391.805958 958.981530
394.435444 953.716986
405.255534 772.028146
398.298607 775.322218
407.112331 763.883782
399.635261 903.274949
400.953287 896.158446
394.743830 902.001415
396.217698 924.159324
399.711711 933.123682
398.421037 934.326463
402.854835 883.154710
414.376898 879.021914
407.444106 877.817208
408.828305 836.439162
403.529202 838.958498
411.222288 833.861875
411.119139 856.486875
408.171039 866.426536
404.765038 854.576114
419.105665 936.601113
422.399792 943.374768
424.243261 938.497316
410.062790 958.962376
423.207667 949.334311
418.800949 958.717860
439.257255 931.755839
439.429463 951.766259
433.934320 952.896380
439.425429 961.286998
436.858241 961.272944
439.581295 960.740959
476.745446 759.846776
474.344839 765.935550
469.266726 750.830097
508.020855 437.630558
504.915232 438.073561
516.059766 435.895834
510.166831 133.348761
516.904322 132.561432
516.035729 124.374268
513.147920 113.003545
513.639918 108.219562
522.180293 104.778792
539.570148 135.984607
539.156829 131.659248
533.130405 133.724852
553.138289 92.102474
542.867240 94.874287
542.060267 95.028785
563.177237 127.543802
567.968901 135.743946
564.870747 123.336469
582.459450 130.294615
586.201010 132.319012
583.940975 124.201277
586.526496 62.306847
589.622316 76.451725
591.983925 72.929344
591.950523 440.337133
606.729233 435.225052
595.565295 441.241286
606.683899 733.173955
615.381646 725.534295
616.993973 731.640694
614.805146 58.110813
610.144546 57.424559
620.618091 45.028559
620.694834 135.524018
626.191130 132.881798
631.677345 134.761639
636.745735 45.195081
627.845615 44.779336
635.449349 55.952876
661.962115 50.782073
657.163319 44.211786
668.282743 42.623630
662.120999 113.219586
666.294721 109.152820
665.762873 101.990210
695.012252 327.706496
699.200250 330.850251
694.924990 330.100971
695.088233 699.022835
703.023103 689.162027
689.628375 702.792823
710.004954 108.995830
710.531501 112.624959
709.199226 112.048830
727.491968 48.697510
720.555409 38.165815
723.370483 48.432596
718.914278 126.443866
714.275050 126.782772
727.667994 118.153855
727.870013 253.489513
731.038185 259.099539
730.816415 263.023650
743.055436 50.115523
747.665915 49.687427
747.787971 57.710078
761.050561 186.999939
751.302201 186.442367
754.587733 184.815044
759.765820 612.437032
764.538597 602.034436
747.677696 611.159462
783.168243 561.678713
776.454630 547.848588
773.861780 550.833103
791.519187 507.187484
800.810048 499.131998
791.669272 509.472434
800.442111 446.588272
808.656938 436.082311
798.421349 446.465331
800.939723 386.127882
808.287770 378.271909
803.118213 386.190120
809.679166 113.515324
795.818270 113.409525
793.413963 118.634929
812.973881 131.805589
806.667183 139.167901
815.755948 128.084514
802.159970 332.735744
806.763221 325.099126
807.337615 334.794458
821.758830 270.898975
814.911292 278.582551
821.410103 277.740346
827.336354 210.067567
814.852761 210.777671
824.540313 212.274378
834.178554 236.698988
826.672800 223.963202
834.428768 244.479818
622.477480 83.849886
621.936024 76.178061
625.927661 78.949039
630.502515 79.107528
634.241448 92.921240
618.815054 93.124719
639.478792 85.339613
633.483558 88.724727
637.421959 86.809754
646.594959 63.379731
641.296670 74.314549
642.501574 64.186361
626.267504 69.573623
624.665580 77.161150
628.447582 62.731513
