6.738141 659.914415
13.750596 652.483172
-4.783032 649.431683
-4.363510 657.778374
1.950975 652.358817
8.285855 650.092993
-7.543196 651.557605
3.724125 645.304284
12.751202 648.871802
-5.910453 648.818567
-3.558603 655.021766
5.941755 652.682269
10.060074 604.387536
6.829299 597.785721
11.027298 600.086809
15.245802 600.253417
19.414861 604.663489
18.416296 591.983947
20.594337 596.118214
9.464099 600.057476
1.094602 606.428170
15.844429 610.158691
8.423184 596.599887
-1.401013 599.564223
13.190180 697.509421
11.025290 700.182607
10.481221 698.301891
15.205658 695.787135
9.001978 693.568398
11.765619 699.109014
10.127233 693.579513
6.028750 701.521922
11.636546 699.932615
15.633206 705.960053
9.573252 692.524079
16.427067 704.796841
33.119281 565.583581
27.428251 571.377641
29.030892 572.806056
36.385893 568.887364
26.523847 574.403039
32.284749 569.315296
23.366147 570.265183
35.567181 572.180621
20.487695 568.943095
20.987216 567.732203
22.597810 572.696871
21.643400 568.443575
36.935628 732.614802
22.291818 723.833073
16.545894 734.166985
33.059836 737.608311
23.087683 726.236310
34.253539 738.018309
26.962694 730.474704
21.233897 727.934229
17.998792 723.224615
23.381162 726.492148
26.058692 735.313526
27.123355 728.391098
44.038312 538.557015
35.030519 534.628454
42.526648 545.610061
38.109348 534.694878
44.839416 537.648335
53.741192 535.803650
50.414102 541.408332
32.684522 540.338941
44.879091 537.503571
47.306575 532.350898
48.019281 531.069479
37.012031 539.078589
40.871913 768.500195
57.683951 755.808995
40.489749 760.136606
49.325738 761.085279
56.107824 765.850991
46.061203 758.976192
43.604075 757.097788
51.733159 762.109439
42.532890 751.846228
50.986002 760.594478
48.118128 765.532826
50.963439 756.886670
66.212162 510.115789
71.383089 506.802654
69.627745 502.632376
60.808114 504.438878
79.296799 503.755256
74.885114 512.934365
73.583805 505.040643
79.045123 499.230858
70.146711 505.947998
64.979415 504.688743
64.967655 513.758882
79.122369 501.971168
73.595749 783.301642
83.872999 784.726902
72.628339 790.490725
76.282341 791.700632
65.981135 786.745307
79.309539 791.208110
75.478493 793.474448
74.276374 787.455044
77.500436 790.321529
75.904759 793.996246
80.460387 796.356632
84.292844 800.073861
107.461087 474.257177
98.757918 484.390052
102.127812 473.842031
103.181483 483.014558
102.261369 483.510804
112.016197 482.511460
100.485455 478.689687
98.703325 488.032292
108.266146 487.843044
101.549757 479.615953
103.524197 480.873029
102.670756 477.776996
115.646913 813.203651
108.443840 818.646272
108.566265 812.728532
96.910680 814.374859
103.647571 813.350692
110.227007 815.481700
109.802272 821.921163
106.522992 813.750733
103.787605 811.961114
112.638133 815.577534
111.047920 818.278805
115.522630 824.538577
138.702691 459.852627
134.668942 464.026547
124.625835 448.855785
132.295699 457.728676
131.674162 460.531949
130.876310 458.352780
129.867165 461.218905
128.547971 447.946415
138.244715 452.935181
122.520818 450.356638
138.992686 461.132215
130.337987 450.477013
140.377045 839.218782
144.791923 831.660404
139.600478 831.428273
137.263444 830.985815
132.011511 837.631200
146.665157 828.459758
140.082914 830.622008
139.815065 843.053012
141.219518 830.957190
145.510880 839.867647
145.200901 829.993045
150.177362 828.610263
171.021801 445.033478
163.641087 453.645014
156.057354 454.496089
163.771654 458.335968
162.726259 454.972057
171.490444 441.386423
161.945787 448.587652
157.829876 452.520314
162.495682 446.409009
153.938021 442.900858
162.560619 444.039607
165.822347 450.016885
159.538633 839.625704
172.643887 834.464031
170.473260 832.799750
166.992347 839.693069
159.338121 842.162821
170.511606 836.965769
172.010533 839.348172
178.320105 846.376020
170.450030 844.986413
177.805225 835.576889
166.575956 833.520854
170.351280 828.842066
195.436564 449.638179
186.309943 443.704878
198.957522 447.320157
202.220400 442.293964
199.545394 452.910894
198.058785 454.371139
196.698012 439.141353
194.221879 447.008095
199.121575 446.087368
197.251997 439.638238
197.066345 440.315200
193.522449 442.722905
197.630632 828.806973
205.995541 833.289604
195.081310 839.403315
198.508859 834.302790
208.316002 839.330177
212.896970 841.175637
201.937263 830.143935
207.898318 838.432704
208.617914 846.856073
201.280502 838.455027
208.204396 838.157959
211.472062 830.991605
226.090033 449.703421
224.218548 450.938834
222.700034 446.107458
227.871599 447.997357
225.459161 446.025532
219.881440 456.095896
234.589003 452.129033
219.593756 447.740347
234.938652 440.908919
225.954223 448.633620
223.296571 443.068136
224.708127 443.120122
223.336308 846.378978
244.638103 842.067771
238.172800 838.407059
239.651768 844.167416
230.932715 842.657231
230.658716 853.658151
231.645352 852.379481
232.291839 830.680050
234.963371 846.389573
233.786833 840.717523
230.537980 840.824214
230.727621 841.589534
252.386204 430.791185
247.046366 429.771786
253.258335 424.275286
256.344142 434.182639
251.162752 426.131202
267.042746 434.241409
261.757513 429.242153
256.422242 431.501540
254.286533 436.525236
257.830806 437.604420
256.901456 435.767652
258.740548 433.304526
264.593188 850.598939
271.662568 860.821594
259.446583 852.829176
258.125348 854.888098
263.572536 863.143025
266.394747 855.933051
262.665459 855.006405
260.133193 846.606145
267.735645 857.148889
266.279762 864.314347
268.558378 862.522984
261.547469 853.043592
285.639805 405.626709
285.505307 412.862472
282.770186 410.773557
273.653915 406.839643
281.806998 410.965972
286.616872 407.362615
292.569427 405.921181
275.507944 408.434787
294.496033 402.202285
281.994477 409.403036
288.487518 408.386138
285.322034 410.537200
291.348443 888.240846
288.046917 885.249289
297.809411 882.171932
290.183211 882.005536
282.484183 877.032352
294.211565 883.238371
285.628955 872.308645
288.537275 879.575373
284.920422 879.011876
289.582568 883.472177
292.265666 870.398972
291.410655 882.757142
309.640469 389.925812
312.843849 367.446878
316.854829 375.722519
312.156657 388.722156
309.866256 368.972870
310.619197 376.842407
306.013391 386.098679
311.680623 369.372377
312.749171 378.467646
305.662260 373.073505
305.144288 379.849342
305.928363 368.483016
311.462422 912.492311
324.636341 913.771835
315.767783 907.158103
322.433103 918.541752
309.044672 904.897393
316.855916 910.002435
314.841984 909.552612
318.480775 908.050114
317.905257 905.936204
311.459634 916.410415
310.609192 920.130072
303.610630 913.183809
314.031033 350.267325
311.393047 351.821994
319.588728 353.752197
322.791459 345.846714
330.700483 344.058149
327.126533 336.900694
317.968447 339.019227
319.949258 355.673047
332.673872 349.295379
321.431893 347.074276
327.949484 344.893153
320.498845 345.323737
322.779222 947.502612
332.124994 944.385257
333.937494 941.278534
338.573516 943.353504
325.458349 935.004366
341.333753 939.774573
339.139208 952.119633
332.525295 943.233042
334.864701 940.414102
337.980989 940.064155
344.468120 945.181529
338.537861 948.838557
344.539746 321.753481
328.250700 315.239327
328.624927 318.335569
345.867434 316.980500
341.269456 306.308236
334.502190 315.334988
331.103430 311.996868
330.311504 319.155093
337.398266 314.240814
338.591619 315.074210
343.074085 308.161284
339.924735 321.840854
345.634716 287.697952
334.869460 281.001488
349.361429 278.035599
341.304989 286.210535
344.554956 285.396314
347.770920 286.214991
348.732743 285.504898
349.492931 282.456326
340.187651 284.043524
355.218136 277.475876
341.824001 282.211710
337.913631 281.227091
343.420047 985.002857
346.719434 974.206742
336.632504 974.281771
348.174367 964.457708
339.854018 975.779847
351.163888 983.441268
346.537187 971.872212
351.797365 976.264462
351.743032 975.918384
345.541333 973.508629
350.372258 973.879396
351.598094 984.261606
350.176379 251.404946
354.799159 252.378494
347.563425 255.623983
348.886013 250.073505
358.524698 246.820226
352.677855 245.997615
355.766969 252.625845
350.292574 252.801244
352.591993 254.762901
350.805403 241.372629
353.728371 257.742097
354.391654 254.322294
365.933979 499.340091
356.302671 507.053130
360.277742 513.170947
363.395818 495.694165
369.313001 500.812491
354.888678 504.753160
364.168783 498.680060
365.223425 504.690015
366.917583 499.595344
357.256532 495.772988
367.171210 489.600878
365.451866 491.200075
361.855143 575.505463
369.151612 585.500307
367.938471 566.742161
365.679948 578.421212
362.640346 576.689772
373.024772 583.073863
368.551229 568.729184
363.100719 570.419720
364.018702 581.012020
361.820253 582.602421
373.924129 580.418812
369.916978 583.067381
373.418878 713.695685
366.362845 713.845038
365.123202 713.882849
363.896548 702.405948
359.931331 708.410338
357.868333 711.042505
368.454029 716.706292
369.272628 709.767479
364.931021 714.193908
378.085758 711.515871
380.315734 712.732376
370.300585 710.148018
379.155693 787.200417
366.446002 792.861507
367.414162 792.112596
360.070999 793.805255
368.824014 785.368095
366.993542 799.157091
374.279908 787.314318
370.330295 787.839887
368.587914 788.684864
368.880654 784.159947
365.026357 778.031163
372.119821 788.589406
360.738485 1007.653540
362.118632 1004.785885
355.902867 1008.854806
360.436811 1007.267440
357.599977 1002.247475
358.773485 1006.600442
357.754816 1008.922300
360.394125 1000.608980
368.538447 1011.353460
353.933405 1010.814420
358.135139 1001.511336
359.660262 1003.392412
358.101245 227.848349
363.668662 213.585249
363.472213 228.152040
357.379035 214.958714
355.395283 217.990703
356.419638 213.884269
370.128629 216.938561
373.221269 218.353917
351.366422 222.112095
370.574590 216.342980
360.350391 219.174403
354.966744 218.105878
367.795195 175.884789
365.495001 180.580963
367.875787 180.930384
365.822920 174.765132
375.244301 188.471978
365.799150 193.076519
365.562846 180.958880
370.814791 178.016082
369.153579 193.701475
379.404263 189.383640
378.358516 183.591336
366.021283 185.668669
379.230159 1041.029680
368.916909 1035.114882
379.622793 1038.406274
372.929824 1029.480243
369.936971 1037.944072
374.133858 1036.301246
372.368323 1029.876864
371.395166 1036.935230
368.494907 1036.627711
371.947235 1036.161369
368.968433 1034.442170
370.609170 1046.046666
383.876896 155.309590
373.371644 154.713051
373.280627 153.537972
370.328351 161.633946
377.059731 146.650838
375.876794 153.735249
374.668727 155.321994
378.549560 144.707996
383.880863 147.525245
378.110340 152.465810
374.622945 152.686941
377.371504 153.058568
387.183896 1068.915196
387.540395 1062.752467
371.747094 1072.281157
382.363307 1070.088059
383.603029 1069.837706
381.170148 1081.899441
384.273340 1076.139314
380.687729 1072.308737
380.616194 1067.352213
384.414515 1073.729696
384.501829 1063.450418
372.241354 1076.363596
387.737157 490.838064
392.784616 494.248540
388.128905 494.214919
389.544349 488.744201
405.793223 497.841313
391.724113 502.907258
398.298624 492.193819
392.820316 482.056386
394.391320 498.503994
400.497676 502.611661
396.778493 492.917257
394.885116 492.301622
404.905936 589.855415
392.130099 590.803690
396.095971 589.131124
401.372178 585.851139
394.705296 590.267144
398.097065 579.499714
391.720507 585.641195
396.307386 586.483259
399.397422 580.327261
394.285146 598.234252
395.702204 590.995330
396.523827 585.663082
389.322253 124.646495
386.216994 110.547402
386.626791 118.896574
387.181386 121.851160
383.316799 118.092867
394.035404 131.516691
392.882117 124.509563
381.421314 129.710460
389.992341 116.102358
382.179273 119.670228
395.854256 115.593898
391.520155 126.602238
402.407966 699.712428
402.368385 704.754157
399.812681 707.206678
387.826778 699.753959
406.184494 705.088668
401.028158 702.239251
405.800515 704.034438
399.235931 704.562661
394.717050 709.840378
395.092221 695.971616
396.616591 703.531067
401.293596 701.619702
392.788863 1101.018656
396.462478 1098.844604
398.129968 1109.618598
401.044851 1101.939850
392.079806 1104.192923
387.558253 1109.206504
393.519338 1100.819743
395.395231 1106.905342
394.439963 1099.887761
393.585966 1101.345906
402.711842 1096.145949
392.870472 1105.223085
395.644009 92.429974
389.617743 81.928527
399.148068 91.493066
402.919372 94.779042
389.512141 88.917084
398.924681 89.386882
401.278768 98.429576
399.110563 89.509753
404.029657 85.482681
405.010685 96.111179
397.982049 88.869113
402.022593 86.232523
416.560629 1139.856024
417.395819 1132.206807
408.527414 1140.124168
402.365704 1129.989696
401.324603 1129.086277
413.770227 1130.919658
405.893640 1129.496792
407.486035 1125.790715
402.700602 1136.213460
415.621179 1137.630863
407.481846 1141.392090
401.018390 1127.572925
418.273467 53.023526
410.083285 45.997069
419.750996 48.546989
407.482190 57.074026
415.014602 56.351124
416.301254 57.564077
416.636933 53.392319
408.037013 56.299919
414.551256 66.110502
408.700604 53.625213
413.086559 56.251029
421.482641 48.868784
417.626615 492.590695
425.065381 488.949360
418.714046 485.563105
424.870128 500.163657
427.764193 487.970873
425.479219 500.270013
434.764864 496.582015
421.924495 496.691663
422.359974 485.970507
420.333208 488.800325
426.520255 487.805343
422.057437 489.926984
429.299684 592.505925
430.284850 599.156473
427.696007 588.384746
418.232899 590.464238
427.702751 595.547364
430.998132 592.851797
416.162703 590.834054
433.260925 583.039803
422.964347 589.834384
429.931808 583.411717
432.538703 596.312388
430.620057 594.227223
430.523735 698.936104
429.054209 689.400203
422.586896 699.900823
429.583860 701.748594
435.801465 690.677683
421.371420 701.223045
437.871340 689.280093
424.077718 693.478753
429.622750 699.665244
433.050754 698.819747
427.827417 692.891877
427.002980 705.558039
431.415931 1175.986944
434.581449 1167.284223
421.085216 1162.269496
428.334567 1163.915590
435.193282 1164.519472
421.655477 1165.333727
426.811754 1165.998849
433.390040 1162.439835
428.472645 1162.326666
426.649193 1165.632587
431.630428 1172.718007
422.934866 1173.168213
433.857628 35.963346
447.107063 30.349090
437.784902 38.142167
437.810795 29.664023
439.197758 16.561245
438.202979 24.342274
438.289073 22.774881
435.614736 26.968270
441.095917 29.902412
446.832511 28.159567
443.054933 26.256402
441.796902 19.744835
452.137984 524.551252
453.113742 518.936129
437.016066 530.119503
438.496283 521.023277
442.720319 529.659711
445.220344 530.604334
452.342206 519.500108
459.035527 530.516711
448.703271 526.921230
449.441957 528.744913
451.735055 537.475133
447.220046 524.628107
449.055770 556.781710
455.797104 559.498348
438.708703 549.353395
450.263417 562.186614
447.984072 552.070293
448.945731 556.426070
442.349626 556.512048
446.352787 556.691528
453.550598 561.759422
447.593443 557.851507
446.706850 559.199887
447.850021 558.061903
456.371554 1191.530307
459.682140 1191.039076
463.406950 1187.292251
455.821662 1192.507580
456.327248 1187.698804
451.919676 1196.279890
456.256293 1190.294595
450.952594 1198.841135
463.756984 1186.996864
451.586564 1197.733597
454.411857 1200.375033
442.988062 1200.013938
456.389574 740.113144
460.213889 748.013686
453.062398 733.208406
446.816040 733.310545
456.767776 740.408917
454.335748 744.946887
455.155464 737.960793
455.519170 738.951429
465.136426 736.447199
450.063956 741.919166
454.305927 735.102810
453.921838 739.815393
447.464219 488.003436
466.778115 480.236039
453.090309 492.053650
453.207758 482.540990
458.354008 493.065643
454.313152 490.890102
461.986740 487.416192
461.000010 487.638946
461.178060 487.141605
461.608444 491.009123
451.860422 494.171149
458.521114 485.101791
459.964805 590.580496
465.253252 590.056079
457.770732 588.590671
469.454327 596.433194
462.276358 585.842815
450.833149 587.774863
453.415008 593.019508
455.738782 589.152828
458.454397 590.670341
459.056760 595.936879
457.309916 588.540720
451.038048 588.705222
460.494884 707.445064
467.369906 708.249734
462.991498 696.467652
455.524952 699.768843
457.439237 701.977358
451.160071 695.360145
458.083295 701.175394
461.522595 695.914978
466.017974 691.955820
457.922004 699.814135
456.181364 699.801331
468.467890 702.319534
471.682269 8.397638
469.179986 10.654406
477.422061 3.237693
467.019470 9.363366
481.349160 6.544716
482.172676 11.267570
477.153091 10.993372
460.867505 4.618139
473.106784 17.716294
477.822774 10.787426
469.598439 11.365418
476.641480 13.236415
459.308140 541.575021
464.254791 535.274203
470.594271 547.555709
468.545114 540.291620
465.785504 538.335880
472.990999 542.982877
459.528417 539.051412
465.499154 544.210981
464.538960 542.193375
476.324467 542.262939
470.333378 546.900776
469.024294 539.535896
484.193324 1213.456517
491.269299 1219.666118
484.467617 1212.077406
484.320988 1219.766813
484.658359 1212.378188
484.070628 1216.509219
490.239208 1219.579899
478.015667 1218.946500
473.238446 1214.092365
483.791357 1210.407841
485.763684 1215.001542
494.262156 1208.803078
481.485351 496.077886
497.342752 487.503821
485.939666 494.641350
482.962493 503.754904
482.282527 486.850448
489.972882 498.792424
492.392764 503.211203
486.650790 498.285467
497.848348 499.599309
481.566177 503.845344
487.548440 491.849881
487.324603 489.948451
495.113804 589.454130
485.689293 585.673484
483.463632 581.294189
501.188138 588.723645
488.324625 585.154337
494.642435 588.497258
483.206957 586.685602
490.608724 585.884634
478.670400 585.319898
481.239779 592.484477
490.685409 585.216238
493.683442 592.455772
490.436851 699.252088
502.894481 705.997246
492.245700 702.472054
494.771962 711.958914
486.749230 713.464096
499.091219 711.679174
492.176699 699.613481
494.181392 703.471108
496.981316 698.205206
494.162285 703.779062
493.528419 697.574382
502.504104 707.721923
494.887295 789.292820
500.883664 803.216936
493.094664 797.215426
483.775633 789.489215
504.578841 798.932726
491.586248 796.294262
494.297947 789.342780
501.546730 799.635848
490.390666 791.693296
491.664779 797.427214
501.516832 790.977305
500.458377 798.465035
503.681034 4.895774
503.968277 -5.511929
504.170346 -5.818832
507.619724 2.176055
504.055234 -1.610286
492.565703 7.739108
494.383227 -3.928493
500.679673 0.798962
508.263798 -0.752649
493.455676 -4.818696
502.800129 -0.309164
499.961255 -2.757973
514.748367 1230.530758
510.910053 1230.877257
514.180403 1215.127503
517.703083 1223.834998
514.746704 1225.607356
512.900662 1221.093358
519.696889 1228.823124
514.005259 1223.101508
521.040965 1222.903842
517.919413 1229.297584
524.848954 1226.896169
509.135256 1218.138165
529.740294 510.593805
518.780669 512.933650
523.322154 497.777360
525.132114 513.121996
512.512822 514.306902
518.348905 517.156865
515.243868 500.070953
525.577435 496.281161
521.652733 495.313042
527.056218 503.237205
509.694428 507.538355
519.095136 506.546030
514.669792 579.076564
517.226490 570.418352
523.771436 577.519126
513.237695 570.333619
524.240778 567.434016
520.247301 573.779454
515.827161 576.406056
520.691335 571.449218
520.714570 572.961577
519.949588 573.209773
520.525952 573.403328
510.791245 572.381079
521.778706 713.400660
514.078578 711.584324
522.558461 716.042311
522.523997 715.234541
522.802886 723.038312
518.341712 723.179704
531.866432 714.532198
529.021716 707.172684
521.948277 716.121710
529.463982 708.848399
517.120678 722.686743
522.208630 718.780600
524.795686 781.582354
525.403076 782.910035
524.070380 784.683938
518.370510 795.129298
526.442616 788.002831
520.525144 779.886440
513.657831 790.285204
524.185018 775.505044
521.156463 785.632049
524.751422 789.192934
523.738674 779.340637
524.568113 781.654892
533.317031 13.917291
541.430857 -4.156615
538.286724 1.214513
536.730735 11.489993
526.223111 0.870778
535.938969 15.577858
539.162776 11.618068
529.944086 -1.017683
534.049020 5.107929
522.957948 0.879457
531.616658 0.499680
534.629731 1.641134
553.339945 1227.030535
549.011547 1209.372672
541.137431 1209.735637
538.897236 1226.094560
545.644441 1217.889307
545.531692 1218.021905
541.113726 1225.363418
546.412329 1221.034239
547.359719 1222.244621
546.402363 1218.527038
547.535530 1220.405468
539.183822 1228.515888
544.225756 529.462303
539.316987 528.575154
545.212299 537.253436
543.499061 527.422140
540.641953 538.427306
535.840348 529.138843
539.600210 519.265981
539.721954 522.571847
534.988947 523.529170
543.378852 522.632840
543.647397 517.907036
532.940420 533.477624
534.811254 565.246123
546.829139 556.358109
537.996022 560.799014
544.312757 560.333475
540.687892 566.244491
549.446534 565.335782
542.097457 558.801463
534.007011 549.621253
535.218523 560.215666
546.846166 549.639079
538.769633 556.528902
540.217094 567.717179
544.930833 739.320924
541.611178 747.983031
541.130139 740.971325
540.805814 735.383080
547.502897 740.358183
544.717244 741.398380
547.002704 740.203510
546.814585 739.898175
553.528649 732.388703
545.607557 747.785347
541.209634 736.135828
544.156507 737.286550
549.965648 770.335113
556.306766 767.705543
549.867122 766.380248
546.423560 771.156759
546.739527 759.313935
535.282579 771.872474
545.913467 769.164660
545.316771 766.130508
532.673235 771.839426
536.631314 774.629810
542.930165 761.401199
552.214571 777.573080
563.639918 14.782943
562.096782 27.444837
566.364891 18.501515
567.858955 19.411501
560.694496 23.446528
575.740029 18.497305
575.242215 22.544828
571.226242 15.147820
568.351438 22.731893
565.101208 21.888384
565.844826 19.478347
567.059080 22.522299
573.032573 1208.212501
575.652740 1205.845768
571.337704 1202.510454
576.835392 1211.694769
582.214492 1209.544735
580.818759 1212.465933
589.946293 1206.440125
578.382512 1210.106015
575.088470 1213.134608
578.157070 1205.317066
578.098971 1211.981815
576.455107 1219.450641
601.806893 46.833716
593.926643 38.250285
592.330405 48.300738
594.491555 49.091922
605.106624 44.788948
596.086307 45.346226
591.642195 47.028486
598.484766 43.505815
595.092861 42.957202
598.789340 46.354014
584.452293 38.399401
590.792200 46.984610
611.214040 1177.985566
604.497202 1188.034821
609.773290 1179.188546
608.406708 1182.697916
599.537785 1184.612760
608.954255 1184.815803
611.606714 1181.206252
606.507018 1194.655053
606.451715 1187.019485
608.830119 1187.555343
604.453635 1177.335933
615.764093 1186.919687
611.948519 76.267610
609.185768 82.941827
610.546512 80.178350
618.890497 76.901797
619.508810 73.755527
616.907168 84.440180
620.406214 83.776060
617.424532 75.088448
619.161898 76.207406
616.654821 74.564014
604.030745 78.963099
608.540303 75.973495
631.162169 110.648525
619.766531 110.433041
629.722553 119.838196
618.548392 109.298789
627.130333 109.838270
623.146825 106.034422
624.975443 103.939012
634.274315 118.300003
629.596614 109.146104
624.168674 113.398764
635.571297 103.942743
636.103642 118.146549
638.625187 1145.092281
632.354180 1163.414493
640.817701 1150.567411
628.409659 1160.422954
635.734763 1153.593755
641.057874 1148.127947
633.055859 1142.687738
635.921464 1154.352305
630.631745 1146.316358
629.506621 1145.612529
625.336223 1152.517421
638.078429 1156.507606
639.192199 145.249264
632.158397 138.860059
636.006722 149.759863
652.767749 147.557952
643.876291 141.223415
642.434447 142.568188
642.971731 142.109231
644.641430 137.306417
651.190376 143.525189
641.241309 139.622215
639.421455 137.651420
634.366393 147.964782
648.576677 1132.102251
654.229223 1125.652264
655.524165 1120.760444
658.469100 1125.296166
663.618336 1116.342445
653.432609 1122.775348
657.233442 1123.315443
662.685225 1126.875666
652.930041 1129.115886
654.428875 1126.405428
657.229631 1120.347036
647.091130 1129.600832
653.928952 177.569208
655.483193 173.713232
660.085905 178.961965
663.696103 173.855493
656.438504 174.967756
656.098904 175.384362
647.219018 165.251901
653.346439 172.401299
660.197151 175.398958
655.622017 173.751328
650.892927 174.713218
648.638821 170.293236
657.635010 790.729375
660.320004 778.926023
664.930270 786.044795
661.196307 774.908940
655.209552 769.115041
661.025066 778.370889
660.879173 779.372789
656.954016 779.364837
663.860551 774.687602
660.628390 779.053698
656.529679 787.468086
661.860415 778.137354
659.978956 446.844030
664.488559 449.192235
666.448035 453.086591
662.020357 447.347354
672.266558 450.014144
669.932295 448.054408
654.991803 452.980521
671.080324 447.928068
660.624690 455.819177
662.123927 451.110836
669.223779 453.440322
654.776438 456.613802
662.084973 196.964236
664.732520 196.783317
667.935553 208.065216
667.247430 215.894366
666.482813 207.018802
666.185180 205.111093
666.466952 196.865625
664.457042 216.958421
675.577501 205.753821
668.561777 201.953600
661.688843 194.737345
662.534556 198.994119
668.673068 1094.143016
675.211222 1091.638988
684.907231 1089.466406
667.375044 1086.864171
678.295978 1087.793825
686.527819 1096.773673
676.284616 1084.347677
666.382854 1088.004540
677.533648 1096.309553
673.203320 1089.546820
671.704197 1085.829353
665.205206 1089.049193
676.507574 235.605918
671.153795 242.410619
686.700424 239.313367
670.602691 240.886333
678.862087 236.559568
684.432336 236.165394
677.382451 238.029518
669.481176 235.384480
678.017170 237.028070
676.501728 225.259090
673.878410 240.230385
675.154078 243.189480
689.958062 745.692051
693.012993 744.450958
695.975750 748.609580
688.862410 745.908317
683.742822 749.655995
694.871774 749.345649
688.412991 747.087811
682.169703 743.404142
688.379688 749.154158
692.067882 748.476512
687.594362 751.815291
678.402563 754.831764
694.932763 481.597585
693.282357 476.591199
693.134884 479.543113
693.858192 481.558437
692.761396 482.723534
703.038824 475.240465
692.893907 482.308627
696.482559 483.885596
686.469861 470.137862
700.209607 471.822994
692.619158 486.331736
702.276355 480.180812
693.522693 265.164056
689.223224 269.262319
691.256244 270.397102
693.737308 259.709436
688.573095 270.884229
690.436138 276.031942
693.780092 264.554788
689.655388 269.858442
691.129664 263.785729
699.996190 269.876828
691.887025 267.348493
689.902882 267.395849
693.257746 1051.459815
684.256712 1063.038829
684.999307 1064.380216
692.288336 1061.575083
685.827178 1062.321920
699.371914 1055.589430
693.470649 1064.111408
687.034619 1070.452560
689.412075 1060.217634
696.387448 1070.681028
694.246795 1064.517058
697.547918 1061.475258
706.445060 305.465385
703.741357 301.617992
704.543614 287.141115
700.404244 295.377148
698.130237 299.865819
700.400300 295.435494
714.942430 300.717291
704.741985 289.310572
704.827577 297.422820
709.117723 290.529388
693.559831 300.777822
706.143447 298.255438
716.548940 1018.949932
718.025072 1024.737630
707.500447 1017.806296
708.411590 1024.946865
710.072867 1029.032134
710.144959 1029.445687
708.190584 1021.742411
704.666248 1035.941164
715.375899 1030.891588
719.444765 1031.250529
714.821890 1028.234320
710.413574 1041.520914
721.136416 726.113656
718.626083 721.456986
714.145746 720.926692
726.576079 718.934014
726.564135 711.749989
723.346184 718.786218
721.422766 730.706126
709.738789 729.650220
723.213588 721.739804
715.537870 729.080368
725.146702 720.481423
716.527484 717.358946
727.262295 492.549956
722.255158 508.836403
726.940812 504.786398
733.699171 504.774452
726.654804 503.678133
725.096071 510.021929
724.500010 503.479981
732.646264 504.007044
726.743583 500.815175
728.449153 506.623195
724.559421 503.406087
729.663892 492.119748
721.278691 327.465871
718.518398 331.187373
710.632271 325.325989
720.264136 331.627795
718.235750 330.251699
713.164899 337.243951
722.411587 324.964229
717.649424 326.676875
718.848814 327.968780
725.151677 323.774378
727.298018 339.088358
718.015962 327.502118
724.693681 992.052323
721.824357 998.228259
725.173981 1007.521945
717.116429 998.943316
726.473654 999.071350
726.418752 998.156476
718.759783 1001.201833
729.654215 991.384457
732.288548 992.414288
726.503448 998.279606
718.239415 1002.823452
723.496501 1000.628965
734.267710 366.225052
742.692977 363.993669
747.545037 367.782341
738.243610 362.214251
738.407957 362.314802
732.637571 361.653287
740.808635 352.994490
750.629585 362.976248
736.857363 363.654181
744.049529 364.150745
746.282851 364.109792
734.791699 361.350914
751.514147 698.359106
740.249792 696.837533
743.754855 691.238521
752.570354 707.368380
760.983100 700.631520
757.983248 702.674928
753.273681 702.538238
748.731826 700.911578
740.807854 694.243406
746.506336 695.255357
760.389216 697.998995
747.299820 703.000517
741.705845 966.715735
736.945770 964.180435
748.357106 964.909843
743.418290 969.647356
738.990057 968.350509
741.528586 965.153927
749.472988 972.977194
741.300057 966.176472
754.308325 966.780692
748.992416 971.836714
740.717823 966.272408
740.563277 975.017150
746.430361 520.999673
750.788941 523.383903
759.379620 522.666071
759.459489 530.269959
759.060701 521.538804
751.346583 518.675826
748.732798 523.299779
761.668178 514.621609
756.313654 514.621004
760.598754 517.162628
755.759777 522.184310
755.232669 520.343695
760.863943 392.195575
764.276289 391.869196
767.674860 390.727147
765.658786 391.428072
774.876897 388.852504
764.545727 393.332885
776.755661 387.151743
768.422175 401.013153
755.014386 384.658225
765.625226 392.692507
773.328894 392.778631
765.843014 391.139658
764.388117 924.717973
764.016886 925.522053
758.183616 943.804817
754.705747 934.531827
765.712832 930.014671
773.001185 928.961761
756.354086 935.460462
764.876482 932.622976
764.493789 931.715273
766.612120 928.902595
775.446305 939.162261
771.841672 937.784961
788.870477 684.233840
791.573948 687.998835
784.536977 685.978428
778.703442 691.046881
778.382045 698.166504
785.642900 691.039460
776.919282 691.839565
781.386797 687.215736
788.465397 687.942666
777.465070 690.329771
775.936231 678.170275
780.939923 678.391623
782.623220 532.707100
785.038473 538.620776
785.114502 527.892394
798.177515 528.688625
787.220318 522.104031
783.501433 532.910505
785.608065 528.425460
789.779378 532.335848
785.813551 531.047005
788.382298 530.137611
792.253005 533.802683
786.565461 537.000298
783.327087 892.208035
790.494295 907.657779
786.841435 904.761994
778.609256 895.914602
782.364038 899.759577
784.785469 903.433089
782.887663 902.753601
782.684967 896.222625
792.523925 899.486778
788.272489 895.889673
791.252198 899.332326
796.588831 902.030471
799.563440 418.739683
791.520887 408.057555
792.356843 418.992467
796.102804 415.246716
796.316145 409.302976
793.825514 409.820286
796.350426 404.913791
787.278440 408.369982
794.570411 414.688552
807.070296 414.930828
798.885512 401.010707
797.161389 410.358282
817.323054 673.609912
812.094375 677.414433
820.206474 670.390476
800.677896 683.020954
803.217577 682.127574
810.847766 677.619849
810.034354 676.794111
814.967640 673.726815
802.143177 682.171690
809.466358 678.556509
810.696924 677.323277
812.215235 677.121312
818.594773 878.834914
817.041943 868.817634
812.094657 886.046677
827.857151 874.768563
816.471975 873.704305
808.804149 877.659806
816.698993 876.219560
818.435248 863.629573
811.504626 886.119291
811.516635 868.815162
815.950902 873.690179
815.593860 880.378510
816.446338 533.981828
806.605414 530.341013
816.739689 533.978838
828.124373 532.488912
820.372854 534.486759
822.494593 536.866068
822.162978 536.727882
822.493196 531.375894
806.725779 531.567978
812.010651 523.491865
825.138622 532.325292
817.295207 526.683763
825.942106 416.888300
827.918203 425.953416
827.115147 416.476275
834.598028 426.346692
826.257736 417.446928
824.597202 427.623069
827.180582 411.528516
824.107080 423.907988
830.829758 410.969028
828.968760 415.270489
837.319782 421.468225
827.556913 416.541869
848.948923 680.284342
844.808800 670.618556
832.200263 673.971534
842.486670 670.788973
832.921443 670.296506
846.592180 661.373564
844.860415 671.641459
839.803202 661.602497
842.283827 669.397530
837.950035 678.719070
847.100216 667.871867
845.209688 669.035785
855.913008 857.781509
851.315991 858.873122
853.934819 858.872895
858.809312 853.699515
847.621567 844.707547
843.010849 849.472516
851.633961 859.089489
840.646096 850.309963
845.660948 864.496036
844.980718 851.034441
852.062005 848.467537
854.981540 861.049902
847.495130 544.409893
848.957605 541.453647
853.458449 536.309265
854.158039 535.368147
846.194835 535.240819
842.169812 538.503016
849.250132 527.476452
847.717413 543.595182
856.164898 533.354109
841.855941 535.176137
848.414310 534.367522
846.821154 528.374833
851.404033 413.944140
856.008628 408.111355
865.056078 406.684640
862.738795 401.889879
857.650366 405.622603
864.425453 405.762589
865.083783 406.883998
865.505723 411.658815
862.262150 407.057627
859.886921 415.610248
860.033773 409.173324
858.443072 404.745569
880.334025 668.750005
872.365723 668.543201
875.910182 667.960426
872.130671 659.917097
876.038784 665.494356
873.231740 679.962592
870.580442 667.414986
879.368194 678.554845
866.062926 675.064190
876.753976 675.933174
874.123719 672.550709
869.060209 659.027310
881.628258 834.024577
874.573370 845.458460
875.885781 843.413656
874.310987 851.269871
885.886581 835.325994
880.871354 850.526396
877.535688 841.175892
881.295938 854.162807
877.454039 846.494738
881.091391 845.424675
877.387710 837.626175
876.881557 855.736476
882.193438 537.417350
868.716906 530.343792
885.808508 535.164684
881.531770 522.925104
890.305035 537.732036
871.391840 537.291115
874.074773 527.585747
881.989074 542.819302
881.093291 520.498267
881.727765 537.643373
890.816212 535.062661
881.943215 530.812187
890.139576 367.972154
880.714600 382.957188
882.805958 377.367710
877.410884 372.984704
884.561227 381.155948
888.317466 384.884309
879.501533 375.215194
883.859065 383.846573
887.380598 372.398512
875.023572 382.830373
890.861850 368.782414
879.028219 374.813359
894.072391 666.151816
896.387688 659.547256
901.450468 670.134469
903.412536 667.027057
902.443777 670.499158
904.300195 660.671344
906.847906 669.864338
905.835827 671.338318
916.532809 668.380062
916.044576 670.440761
904.913975 673.651229
904.834770 665.998853
902.577602 343.466894
898.405340 346.278854
911.495462 339.952035
900.951993 347.596435
902.108603 343.330053
900.496680 343.791804
901.223692 344.333495
895.485433 349.221408
904.011694 342.990423
909.051573 351.929895
899.815771 350.663462
900.699760 342.233411
906.258324 852.695101
914.071702 848.260591
906.528949 855.741216
912.454666 850.370978
911.943532 835.454564
904.851008 838.112569
907.845615 843.844430
905.551617 848.143474
917.632843 845.609314
914.500173 843.925417
913.073470 846.382780
905.823446 843.883905
911.363882 523.758822
918.720108 521.663746
907.883926 518.632765
916.526874 528.363317
907.496674 528.389723
908.194364 529.897054
909.482233 526.888725
909.160492 521.369480
912.929520 529.870349
911.025728 534.239731
911.545496 516.200019
908.983008 533.391533
911.001085 308.207423
919.892280 309.127491
918.516928 312.230629
920.214702 309.453341
919.146184 312.143266
920.014475 311.778993
921.651064 303.551572
909.475844 312.437548
920.108769 312.229064
910.351779 317.846338
922.115972 316.338928
930.981041 312.519903
929.284245 667.970472
937.002919 665.919761
945.124462 669.493972
936.633738 678.160294
941.716828 662.875700
937.848202 668.639712
933.950450 674.378631
936.492169 677.523597
941.138505 675.070205
936.458654 666.840841
936.771241 675.902813
939.771974 670.811954
936.208851 862.135574
936.853045 859.868133
942.006677 868.789985
939.512930 867.998027
951.821156 867.459339
941.088084 874.135694
939.940542 868.526738
936.348434 867.161336
932.182182 877.391705
940.142344 862.750412
936.959735 879.837774
938.110795 857.327242
940.023865 522.486920
947.709659 518.721858
947.698137 524.771491
938.045828 517.857409
951.908943 524.394209
942.470213 521.610216
939.605196 522.057905
943.179377 522.126051
948.289971 523.149594
939.543887 527.360876
940.345571 518.025631
934.282334 512.670243
941.236242 273.553255
949.214634 273.613285
947.800793 275.814388
946.037075 274.605229
953.639457 279.979429
947.222978 280.104066
940.322174 284.803239
950.714748 281.227745
938.139139 281.579240
952.110047 274.620019
947.452345 287.331071
937.476460 274.178119
966.304972 662.750540
961.216443 671.525541
958.914168 664.046110
966.894429 672.130505
967.814207 669.154625
976.222548 676.961039
968.302704 674.919846
964.011013 663.280400
970.826622 674.188807
974.053936 673.365292
966.132231 662.933386
969.623964 669.499785
975.322778 895.509184
970.158792 900.034516
966.247781 905.540684
963.228547 897.633666
966.769751 900.019890
963.102587 896.376036
960.268796 903.383598
960.914993 907.281615
978.427037 899.332663
964.295969 888.334032
967.903851 899.780549
976.432835 902.383116
978.437382 518.603579
962.387938 518.982917
974.043007 522.898950
967.151592 518.407373
968.713876 507.123853
974.716591 505.910627
973.213469 517.895953
971.712484 515.903166
966.555965 516.112836
973.885549 515.286746
967.659031 510.736352
969.129296 508.822722
983.709024 267.469023
977.394115 266.734351
977.138002 271.373606
978.740899 268.527299
978.013553 273.649692
976.789874 280.358651
978.143332 268.542987
976.759898 270.858834
982.605566 262.718535
976.286633 272.617083
976.644166 269.488450
980.431741 266.622194
989.910485 920.669459
995.325433 920.403891
994.994374 922.932810
995.021769 933.752315
994.381811 936.137416
995.067391 930.828032
989.026719 941.904648
994.314471 935.487014
983.132812 936.686331
990.813169 934.741392
992.872053 931.486138
1001.772507 936.881611
1002.744568 668.196150
1006.852690 676.819791
997.063458 676.223106
1000.114049 681.094772
992.835294 679.238697
1004.612699 686.242872
994.887962 667.501016
1001.242573 676.830571
998.045707 677.921838
999.924535 679.441236
996.421304 678.561733
996.782071 674.822548
1009.006144 502.656894
1003.084058 515.699733
1001.410117 508.984964
1013.071959 514.357497
1003.820569 505.145665
1004.325817 511.254260
997.760425 507.235900
1004.333649 507.308962
1000.019551 504.960544
997.642510 509.427163
998.024257 504.171393
1004.423118 509.392733
1008.623012 284.438583
1007.426196 288.196999
1001.734159 278.662051
1008.917271 282.939755
1008.159497 283.657405
1006.745402 288.731257
996.920834 282.861772
1008.530517 277.293669
1002.185666 284.792658
1002.862865 289.473853
1006.507313 288.029592
1009.316635 276.245985
1029.486249 949.347867
1025.263191 948.538770
1029.003791 939.106026
1020.453770 954.839280
1025.503053 946.372373
1026.669735 944.648471
1034.196267 954.813897
1030.605768 949.679717
1027.394003 941.460437
1026.302856 954.566764
1036.520331 944.187618
1025.985440 947.939618
1030.711912 677.979943
1030.013582 696.063278
1026.729390 688.041688
1030.559616 691.994545
1035.385461 693.464203
1031.019277 676.850029
1023.552160 679.505593
1031.690229 694.543213
1023.429742 691.107237
1039.053439 688.370028
1028.515660 682.348608
1034.673906 682.666524
1027.049617 503.334276
1024.728023 510.920856
1037.121908 508.865176
1035.468720 505.059126
1046.884521 504.670189
1038.491743 498.131947
1027.282987 496.146879
1034.573795 498.477299
1034.291898 504.113708
1028.588298 499.096076
1024.972697 502.672117
1038.420143 502.545748
1021.557437 314.458723
1028.656996 308.857403
1024.707099 314.287309
1032.970008 308.104039
1029.017408 320.028709
1034.795303 330.398980
1035.701888 316.368442
1022.288230 327.853830
1023.802766 310.885546
1029.195173 320.142513
1027.758814 322.144357
1026.977513 315.702698
1031.486019 347.281917
1036.292274 342.917520
1041.979982 349.064755
1035.716679 356.273843
1046.207320 361.294612
1028.853375 345.652370
1034.324936 347.761866
1042.929311 352.656527
1039.214015 351.037001
1038.987399 346.868447
1048.931865 356.648942
1037.675100 353.230446
1039.204333 393.433751
1048.894399 396.081183
1039.089875 397.596934
1041.522042 407.005798
1043.473523 384.883316
1042.320832 392.715447
1037.643581 407.065495
1031.431734 395.177145
1041.434667 397.706127
1042.072976 397.194597
1035.057011 403.004200
1041.703662 392.385164
1059.074174 940.822806
1050.238150 941.984966
1059.068805 935.423125
1059.903760 942.383989
1058.076493 929.043173
1055.707673 939.553888
1054.359454 937.852760
1050.900017 933.503522
1055.102013 940.802836
1054.768253 949.489938
1064.599725 948.024511
1057.921178 946.063886
1051.686031 684.440264
1054.193785 693.604838
1054.564289 699.146612
1054.897565 686.746656
1064.343790 698.031759
1056.846151 683.640534
1056.840411 690.922007
1057.976178 702.499449
1045.368064 701.483757
1053.962254 692.699803
1051.433726 683.910710
1055.394416 694.211045
1059.046705 424.304322
1053.041652 410.734693
1061.499836 418.719135
1063.271471 411.876208
1055.909766 418.576974
1067.217046 411.473637
1057.517620 409.607097
1057.078667 417.403367
1060.757940 422.330994
1061.336325 418.878295
1060.486044 424.149961
1059.909936 410.017898
1079.843291 913.707788
1089.442560 905.456650
1069.747318 903.581514
1075.480951 912.540581
1082.386848 915.749441
1081.882680 907.712330
1078.499148 908.078685
1091.859879 911.342867
1075.513050 910.963347
1070.105469 914.790599
1075.638693 914.396116
1082.405428 900.730737
1093.042336 419.174757
1090.408780 413.622954
1096.684603 426.003765
1097.099645 423.406243
1090.008339 427.189201
1097.874754 412.853895
1093.354417 427.754561
1100.630953 410.408948
1092.643900 420.303910
1082.029984 413.009493
1096.693430 414.182407
1100.209191 423.640829
1084.975349 851.727547
1088.233821 853.943640
1082.906472 850.632924
1090.195647 853.779283
1080.570527 841.443434
1075.042735 852.651226
1085.360263 850.192822
1082.817262 858.108739
1089.352298 853.360975
1072.246468 848.432569
1075.361167 853.881089
1082.327920 843.862255
1101.393432 878.064421
1091.267013 868.527898
1089.363906 888.436735
1084.902203 881.713541
1089.141092 876.757999
1092.364431 867.370315
1090.867067 874.083084
1084.548950 883.933040
1086.985631 878.277080
1090.468486 886.105446
1087.933715 879.787261
1097.070773 882.029880
1116.723903 795.695919
1109.675492 792.543254
1112.931791 789.045502
1116.850065 799.188702
1109.996451 791.578083
1114.256380 789.921239
1124.260801 797.543042
1117.559525 797.249156
1121.421294 793.252489
1106.662653 802.181921
1103.029500 789.159407
1117.749873 798.563107
1133.845253 412.423276
1130.445177 416.067585
1123.543151 419.204692
1122.841868 417.363017
1127.289420 425.344069
1131.031900 407.571230
1128.864542 423.536499
1129.438025 417.503077
1131.994199 415.549148
1134.681186 419.070240
1126.118635 413.037414
1123.900568 414.640568
1134.914256 800.040141
1145.279595 796.592584
1144.106394 798.211717
1148.578970 801.986758
1144.672739 791.338638
1144.007845 799.093080
1145.819298 803.159799
1153.970143 801.466688
1144.675767 787.414504
1133.931841 799.375301
1141.601141 804.775655
1146.430445 794.288022
1146.724913 434.392454
1139.964758 440.070685
1144.559478 422.317078
1146.708726 427.791065
1145.213493 430.093531
1150.080062 427.707776
1142.597225 429.585180
1145.923964 430.106206
1154.540985 434.460050
1148.210817 421.735931
1145.055020 430.302748
1148.467828 430.205726
1149.855467 460.453596
1153.622859 465.437682
1153.558034 463.217935
1158.327640 462.851460
1153.830194 464.624277
1155.313862 464.022388
1152.809029 470.544997
1154.859441 465.272570
1158.316297 452.473688
1152.260004 465.619503
1156.040744 453.248229
1159.431958 468.402645
1166.191406 504.118236
1173.311375 513.735009
1163.732685 512.485759
1165.586493 511.070032
1165.862262 503.888893
1165.058201 499.424498
1167.105338 503.145109
1174.400546 503.896812
1166.049716 503.671160
1159.315689 511.844374
1171.845480 497.782735
1164.089523 501.376593
1161.125211 786.069164
1164.739142 794.946361
1166.748667 787.183389
1168.453124 796.468346
1167.020508 785.267504
1168.300599 786.491613
1176.698540 794.443398
1161.810794 792.558720
1171.132318 787.962349
1178.835600 785.020490
1171.909709 782.171772
1171.166518 788.569007
1176.381939 708.694910
1178.923532 704.321788
1175.706591 704.561844
1180.941306 705.040343
1169.565720 703.172352
1172.546459 719.254910
1169.305130 708.088417
1182.868063 704.184565
1172.311947 697.785660
1174.776612 706.332868
1183.592290 698.743844
1173.774088 704.436519
1191.651974 524.006506
1190.536618 513.738114
1191.040430 523.205457
1192.799346 513.825710
1184.918761 507.866374
1181.830404 508.647895
1194.960295 508.584335
1200.830989 515.259385
1192.548964 516.223095
1189.268017 524.407700
1187.160072 515.373571
1189.045798 514.343612
1177.170550 754.123630
1179.585804 755.413274
1177.872661 753.489191
1184.814775 745.094581
1176.820072 757.249881
1183.133477 751.953765
1170.941866 750.981862
1176.495120 756.045678
1180.123482 756.674854
1180.810027 752.388108
1173.518296 754.541691
1185.601579 748.635487
1198.674286 659.960199
1207.294718 672.366486
1197.827812 669.350395
1186.117727 675.182412
1195.593098 663.623418
1196.746623 666.797277
1198.200920 668.373907
1202.140368 669.433641
1197.125505 658.496575
1186.032894 663.785460
1204.261644 672.047331
1197.534454 670.078094
1223.357735 509.927655
1230.435867 516.790766
1218.651860 502.918887
1220.171602 524.530791
1222.651909 514.300246
1223.512295 513.586999
1213.724425 516.249429
1214.686091 506.994609
1227.464106 520.523325
1230.320947 515.153525
1230.967330 521.137684
1223.231002 516.320060
1223.505878 641.102032
1226.822802 645.138179
1236.545932 648.862523
1221.976903 655.809717
1227.346256 647.832554
1225.944131 651.240950
1221.364831 658.368960
1229.515421 646.419770
1225.406085 647.221724
1233.594340 649.324374
1228.884800 638.905415
1221.166017 641.328276
1260.840831 507.869280
1243.294433 519.823341
1254.734176 518.861155
1251.030567 515.371797
1251.677760 512.939848
1255.967853 521.132297
1253.629376 513.129801
1262.301647 521.556011
1254.265691 515.645622
1258.302585 523.916631
1252.286506 516.253201
1244.193245 513.247383
1259.852143 633.442029
1262.339336 623.073691
1247.174666 630.225459
1260.652518 632.607113
1260.505302 626.547687
1258.286846 631.806429
1255.824788 626.440315
1258.566452 619.207412
1259.413553 626.382151
1252.512464 637.835189
1261.730074 633.426451
1255.745961 629.080650
1293.808184 513.683654
1291.120023 504.873425
1285.034128 509.354332
1283.396698 514.252805
1289.698204 515.406583
1274.476280 516.301760
1283.498788 510.258264
1289.934943 517.591486
1271.505578 511.137917
1284.606464 514.032139
1290.472560 521.477896
1286.687713 520.851181
1287.339783 618.717403
1290.513998 627.909015
1278.502649 623.227043
1288.699315 617.563960
1286.236206 615.071004
1288.707833 620.264038
1284.498060 613.393931
1289.317399 623.921721
1285.173391 619.938319
1288.499876 618.554927
1293.320751 616.022652
1298.301349 625.606546
1321.286939 523.766797
1307.807190 512.103926
1312.936177 513.967088
1318.439423 521.196934
1321.646312 514.287764
1314.457875 514.030080
1304.545715 515.805625
1304.600348 509.632095
1310.732945 516.411712
1312.293963 508.333257
1302.673640 516.749369
1312.477728 523.631123
1330.168009 614.823927
1326.348222 609.002138
1318.473504 610.085894
1320.155340 611.544418
1325.071454 608.889495
1313.514546 608.695863
1310.636419 613.198939
1310.558586 613.979164
1307.472866 610.078679
1318.023160 607.844596
1325.113508 609.447117
1317.520047 609.069105
1351.753296 513.616720
1347.749111 514.276711
1355.492215 509.301190
1346.764423 520.025662
1350.660542 523.871972
1350.540225 511.960249
1339.036539 504.169702
1342.059296 519.776712
1344.517080 510.088431
1345.182207 508.552524
1336.006244 512.313305
1342.576825 515.049608
1350.979091 594.521385
1351.647924 602.734848
1356.844257 603.720080
1349.209444 608.750762
1351.239160 595.153653
1344.348508 608.480077
1350.452930 604.752579
1346.550124 590.241497
1355.462713 605.378722
1347.254770 612.561527
1349.552502 606.197511
1354.730206 596.199277
1384.104592 512.057181
1370.976085 520.850799
1371.791281 519.432745
1378.004159 515.163618
1385.039779 521.087080
1376.089230 504.620290
1376.928110 514.107003
1374.417014 511.230042
1377.442763 518.617566
1376.718728 508.495171
1378.551273 507.513842
1375.161297 513.001672
1379.936900 593.344594
1377.509177 590.069841
1371.785816 604.595270
1392.782891 600.869219
1388.860092 605.132014
1372.505357 598.201478
1389.700208 602.156586
1380.162188 591.428400
1382.962586 599.999942
1386.000482 598.775384
1386.353670 598.769104
1374.831831 598.735208
1398.830330 514.279334
1400.763114 506.196882
1410.777449 507.917137
1414.146891 504.848248
1410.158336 518.268433
1409.517522 514.068133
1407.504509 512.122218
1408.214715 512.115244
1407.423211 520.474078
1403.297649 514.857608
1410.929257 519.707564
1406.922477 518.785958
1413.465185 590.196696
1408.854800 598.257199
1413.515865 597.512546
1413.741481 596.606706
1416.857020 587.708055
1415.945906 583.120450
1411.939552 583.324756
1411.420407 589.447178
1410.526138 591.472372
1408.795509 584.755521
1407.106760 589.517168
1411.890918 595.974797
1438.948809 524.077270
1447.145684 506.968506
1439.375664 512.871480
1447.696712 515.807690
1438.967209 515.253935
1438.410129 515.298048
1439.449353 518.088798
1433.049656 523.511022
1446.692368 512.819465
1437.784526 512.965080
1439.446294 514.458118
1434.426751 508.553372
1443.311363 591.886696
1446.493293 590.187918
1443.390033 593.657654
1447.764341 593.375486
1453.816034 588.250930
1447.489073 588.066923
1444.201434 589.042829
1445.937638 592.158101
1448.625894 589.354531
1443.977677 593.468278
1435.203418 594.410764
1439.518980 593.405367
1477.336110 513.200440
1466.433837 519.411923
1468.252202 502.119119
1464.655569 520.953479
1466.834310 512.169329
1478.209255 513.539120
1473.026615 522.354654
1463.012207 514.906486
1467.009031 513.565222
1481.228324 510.038925
1475.221404 512.019013
1469.700550 511.179224
1473.500630 582.832340
1485.721928 599.109041
1475.394424 594.818385
1474.892759 593.711848
1472.675133 600.435473
1466.992659 586.388349
1468.317414 594.086143
1471.497928 600.241872
1463.411998 598.350524
1476.048480 590.905762
1486.375610 594.891736
1476.307698 588.802738
1492.409132 516.322637
1504.543280 515.657404
1500.045784 518.107947
1489.877380 518.456133
1497.421381 525.039946
1498.766607 513.676116
1502.444908 515.469178
1501.003187 514.329596
1500.031145 516.836575
1501.273926 515.170905
1505.262696 506.442023
1499.435630 506.014421
1495.844100 603.226310
1496.803288 591.676722
1498.745672 589.264931
1506.363657 601.681609
1513.714005 596.855005
1502.567101 594.119649
1507.041253 598.036717
1499.775149 594.610344
1501.029036 587.592874
1506.827010 596.003078
1507.739591 593.453538
1507.296860 600.456564
1523.301187 516.694786
1532.153675 521.350176
1541.325468 516.131926
1541.357337 516.258669
1534.164552 522.327867
1524.848836 515.877640
1531.287062 521.017529
1529.055850 506.710480
1530.107280 504.498972
1524.051143 509.782382
1534.866343 508.345122
1533.245213 515.384850
1538.421693 599.237630
1529.786719 603.227004
1532.085032 595.474335
1542.993111 591.428742
1537.650560 598.780362
1529.839295 608.823325
1539.286580 599.488601
1541.521425 595.741634
1541.910123 601.729570
1544.399133 604.532821
1533.231344 600.662950
1537.281563 606.293134
1557.776361 512.371617
1553.550724 518.264150
1552.711035 520.289695
1562.431356 520.200064
1561.831143 509.522380
1569.462768 516.550170
1558.419200 529.022743
1553.515488 522.627627
1567.711560 512.456097
1561.824848 519.620912
1562.781643 522.096617
1566.554700 523.458832
1562.994729 600.849278
1565.270234 603.379449
1567.541111 604.963561
1572.292299 608.654051
1564.201102 602.531173
1569.951067 606.594745
1571.382627 598.285549
1572.424984 614.886208
1567.355515 605.298446
1568.811628 608.732322
1577.684825 606.821174
1568.744760 598.406782
1582.877756 525.660145
1582.553566 530.342119
1593.507320 525.590662
1590.234439 537.586725
1587.149117 535.052398
1599.426950 532.473523
1590.727239 529.069755
1598.810621 525.058580
1603.547400 521.621387
1593.480447 515.840639
1592.701728 529.912674
1593.059518 526.156890
1598.050897 612.198431
1607.124141 613.358981
1594.127434 606.618116
1603.867124 612.679867
1588.739106 611.792608
1594.215084 604.851261
1589.205140 606.908674
1603.946021 609.699616
1598.479394 611.280141
1596.138248 616.036798
1605.536994 603.060127
1595.596273 609.572859
1633.993378 531.651451
1623.723873 537.373034
1624.086891 533.744963
1624.304213 524.635946
1615.573218 525.734593
1627.535212 529.965966
1628.298414 536.995411
1620.075422 531.366121
1623.052503 531.815181
1628.889188 525.533111
1623.428464 535.520290
1620.801621 530.135054
1630.106269 623.778933
1623.964144 625.105252
1625.292827 616.082957
1621.520135 610.773286
1627.028719 621.602014
1619.653649 621.086505
1628.172914 620.818635
1629.693471 618.052202
1628.379677 621.437717
1638.421995 626.907239
1634.405458 612.839109
1633.698985 619.316616
1651.377614 537.415536
1656.197938 545.577767
1655.547326 542.109450
1658.610804 537.216320
1654.980292 540.881220
1661.190058 551.782228
1660.389699 549.970528
1650.291613 534.118216
1656.869195 531.522427
1657.494517 545.366272
1654.046689 541.766638
1664.131485 548.221574
1660.908692 621.606466
1661.576807 616.904764
1660.508446 629.048382
1665.743543 621.589380
1661.193091 628.811880
1662.651574 619.814082
1672.097203 628.970467
1664.906003 634.102737
1655.522119 631.254811
1658.353748 628.701117
1660.531317 631.459891
1652.098254 629.217416
1695.373760 545.360820
1686.823335 555.412415
1677.185811 557.409367
1691.129213 565.626212
1691.421264 550.100413
1689.503246 546.442796
1686.502719 554.089754
1684.623311 553.935120
1687.283398 555.771909
1675.208709 550.995244
1687.892484 565.550902
1684.394939 553.960843
1690.453975 641.039424
1691.148404 633.454217
1681.036743 633.393163
1694.996885 645.894222
1698.079292 633.361146
1685.539178 640.758598
1692.281026 633.897863
1694.883360 637.019157
1690.501620 640.681385
1691.893299 648.040450
1693.381467 648.621561
1690.911859 637.713799
1725.351128 561.651029
1718.582384 568.541349
1713.291474 576.683383
1717.566338 567.176076
1715.432913 566.703565
1718.242818 573.537347
1717.904822 568.835450
1718.252296 579.478865
1714.637082 575.109990
1718.675534 569.280124
1717.327226 567.308411
1718.899242 570.072141
1726.735751 650.454293
1712.140128 656.699299
1722.797951 652.761891
1722.508821 653.249882
1729.785984 647.452590
1722.347916 651.445368
1718.398227 645.547748
1722.471394 653.131815
1721.231933 663.106470
1718.728553 654.923043
1726.184177 654.686956
1723.129806 659.846781
1750.614707 577.329472
1752.400450 589.142118
1750.939662 584.622339
1756.157691 583.669430
1754.897820 587.139843
1756.439148 586.176472
1752.430130 585.270675
1751.240398 590.582984
1742.653586 577.520737
1739.059299 579.263167
1746.629751 583.672423
1755.230414 589.711941
1754.159349 662.834974
1752.652898 667.636622
1747.552100 674.338911
1753.365839 670.304384
1751.992597 671.131491
1762.877040 662.084790
1755.202223 669.986376
1751.839939 669.636467
1758.648603 669.440091
1752.270438 670.003349
1752.808329 669.786254
1745.645354 677.635258
1770.372504 600.384456
1779.021023 603.938475
1777.058645 609.001371
1784.863417 596.581752
1772.391059 603.836279
1781.109896 607.318102
1770.158904 611.491195
1782.470431 606.525596
1772.155424 613.633518
1787.447757 601.102557
1774.573212 607.568146
1779.285671 607.910470
1785.307999 698.456188
1788.072607 688.473445
1778.208034 688.558944
1785.464933 697.851595
1786.793796 683.865508
1787.379979 688.296139
1779.495874 696.652532
1785.347460 690.698116
1783.218522 693.190757
1774.170312 689.631198
1784.565935 691.085246
1790.086600 690.192864
1818.509677 631.814936
1816.629052 624.003836
1798.631798 628.622978
1816.110571 635.195232
1822.006507 631.496397
1810.502247 628.995431
1809.583888 629.716545
1804.390765 621.213180
1807.280274 635.720797
1811.756093 626.205338
1802.926877 627.158319
1812.695600 628.784363
1808.678265 729.946531
1814.472156 713.536797
1821.438462 724.630105
1816.237774 723.183770
1812.871302 724.674948
1812.753799 726.529873
1811.151250 714.028226
1812.950721 717.297805
1820.232028 722.752303
1813.910597 725.680510
1807.760667 726.655692
1812.455730 730.987669
1841.497874 666.877250
1842.173851 654.927962
1834.160539 660.160127
1841.899815 650.917464
1840.211932 658.308232
1839.187057 659.290031
1846.201647 654.285111
1833.689732 660.894360
1846.776404 651.732136
1840.375520 648.792304
1847.348737 657.737320
1842.679764 650.498469
1835.308263 747.752736
1825.498694 750.261483
1826.559531 752.052275
1837.183346 752.732844
1834.482326 747.497726
1830.403717 747.247464
1828.873362 752.244049
1837.571810 749.965940
1828.376710 756.655947
1836.171174 751.441970
1828.670030 749.291891
1840.906688 743.249864
1855.328761 788.801290
1851.131547 783.030037
1853.429903 779.772253
1860.719362 776.733684
1853.576560 793.684355
1851.763563 781.779347
1852.057658 779.243861
1857.634241 771.921386
1850.310843 782.098231
1853.404709 786.433971
1851.833362 782.879011
1860.513301 786.134163
1850.781228 841.790642
1847.709315 839.569069
1853.395422 845.678980
1854.258010 849.571519
1852.348502 856.392895
1852.659524 847.541429
1863.409289 847.126545
1855.739671 856.525298
1857.515999 854.433648
1856.497830 845.738761
1852.026820 858.776645
1850.061116 841.227837
1863.521055 923.697970
1870.721106 919.915879
1862.454799 918.809659
1864.833584 923.969195
1869.436094 927.609154
1858.094562 925.910422
1857.063068 918.334166
1854.774559 927.803960
1867.625601 937.055370
1873.771690 926.174965
1862.621730 925.262669
1867.529812 924.870509
1865.491174 681.188881
1859.811732 688.791326
1872.094221 681.094965
1871.230409 683.215814
1878.924421 683.623770
1875.281761 689.063255
1870.183850 693.880675
1872.223196 685.502386
1869.511058 685.079210
1871.695393 685.527961
1872.321224 681.615136
1870.176491 697.561071
1857.271097 804.259835
1865.464241 815.302766
1861.699782 809.638177
1865.075825 812.376780
1850.557182 812.524063
1865.341023 804.560806
1861.217729 816.789002
1860.017103 813.068703
1862.844070 825.983324
1865.585446 818.511529
1861.983449 814.905839
1862.072439 815.529892
1892.338997 719.692071
1887.422855 719.423228
1890.583146 713.312382
1893.527883 717.802120
1885.901833 708.656643
1891.888722 716.344771
1903.433946 711.426808
1889.896968 719.855600
1881.448204 715.331334
1892.154527 716.638856
1884.268843 712.341246
1893.400160 705.716138
1900.673857 947.779911
1890.511341 952.954110
1900.192990 955.456105
1900.782375 945.173295
1892.183192 951.171984
1898.119657 954.193086
1905.201746 960.097028
1890.350684 945.743258
1890.105410 949.370067
1893.562485 943.774753
1898.860820 949.568986
1892.116627 946.936508
1919.606831 752.284184
1909.077487 738.750639
1903.035611 740.991771
1909.959937 756.810916
1910.248249 747.198832
1905.070179 746.569271
1911.602728 741.466097
1907.009304 757.906291
1916.779627 742.893573
1911.178982 758.763387
1919.086624 743.827205
1916.504193 743.541536
1922.886450 780.676255
1923.958262 778.206874
1927.536188 789.349700
1922.722296 789.581024
1925.037873 779.433060
1917.319285 778.760046
1925.717936 774.557988
1923.416540 773.813511
1923.996025 778.525587
1928.203005 772.514083
1925.789180 787.850321
1922.081521 779.227984
1928.387064 819.292298
1940.329083 818.062768
1936.974875 811.542211
1938.000629 808.045087
1933.923515 809.969266
1924.387811 806.460791
1930.860436 808.590160
1935.690672 809.947628
1932.014482 812.967917
1939.958238 808.326471
1940.787017 804.184548
1935.983088 819.541856
1942.525068 839.898732
1942.270088 838.107696
1946.295674 833.505675
1952.221150 841.160628
1946.115092 839.928769
1938.422870 842.585482
1934.829546 849.267961
1943.190999 840.761659
1937.731772 840.980360
1937.777222 834.431636
1942.019777 835.062203
1937.156016 842.753870
1947.573265 873.305645
1947.800290 871.901201
1949.297311 877.576490
1943.483930 863.174010
1941.444399 875.584975
1957.143412 872.440396
1943.504542 867.531534
1952.217828 867.044901
1939.937750 868.985072
1952.875348 866.483449
1951.160177 883.611041
1948.323916 872.444988
1962.068407 917.495600
1958.361509 907.749247
1948.195587 899.105210
1953.971120 908.942848
1958.877165 911.261946
1954.118385 917.555074
1953.076646 917.791998
1952.127678 904.339727
1945.782593 916.394466
1944.612778 920.244388
1954.626076 912.425146
1946.551382 903.227773
1960.362360 930.229537
1953.626450 938.102629
1960.903470 934.105531
1951.315464 937.388318
1963.172661 936.053613
1954.954451 939.475854
1946.741458 933.431572
1949.899908 931.697793
1962.279813 933.561032
1950.027226 938.239932
1953.898526 939.331675
1956.561325 937.728570
339.193052 564.525673
339.872968 563.776285
338.622321 565.577185
337.272180 563.264091
333.212842 564.340436
334.440246 575.176815
331.209738 560.794714
328.631764 560.324504
340.773646 567.361821
338.875497 563.894283
338.386262 568.960204
338.569634 568.415904
325.943211 538.441847
322.949837 551.203541
326.708470 538.922117
328.466671 550.120220
334.776973 538.692921
316.423535 537.939829
325.913575 535.368441
326.442093 541.549444
328.532041 539.961818
326.808852 539.407034
330.113103 533.619485
322.045097 533.127260
342.946934 517.297351
342.733422 526.152498
339.131460 514.084828
347.182174 513.690814
335.370852 516.303752
335.515970 504.661032
340.266569 515.031076
341.947422 514.654620
330.036311 509.744295
350.557860 513.157179
337.222445 513.291096
345.778779 508.420510
407.309065 539.945226
410.804559 549.035504
410.910040 561.081782
407.937826 546.268319
413.033281 542.051756
404.992675 545.084803
414.845060 544.807290
418.120240 552.992024
405.818817 538.157673
419.435044 547.659028
417.141635 546.168193
402.610467 556.702032
428.391118 562.171775
425.852338 553.458649
421.123499 560.484920
425.435084 562.122402
427.081015 560.179308
432.930190 554.392960
429.609927 551.817092
424.683275 558.780930
419.914896 560.497711
424.726120 556.904614
427.205789 559.134078
427.014480 557.894546
412.102989 527.267325
407.396583 532.154746
410.045827 528.445101
411.780050 529.643053
405.487525 531.326182
410.991460 533.488293
409.508656 528.964303
406.371815 523.256426
409.962888 524.416807
412.532705 527.753344
414.342849 528.812233
409.084143 529.417245
429.897681 521.306005
433.790072 514.119981
433.389245 519.437151
433.457634 527.139546
419.535322 527.829042
433.244136 521.333214
430.475949 517.183388
430.171052 527.130979
422.915080 514.004671
430.798421 522.434834
429.341281 521.884904
438.719682 522.604182
470.074383 558.977546
467.118941 556.054674
464.963474 556.854548
468.696546 556.378586
462.900165 556.310497
461.012929 551.350865
460.823228 546.919143
463.322567 552.335011
464.282505 541.696453
454.368476 543.139109
462.381902 553.318050
455.072087 544.811300
434.032019 743.137560
438.092707 735.219288
434.909227 745.058249
435.356782 727.148026
429.322108 737.376495
432.100940 731.783496
439.576050 734.034690
438.850705 727.513022
440.060246 739.596751
426.336175 741.229503
438.090236 727.247157
445.627997 739.923477
412.742543 742.033507
416.132144 737.599983
421.785504 752.889391
412.861774 743.414433
418.533511 745.157038
414.891139 749.688851
407.089209 742.268068
409.488004 737.924025
415.516423 732.739993
414.381464 743.920834
408.873486 738.014482
409.295654 737.662992
421.278561 763.720726
412.314287 763.939578
422.248441 758.944968
415.108779 757.827542
415.799310 763.469748
413.479780 765.684398
412.846806 763.709612
414.521786 761.746169
414.853569 769.550890
415.887260 765.541580
419.264996 757.730341
419.465194 758.885688
440.931944 766.650210
438.028525 771.615550
441.268128 766.664085
439.970842 776.235554
441.331388 770.949415
443.246065 761.589630
448.878359 773.349852
440.781830 765.229366
442.184491 772.085033
445.384042 767.402417
450.754140 766.427684
435.833388 778.965118
459.557756 772.650079
460.221080 767.604780
453.103583 764.160902
462.843026 763.968124
473.726067 755.330505
465.435746 763.681725
471.541132 754.728909
463.503385 762.891392
473.235319 758.666333
462.707686 751.747061
473.214189 761.621026
465.383877 754.809916
472.886652 746.232749
467.691509 756.424808
474.356819 757.820860
481.498968 750.033857
483.729003 753.052808
466.474372 740.602403
471.505227 743.011405
472.835787 746.510142
468.349298 743.277076
475.882642 749.683373
474.733029 747.749112
471.427082 753.295627
344.208431 767.531961
328.987379 775.990281
332.940204 771.524051
344.429671 762.750742
339.749525 769.714504
333.798297 770.733559
337.689328 765.503987
340.419388 771.128318
333.986561 771.405058
347.383988 776.136763
339.638934 770.463291
335.121090 772.551676
333.849368 745.510904
332.339436 738.750983
331.738278 741.834064
332.252044 742.006477
330.851329 739.093563
330.863933 740.478599
340.694692 742.258516
331.122150 739.007461
330.830248 741.127529
331.242844 743.647425
322.059735 739.421343
335.089411 749.177693
354.035035 727.251963
344.602433 715.524511
343.837549 725.192049
348.969873 720.509401
355.452862 723.241458
341.722866 713.393661
352.893894 715.493300
354.157803 726.836646
344.849914 715.143964
352.208229 730.542470
339.894679 713.836289
346.011396 726.473706
1846.952983 873.244690
1835.510630 860.034022
1839.856045 867.468777
1841.974435 867.122917
1838.675948 862.308956
1852.428695 863.710113
1850.468837 861.580966
1843.862764 868.095444
1843.176418 857.148870
1843.544227 867.860756
1842.425569 868.237366
1846.693749 859.166486
1834.816030 898.244360
1827.102855 894.547139
1826.986571 895.079454
1834.472580 889.991296
1825.301492 887.883049
1828.361556 881.385044
1819.807567 885.702221
1824.394789 898.424372
1825.578193 890.280902
1825.680428 885.412464
1829.664987 887.573684
1820.795039 888.808982
1833.494254 906.524381
1850.910675 907.577836
1847.709177 906.904149
1842.993980 919.524296
1848.291772 913.857342
1832.592420 907.908580
1843.459521 895.889699
1839.074225 910.448082
1846.485712 919.393550
1832.480286 909.674147
1840.337756 898.948611
1845.537929 907.453807
1056.941289 818.906925
1068.464914 815.728500
1062.794923 806.326916
1074.704318 820.448454
1067.915937 816.053594
1068.283651 822.837786
1060.985078 818.072583
1067.009889 814.439871
1065.133043 820.781788
1066.818404 816.921070
1061.602020 818.302002
1066.637299 816.421674
1084.726802 779.810043
1081.937775 801.345712
1082.549591 800.665511
1080.647126 794.625164
1085.743499 787.091653
1091.941351 783.367904
1082.865300 798.803229
1080.996873 801.557794
1082.528877 784.959519
1096.326866 797.268794
1075.057370 795.062332
1092.308418 799.295511
393.752284 799.617566
388.408474 793.904723
395.495989 797.982436
394.035424 800.195944
396.230094 802.862498
394.012891 798.115888
399.624333 801.660747
383.812507 796.204188
399.193422 799.162770
386.951993 807.459910
389.247399 796.262305
398.254873 805.589763
420.089789 808.792401
412.340753 801.397396
421.813996 813.717334
421.464602 808.480983
414.607374 796.225700
414.526695 810.785845
420.475160 803.529025
420.265392 796.602738
433.138889 808.280574
420.374889 797.631394
412.842275 798.095042
423.349792 808.485741
447.384381 812.520788
457.611359 813.219935
449.200774 813.104688
445.736413 813.685210
451.810293 798.368252
438.130130 811.294161
448.115703 797.755839
455.214408 807.316185
449.376446 807.712522
448.782837 807.814991
455.037091 807.482296
451.543533 801.475025
475.105009 795.442690
473.654155 800.597952
473.194595 803.668101
482.938105 802.934024
473.961643 802.565488
475.242999 802.438294
472.970570 807.436849
475.261812 805.424646
480.395120 806.114397
472.087974 802.029866
473.061368 804.210031
475.659858 813.094492
1905.613465 960.482431
1915.682104 963.011447
1913.818331 964.008504
1915.674104 962.347860
1908.786980 964.912606
1908.968124 970.681874
1914.175084 966.821122
1914.036924 967.356021
1916.361443 964.604876
1915.214959 975.971309
1919.820356 973.155304
1908.740079 963.772583
1928.940370 988.793931
1935.426731 981.182023
1943.712058 978.797672
1935.335348 978.487640
1927.119753 981.163106
1936.536926 986.560843
1933.560930 983.704822
1934.740403 981.773968
1935.709357 984.468128
1922.730046 983.290107
1931.207085 987.762361
1932.621317 989.910126
1959.268694 959.100623
1955.651411 963.512241
1959.651218 971.878747
1951.780374 970.075566
1953.802301 966.535016
1953.145651 962.126591
1962.275738 974.861351
1960.863298 964.910641
1965.411881 965.804962
1958.437574 965.278283
1953.995697 969.587994
1955.894532 961.017093
1953.229149 986.376344
1944.294629 984.146847
1951.883958 986.160047
1950.600785 984.840104
1960.254085 994.733413
1946.727292 978.048867
1949.976652 996.299003
1949.604676 983.576036
1960.892142 983.885957
1946.733111 974.728883
1944.840136 981.519862
1945.425224 987.810116
