176.519510 305.848864
181.176931 312.251796
172.284525 297.221475
217.520698 315.353588
200.654707 286.869185
197.125910 309.138102
178.073574 292.008074
182.303704 310.256906
248.511388 262.501712
210.554057 295.151129
197.732108 304.828520
228.112531 248.844777
239.708489 334.675029
222.848858 231.321819
222.488015 228.721820
237.443936 328.904181
230.044902 215.095542
243.075529 332.449390
240.930245 227.564821
237.681212 328.201723
243.990759 208.991416
249.574198 322.320672
268.555752 204.912389
272.629014 332.993939
234.309019 212.091379
277.623301 619.163499
286.625113 635.227451
251.516731 666.799896
255.001767 667.301824
274.227039 683.730925
254.783124 675.682986
266.568883 696.605871
261.096750 700.779449
249.127329 341.411889
277.241195 195.978099
287.117396 589.484966
292.678353 583.892668
309.619729 566.649814
283.275432 598.948569
297.164436 609.319747
274.151825 732.140614
262.113800 714.838960
267.452699 719.973117
271.430147 704.958700
291.044843 568.008566
296.787676 528.070619
290.188887 580.759551
283.952238 756.566752
291.433934 771.576883
272.405152 206.284356
237.526210 331.889575
288.857408 766.680185
304.997834 495.524012
298.115502 528.103679
295.404537 495.159147
288.514585 510.790294
284.695376 764.216926
288.690392 340.623872
289.660446 763.388101
279.677865 194.431948
305.057397 474.104347
303.962703 479.406308
309.155481 808.398642
274.045910 333.912360
306.824522 462.996463
306.554255 462.990800
304.711089 786.519572
290.252661 195.086067
323.047558 347.490997
308.901902 456.645062
281.024551 409.041755
316.807074 815.960602
270.153966 340.796352
301.359335 382.771330
299.417056 357.044372
311.870218 409.767102
315.267341 405.704462
343.081492 395.089778
286.472765 443.082188
315.650282 829.857115
340.637022 188.424506
310.494818 836.276211
329.876478 861.977084
341.766719 179.801390
317.470482 848.112436
373.407128 172.362722
319.719586 850.025819
338.011652 861.264345
345.552031 200.349412
349.347661 865.116896
393.430393 167.161449
374.818506 897.360408
355.296197 880.676531
374.753745 172.965107
374.919523 889.159705
397.439118 164.884902
407.526905 877.963373
416.936060 933.026089
404.306723 176.013564
394.345607 916.887938
401.685927 166.216211
408.188646 934.854726
400.801473 916.990235
343.747559 189.403017
427.346750 938.161414
397.223715 163.618350
399.808262 923.350240
438.253612 182.126270
422.140153 954.803013
431.916647 189.173505
445.317912 961.009332
453.508760 216.784624
451.391676 965.542890
420.576302 192.613452
453.864774 970.883949
441.282575 191.081439
451.683114 965.090003
490.960984 242.261232
481.057864 990.009660
476.133057 234.208994
477.079451 234.327404
471.340039 986.110814
458.868441 241.181828
481.360467 1019.739943
456.617484 243.707315
483.164899 1004.621371
466.340241 237.455522
527.043164 966.501916
469.272872 249.872242
483.966922 259.680443
499.029182 275.234423
521.371973 1004.243611
511.146097 301.459429
486.088834 291.283877
513.570569 308.378424
494.837082 290.423042
496.573399 299.265567
511.037948 332.087994
510.369485 351.130776
495.865279 1019.690554
513.129417 363.272871
512.650401 346.595414
521.023139 377.790457
511.516290 373.007959
527.230457 396.523175
524.770774 398.911681
520.506922 1002.938276
556.618954 1168.023707
519.376317 379.460315
542.271919 405.770693
562.128621 1170.251994
513.380656 1024.200391
518.669663 1137.050573
541.004125 442.939940
529.321999 445.715964
534.880332 449.528843
547.319671 1029.406468
526.565604 1146.103715
602.346075 1168.153359
542.140164 462.251939
516.381326 1126.103603
589.961170 1168.346529
544.166202 466.356255
520.926655 1038.581734
560.344194 488.286041
554.770423 1144.447788
570.197660 1033.563732
575.063739 1171.770760
548.378132 469.844136
552.817660 1106.771867
582.106842 1044.081258
550.681139 1162.892918
563.302447 493.462640
584.574521 511.712882
597.539198 1135.636396
575.482512 1048.692630
560.151693 1164.915354
581.479639 505.035266
566.662796 1027.834163
574.370133 1106.978609
637.496181 1177.962493
603.694202 524.795844
588.960484 1050.104395
602.537959 1139.128441
593.832824 1156.732539
606.616195 515.725034
605.457471 1065.195237
617.368991 1150.307427
604.075391 548.516214
607.213795 1139.482566
622.235612 1075.928693
635.963925 540.336185
642.230066 1115.961328
614.469714 1172.136810
603.337192 533.335506
638.171649 1073.622074
640.138256 1119.694462
636.570659 1153.433553
612.069417 536.745641
609.864661 1134.488024
608.682220 1088.105955
635.104821 1095.490067
659.495556 1182.550925
622.423733 1082.547312
636.586178 1102.396842
595.316158 1113.136859
651.309948 565.008670
641.935441 1180.316852
626.634363 538.090359
675.311461 570.750079
642.571445 1183.403903
655.061835 565.361213
661.871519 1194.008643
669.225361 1108.599775
688.929602 1114.513851
652.821273 1127.466930
693.871865 1125.457385
707.702068 1160.359577
641.233231 557.699722
685.178344 1112.760631
673.721528 1168.691682
670.201029 1194.219561
688.000802 1107.824399
694.551463 1138.659230
681.998720 574.941852
724.139834 1070.943415
685.769083 1148.612002
667.681385 1195.777676
708.062253 602.508421
716.457583 1144.076229
659.507628 1087.324950
715.205921 1168.414719
673.695232 1181.928995
698.144448 577.457640
728.195010 1062.258653
717.668115 589.793321
707.269611 1092.245558
727.304381 593.863514
726.891777 1088.473936
721.430162 589.712453
745.256556 1072.648798
737.150276 594.227831
719.400593 1079.822837
751.278296 598.567912
749.965459 1062.216009
767.375901 599.932172
726.581902 1071.767193
781.172431 618.779542
770.098344 1056.154751
762.090712 619.278405
794.704492 1083.058848
823.487006 618.453259
771.115379 1055.857008
814.103128 634.988615
778.669864 1065.377744
792.529952 632.485594
788.280426 1079.526877
834.770501 642.966148
792.850515 1071.063924
815.919426 639.167089
848.663142 1065.588523
822.791390 620.693359
835.943450 1065.203011
870.840913 663.426899
844.903103 1051.144869
831.737707 658.414188
839.553524 1064.033119
830.280366 680.019295
864.688377 1035.227283
866.228199 672.890221
856.234052 1053.381364
891.474285 669.601903
905.194223 1032.322715
872.755603 667.761035
897.804595 1033.742636
907.939540 676.352638
927.047176 1016.365160
894.082474 675.473025
934.525299 1006.427821
904.491484 689.393982
909.450072 1027.792939
924.370892 692.162623
915.993070 1027.284245
959.704791 705.812283
944.999560 1013.461697
930.567297 696.516659
937.768355 1007.005682
956.659507 704.573178
966.353967 978.182804
970.723055 711.797769
971.465764 987.717453
965.472699 707.677943
968.678974 994.227987
960.853145 708.133239
956.681560 973.245264
1006.378717 731.665422
1011.968132 976.737367
990.905110 730.050722
1007.867405 979.133711
1008.761021 756.490924
993.079768 982.276391
1010.819261 734.870796
1023.895301 946.513987
1029.936430 750.960922
1018.474827 965.678058
1049.698377 740.010556
1036.680433 966.599353
1065.743845 744.255370
1050.002173 955.180580
1056.054840 764.709306
1062.481378 956.144965
1087.050916 738.875113
1073.096610 955.250572
1061.405248 746.117343
1099.301648 944.129022
1073.052448 745.019891
1102.706007 942.783006
1106.956545 746.456934
1113.283447 953.731133
1134.911189 772.015858
1114.371531 958.225604
1151.968400 755.093467
1104.116327 944.618097
1122.272778 745.739472
1137.041406 970.411897
1139.172317 755.444941
1153.592184 955.362334
1167.917794 753.900278
1185.602358 989.051644
1135.118523 753.788564
1174.639607 961.089999
1157.228969 752.013329
1173.032907 947.752408
1202.837162 764.704895
1214.122037 979.544719
1207.525581 761.694903
1233.513183 960.687561
1216.264360 756.262113
1179.947234 985.068712
1203.627157 764.016449
1212.571111 975.082571
1217.100527 757.918845
1245.742866 994.626096
1281.956708 777.295895
1242.968728 1002.803523
1229.664889 757.203860
1211.625128 999.028709
1244.513341 764.086891
1249.805657 1019.536967
1259.373147 770.578848
1265.695043 1023.991335
1264.225791 1023.333435
1262.092640 758.863583
1275.969835 1013.537617
1239.707668 784.616961
1306.926180 1005.898728
1251.661704 764.402396
1250.100907 1024.680618
1269.520318 768.962369
1337.609439 1023.433872
1308.658061 770.298520
1322.151504 1023.373182
1326.268926 755.223804
1307.915742 1021.557557
1357.452775 772.762729
1330.008459 1027.717984
1321.224250 757.895627
1357.803375 1015.393742
1301.691437 765.820701
1335.994777 1030.237364
1375.281587 789.414067
1374.063362 1014.940878
1386.059788 778.480520
1377.263605 988.740359
1381.967377 780.027393
1395.016663 804.247457
1351.961904 1012.133383
1388.439884 780.981229
1387.892339 792.197019
1401.637147 815.955188
1373.878662 871.910091
1378.072849 990.610594
1401.947044 799.610202
1427.273353 852.064471
1401.149470 987.594853
1446.392102 882.722667
1416.083888 809.027777
1392.601385 996.245601
1412.062818 868.360265
1409.398002 882.727039
1428.411588 834.265901
1383.648793 977.705959
1438.306348 849.704052
1425.441114 854.608673
1417.027672 879.122072
1415.060643 990.086369
1413.023754 909.795035
1408.118098 975.110238
1447.783253 952.535741
1449.508537 879.375940
1425.377355 974.599627
1454.434657 923.557982
1462.256769 900.647512
1469.915163 906.748960
1429.627748 901.759036
1458.055568 929.607480
1469.252478 906.892393
1466.176436 913.643279
1463.398813 908.954088
