169.232465 294.618772
173.388509 304.020253
171.551564 292.385644
170.941676 295.245719
181.836874 278.758888
185.415160 319.019204
186.915718 277.854839
197.833590 314.722051
196.960183 272.917380
205.690775 259.769572
205.084651 319.064567
211.769519 258.225719
215.480379 316.839658
218.209337 241.410705
277.012938 243.171069
228.534653 315.635838
233.955646 232.604393
234.519639 316.441193
239.439510 220.201049
240.841836 327.480921
248.309074 211.765518
253.378443 324.269150
254.667116 202.555499
266.687844 305.384994
264.718291 196.991950
271.034225 627.432514
269.000000 637.000000
269.000000 647.000000
271.297667 653.386544
266.989020 668.857242
269.000000 677.000000
269.000000 687.000000
270.707184 696.699524
272.788110 321.591799
273.460277 195.734711
275.683783 577.292041
270.185751 581.234157
274.039903 610.811114
273.345116 605.687163
276.155460 622.295346
272.582453 706.295890
273.702917 716.063774
274.297083 725.936226
275.655795 738.751212
281.034225 542.432514
278.677462 551.617334
277.316217 561.707959
278.567823 745.124624
280.697510 754.381489
280.975626 187.130594
282.554223 323.335178
283.506014 764.289532
285.545017 522.427055
282.454983 531.572945
291.335244 504.886210
290.087566 514.586634
286.997307 773.676026
356.777198 339.891691
291.517950 782.303843
290.576002 183.983515
292.593052 483.708395
293.642253 488.093080
293.843813 794.997808
297.583062 337.766566
302.263156 454.282271
291.546871 497.745323
291.783899 839.646526
301.351998 176.241981
302.430431 346.279171
307.185684 429.048206
302.328110 441.573153
257.921461 800.568929
305.985603 359.081054
308.537139 368.254273
309.942491 370.643206
311.814655 382.065475
309.173615 396.855084
309.000000 409.000000
311.440221 421.193741
308.866679 822.922372
312.206158 176.010842
314.979175 827.814193
319.071446 842.488730
321.273711 171.264492
323.955501 847.441244
332.461845 170.914588
274.333797 836.850641
338.338674 863.166423
341.915795 170.244251
363.694341 886.302525
352.017518 170.781015
380.445341 900.616823
361.175027 882.717897
289.640499 192.130127
367.137087 891.251369
370.928703 169.863370
373.346331 899.725774
380.750400 906.315726
380.555830 171.214839
387.028077 913.023386
390.413284 172.773991
393.458759 923.433630
400.295912 930.888844
399.427236 175.923780
407.932728 938.092129
409.010313 178.973956
415.509366 944.459424
417.835608 183.437617
423.664528 950.437797
426.274694 186.646739
431.957134 956.353958
434.350709 190.559940
440.447795 962.458633
443.447048 195.165039
448.985259 971.894345
451.453064 200.891504
456.274535 977.438221
458.581570 208.839190
458.169489 988.420903
466.221491 215.587192
471.906304 224.091395
474.801755 984.470396
478.231314 232.512544
478.855190 995.852847
484.080661 241.365439
484.917018 1005.016099
488.758174 248.969312
493.738129 1008.390763
491.747826 258.620867
496.027525 266.619750
499.498448 276.178819
501.209321 1018.096189
501.710242 286.365955
504.283324 296.180228
506.811906 305.536412
506.988782 315.464143
513.436979 342.374962
512.281944 330.423346
510.604945 350.300303
512.539978 1017.261845
514.320976 352.536682
516.268347 360.519614
516.727780 372.900983
515.036885 383.954715
520.023057 392.822998
517.714497 394.101974
519.725404 1024.679403
551.833118 1174.662846
527.867006 408.459224
529.819856 421.716777
536.105862 1162.393901
530.911628 1028.640258
540.336876 1141.783116
522.625174 396.904158
563.024439 483.920118
540.375447 450.816253
539.379200 1038.710157
579.889634 1174.259665
539.872500 1164.254216
544.766597 461.264217
555.126887 1124.167805
548.016596 1168.178135
550.816567 471.358028
550.089304 1040.201109
557.880260 475.991786
559.877662 1145.527671
559.279522 1043.812227
558.892349 1168.637834
564.750143 486.517601
569.068093 1141.664301
514.494281 1020.207250
569.670046 1166.322911
569.965819 492.765913
577.033190 499.343861
577.758402 1142.510557
580.865892 1048.631779
578.239753 1167.171933
584.404267 510.952494
588.525903 1050.662737
586.425564 1142.847033
586.805273 1165.308197
591.030058 516.808991
597.705586 1056.470198
599.224003 1141.635682
664.420257 1181.451924
601.993054 519.641544
605.866750 1063.596339
606.850984 1146.440610
590.038457 557.826800
633.915307 1164.852999
615.304000 1062.139176
612.396152 519.675671
616.846312 1133.531798
617.536126 1171.263837
623.563343 538.577480
623.386907 1067.372166
625.945239 1128.172005
662.919199 1166.016061
631.473786 544.915667
647.398389 1090.246463
634.769859 1066.922844
637.257221 1111.001433
638.064791 1174.695368
637.875645 1079.944703
639.778490 1085.281575
640.001593 1131.724104
641.260094 550.863020
648.033655 1174.078185
650.469989 557.192113
658.893614 562.507075
656.530110 1179.005694
667.684841 568.430881
666.707468 1177.982013
570.332316 1090.162780
672.415857 1134.028435
675.818348 1138.156380
655.207793 1145.794161
674.902805 1187.220290
677.248975 573.789935
680.119392 1105.696137
679.602505 1156.002735
684.404836 1187.171220
684.425617 1092.939182
685.449512 1159.707180
686.418436 578.135927
618.483967 1012.310878
690.656549 1177.212286
693.126849 1196.198272
695.145115 583.689085
693.948061 1180.259851
697.515838 1075.139258
690.758805 1181.867920
696.837256 1187.472962
705.685325 591.538381
705.281374 1068.553400
713.521665 592.120634
714.479725 1066.207271
723.051773 595.881522
725.186709 1065.793427
732.810135 600.401047
735.215042 1067.106831
742.189865 604.598953
744.989384 1065.298807
751.908939 609.210227
752.402247 1067.766349
761.155014 613.646267
765.441786 1071.879968
770.432967 617.980359
773.956238 1070.299950
780.099315 621.734489
783.977923 1070.651489
789.562739 625.126460
790.293375 1071.659989
799.060337 628.851749
802.095923 1070.516012
808.510022 632.720844
811.803952 1068.273705
817.997182 635.004740
821.976562 1064.912983
826.986598 640.032035
831.648002 1062.758019
836.895650 644.254971
841.625490 1059.027636
845.992254 649.017386
850.770814 1054.492534
855.075272 653.828522
859.678909 1049.373073
870.059622 663.602381
869.696536 1044.484589
873.788795 661.542692
880.294632 1040.929959
876.853041 668.745477
889.272017 1026.880576
893.314043 669.089076
900.657256 1026.387381
918.200102 682.040386
909.810601 1023.268325
912.781072 676.601188
917.667496 1017.416735
922.413340 681.361763
932.838362 999.852717
928.680910 690.411923
934.715754 1008.091428
940.303997 691.440397
943.310556 1003.630046
945.425691 699.793789
951.867442 992.774336
958.707958 699.837058
962.431412 989.105735
965.469644 705.539471
972.792452 986.043047
978.182386 703.589543
982.116647 980.250994
987.027335 709.268043
989.558903 975.845943
996.982872 713.874456
999.657913 971.276780
1005.752091 715.959485
1016.052282 950.581245
1014.392404 729.515687
1017.838093 964.471064
1024.851814 726.580338
1027.444170 962.214839
1033.016153 727.457681
1035.907890 957.725858
1042.898373 733.619537
1045.803575 956.629835
1055.444326 735.065225
1056.476695 954.265051
1062.926908 736.354359
1058.034412 934.444504
1074.028915 740.948611
1077.117091 955.724340
1085.466125 742.429668
1087.126700 954.687406
1067.739003 733.127158
1096.975812 956.502729
1103.072493 748.913262
1106.665050 955.778846
1111.381032 755.809335
1116.423972 958.376154
1121.984253 756.650682
1125.427236 961.923780
1131.013435 756.273764
1135.225741 964.316533
1141.316090 756.484020
1143.458712 962.155868
1114.416530 773.508410
1153.997084 970.682509
1161.348638 757.519576
1164.124654 976.827708
1252.040890 785.543409
1173.274064 977.337128
1181.251847 757.911609
1182.905861 980.251418
1190.755254 760.663397
1192.276032 984.225465
1199.990732 764.230158
1202.047608 989.619048
1210.047916 763.643224
1211.650687 991.122924
1219.951224 764.425517
1221.513425 993.352676
1229.891121 767.301383
1230.198075 993.429456
1238.967020 768.512119
1240.259827 999.203240
1249.344765 767.979203
1250.007818 1001.967686
1260.874894 767.726485
1259.963091 1005.223791
1268.989043 1007.593858
1271.022568 766.314512
1279.007016 1009.705876
1280.683317 765.471103
1289.323991 1012.874830
1290.430493 765.005709
1298.181903 1015.886307
1299.699136 770.424461
1307.411263 1018.441781
1347.034867 786.397895
1317.027542 1019.899141
1319.438129 768.552179
1283.746269 1012.982094
1329.402192 768.854038
1336.180247 1023.545324
1339.716614 772.486249
1343.893452 1019.692371
1349.905075 771.485219
1355.160415 1021.403197
1358.984706 775.057992
1365.935657 1024.421635
1366.238013 775.416642
1375.367998 1022.550451
1397.148596 801.735339
1388.595861 799.183452
1384.956555 1019.846999
1384.527649 786.290886
1390.065041 793.693469
1395.205801 803.282570
1385.639939 883.682683
1395.985617 1016.812019
1403.991110 814.735474
1402.632342 854.637686
1404.239525 1012.907666
1406.267818 868.619574
1411.036845 823.524657
1412.816400 1008.152223
1416.235210 856.845422
1418.793971 870.302841
1418.209545 828.474611
1421.896643 1003.722804
1421.523492 838.075890
1421.274365 850.279965
1427.762906 872.944774
1428.471341 996.526344
1433.442696 883.993535
1434.581612 984.653021
1439.831682 976.412381
1443.820245 884.164290
1448.032450 940.443277
1444.892727 959.939322
1449.076912 892.646984
1454.101756 944.172645
1456.351673 898.608637
1459.714565 936.533807
1371.755059 931.314955
1464.967937 915.573294
1464.386042 925.608619
