166.956454 300.236848
170.805133 301.138414
180.113256 292.800337
183.466810 308.641208
191.426057 278.333168
193.386840 315.354792
195.582924 278.967277
188.091453 315.897981
193.801337 271.740225
204.688338 263.353843
197.231021 315.318859
214.049331 247.380317
210.151457 318.603098
217.747361 241.469502
217.780779 243.014482
221.518172 315.807631
232.840117 234.598499
225.653772 321.081743
243.353540 217.119587
246.488417 325.860646
254.235862 204.891203
254.345768 321.930925
250.651162 206.991058
254.788211 320.709190
275.332102 193.712423
272.192848 624.698539
288.906270 643.857005
275.678905 647.156145
270.468733 662.340003
265.068652 673.494455
264.978375 676.416709
269.180767 680.700372
272.623311 702.533968
274.567033 323.725401
272.025768 194.366422
272.660934 573.675204
273.646212 576.973706
278.111805 600.552273
274.873176 624.730362
270.444627 634.951818
275.010477 714.500332
275.143171 713.585193
275.524476 725.935097
275.777739 729.206938
276.871088 543.414118
276.006837 548.580874
275.775627 562.581482
279.382495 747.729851
279.304608 750.680073
282.201614 190.023755
280.240091 320.178361
285.881768 765.805155
281.707162 521.411266
278.202587 536.300257
289.929957 491.443854
283.894925 508.834538
288.805308 773.227043
287.560670 334.912346
290.114017 774.899600
289.026633 187.808615
303.278135 472.783607
285.094629 477.309292
296.389329 798.102949
306.328618 339.008129
309.237326 449.788675
300.723077 453.425727
298.080674 801.646494
303.395479 184.458397
311.610914 357.085261
301.594606 418.513957
300.662906 442.300365
305.165075 816.206856
305.131035 365.055591
306.141445 373.771972
311.059524 374.868276
303.410597 389.633247
309.630387 398.387127
302.161956 410.575291
313.443888 419.512145
306.958143 817.883392
323.019279 178.382373
309.244922 825.202219
315.577353 833.412378
318.242132 183.712305
327.271105 850.634168
333.910076 172.527687
330.659995 855.017509
344.187337 868.946499
343.777683 169.710429
339.028119 862.565261
341.809778 170.253275
354.204046 880.295803
361.268923 888.669300
362.033059 168.559888
364.076317 890.476305
373.397606 167.013682
368.329707 896.249107
373.766553 901.993406
375.724331 167.859848
388.328685 917.706508
400.449643 174.616241
401.650483 930.437380
405.461501 935.920081
400.005731 174.812225
410.269111 939.357563
403.271973 176.226700
416.453060 945.031002
421.778713 184.350471
429.294887 954.658271
420.349040 184.308175
433.953125 957.325515
439.562294 194.218920
435.044649 959.300033
445.188311 198.752926
450.743001 970.447300
456.598163 207.649179
450.524446 970.607395
464.898345 217.362129
479.275850 984.124286
461.910746 212.161730
466.628360 219.864530
471.963551 984.362110
475.991568 232.735471
479.990570 991.476845
482.170462 240.841316
488.340079 1000.236398
483.342005 244.278460
502.689239 1013.413612
493.595405 260.525174
497.897517 267.856121
503.255894 284.804377
507.131502 1018.613231
506.777785 293.605445
509.096910 305.668029
511.793705 309.964418
514.985264 320.419741
514.163628 316.169437
515.200101 333.120942
517.122883 358.157440
504.219237 1016.548862
515.787220 365.630663
514.993402 367.935578
518.301642 382.352959
514.451381 389.264530
511.225179 392.292554
515.337557 404.383699
517.766071 1022.022119
535.998382 1137.424282
525.914761 422.535842
530.185936 428.207740
543.190029 1152.261651
529.416855 1025.300813
525.113489 1130.198514
537.554072 438.514385
534.606239 435.429476
535.011146 446.468036
542.267596 1032.704091
554.192231 1139.297704
547.082186 1159.537099
546.198264 481.201914
552.768145 1144.210663
544.564805 1162.267837
554.592512 478.659749
550.322512 1036.607002
556.618772 479.278452
571.580577 1147.125281
559.835213 1039.848447
553.380431 1157.194070
554.989458 477.591927
567.757567 1146.310280
579.596202 1044.065739
581.436935 1159.474169
569.675874 492.768789
583.610051 504.615222
577.138370 1144.358676
579.493973 1044.096114
573.313908 1155.479112
581.678009 502.427604
578.943819 1043.665269
591.527026 1147.508161
581.222078 1155.702837
590.320919 513.465392
590.484405 1067.905623
593.694717 1143.382750
615.251706 1170.274821
606.741409 528.070448
604.827542 1061.706179
612.569163 1143.424736
607.793472 528.643401
596.221187 1162.290022
611.602827 1062.188104
621.786867 537.419843
610.917136 1125.838445
618.338883 1169.300271
629.683598 555.641416
613.045095 1066.184544
633.985310 1127.761275
626.203018 1173.408421
627.389322 558.274264
640.547876 1108.821919
628.197065 1077.617753
637.741188 1109.472821
626.117721 1171.853926
624.766128 1083.333056
640.821205 1092.038923
644.045395 1093.798990
646.065050 561.176866
643.252739 1169.219050
646.650957 561.333438
652.411406 563.896248
662.753537 1167.162473
664.845162 567.042787
663.869022 1173.375421
673.923176 1108.533069
676.512123 1120.469922
678.872517 1142.676956
676.114848 1146.690253
673.478010 1183.505296
675.386316 571.755052
670.352626 1099.115070
682.381179 1144.917514
675.507026 1183.096946
691.545714 1094.808465
670.645992 1161.036147
694.383554 580.372931
689.943650 1094.491765
679.031513 1165.493877
691.017422 1182.046459
693.840260 579.564569
687.064447 1159.462800
693.651068 1081.472768
678.046316 1173.158053
689.171559 1182.336441
704.955104 586.514129
696.039203 1072.999578
712.835928 590.951398
711.435705 1072.390273
721.773545 596.976877
725.313166 1071.055557
737.151786 604.272231
740.154457 1069.884211
729.471297 601.183482
749.469057 1070.100272
752.631154 615.925703
738.725750 1071.428200
764.491470 626.963968
759.718681 1071.077321
772.849779 622.232246
766.422723 1067.450354
788.298556 624.853892
778.702639 1061.873517
791.331190 624.501111
787.831820 1062.180580
797.418700 626.355270
789.197208 1051.945331
803.216616 627.276439
807.589829 1061.871162
809.083838 629.577613
814.652680 1061.279134
825.018417 637.984830
833.870805 1058.904463
846.447759 651.239080
842.820034 1055.511242
846.327468 648.610230
844.911726 1058.802109
853.955904 655.043885
865.136661 1049.901918
860.568543 659.196996
869.298015 1048.691897
879.207214 675.040797
880.307223 1041.865975
889.955560 673.575799
894.270698 1031.694343
892.368456 673.461221
899.480060 1028.606460
893.646063 672.958860
904.256708 1023.488052
911.621850 677.347599
908.524078 1012.338473
917.999239 679.969550
922.916685 1011.033879
918.453494 681.561989
944.656991 1001.132007
939.334545 694.615819
945.406098 1001.356390
942.350473 697.985614
937.539934 997.890590
966.384454 701.305832
974.890852 989.540973
969.308047 702.151662
971.199546 989.994142
979.591802 706.454296
982.653132 989.027529
976.923828 706.425651
989.673922 981.647928
1004.527649 717.386780
1014.461199 968.220799
1006.651519 718.230519
1017.606326 966.413417
1016.583382 726.025730
1027.923674 964.622340
1027.794919 731.171863
1022.399261 966.050978
1026.979709 738.085873
1034.457980 963.710217
1050.752150 736.461661
1047.914824 961.582041
1063.470220 736.177673
1053.693173 960.414253
1067.475549 737.239175
1069.111392 951.632734
1081.596164 742.337964
1070.192852 957.926926
1093.013471 745.407844
1082.640663 954.922857
1093.880514 745.992657
1097.887222 955.089741
1095.201759 746.687659
1098.832139 955.123721
1108.513065 759.524745
1108.901916 956.577751
1120.657258 752.021013
1123.444736 949.690999
1135.047297 751.515677
1133.470679 960.651571
1142.832747 753.046942
1150.917390 971.517301
1167.251781 755.041586
1148.819733 969.776151
1154.105619 753.489418
1163.119027 974.348137
1173.454847 756.719337
1176.046761 981.818923
1193.735129 760.364517
1186.309439 986.199394
1175.742394 756.309715
1185.878298 986.260157
1212.391452 764.982418
1197.363424 986.204812
1209.899862 764.086085
1217.715051 990.775442
1214.114277 765.107748
1224.970836 991.610467
1231.610339 766.747921
1235.174394 991.700515
1236.418637 771.095488
1235.703184 985.974747
1251.575650 766.051677
1260.961436 1004.000711
1263.066378 764.706196
1254.968844 1001.675680
1266.128918 1005.639722
1264.076735 765.735921
1278.408155 1009.233046
1278.393628 764.585099
1292.640211 1016.631377
1303.234918 763.938525
1293.276076 1016.946801
1296.519657 764.934049
1311.873194 1018.942079
1302.378712 763.905422
1325.341415 1019.845845
1315.739154 763.202429
1323.668903 1020.366352
1321.935275 765.471290
1335.803828 1019.383461
1343.424102 771.678242
1346.676450 1019.601404
1353.348418 770.688559
1361.868937 1014.312826
1354.987663 774.709470
1371.399706 1017.562514
1363.957017 782.361868
1377.745499 1019.016555
1382.522967 798.969718
1381.603046 808.502603
1395.855380 1015.429344
1377.074320 793.151676
1380.261643 797.951215
1401.530498 813.615930
1397.196092 875.140345
1391.815121 1015.871791
1404.021132 818.961925
1411.526822 864.212616
1404.502724 1011.812558
1408.027591 871.639230
1404.388068 828.523533
1403.849083 1014.568216
1416.819339 870.605949
1411.096506 887.128918
1407.963044 829.779496
1420.421396 999.595091
1416.360302 862.489778
1413.073835 848.537717
1438.451447 878.998510
1421.569095 996.504675
1436.855357 880.591674
1437.936591 979.251067
1441.407677 968.967929
1440.951444 880.107504
1446.790868 954.496402
1442.902149 963.511847
1453.674821 888.719861
1456.023515 942.210582
1457.858598 899.475325
1459.489361 938.860316
1456.153623 901.412139
1460.969794 914.145162
1459.840272 937.881156
