171.238832 294.148963
173.388509 304.020253
171.688189 292.050805
170.941676 295.245719
184.373788 281.716259
185.415160 319.019204
186.915718 277.854839
197.833590 314.722051
196.960183 272.917380
205.690775 259.769572
205.084651 319.064567
211.769519 258.225719
215.480379 316.839658
222.352758 245.418583
275.937910 235.839954
228.534653 315.635838
233.955646 232.604393
234.519639 316.441193
239.439510 220.201049
240.841836 327.480921
248.309074 211.765518
253.378443 324.269150
254.667116 202.555499
267.261881 299.146745
265.324759 198.859757
271.034225 627.432514
269.000000 637.000000
269.000000 647.000000
271.297667 653.386544
266.989020 668.857242
269.000000 677.000000
269.000000 687.000000
270.707184 696.699524
272.549055 322.410110
272.316294 193.712195
275.683783 577.292041
270.185751 581.234157
274.550814 610.879352
273.345116 605.687163
276.155460 622.295346
272.582453 706.295890
273.559940 716.085226
274.744393 725.869228
275.655795 738.751212
281.034225 542.432514
278.677462 551.617334
277.316217 561.707959
278.792293 745.071037
280.697510 754.381489
282.788631 190.083411
282.554223 323.335178
283.506014 764.289532
285.545017 522.427055
282.454983 531.572945
291.335244 504.886210
288.099030 513.964352
286.997307 773.676026
356.478073 337.216125
289.873313 782.849083
290.145198 183.194904
292.593052 483.708395
292.319436 488.011292
293.843813 794.997808
297.583062 337.766566
302.263156 454.282271
291.546871 497.745323
291.783899 839.646526
301.351998 176.241981
302.430431 346.279171
307.185684 429.048206
302.328110 441.573153
257.921461 800.568929
305.985603 359.081054
308.537139 368.254273
309.942491 370.643206
311.814655 382.065475
309.173615 396.855084
309.000000 409.000000
311.440221 421.193741
308.866679 822.922372
312.206158 176.010842
314.979175 827.814193
319.071446 842.488730
321.273711 171.264492
322.937360 849.289318
332.461845 170.914588
282.008207 821.323002
338.348018 863.154418
341.915795 170.244251
363.694341 886.302525
352.017518 170.781015
380.445341 900.616823
361.175027 882.717897
289.752041 192.436165
367.137087 891.251369
370.928703 169.863370
374.230870 898.951243
380.750400 906.315726
380.501193 171.500951
387.028077 913.023386
390.413284 172.773991
393.458759 923.433630
400.295912 930.888844
399.307751 176.287726
407.932728 938.092129
408.701656 179.757520
415.509366 944.459424
417.938724 183.196329
423.664528 950.437797
426.274694 186.646739
431.957134 956.353958
434.266300 190.739771
440.447795 962.458633
443.447048 195.165039
448.985259 971.894345
451.453064 200.891504
456.274535 977.438221
458.581570 208.839190
458.506507 988.142223
466.221491 215.587192
471.906304 224.091395
474.801755 984.470396
477.925273 232.722428
478.855190 995.852847
484.080661 241.365439
484.917018 1005.016099
488.758174 248.969312
493.738129 1008.390763
491.747826 258.620867
496.027525 266.619750
499.498448 276.178819
501.209321 1018.096189
501.710242 286.365955
504.283324 296.180228
506.811906 305.536412
508.838139 315.038214
513.436979 342.374962
512.281944 330.423346
510.604945 350.300303
512.539978 1017.261845
513.363746 353.063866
514.941451 360.815066
516.727780 372.900983
515.036885 383.954715
518.846276 393.598006
517.714497 394.101974
519.725404 1024.679403
551.833118 1174.662846
527.867006 408.459224
529.819856 421.716777
536.105862 1162.393901
530.911628 1028.640258
540.336876 1141.783116
522.625174 396.904158
563.024439 483.920118
540.375447 450.816253
539.379200 1038.710157
580.275345 1169.343425
540.432452 1159.978426
544.766597 461.264217
555.126887 1124.167805
547.858479 1165.691197
552.366429 470.040147
550.089304 1040.201109
557.880260 475.991786
558.878678 1142.966934
559.279522 1043.812227
558.142437 1164.475781
564.750143 486.517601
570.335389 1143.825491
514.494281 1020.207250
569.142921 1163.174609
569.965819 492.765913
577.033190 499.343861
577.387529 1144.115345
580.865892 1048.631779
576.859999 1162.343862
584.404267 510.952494
590.118574 1052.535899
586.425564 1142.847033
585.877452 1161.029318
590.394364 518.815563
598.379151 1058.033165
599.224003 1141.635682
664.420257 1181.451924
599.946503 524.508774
605.817193 1064.824179
606.853143 1146.067253
590.038457 557.826800
633.915307 1164.852999
615.304000 1062.139176
612.396152 519.675671
618.316925 1136.737749
617.918754 1165.923063
623.393262 539.888885
623.386907 1067.372166
625.945239 1128.172005
663.350217 1167.278056
631.473786 544.915667
647.398389 1090.246463
634.769859 1066.922844
637.311942 1111.753164
638.064791 1174.695368
637.875645 1079.944703
639.778490 1085.281575
639.486680 1134.385204
641.260094 550.863020
648.126138 1173.671301
650.469989 557.192113
658.893614 562.507075
657.118938 1177.009173
667.684841 568.430881
666.773083 1178.451331
570.083830 1091.412933
671.971739 1135.741818
676.906198 1144.689563
655.557089 1147.794750
676.232626 1183.778818
677.248975 573.789935
680.119392 1105.696137
679.495467 1155.425229
684.515557 1186.244802
684.425617 1092.939182
685.449512 1159.707180
686.418436 578.135927
618.483967 1012.310878
690.656549 1177.212286
693.110954 1185.420003
695.145115 583.689085
693.948061 1180.259851
697.515838 1075.139258
690.758805 1181.867920
696.837256 1187.472962
705.685325 591.538381
705.281374 1068.553400
713.521665 592.120634
714.479725 1066.207271
723.051773 595.881522
725.186709 1065.793427
732.810135 600.401047
735.215042 1067.106831
742.189865 604.598953
744.989384 1065.298807
751.908939 609.210227
752.402247 1067.766349
761.155014 613.646267
765.441786 1071.879968
770.432967 617.980359
773.928733 1070.622693
780.184744 621.517143
783.984583 1069.876128
789.562739 625.126460
790.293375 1071.659989
799.095694 628.755317
801.889794 1069.182156
808.510022 632.720844
811.803952 1068.273705
817.997182 635.004740
821.976562 1064.912983
827.047153 639.898077
831.648002 1062.758019
836.895650 644.254971
841.625490 1059.027636
845.978930 649.046206
850.770814 1054.492534
855.075272 653.828522
859.678909 1049.373073
870.059622 663.602381
869.696536 1044.484589
872.840954 663.579462
880.294632 1040.929959
876.853041 668.745477
889.272017 1026.880576
893.314043 669.089076
900.657256 1026.387381
918.200102 682.040386
909.810601 1023.268325
912.781072 676.601188
916.701603 1016.154789
922.413340 681.361763
932.838362 999.852717
928.680910 690.411923
934.715754 1008.091428
938.950291 694.441751
941.092133 1000.277508
945.425691 699.793789
951.867442 992.774336
958.282449 701.361573
962.431412 989.105735
965.469644 705.539471
972.792452 986.043047
978.182386 703.589543
982.116647 980.250994
987.027335 709.268043
989.558903 975.845943
996.982872 713.874456
999.657913 971.276780
1005.752091 715.959485
1016.052282 950.581245
1014.392404 729.515687
1016.877714 961.338683
1024.851814 726.580338
1027.217287 958.740476
1033.016153 727.457681
1035.879786 957.672280
1042.898373 733.619537
1045.803575 956.629835
1055.444326 735.065225
1056.476695 954.265051
1062.771834 736.876419
1058.034412 934.444504
1074.028915 740.948611
1077.117091 955.724340
1085.466125 742.429668
1087.076940 954.814449
1067.739003 733.127158
1097.017711 955.849441
1103.072493 748.913262
1106.665050 955.778846
1111.851378 754.773972
1116.171118 959.415457
1121.984253 756.650682
1125.427236 961.923780
1131.013435 756.273764
1135.225741 964.316533
1141.316090 756.484020
1143.458712 962.155868
1114.418986 774.456903
1153.997084 970.682509
1161.348638 757.519576
1164.124654 976.827708
1252.040890 785.543409
1173.274064 977.337128
1181.251847 757.911609
1182.905861 980.251418
1190.755254 760.663397
1192.276032 984.225465
1199.990732 764.230158
1202.047608 989.619048
1210.047916 763.643224
1211.650687 991.122924
1219.782496 765.423474
1221.513425 993.352676
1229.451798 768.440247
1230.198075 993.429456
1238.967020 768.512119
1240.588032 998.235371
1249.344765 767.979203
1250.007818 1001.967686
1260.874894 767.726485
1260.025418 1005.027871
1268.989043 1007.593858
1271.022568 766.314512
1278.738187 1010.652029
1280.683317 765.471103
1289.139807 1013.502353
1290.430493 765.005709
1298.181903 1015.886307
1299.699136 770.424461
1307.532311 1017.849633
1345.680433 789.113560
1317.027542 1019.899141
1319.438129 768.552179
1283.746269 1012.982094
1328.923715 770.829213
1336.180247 1023.545324
1339.811852 772.122311
1343.893452 1019.692371
1349.184778 774.951783
1355.160415 1021.403197
1358.323263 777.113737
1365.935657 1024.421635
1366.238013 775.416642
1375.367998 1022.550451
1397.148596 801.735339
1388.595861 799.183452
1384.956555 1019.846999
1382.216824 789.042435
1389.006918 794.506995
1395.205801 803.282570
1395.154927 892.859118
1395.985617 1016.812019
1402.610596 815.752723
1402.632342 854.637686
1404.018907 1012.362331
1405.342145 864.603065
1408.930765 825.473729
1412.223567 1007.312738
1416.089974 855.619049
1418.865714 870.156671
1414.080358 831.066895
1420.179889 1001.891804
1421.523492 838.075890
1420.570473 850.824356
1427.597391 873.113298
1427.211396 995.695166
1433.442696 883.993535
1434.581612 984.653021
1438.554556 975.779832
1443.820245 884.164290
1448.032450 940.443277
1443.905976 959.532944
1449.076912 892.646984
1452.211230 942.602810
1456.351673 898.608637
1458.767492 936.063084
1371.755059 931.314955
1461.858609 919.004753
1462.547784 924.571408
