190.234206 300.973972
196.508128 308.761000
189.885919 301.237933
206.705207 319.352175
189.314895 300.326044
197.173697 310.695958
198.053718 296.367588
189.297763 299.720938
210.132203 260.017846
230.193291 254.746784
193.827863 307.934103
219.678112 247.431360
249.761371 321.627921
236.620806 229.200382
224.461473 236.977825
202.513874 292.189184
219.950197 246.172225
239.220024 318.833860
235.429398 220.550368
244.290024 331.000215
259.347751 221.498639
258.259771 317.061861
238.524097 219.164926
271.898252 319.954496
261.349644 195.615145
257.980317 621.341650
257.375423 621.565805
263.946950 635.665215
278.200239 651.008853
271.106451 655.108243
275.029201 669.419378
278.336928 693.727824
279.738651 694.986363
264.526444 312.729658
270.823789 188.742928
265.371859 605.736003
275.448697 568.836623
274.168710 576.898794
287.424521 593.894815
265.765521 615.645919
284.594099 698.450418
284.543889 716.987823
286.935633 726.808208
286.068916 724.077318
281.139520 540.847771
275.890882 566.724776
275.379839 569.411348
290.942703 751.096557
293.631047 761.504935
274.664976 188.864833
283.953192 332.951326
295.848630 763.046447
289.634159 508.849175
282.869957 538.610202
290.198292 498.606299
291.549621 501.409330
298.392835 779.663526
293.413142 323.603463
292.228266 757.061585
277.954667 187.932388
285.154983 476.590295
288.188338 498.738561
300.742235 802.716220
288.148145 317.041473
285.010686 446.992217
297.324172 443.977135
300.310066 801.303676
290.657240 184.691102
303.612425 336.468875
322.023407 425.419578
290.206343 440.304242
302.989853 814.379236
296.998697 352.236151
287.493207 378.728381
305.521586 385.065300
309.287558 377.548848
324.472335 396.543429
318.001931 401.451791
284.661814 416.731321
311.946016 820.801774
313.728043 180.176874
308.239469 826.799077
300.180995 824.513344
325.714303 174.988855
343.886302 845.796215
335.212957 170.343553
338.406721 848.954030
352.034460 849.285718
346.195049 165.635492
349.469229 862.452365
351.321241 166.854970
353.886604 865.399492
358.368229 876.883098
356.513862 168.608228
386.161105 911.721926
366.164437 163.471651
381.119132 903.138978
367.696718 883.260250
390.118505 165.047189
388.975255 915.679822
393.440418 180.607706
391.162055 938.478411
392.630886 934.952668
390.102127 163.536025
390.878305 938.397269
403.122885 180.964681
428.911240 950.491054
429.582505 198.688793
429.870947 950.303651
411.880654 188.175428
424.277571 949.226544
429.184673 198.085989
428.430974 951.171408
436.461818 204.008632
451.402266 971.854338
449.434540 213.311710
479.306584 995.259870
455.301878 221.493187
451.294368 962.796451
463.923380 224.640776
475.169990 235.052546
459.756810 980.534405
485.595513 238.016992
475.526547 992.947047
495.501174 254.277043
484.665167 1003.612204
495.555312 266.417272
487.345416 1005.688786
494.283964 244.416798
492.143688 264.456699
496.504654 282.678230
510.786590 1018.691052
500.793796 294.643432
504.347550 302.110009
485.101235 297.330902
527.274067 335.398495
511.326411 337.852268
506.600322 330.410344
520.737937 333.853723
517.222087 1020.957464
514.368694 341.076453
518.007052 345.403463
511.605700 376.412730
504.251703 394.084386
520.957476 398.159440
518.228290 404.467712
519.655832 1029.886566
536.357931 1155.039888
517.129052 408.692838
525.714364 416.663663
537.341546 1167.981463
544.349350 1030.179912
537.770854 1142.226872
532.977955 426.010132
546.939513 438.146304
536.588732 446.506616
547.914652 1040.820564
541.133991 1151.640217
548.790766 1147.645155
529.222053 459.219316
562.556445 1147.717058
537.464177 1167.068939
567.396578 478.230111
548.098187 1038.332277
563.745020 480.741881
548.895466 1141.620724
575.237570 1044.427616
547.477910 1155.528850
565.062355 479.593162
581.276115 1140.872707
589.982553 1051.134355
580.999260 1153.147122
569.871023 483.280342
582.255488 504.194528
571.152512 1125.299932
593.639223 1052.053692
601.155176 1160.869855
591.448443 509.433104
604.922071 1063.921775
612.517737 1148.293379
592.063732 1160.880931
581.193752 505.784820
601.836030 1056.645186
618.036706 1140.870032
594.021872 1155.960315
611.472131 528.725748
578.571952 1047.763796
616.553181 1138.961562
589.997961 527.721768
619.588128 1166.747425
612.280399 1065.019173
621.295159 533.286913
630.177455 1146.268693
627.338414 1163.233527
640.063636 539.076319
612.208489 1059.153313
630.320936 1123.335587
651.217193 1165.267468
647.639637 548.068136
616.193347 1131.457685
625.100605 1084.390748
620.198034 1094.396679
630.507559 1167.627891
641.032026 1085.853996
648.042758 1087.073933
639.695745 1097.811518
647.911859 541.128133
666.469267 1165.601878
657.428996 548.758249
667.258194 568.088088
687.315865 1174.489587
649.366892 572.925617
683.388710 1179.454399
676.906063 1107.011800
687.799157 1139.807991
668.852583 1125.699899
683.714324 1132.702385
691.579458 1187.495733
674.670216 579.548918
663.839478 1125.472639
685.502683 1135.102982
655.780376 1171.774027
677.562025 1121.096870
686.680384 1176.590360
709.347563 590.588102
696.302712 1081.763533
669.330683 1155.403596
696.818097 1188.932055
675.744207 580.338278
700.778701 1160.546652
672.474254 1093.647022
697.326464 1196.567922
696.557823 1195.014738
691.934847 586.346598
702.285913 1083.534199
708.283724 590.935049
716.743086 1082.266668
733.573875 604.956158
732.552138 1079.328147
727.784136 600.159078
728.646280 1076.850625
739.785922 610.242035
743.599591 1076.369917
746.037959 615.642965
734.701324 1083.091744
753.673257 624.210443
768.083568 1071.876354
763.570416 620.515175
774.788608 1069.450667
786.046629 629.340209
779.804591 1072.026760
745.304859 626.930636
835.346021 1063.785624
794.561434 635.607727
807.002997 1071.682471
790.076332 629.072258
802.500102 1070.931247
809.248330 637.743519
819.199378 1072.532151
830.230860 648.906668
832.141911 1069.345095
840.867500 651.965305
835.553253 1068.252993
850.178994 653.370393
844.953466 1066.855978
837.737617 654.650738
874.943270 1053.758275
858.965144 654.485756
865.895096 1056.648069
891.574553 671.094072
877.296644 1046.819108
858.315421 659.663663
881.215438 1046.058239
892.639564 673.075510
885.366365 1009.301914
881.815413 671.601523
904.574932 1024.054569
913.099380 684.321824
925.130427 1012.422354
901.593663 679.375661
948.986956 1006.806247
934.360796 696.122477
921.137352 1011.595256
927.917998 689.350518
934.110426 1005.773812
949.212600 714.475970
947.403346 1001.519723
923.898708 691.326957
948.429721 999.973444
970.869027 695.696909
980.021729 982.733683
969.507078 696.320351
1000.352838 969.448975
999.285909 717.383253
979.486319 979.310852
997.005689 731.340488
991.083303 974.721284
998.859723 713.544342
1020.251060 940.247257
1018.755218 729.578308
1007.173375 962.614842
1025.788496 731.243170
1031.787117 942.943928
1061.288423 754.345051
1031.316971 956.158740
1049.885682 743.033246
1065.856783 954.934331
1023.231806 732.950150
1071.684186 957.437529
1070.565222 748.444886
1085.116250 959.051441
1037.958652 735.569658
1086.720927 956.707858
1107.041913 755.227449
1084.709008 959.258592
1091.409404 761.806131
1087.610350 956.297868
1086.995452 748.064437
1112.116993 948.609473
1120.465118 758.607065
1090.963641 952.376181
1133.128539 751.002002
1138.216133 959.719223
1124.046113 749.767611
1124.415657 958.208947
1153.916231 747.749364
1162.234218 966.348040
1147.430276 749.553696
1160.493800 967.570855
1174.432799 751.725759
1170.310653 975.913093
1173.175976 751.248418
1168.967010 965.716567
1174.168420 751.779147
1177.723554 969.632579
1195.746282 756.411191
1195.497488 988.448947
1205.505406 763.988657
1207.702377 994.529678
1203.683603 766.750312
1219.420529 995.844872
1211.399849 759.664040
1229.206648 997.062186
1225.610113 765.887585
1227.645405 997.598000
1239.344870 773.522058
1227.161549 998.895172
1258.398570 786.888480
1248.876034 1001.785165
1261.968681 781.211004
1255.509298 994.198665
1292.257889 1016.607625
1283.163868 773.005385
1273.747150 1009.192864
1264.705298 778.734702
1308.130845 1029.275451
1280.310425 775.650308
1292.267779 1025.625584
1287.445175 767.039615
1284.818639 1016.461328
1310.506424 770.990519
1306.091268 1028.811443
1322.061027 769.368304
1340.161076 1032.373736
1331.902664 771.159595
1344.016722 1031.702088
1325.810657 770.334974
1352.454672 1029.029916
1365.706464 785.772594
1390.209659 1022.867461
1364.333591 774.376641
1358.769657 1022.890144
1380.767427 778.537128
1347.882447 1028.711371
1379.558623 777.335935
1382.167107 786.546101
1381.204138 1024.689903
1382.629660 775.857215
1387.139852 803.371675
1391.527814 822.525896
1407.208589 859.955478
1380.405838 1020.170462
1403.246460 824.794083
1392.149618 856.609486
1392.079004 1019.335134
1379.820577 858.638189
1418.867971 841.336414
1428.195055 1003.412423
1424.255674 861.531417
1429.644799 871.980908
1418.411424 839.448254
1425.939964 1003.776127
1399.327570 840.790599
1429.417616 860.898146
1451.598682 890.123164
1429.669480 991.384849
1416.536900 863.038081
1407.359600 985.798418
1429.233466 994.753820
1451.198612 895.140887
1447.462686 925.989656
1431.900257 973.515595
1444.567465 887.600647
1450.077324 934.596474
1437.846256 883.322281
1456.607513 918.759102
1452.653449 909.491938
1457.785860 922.805236
1457.378994 925.137190
