320.000000 1616.000000
320.000000 1626.000000
291.235187 1430.848613
325.000000 1635.000000
330.000000 1596.000000
331.000000 1643.000000
335.000000 1586.000000
434.337323 1665.882974
335.000000 1663.000000
335.000000 1673.000000
335.000000 1683.000000
335.000000 1693.000000
335.000000 1703.000000
335.000000 1713.000000
343.000000 1579.000000
343.000000 1719.000000
350.000000 1571.000000
350.000000 1727.000000
355.000000 1561.000000
355.000000 1736.000000
344.050796 1936.346939
360.000000 1536.000000
380.420862 1573.687362
364.000000 1755.000000
365.000000 1765.000000
365.000000 1775.000000
365.000000 1785.000000
420.551490 1570.260889
371.000000 1793.000000
378.000000 1524.000000
379.000000 1800.000000
388.000000 1519.000000
388.000000 1805.000000
398.000000 1515.000000
398.000000 1809.000000
408.000000 1515.000000
408.000000 1810.000000
415.000000 1818.000000
417.000000 1510.000000
420.000000 1827.000000
426.000000 1505.000000
428.000000 1834.000000
435.000000 1842.000000
436.000000 1505.000000
443.000000 1849.000000
446.000000 1505.000000
453.000000 1850.000000
456.000000 1500.000000
463.000000 1854.000000
487.234899 1479.877781
472.000000 1859.000000
474.000000 1490.000000
482.000000 1860.000000
484.000000 1488.000000
491.000000 1855.000000
494.000000 1483.000000
501.000000 1855.000000
504.000000 1478.000000
511.000000 1855.000000
514.000000 1475.000000
520.000000 1850.000000
524.000000 1473.000000
529.000000 1845.000000
534.000000 1470.000000
538.000000 1840.000000
491.859966 1462.158097
548.000000 1838.000000
553.000000 1465.000000
558.000000 1833.000000
562.000000 1460.000000
568.000000 1830.000000
571.000000 1465.000000
577.000000 1824.000000
580.000000 1470.000000
552.926805 1809.017506
590.000000 1470.000000
595.000000 1815.000000
513.250245 1499.471650
604.000000 1810.000000
610.000000 1470.000000
612.000000 1804.000000
620.000000 1470.000000
620.000000 1795.000000
630.000000 1466.000000
630.000000 1795.000000
639.000000 1790.000000
640.000000 1461.000000
648.000000 1785.000000
650.000000 1421.000000
650.000000 1431.000000
650.000000 1441.000000
650.000000 1460.000000
680.312986 1279.079664
655.000000 1450.000000
759.755346 1743.426382
660.000000 1401.000000
665.000000 1346.000000
665.000000 1356.000000
665.000000 1366.000000
665.000000 1376.000000
665.000000 1386.000000
682.757305 1813.539317
670.000000 1296.000000
670.000000 1306.000000
670.000000 1316.000000
670.000000 1326.000000
670.000000 1336.000000
675.000000 1281.000000
675.000000 1765.000000
680.000000 1271.000000
685.000000 1261.000000
685.000000 1765.000000
693.000000 1254.000000
695.000000 1760.000000
700.000000 1246.000000
703.000000 1753.000000
708.000000 1239.000000
710.000000 1745.000000
713.000000 1229.000000
715.000000 1196.000000
715.000000 1206.000000
715.000000 1216.000000
718.000000 1738.000000
720.000000 1186.000000
728.000000 1179.000000
728.000000 1735.000000
735.000000 1171.000000
738.000000 1733.000000
743.000000 1164.000000
745.000000 1720.000000
750.000000 1156.000000
753.000000 1713.000000
758.000000 1149.000000
763.000000 1708.000000
768.000000 1144.000000
773.000000 1134.000000
773.000000 1703.000000
780.000000 1126.000000
780.000000 1711.000000
780.000000 1746.000000
780.000000 1756.000000
780.000000 1766.000000
784.000000 1721.000000
785.000000 1731.000000
785.000000 1775.000000
790.000000 1106.000000
790.000000 1116.000000
795.000000 1770.000000
798.000000 1099.000000
805.000000 1091.000000
805.000000 1770.000000
810.000000 1081.000000
815.000000 1770.000000
818.000000 1074.000000
824.000000 1775.000000
828.000000 1069.000000
834.000000 1775.000000
977.191798 1094.234387
843.000000 1054.000000
844.000000 1775.000000
850.000000 1046.000000
853.000000 1780.000000
858.000000 1039.000000
863.000000 1029.000000
863.000000 1784.000000
870.000000 1021.000000
873.000000 1780.000000
878.000000 1014.000000
883.000000 1780.000000
885.000000 1006.000000
893.000000 999.000000
893.000000 1784.000000
903.000000 994.000000
903.000000 1785.000000
910.000000 986.000000
912.000000 1779.000000
918.000000 979.000000
920.000000 1770.000000
928.000000 974.000000
929.000000 1765.000000
935.000000 966.000000
938.000000 1770.000000
943.000000 959.000000
948.000000 1770.000000
953.000000 954.000000
957.000000 1764.000000
963.000000 949.000000
965.000000 1755.000000
970.000000 936.000000
975.000000 1755.000000
980.000000 935.000000
985.000000 1755.000000
990.000000 931.000000
995.000000 1755.000000
1000.000000 926.000000
1005.000000 1750.000000
952.514232 867.358636
1015.000000 1750.000000
1018.000000 914.000000
1025.000000 1751.000000
1028.000000 909.000000
1035.000000 1750.000000
1038.000000 904.000000
1044.000000 1745.000000
1048.000000 899.000000
1053.000000 1740.000000
1033.897372 888.888623
1063.000000 1740.000000
1068.000000 890.000000
1073.000000 1740.000000
1078.000000 889.000000
1083.000000 1738.000000
1085.000000 881.000000
1090.000000 1730.000000
1131.710795 883.646262
1099.000000 1725.000000
1102.000000 870.000000
1108.000000 1720.000000
1112.000000 870.000000
1118.000000 1724.000000
1122.000000 870.000000
1128.000000 1723.000000
1132.000000 870.000000
1133.000000 1713.000000
1068.784024 934.690700
1140.000000 1705.000000
1148.000000 855.000000
1150.000000 1705.000000
1158.000000 855.000000
1160.000000 1706.000000
1167.000000 850.000000
1170.000000 1705.000000
1175.000000 841.000000
1180.000000 1705.000000
1185.000000 840.000000
1189.000000 1710.000000
1195.000000 843.000000
1199.000000 1710.000000
1204.000000 848.000000
1207.000000 1704.000000
1214.000000 850.000000
1215.000000 1695.000000
1224.000000 850.000000
1225.000000 1695.000000
1234.000000 851.000000
1234.000000 1690.000000
1243.000000 856.000000
1244.000000 1690.000000
1252.000000 1684.000000
1253.000000 860.000000
1260.000000 1675.000000
1263.000000 860.000000
1270.000000 1675.000000
1273.000000 860.000000
1279.000000 1680.000000
1283.000000 860.000000
1371.645464 1753.152792
1292.000000 865.000000
1297.000000 1669.000000
1301.000000 870.000000
1305.000000 1660.000000
1310.000000 865.000000
1315.000000 1655.000000
1319.000000 860.000000
1325.000000 1650.000000
1185.452108 973.840652
1335.000000 1650.000000
1338.000000 855.000000
1343.000000 1643.000000
1347.000000 850.000000
1350.000000 831.000000
1353.000000 1640.000000
1358.000000 825.000000
1363.000000 1644.000000
1367.000000 820.000000
1372.000000 1639.000000
1376.000000 815.000000
1377.000000 1629.000000
1385.000000 1620.000000
1386.000000 810.000000
1394.000000 803.000000
1394.000000 1615.000000
1399.000000 793.000000
1404.000000 1615.000000
1406.000000 785.000000
1414.000000 1612.000000
1416.000000 789.000000
1424.000000 1607.000000
1426.000000 790.000000
1434.000000 1605.000000
1436.000000 785.000000
1440.000000 761.000000
1440.000000 771.000000
1444.000000 1605.000000
1448.000000 755.000000
1454.000000 1605.000000
1458.000000 755.000000
1464.000000 1602.000000
1467.000000 750.000000
1472.000000 1594.000000
1475.000000 741.000000
1480.000000 1585.000000
1483.000000 734.000000
1485.000000 721.000000
1490.000000 1585.000000
1493.000000 714.000000
1500.000000 1585.000000
1503.000000 710.000000
1509.000000 1580.000000
1512.000000 705.000000
1516.000000 695.000000
1518.000000 1575.000000
1521.000000 685.000000
1528.000000 1575.000000
1529.000000 678.000000
1538.000000 1575.000000
1539.000000 673.000000
1546.000000 665.000000
1547.000000 1569.000000
1554.000000 658.000000
1557.000000 1564.000000
1564.000000 653.000000
1567.000000 1559.000000
1574.000000 648.000000
1575.000000 1550.000000
1580.000000 636.000000
1456.572306 1576.853078
1588.000000 629.000000
1588.000000 1533.000000
1595.000000 1525.000000
1598.000000 624.000000
1600.000000 1515.000000
1705.099856 622.568079
1608.000000 1508.000000
1615.000000 611.000000
1615.000000 1495.000000
1620.000000 591.000000
1620.000000 601.000000
1623.000000 1488.000000
1628.000000 585.000000
1628.000000 1478.000000
1633.000000 1468.000000
1635.000000 1450.000000
1637.000000 590.000000
1643.000000 1443.000000
1647.000000 590.000000
1650.000000 1435.000000
1656.000000 585.000000
1658.000000 1428.000000
1660.000000 1360.000000
1661.000000 1370.000000
1663.000000 1418.000000
1664.000000 578.000000
1665.000000 1350.000000
1665.000000 1380.000000
1665.000000 1390.000000
1665.000000 1400.000000
1670.000000 566.000000
1670.000000 1340.000000
1675.000000 1330.000000
1624.710433 586.543057
1683.000000 1323.000000
1685.000000 551.000000
1693.000000 544.000000
1693.000000 1318.000000
1700.000000 536.000000
1743.585277 1416.707668
1550.974235 492.548490
1710.000000 511.000000
1710.000000 1305.000000
1718.000000 504.000000
1757.475454 1323.354064
1725.000000 496.000000
1730.000000 1305.000000
1735.000000 491.000000
1738.000000 1298.000000
1745.000000 486.000000
1664.526508 1178.969963
1755.000000 481.000000
1755.000000 1285.000000
1650.439403 406.591641
1764.000000 1280.000000
1773.000000 469.000000
1773.000000 1275.000000
1780.000000 461.000000
1782.000000 1270.000000
1788.000000 454.000000
1792.000000 1270.000000
1795.000000 446.000000
1802.000000 1270.000000
1803.000000 439.000000
1810.000000 431.000000
1811.000000 1265.000000
1820.000000 426.000000
1843.793343 1284.789850
1828.000000 419.000000
1828.000000 1253.000000
1830.000000 406.000000
1835.000000 1245.000000
1838.000000 399.000000
1840.000000 371.000000
1840.000000 381.000000
1845.000000 1240.000000
1850.000000 370.000000
1855.000000 1240.000000
1860.000000 373.000000
1865.000000 1235.000000
1870.000000 375.000000
1870.000000 1225.000000
1878.000000 1218.000000
1880.000000 375.000000
1888.000000 1213.000000
1889.000000 370.000000
1895.000000 1205.000000
1898.000000 365.000000
1905.000000 1205.000000
1907.000000 360.000000
1915.000000 351.000000
1965.645643 1136.703186
1923.000000 345.000000
1925.000000 1210.000000
1932.000000 350.000000
1935.000000 1210.000000
1939.000000 358.000000
1944.000000 1205.000000
1947.000000 365.000000
1953.000000 1200.000000
1954.000000 373.000000
1963.000000 1200.000000
2045.659950 442.686330
1970.000000 384.000000
1973.000000 1200.000000
1978.000000 390.000000
1983.000000 1198.000000
1984.000000 398.000000
1990.000000 406.000000
1990.000000 416.000000
1990.000000 1190.000000
1996.000000 424.000000
1999.000000 1185.000000
2017.942923 428.738269
2009.000000 1182.000000
2010.000000 439.000000
2010.000000 449.000000
2010.000000 459.000000
2017.000000 1174.000000
2018.000000 465.000000
2024.000000 473.000000
2025.000000 1165.000000
2030.000000 481.000000
2033.000000 1158.000000
2035.000000 490.000000
2040.000000 499.000000
2040.000000 509.000000
2040.000000 1150.000000
2045.000000 518.000000
2049.000000 1145.000000
2055.000000 520.000000
2058.000000 1140.000000
2063.000000 514.000000
2067.000000 1134.000000
2068.000000 504.000000
2073.000000 494.000000
2075.000000 1125.000000
2080.000000 481.000000
2080.000000 1251.000000
2080.000000 1261.000000
2080.000000 1271.000000
2080.000000 1281.000000
2080.000000 1291.000000
2080.000000 1301.000000
2083.000000 1118.000000
2085.000000 1241.000000
2088.000000 474.000000
2090.000000 1110.000000
2090.000000 1250.000000
2090.000000 1270.000000
2090.000000 1300.000000
2093.000000 1234.000000
2095.000000 466.000000
2095.000000 1285.000000
2098.000000 1103.000000
2099.000000 1295.000000
2044.034334 1372.493027
2100.000000 1226.000000
2103.000000 459.000000
2105.000000 1095.000000
2108.000000 449.000000
2108.000000 1219.000000
2109.000000 1292.000000
2110.000000 1270.000000
2113.000000 440.000000
2114.000000 1090.000000
2094.988175 1322.055135
2115.000000 1181.000000
2115.000000 1201.000000
2115.000000 1211.000000
2140.356752 1303.502124
2143.970876 1187.158906
2120.000000 1270.000000
2123.000000 439.000000
2123.000000 1085.000000
2125.000000 1176.000000
2125.000000 1255.000000
2130.000000 426.000000
2273.614572 1261.072828
2132.000000 1080.000000
2133.000000 1169.000000
2135.000000 416.000000
2161.064274 1278.474876
2032.631042 1194.250292
2140.000000 1225.000000
1991.409986 1231.108400
2142.000000 1079.000000
2143.000000 409.000000
2091.829978 1121.437345
2148.000000 1218.000000
2150.000000 386.000000
2150.000000 396.000000
2150.000000 1070.000000
2150.000000 1106.000000
2153.000000 1134.000000
2153.000000 1208.000000
2154.000000 1116.000000
2155.000000 1060.000000
2158.000000 380.000000
2158.000000 1099.000000
2158.000000 1198.000000
2160.000000 1025.000000
2199.103107 895.441191
2160.000000 1045.000000
2163.000000 1188.000000
2165.000000 1015.000000
2165.000000 1091.000000
2167.000000 375.000000
2170.000000 1005.000000
2170.000000 1081.000000
2170.000000 1180.000000
2175.000000 361.000000
2175.000000 1041.000000
2122.975210 984.752488
2175.000000 1061.000000
2175.000000 1071.000000
2175.000000 1170.000000
2180.000000 1006.000000
2180.000000 1016.000000
2180.000000 1026.000000
2180.000000 1160.000000
2183.000000 354.000000
2188.000000 1153.000000
2193.000000 349.000000
2195.000000 1145.000000
2200.000000 341.000000
2200.000000 1181.000000
2200.000000 1191.000000
2204.000000 1150.000000
2205.000000 1160.000000
2205.000000 1170.000000
2208.000000 334.000000
2210.000000 1195.000000
2218.000000 330.000000
2218.000000 1188.000000
2220.000000 1170.000000
2228.000000 330.000000
2228.000000 1163.000000
2235.000000 1155.000000
2238.000000 330.000000
2240.000000 1145.000000
2245.000000 1090.000000
2245.000000 1100.000000
2245.000000 1110.000000
2245.000000 1135.000000
2248.000000 330.000000
2250.000000 1119.000000
2253.000000 1083.000000
2258.000000 330.000000
2260.000000 1075.000000
2265.000000 915.000000
2265.000000 925.000000
2265.000000 935.000000
2265.000000 980.000000
2265.000000 1010.000000
2265.000000 1020.000000
2265.000000 1030.000000
2265.000000 1065.000000
2268.000000 330.000000
2270.000000 905.000000
2270.000000 944.000000
2212.368431 920.538687
2270.000000 989.000000
2270.000000 1000.000000
2270.000000 1039.000000
2270.000000 1055.000000
2275.000000 895.000000
2275.000000 960.000000
2277.000000 325.000000
2278.000000 950.000000
2283.000000 888.000000
2286.000000 320.000000
2290.000000 880.000000
2161.107720 226.653967
2300.000000 875.000000
2305.000000 315.000000
2308.000000 868.000000
2310.000000 835.000000
2310.000000 845.000000
2310.000000 855.000000
2355.463715 356.466649
2464.291229 799.045754
2325.000000 315.000000
2325.000000 820.000000
2335.000000 318.000000
2335.000000 815.000000
2345.000000 320.000000
2345.000000 805.000000
2350.000000 795.000000
2355.000000 320.000000
2358.000000 788.000000
2364.000000 325.000000
2365.000000 780.000000
2370.000000 770.000000
2373.000000 330.000000
2375.000000 760.000000
2380.000000 745.000000
2383.000000 330.000000
2388.000000 738.000000
2548.535220 355.554857
2393.000000 728.000000
2398.000000 718.000000
2399.000000 338.000000
2403.000000 708.000000
2416.191294 394.374483
2413.000000 705.000000
2416.000000 350.000000
2422.000000 699.000000
2424.000000 356.000000
2425.000000 685.000000
2433.000000 678.000000
2434.000000 360.000000
2428.280448 713.946667
2444.000000 360.000000
2450.000000 665.000000
2454.000000 361.000000
2455.000000 655.000000
2460.000000 369.000000
2460.000000 379.000000
2460.000000 635.000000
2460.000000 645.000000
2465.000000 388.000000
2468.000000 628.000000
2475.000000 390.000000
2475.000000 595.000000
2475.000000 605.000000
2475.000000 615.000000
2483.000000 588.000000
2485.000000 390.000000
2488.000000 578.000000
2494.000000 395.000000
2495.000000 565.000000
2500.000000 550.000000
2503.000000 400.000000
2505.000000 515.000000
2505.000000 525.000000
2505.000000 535.000000
2509.000000 408.000000
2510.000000 505.000000
2514.000000 417.000000
2515.000000 427.000000
2515.000000 495.000000
2391.289413 513.634277
2523.000000 488.000000
2530.000000 475.000000
2531.000000 439.000000
2535.000000 449.000000
2535.000000 459.000000
