50.221600 94.135643
49.916896 93.312744
49.827043 93.206070
64.829911 93.379844
60.487482 93.428294
69.431343 95.811225
83.231369 111.366634
95.138757 112.395921
89.841449 112.825048
98.106301 117.140599
109.947800 132.912039
103.800736 116.603548
104.276825 128.370854
99.348391 115.539873
126.881464 146.761171
103.179894 128.232289
120.572729 143.520032
113.989426 131.541913
133.458513 158.075693
127.576631 143.205726
140.200912 162.199747
142.412506 176.204218
151.340569 157.543070
151.022557 187.252066
147.228166 186.815799
178.745045 165.925929
145.809983 181.961544
182.565539 187.653341
167.216118 168.763587
167.811668 214.133935
160.640938 161.106488
168.501785 219.607417
190.243337 212.146926
183.811179 170.976054
194.147841 241.648020
189.381219 161.489271
184.461007 249.786842
182.178717 247.301436
199.819071 271.815716
194.304666 266.042273
193.413278 268.045061
214.814034 269.282064
207.284403 287.964680
186.325708 170.749239
206.197525 296.235906
206.096247 171.961734
210.063672 292.629471
209.666707 276.454899
225.417464 279.820190
220.633162 280.372110
235.582502 175.838576
236.098457 186.382831
236.901458 269.955172
243.985111 286.453245
241.116594 172.260943
252.191233 287.440850
219.448111 179.821649
272.706055 299.122370
262.163400 169.619835
267.250256 305.895182
284.150954 165.684132
289.931170 293.750267
277.160271 166.285724
287.568940 320.341641
277.070992 163.581654
289.626397 316.785182
296.884735 168.158945
302.303160 334.351423
295.478683 326.979822
312.538919 145.949352
308.238916 339.044459
310.147237 145.764081
317.726007 188.264040
319.521242 190.286786
310.793675 341.579534
328.152264 352.735607
325.759061 187.122612
317.298619 155.265044
325.268525 213.583245
326.135242 352.952607
331.535225 358.231981
331.151411 228.447693
340.306823 197.463617
338.427655 362.258169
353.045095 376.963980
344.149899 153.030470
323.157231 240.879298
331.174439 177.993738
368.584928 379.719519
332.787163 237.620088
339.298654 161.123244
344.713254 172.157080
348.534858 372.859090
349.107545 247.581391
362.372388 366.619160
345.236452 162.791454
357.795704 193.544673
351.636808 256.836663
371.971161 371.524366
367.848233 274.367991
387.257786 361.436441
377.690120 279.867645
380.604038 370.609641
381.533238 286.141411
390.120114 366.616259
371.879800 289.913486
382.423979 304.136753
410.831928 355.005186
398.282999 304.488605
400.820438 367.559772
403.760497 308.515140
423.693274 375.082841
403.974143 311.107585
434.558597 370.186290
421.328258 318.622409
424.514814 378.315510
424.971234 321.140988
429.402656 377.774605
443.131508 329.041480
445.452801 335.173660
437.920413 337.041533
446.121361 376.597026
464.757751 398.583054
457.425003 394.563801
454.505558 399.890355
461.129828 441.592881
455.749386 420.926914
465.082753 448.381377
464.428064 348.128447
459.265668 448.597161
460.206452 470.947269
484.146507 457.289474
469.783906 494.402883
460.823996 482.154886
476.963120 358.496878
475.883497 501.805204
486.145445 360.882406
476.332903 500.710605
463.581595 445.093432
482.944882 450.404249
473.550927 455.437951
483.081201 457.938874
480.134555 465.647169
463.847895 483.692312
475.580637 495.467963
473.400730 402.885711
488.388821 429.737550
484.899547 360.782805
487.153245 388.648093
504.922630 351.615776
516.839919 373.255218
512.710150 380.321451
516.944384 355.564717
515.141724 364.931956
503.817052 355.085660
508.298852 370.719912
511.304965 343.227116
511.356525 361.709747
547.290779 347.647077
541.095978 360.793247
543.991012 340.009716
551.974283 355.363490
548.999512 342.508879
543.001224 364.944017
563.779158 341.960000
574.789309 341.185615
575.750480 341.375208
572.811000 342.464652
578.063467 333.261579
