53.268705 100.255006
53.524948 99.987398
65.079678 105.877609
62.288035 103.995065
54.326170 100.400107
70.251786 108.108157
93.352909 118.487650
76.346152 110.187508
98.095003 124.229552
89.601148 116.421670
88.300405 118.828804
98.703658 119.811649
115.284841 137.920387
98.228257 121.178719
112.544248 142.592336
107.218139 131.323237
121.036538 147.484238
135.510980 141.651347
130.970487 169.717690
137.226672 147.224956
128.776064 174.258254
132.542898 171.947823
145.819220 148.666653
136.679828 160.828862
140.490843 171.573202
159.538306 152.245682
164.778208 195.221096
179.354387 193.818588
154.936662 149.235736
174.723310 215.305599
180.424745 160.707428
183.579549 222.872604
178.735799 223.947833
183.937810 154.873974
188.975730 236.347980
198.723056 163.501624
189.182862 242.123874
198.935634 275.570877
203.445681 285.707386
202.638247 281.782463
199.856192 282.408341
210.566627 263.932682
207.911635 288.550423
204.249472 168.118420
214.794113 284.930678
220.799534 167.151960
221.009594 289.755783
219.629507 263.104148
225.025077 278.662532
212.654194 286.112847
223.109969 165.723282
241.669502 170.626667
236.570642 277.891698
227.391033 286.211501
238.192396 174.924013
242.158817 288.509053
231.411414 167.218826
245.548265 295.488977
269.782380 191.005631
264.991447 308.802603
256.392366 172.221292
269.092362 313.443090
276.237857 176.441072
265.874563 311.038655
293.073476 159.321337
274.426391 317.300904
298.631905 156.541570
309.061392 334.887245
301.903599 324.997710
298.214242 157.689831
313.323450 336.858156
296.346434 153.973252
325.407826 205.042048
319.139816 206.342267
320.342814 341.512020
326.502047 346.997277
325.379590 186.153183
339.353761 154.020099
320.491717 238.308219
327.932788 363.716706
331.203456 374.354187
327.374002 229.586987
326.555451 172.922217
336.148990 381.028987
331.219161 376.934690
336.682545 158.218277
327.904531 235.013877
328.600806 163.585379
343.017235 382.869422
336.421313 237.961411
339.795200 153.012001
358.423133 163.551589
353.978379 369.880763
340.803135 240.627306
360.151390 360.997831
355.823119 161.562602
350.414474 164.059969
355.866966 258.693270
363.411841 353.061121
368.951316 264.465749
369.400319 357.705852
380.728381 283.657137
378.817633 352.925549
383.357914 288.419397
381.222678 351.072308
386.679149 293.639140
396.655090 299.061830
394.186812 358.565535
390.684531 307.038913
406.550324 369.894786
406.205565 305.507308
414.746463 369.584993
407.349650 310.049063
417.333630 383.196029
424.570406 328.911895
434.253607 378.538757
436.573254 329.883122
438.051801 380.099937
433.574316 334.115441
442.941015 347.196775
438.806460 348.483091
442.050644 390.729936
446.500310 399.832317
460.994482 416.428315
451.275886 420.114395
466.249864 431.278647
457.973951 442.019983
456.689784 462.048355
440.514039 364.827127
457.337308 461.466350
456.745104 461.922292
460.289282 465.831720
468.484795 494.486458
460.742808 480.341575
480.964538 367.562564
469.253082 500.379451
474.630065 353.876140
467.693955 499.719939
477.564700 437.684850
471.971346 440.308729
471.539961 441.300603
468.859631 456.582706
472.210643 472.400534
471.339808 468.623251
468.068073 484.951224
487.028577 420.495809
483.548724 425.493557
488.710763 355.671942
494.193645 411.250760
482.483933 352.757905
492.243225 408.938799
511.185842 372.550422
501.226759 357.380430
513.649429 381.114985
512.769550 356.715986
513.751357 363.478388
521.169420 356.785875
528.779398 363.158542
547.937651 344.215297
530.405491 362.918739
553.117875 346.355628
551.255255 349.412949
552.619462 344.988879
558.079216 345.749304
579.633848 335.065289
563.633736 342.835418
580.122543 334.665933
561.867252 345.867120
585.318474 332.757484
