1.148812 24.801277
-11.633409 10.362296
3.264294 55.683656
13.258440 1.097629
21.361048 63.911329
19.719616 78.965269
26.129872 66.865693
31.598646 95.392583
20.490545 118.302160
50.237916 79.895207
64.434487 110.104870
61.041556 129.896720
63.594261 89.955756
65.526819 141.035853
83.142548 88.286731
84.867012 189.213533
70.228556 161.566952
74.357985 189.410560
76.116094 156.149901
75.797692 211.776936
82.887050 87.511713
87.571235 65.125994
76.014323 44.683476
86.650530 50.961657
75.218829 211.607247
78.925951 88.962748
104.792852 70.020254
112.492202 204.750355
108.553434 93.721360
102.753592 199.441859
107.512085 76.731425
111.899215 189.877801
130.705445 112.182984
128.625406 92.389722
116.067285 177.006918
135.360285 114.893831
127.505335 202.521990
136.491151 42.052681
144.163530 211.018529
148.584742 98.213255
134.464079 226.195551
137.368165 116.813263
133.169029 235.063736
146.801351 66.775199
142.484839 120.908847
148.829387 121.535843
154.480005 260.749166
138.302614 73.021348
167.874454 119.128352
167.670020 146.287680
159.836955 253.603828
155.589602 66.510970
169.934789 123.920135
167.046028 152.598340
164.890588 258.074080
195.109310 86.686996
178.191701 127.497186
186.652346 153.777577
178.887878 251.676807
181.787654 99.687344
169.114811 140.842856
186.119970 162.456352
202.308931 247.008644
202.260055 108.016094
190.389511 204.141479
209.560841 146.158121
218.025636 199.097009
200.338580 237.845916
223.670167 170.760903
218.034814 115.010900
220.038259 171.542832
206.322371 218.217453
216.322640 185.668161
222.988514 115.800123
222.839123 165.166259
228.978057 219.917975
230.299997 203.919755
233.098421 111.620780
210.818909 172.660492
239.232600 221.327282
252.003366 204.486602
235.876165 91.938126
243.376034 228.558738
251.878656 219.080793
238.624208 99.548531
260.091068 239.694290
262.285444 213.805200
258.465951 104.057003
277.311441 166.627102
266.635131 247.392305
257.135788 222.484782
265.262993 103.574233
271.402239 161.653840
268.349846 181.145082
275.216622 271.383951
286.979639 234.010939
282.969188 102.163851
289.701136 167.246006
293.535976 199.636176
282.427958 264.905901
288.935004 250.524129
296.352720 103.159401
298.294116 286.568358
308.314609 156.200164
303.155026 204.227460
315.997244 127.262344
310.517917 257.055034
304.026081 290.024630
306.417436 137.680010
303.281496 198.595125
311.647799 137.342507
324.091462 289.330407
320.788694 212.666027
310.775155 309.894930
323.551913 212.406658
344.042151 329.072191
347.992473 221.951852
350.272015 319.681834
359.107004 219.134803
357.146714 331.785990
368.573582 217.425859
374.836654 314.956293
353.477245 215.680761
382.474433 309.665758
390.511431 218.822226
394.261908 309.164928
398.354589 229.281941
394.727450 289.004936
395.864763 269.992538
395.068317 255.057995
403.982711 278.721820
394.647857 259.215497
