90.28 58.82
75.24 108.07
57.45 154.58
56.08 225.71
61.56 258.54
120.38 258.54
112.17 217.50
123.11 158.68
127.22 112.17
410.38 87.55
377.55 143.63
380.28 216.13
378.92 280.42
372.08 352.92
373.44 433.63
372.08 493.82
372.08 515.71
376.18 541.70
426.79 540.33
444.58 522.55
445.94 482.88
448.68 409.01
456.89 343.35
458.25 266.75
452.78 190.14
428.16 132.69
768.77 280.42
776.98 298.21
813.92 317.36
839.91 322.83
861.79 331.04
867.26 366.60
859.06 381.65
842.64 398.07
815.28 395.33
787.92 399.43
767.41 439.10
833.07 478.77
902.83 444.58
954.81 410.38
943.87 358.40
920.61 310.52
882.31 277.69
839.91 272.22