173.563240 294.204712
172.564223 296.891617
172.377914 297.762606
173.157752 295.021447
170.368784 303.570280
174.751295 292.757228
170.728914 302.278388
170.738294 302.147472
174.054809 311.775556
169.480999 306.964531
173.311808 311.900650
170.798559 301.910839
169.430141 306.663890
169.854413 307.184752
171.095938 301.347653
171.218844 309.554384
175.667850 288.143199
175.058209 289.372900
176.273663 287.584921
175.904654 287.866584
175.387860 288.731707
174.764781 289.334977
175.203455 289.907229
176.906211 289.693140
176.696844 313.279199
171.156782 309.545720
171.453213 309.867531
182.444768 314.973967
176.185712 313.143234
172.528033 310.512447
171.183310 309.631797
176.993319 313.693447
182.139176 279.635959
180.478125 282.193288
181.354847 281.645514
182.340218 279.740712
182.309712 279.482776
180.417589 282.524217
185.590003 279.301202
185.385823 279.650214
181.600922 315.107553
183.998487 317.327382
188.801952 318.244979
184.411195 316.513539
187.344650 314.022711
184.997445 321.694848
183.971904 315.461973
187.853336 316.708422
192.031635 273.802696
191.625128 275.452653
192.116639 272.704682
193.910511 268.087157
189.406372 277.535475
195.160717 271.458442
190.294926 273.355506
189.485334 279.511823
188.361016 316.887765
191.093569 317.956505
200.312796 319.124699
193.381892 318.334429
194.356020 318.362465
189.354825 317.568624
196.003412 318.671007
198.929434 319.038372
197.192822 264.110010
194.166060 265.605770
196.603846 264.745763
196.646794 265.128336
194.400226 265.508250
193.784300 271.030821
196.027631 264.936803
195.580376 266.334387
208.382850 257.401897
205.833393 258.342815
205.267397 258.811166
205.650623 258.234875
204.537341 258.702226
208.922576 255.574601
204.176275 258.991823
208.840161 256.699205
199.909710 318.927713
206.986782 319.573424
202.653461 319.236561
201.671954 319.233528
204.573587 318.981008
202.539801 319.256602
211.435803 319.892877
205.085590 317.584256
217.986714 254.679205
213.441182 254.775169
218.255882 256.438235
218.517897 250.312494
218.247949 255.804180
215.550476 253.254382
215.892195 252.193762
217.410270 252.896022
216.195221 320.441415
221.186757 321.158596
209.686329 319.564255
218.001574 320.776439
213.826446 320.155521
214.568355 320.145363
213.068035 320.051560
216.267546 320.501571
219.626954 245.635520
222.011888 238.645336
220.236530 244.351956
220.405010 243.761087
220.799789 243.112268
221.192707 241.372713
220.785406 242.086470
222.401537 238.234720
224.187878 232.732401
224.091033 233.238097
224.078882 233.017840
224.638634 232.044832
226.928659 227.313016
224.792592 232.906061
221.945934 238.919104
225.548588 229.757899
225.762994 321.393371
226.127247 321.718940
220.101718 320.884814
222.335143 321.612986
218.565068 320.732815
218.876357 320.804251
222.376920 321.324427
222.267593 321.307472
230.570797 222.510344
227.070539 227.178243
228.605491 224.529173
228.190074 225.485738
229.175423 224.021713
232.355370 220.806848
228.610322 224.534255
231.553747 221.466278
239.675955 322.165719
234.882752 321.544979
236.460670 321.595410
237.017280 321.694127
236.284402 321.640835
234.595124 321.533704
239.116071 322.341137
239.047797 322.600304
237.392692 215.500112
238.938715 213.862623
238.484692 214.723315
235.219181 217.831507
238.217155 214.775044
238.504422 214.337059
238.406639 214.718368
235.333587 217.647408
243.667812 326.897790
247.687890 325.753298
242.137016 325.366381
247.231265 327.131485
244.737809 329.031739
243.353361 325.005244
242.859157 327.471637
241.674194 323.123876
245.656002 207.033121
243.447047 209.117163
245.804854 206.560250
245.850337 206.543656
245.273690 207.714742
245.300378 207.149905
248.426204 204.692501
245.785394 206.548008
255.573868 323.071601
256.446839 328.162355
252.955024 324.918948
256.955645 324.347907
252.998069 324.663013
253.266711 325.779981
256.793808 323.601733
255.713536 326.506228
253.855497 200.626282
254.292027 200.417579
252.353976 201.839022
250.576131 203.245237
255.348716 199.710799
254.412942 200.703561
254.354226 201.179898
254.221686 200.415189
257.633157 324.633112
263.900619 323.294374
262.300919 322.188123
262.689778 322.007761
267.628719 321.996111
262.728573 322.005792
259.745605 322.481134
261.874707 322.395066
266.115109 193.648113
266.209770 193.604559
258.890966 197.929482
262.439887 195.667703
262.443985 195.736410
265.499215 193.986488
266.868613 193.237409
259.797215 197.229472
270.275697 629.240715
271.342212 624.474838
269.507109 635.939220
269.803977 633.653386
271.795833 621.288999
270.733108 627.022617
270.559616 627.132857
270.344934 629.948759
270.626717 629.417444
270.201024 631.749038
269.578451 636.005140
269.534762 636.575599
270.269615 636.678311
268.382224 644.627131
269.541592 636.588139
269.533235 636.752880
270.345143 639.718821
266.211602 651.511901
268.240911 645.276212
268.594100 644.717841
269.950684 638.818996
267.435588 648.040921
268.041790 645.442380
267.952356 645.983846
267.755826 659.736765
265.713662 654.010917
267.718798 657.345028
268.660852 658.225101
270.098123 661.722683
270.194410 660.540984
268.364484 665.326970
271.070651 650.457394
270.026708 660.399554
268.573907 666.694955
267.235296 671.707656
268.893089 665.326545
269.438229 663.814663
269.228272 664.482838
267.758214 670.414405
268.514018 667.054687
268.972891 669.559217
266.919042 680.486636
266.878733 680.675107
268.896884 682.880499
268.295400 676.397543
268.821863 676.884276
268.549213 674.827427
267.287310 675.506188
265.344703 688.547485
265.653795 688.220560
269.300195 685.578707
270.527850 688.367965
270.392832 692.717514
265.655742 686.667412
269.171590 683.727734
270.409298 692.197884
270.135333 694.366815
267.842530 695.234755
268.985900 698.559257
269.745264 696.437163
269.985158 699.731145
270.484078 696.893197
268.538378 695.796167
267.196863 693.549729
266.421314 321.870536
269.339013 322.739694
277.132802 321.547898
269.670762 322.113345
272.226530 324.832397
265.466134 321.924711
274.979715 322.215631
270.106777 321.698924
278.460796 186.229619
277.089574 187.012858
274.335450 188.669494
270.092672 191.172698
272.879786 189.595963
272.204407 189.989100
278.680414 186.072018
273.878074 188.957991
274.397683 579.079306
272.630776 574.623767
273.723912 579.610874
273.289502 573.897318
275.481990 578.093582
276.542537 575.732101
272.462517 574.095039
276.827631 576.786884
273.025860 587.758985
275.100506 582.843482
272.891537 586.056100
272.915040 585.576443
274.073399 587.793811
274.575607 585.546088
274.387984 583.684353
272.877408 585.812295
273.711916 592.591366
273.449223 599.519259
273.564676 597.192575
272.879845 603.166387
273.509845 596.540856
272.924327 597.554931
273.662451 596.281613
273.636477 595.568326
273.182145 603.521385
273.201322 606.991696
273.192671 606.974410
273.227928 605.835683
272.717755 606.713995
273.044077 608.857784
272.678340 609.938650
272.662660 612.155662
272.702848 616.225393
271.941256 617.889114
272.969333 614.842982
271.525576 620.096970
271.572156 619.461123
273.181765 614.222640
271.056437 623.825554
272.799672 615.707347
277.467584 708.144046
271.167867 700.202762
273.312005 704.216491
272.485834 708.050333
272.395305 704.538244
275.940141 706.494475
277.160646 707.954652
271.700779 702.225550
273.958300 712.471264
274.155229 719.525235
276.686863 710.808434
273.820737 716.319960
273.872536 716.038514
272.654349 709.999096
275.184174 718.485808
272.501211 708.797387
274.740750 726.643636
274.936315 727.540147
275.180397 730.314229
274.199530 720.144300
274.623723 725.386186
274.384405 723.012979
274.450337 721.867094
274.111936 720.596981
275.335494 731.304204
275.493131 733.060177
276.876525 742.014226
276.160992 738.260062
275.942390 736.848033
275.834330 733.866576
275.950598 736.819245
275.913473 735.918813
280.837337 542.002745
282.262874 538.927269
280.753551 541.113062
280.920669 540.363674
280.682595 541.622190
282.634013 537.739771
280.845709 542.494880
281.611405 538.053302
280.262355 550.374109
279.163938 556.366675
279.625154 555.540327
279.972735 550.910726
279.894683 553.806786
279.486801 556.161510
279.864200 553.630301
279.788504 554.458871
278.788420 560.071690
276.554438 565.371354
278.689398 558.677524
278.274018 560.974611
279.163999 556.933255
278.588781 560.037422
277.465564 562.171292
277.874755 563.932830
278.538554 749.083601
277.633854 745.641483
278.130698 747.597205
279.325574 751.566738
277.435545 744.726972
277.799311 746.375585
277.910625 746.514849
277.600033 745.542444
281.418986 758.594490
279.038648 750.725848
281.830154 759.996183
280.446536 755.021769
278.778244 749.927594
282.101628 760.769565
280.419666 755.341624
281.123909 757.677825
282.956852 183.730241
286.630612 181.696257
280.422757 185.038157
284.666201 182.482048
279.309882 185.698538
280.484349 185.320051
281.644488 184.348171
280.550096 185.002684
284.178620 325.949204
279.994433 318.555607
275.301737 322.408704
287.132950 325.952731
280.490706 323.680507
281.526258 324.229783
282.423644 324.527469
279.570614 322.214769
283.347766 764.249474
284.404082 767.198924
282.926888 763.203635
285.580307 770.258192
282.997247 763.444073
282.516430 762.097927
282.727279 762.604166
284.188839 766.585603
285.012013 522.786954
284.744608 524.654170
285.755140 519.106030
284.822269 523.167796
284.210068 527.075092
284.775131 523.743980
284.293500 523.473078
286.252901 517.656834
281.456527 538.278806
282.751613 532.890628
282.598319 535.310394
282.005803 536.438831
284.781909 524.136087
281.842536 536.823661
284.114400 528.428602
283.268369 531.631843
285.039466 507.516025
290.749048 503.675529
288.908422 501.737246
287.993390 498.605472
289.431943 500.277287
289.256308 501.403935
286.662681 501.841370
286.282077 501.707209
288.701055 510.867893
288.177949 511.502367
286.436654 513.809021
282.870265 510.217671
287.481836 512.461321
289.158381 509.885158
288.249400 512.498363
283.409348 510.610424
287.656476 775.489569
286.891429 773.646911
286.693798 773.112094
286.685362 773.066511
287.225081 774.465181
286.806653 773.424966
286.785824 773.290039
289.380925 779.382863
292.184207 327.535270
289.339282 326.766629
293.236268 325.709883
292.077799 329.037073
292.113964 332.228138
293.198829 333.682703
292.269550 331.568962
291.419086 330.148338
293.652801 789.072312
290.489819 782.206364
290.885587 783.151131
290.352231 781.921336
292.262584 786.052525
290.556031 782.422114
288.435875 777.294144
289.586675 779.692817
288.455885 181.129250
288.692784 179.845783
297.922410 178.295133
288.653790 180.022417
288.384457 179.958780
286.569465 180.073533
293.402485 179.376892
290.999453 179.598069
295.617143 477.099542
294.322142 478.076503
294.633725 478.595156
295.002402 475.786912
293.839578 479.313426
297.770885 480.620030
295.211652 476.735133
294.388362 478.394784
294.394837 483.113264
300.512993 483.729107
293.967797 489.787405
297.279000 483.117669
293.456940 484.028325
293.479954 485.250457
293.235722 482.628399
291.953548 490.239712
292.910692 787.500117
294.884594 791.738941
295.080938 792.160327
295.141731 792.292689
296.002563 794.102516
297.142028 796.604625
294.794578 791.541595
294.763785 791.478911
295.714093 339.952772
298.718524 342.565762
296.735770 338.217742
296.692502 339.996591
300.844615 343.789049
294.523638 336.106732
296.781287 340.756781
294.772428 335.620135
298.521365 459.010817
297.764951 462.594424
298.759566 457.365001
299.812912 451.164851
299.449857 453.792482
298.074807 460.755486
298.388181 459.255217
300.278864 449.805302
295.362756 474.099607
297.556003 467.823657
296.562444 473.039501
298.044433 467.695616
297.172214 467.616767
296.865521 467.348150
297.606343 463.240129
295.989298 470.910050
298.841455 800.017868
296.608235 795.438923
296.304393 794.799326
297.331704 797.014640
297.635148 797.600777
298.811357 800.145967
300.848575 804.392825
298.814638 800.160398
299.456554 178.021793
299.391827 178.056416
302.334600 177.530926
303.095438 177.447545
307.430903 176.510743
304.842054 177.045071
296.943043 178.263582
306.394101 176.694695
302.598790 345.698399
298.890474 342.418043
303.461457 350.081444
300.430672 344.793174
302.763176 347.150511
304.167633 350.821403
303.382189 349.344217
306.265026 345.956634
301.794290 436.803323
302.519830 431.524366
302.987411 433.999634
303.095307 430.120819
307.943880 432.325269
302.857418 431.305654
307.279458 431.709720
299.575941 431.214026
303.930237 435.188380
301.150228 443.697364
305.449441 433.653560
301.350473 438.927026
301.382873 445.145337
301.552485 435.306315
302.813382 435.091118
304.308415 433.795789
302.124864 807.037243
304.179362 811.111283
304.282325 811.245462
301.484423 805.716265
306.806583 816.126777
304.588170 811.973067
304.483358 811.778883
305.591181 813.874187
306.115745 357.796580
305.709138 356.647050
305.377011 355.884313
306.272618 358.776896
307.747949 363.628124
306.953837 362.520131
307.519031 355.217040
308.030241 355.661737
309.851574 368.884166
309.394562 368.135837
306.996079 366.689035
309.692047 368.573365
309.404216 367.798799
306.817757 365.919138
310.384671 373.511378
309.911910 369.165392
312.065996 382.240193
311.454723 384.022804
309.241277 378.928956
309.352958 372.580797
310.965866 377.709137
309.750017 378.522595
314.586799 384.342217
311.444316 377.664293
311.197967 382.380317
308.344513 387.897566
309.367316 387.655674
310.781232 391.835142
307.118985 381.937898
307.511570 385.421808
309.642927 384.826712
310.873024 386.304530
307.687628 394.038624
307.597402 393.671337
307.938588 398.850428
307.333976 392.238436
310.760945 405.619210
307.995215 397.163867
310.982213 401.873043
308.156499 394.053547
309.415902 408.662066
307.045296 410.583818
311.217015 405.018257
309.150969 409.687512
308.286363 410.118242
308.573845 412.410482
309.006110 409.472355
308.962475 411.024617
306.252633 418.939750
308.834482 411.198519
307.863525 416.650099
307.486077 421.660041
308.276301 416.024146
307.809284 416.260469
308.903701 411.937146
306.558618 418.195963
308.529194 819.033263
308.683475 819.542883
309.191661 820.429484
306.175785 814.915006
310.247046 822.243877
308.261242 818.797834
308.415666 819.056485
307.969414 818.262281
308.490248 176.310261
308.379490 176.295637
312.107057 175.659205
311.643529 175.748828
311.285457 175.723097
304.837807 176.892633
311.064298 175.802521
310.922690 175.778496
313.921328 828.609306
314.072311 828.887132
313.875541 828.602679
315.156014 830.666628
314.217025 829.134440
316.710118 833.726694
314.114949 828.966187
314.067958 829.051088
318.719459 837.484388
319.211378 838.311153
316.183301 832.881068
320.882013 841.116849
318.018413 836.220295
321.422734 842.091142
318.288993 836.761144
321.351943 841.970969
322.182649 172.579979
320.162434 173.121377
315.140142 174.540619
326.454542 171.755210
327.640219 171.313810
319.617864 173.265001
322.213366 172.564644
317.524107 173.942217
322.873472 844.123106
324.803496 846.621080
322.879089 844.133466
321.688651 842.429052
323.445419 844.820631
324.303049 846.025391
324.059989 845.682211
329.116413 851.927832
338.314223 169.723918
328.923429 171.017248
334.222395 170.655737
329.953561 170.912931
329.971549 170.845107
331.941458 170.604882
329.311027 170.967218
327.458187 171.367318
329.294133 852.172913
331.435038 854.844115
330.417975 853.585396
331.446025 854.531992
334.631881 858.983316
332.183920 855.619194
333.209300 856.952818
330.233619 853.236747
338.354459 863.710340
340.103886 865.905956
337.331254 862.431380
334.922971 859.350657
338.248968 863.592822
338.346046 863.694882
335.428364 859.990200
339.224888 864.816330
341.442236 169.291005
345.341318 169.245959
342.433082 169.253209
339.027585 169.661300
343.729943 169.183258
346.244959 169.109657
341.671860 169.278483
339.970024 169.502453
343.557027 870.147335
343.595424 870.152625
343.153322 869.643948
346.228395 873.369731
343.109542 869.525362
344.679868 871.524506
344.700821 871.556639
344.401963 871.208544
351.603560 169.394301
346.969595 169.121709
351.000271 169.411126
350.658748 169.346846
346.788388 169.120870
353.493823 169.678396
345.331336 169.162617
355.530981 169.588187
349.285074 876.866819
352.101642 879.897443
350.772357 878.559363
350.359978 877.971900
350.306892 878.053279
348.369455 875.833238
353.171401 880.846603
352.955234 880.889680
359.553501 888.095507
359.513025 888.305360
361.004622 889.454143
361.153814 890.081744
358.837311 887.564644
358.807405 886.754617
362.058315 891.057960
356.509928 884.862476
362.670147 169.872604
356.834377 169.691127
364.053590 169.912668
356.339731 169.651611
364.498190 169.955767
358.741241 169.732134
367.256869 169.995013
362.718492 169.875085
365.904114 894.262129
359.288084 888.068179
363.450102 892.120216
363.017774 891.908681
361.775400 890.894078
364.913421 893.574359
365.786058 894.265147
363.484192 892.366865
377.362505 170.340300
370.646094 170.077453
368.826679 170.023941
367.600747 170.000392
371.024320 170.106256
365.873331 169.966993
370.740426 170.078014
374.503528 170.239350
373.811053 901.649028
372.727678 900.370520
375.570425 902.970747
369.466196 897.416942
372.866674 900.698338
373.866415 901.375558
371.666225 899.398231
374.319483 901.789432
383.273864 910.479914
382.523433 909.648190
379.231560 906.380540
379.413120 906.528084
378.929173 906.551839
382.260772 909.408024
379.963712 907.094042
380.298965 907.397545
381.066227 170.481489
381.566446 170.544889
384.895548 170.847217
386.854542 170.918220
381.029782 170.501181
377.137790 170.451110
384.702192 170.809003
382.954808 170.603550
383.125757 910.297272
390.354685 918.337277
383.237804 910.520669
387.567599 915.319217
391.852439 920.338254
389.003717 916.968221
389.578266 917.816712
390.547740 918.622711
391.007620 171.051810
388.669139 170.989451
391.563343 171.054281
387.043980 170.845912
387.539234 171.443763
390.241187 171.239024
391.748299 171.708760
391.648709 171.878260
393.831830 922.655102
393.070455 921.626542
393.519188 922.265033
395.934713 925.534545
393.103927 921.870731
396.440913 926.238354
393.064223 921.763526
394.707920 923.465900
402.520783 933.496780
402.408779 933.585606
399.416778 930.101746
401.770617 933.067686
404.367246 935.631940
400.156618 931.131493
400.385278 931.664483
400.239204 931.496910
398.429691 174.211424
397.252261 173.710992
400.875068 175.119185
402.997247 176.034862
400.671896 175.038737
398.772144 174.412595
403.564109 176.241609
400.168476 174.832472
407.864365 938.210009
407.162557 937.890786
408.608050 938.894526
405.422873 936.632740
408.561368 938.873521
410.283195 939.468747
405.655284 936.798817
412.947531 941.677502
408.788016 178.493444
411.017560 179.472456
412.622112 180.235780
406.517886 177.606400
405.359283 177.020247
411.014642 179.738049
408.850273 178.592433
409.177775 178.673405
415.954548 943.493314
415.527372 943.291464
415.060522 942.965108
412.528004 941.336983
416.918018 943.495922
417.747639 944.454463
419.505779 945.239674
415.245949 943.030663
421.064427 185.245281
418.224360 183.172376
418.499426 183.325659
417.005163 182.442929
412.014036 179.938362
415.860835 181.958788
418.298717 183.315907
419.368485 183.699809
423.371698 945.058140
421.843723 946.918336
424.231928 945.408210
425.103278 949.140256
419.111627 944.843053
425.538103 948.283538
421.317066 945.580177
423.952847 947.860859
424.967101 187.939806
424.045938 186.857484
425.367973 187.754891
426.892750 188.082575
429.985985 189.594630
426.290508 188.056272
427.304412 188.551459
425.323543 187.691188
431.020995 953.057255
434.777847 956.751710
433.334185 955.503877
432.868322 955.065795
434.145082 956.262809
433.380141 955.535062
433.072520 955.260401
429.923125 952.623884
435.494987 190.941906
429.176372 189.096449
436.193598 191.657563
435.211576 190.859679
433.356419 190.364830
435.772496 191.102258
432.300281 189.973142
435.350884 190.979211
440.511102 961.589134
439.132766 960.441123
440.581385 961.660600
443.412874 964.027470
439.104270 960.410883
443.085277 963.734769
438.591081 959.917333
442.275945 962.956333
443.090831 194.416647
444.852842 196.210931
443.224809 194.441298
441.991701 194.098517
440.626543 193.725133
443.332230 194.562710
443.561379 194.891936
444.891594 196.475337
450.184142 969.591371
444.367696 964.854209
447.692173 967.557000
452.076867 970.921610
448.045282 967.946223
450.808735 970.036880
451.006763 970.063135
448.911251 968.774030
447.594412 198.724611
449.743929 200.850920
453.062644 203.435494
447.061522 198.684794
447.120945 198.335868
446.280773 197.592939
451.499477 202.099965
454.776614 204.913193
461.504385 978.265360
455.366118 973.434750
459.473632 976.534483
457.601351 975.077267
453.331667 971.899726
452.919951 971.512788
455.013352 973.191219
452.556020 971.367627
459.067581 208.454850
459.668601 209.032247
458.663034 208.134445
457.340899 207.214385
459.040638 208.614554
459.453516 208.804413
462.407309 211.834416
461.504594 210.937694
462.971991 979.072270
463.165210 979.149442
468.594273 983.287198
465.413185 980.977246
464.554148 980.071483
468.596117 983.185803
466.943764 981.792492
466.809115 981.696988
466.325537 215.988838
466.338766 216.137157
462.914874 212.531684
467.468526 217.938092
469.581943 220.357856
466.044266 215.707042
465.267712 215.807956
466.775665 216.590219
470.900158 221.889677
471.043936 222.113650
474.308473 226.751837
472.091527 224.065190
471.744863 222.942854
471.603259 224.688879
471.954888 223.267658
474.583868 226.902645
474.925289 990.482962
472.097035 986.904059
473.343249 988.009175
470.292467 984.651757
472.697631 987.578824
472.428744 987.440501
472.422796 987.232177
470.666996 985.069562
481.471566 235.636475
478.282518 231.288367
478.904940 231.862642
478.027714 230.891416
479.100365 232.125520
482.081134 236.624583
480.849659 234.695802
476.955889 229.521496
480.419716 997.893702
477.997685 994.548645
474.809173 990.432080
476.534616 992.712098
478.747840 995.679537
479.589249 996.832588
477.627776 994.208923
482.200919 1000.027756
485.247997 241.440072
484.900089 241.080773
484.983633 240.991525
484.602326 240.528855
482.037083 236.483097
481.707277 236.227406
484.303477 239.929908
485.955945 242.811850
486.954453 1003.841181
484.999112 1002.861444
485.064641 1002.887782
482.466584 1000.227968
486.556794 1003.765835
481.376471 999.007217
488.679783 1005.686577
483.894723 1001.818959
485.623252 243.855830
489.750704 250.920939
488.447267 248.248092
486.910200 244.746255
486.967825 247.292033
489.136419 249.432166
489.362831 249.065557
492.635313 255.650361
494.216037 1009.166880
493.141278 1008.498773
494.651585 1009.448422
488.725530 1005.575383
489.065422 1005.924747
494.001228 1009.091053
494.481075 1009.372832
494.915939 1009.375775
497.118266 259.192328
491.857691 258.675205
498.300935 258.041930
493.018617 261.441799
495.215648 257.735782
491.703859 258.938678
496.331282 256.948844
498.351941 258.240271
495.089326 267.541132
495.047955 265.662488
493.906584 263.846514
494.886256 265.209147
495.972871 268.072804
495.593607 266.103978
495.729127 266.802132
492.231390 260.123258
496.872809 270.412940
499.359326 275.182923
498.298165 272.868380
499.606625 276.270358
499.842501 277.117114
499.581678 276.167093
499.142829 274.015892
499.435716 275.820936
502.060067 1013.721496
504.870280 1015.089115
501.737722 1013.350371
501.153196 1013.298785
501.799227 1013.645375
503.324330 1014.461032
504.805543 1015.074457
501.616715 1013.551839
507.963858 288.439666
500.319816 285.150609
505.219963 287.709122
500.551280 285.649714
507.118686 289.130098
503.541788 287.250969
500.660850 285.583643
505.596739 289.210702
504.396842 298.231692
502.985794 304.106560
504.100800 295.028739
504.803458 288.648558
503.278116 290.532616
503.902886 296.607949
504.834202 303.510830
504.431319 299.405606
505.904251 307.397225
507.612380 308.330268
507.258380 306.240408
499.492258 309.662543
501.737252 310.268118
507.670910 308.881308
504.840412 306.313625
505.067106 307.648541
508.118823 312.262900
511.299040 321.555803
508.493466 315.888309
508.535187 315.099875
504.309510 313.402010
507.662592 312.509269
510.977853 319.816705
510.802368 319.939034
510.693890 323.414093
509.086998 328.691563
507.871127 325.766770
509.640098 323.295796
511.483235 321.649689
507.633633 325.791377
508.694690 324.922848
509.859961 325.546605
511.416171 337.349269
509.967201 334.438868
509.768721 327.776638
511.765374 341.255848
510.878187 338.607464
509.559751 332.256522
510.105053 333.579574
510.395476 337.270996
513.640216 349.000602
512.393788 346.442919
511.193434 342.744316
511.501564 342.760741
511.488224 345.208244
511.270527 342.197088
511.612219 343.902673
512.243859 346.664926
509.632016 1017.750501
507.947195 1016.842839
511.054831 1018.539581
511.883596 1018.981556
511.965237 1019.032904
509.593781 1017.565824
513.350369 1019.747155
517.909072 1022.080146
514.625639 353.815081
513.865334 354.373042
516.611358 356.426319
512.945651 353.432322
515.853016 357.452473
514.417573 354.116644
512.510626 349.491144
514.555059 354.644218
513.655328 360.978164
514.648820 363.507817
512.266895 364.795302
516.132024 366.300977
519.503301 362.360757
514.410659 362.959385
519.563154 361.836184
519.956879 361.864985
511.109370 368.803793
514.005688 376.862988
513.240053 370.946235
516.373922 374.420360
515.659367 371.703391
516.429563 370.497794
513.699248 372.651735
511.854152 369.793324
509.142245 388.852800
515.313057 384.033245
514.606376 384.701759
519.780094 390.002971
516.295100 385.306828
514.906879 385.162574
515.742086 383.383515
515.298275 383.992652
523.750368 390.094346
519.199277 389.239342
523.770203 390.566873
520.081424 388.672711
518.944775 391.671637
520.083848 392.152844
524.017605 397.175572
523.123980 389.345046
521.094423 401.582735
520.829061 399.911119
522.906852 405.154286
521.062046 400.902578
525.283630 400.790492
522.819868 405.070597
526.128789 402.126715
525.596156 401.266956
517.468329 1021.877134
518.985790 1022.634633
519.738501 1023.044333
522.659796 1024.450754
527.730162 1026.177307
522.457113 1024.374493
522.719395 1024.455010
519.836623 1023.097284
525.712873 1154.620506
527.198281 1155.261178
526.703135 1156.681313
523.845420 1151.281534
525.916742 1154.801278
523.946683 1150.098155
524.959524 1150.474116
527.059897 1157.639123
527.947562 417.833447
525.637342 411.631854
523.111982 405.660676
523.207454 405.881035
527.205337 415.126981
525.687497 410.662823
523.703627 406.773581
526.268749 409.231490
529.790989 423.165432
528.731785 420.372395
530.349008 424.610847
529.705759 422.800046
531.740648 427.863286
529.093364 421.352835
531.569177 427.487381
530.169065 424.157873
532.014168 1160.009509
533.634459 1161.462681
533.724694 1161.567261
534.821568 1162.345972
534.719918 1162.278865
531.949687 1159.930813
530.324615 1158.255618
536.098600 1163.047572
533.435845 1028.221658
525.956591 1025.571193
530.472760 1027.139148
529.794452 1026.855639
525.375805 1025.370417
528.353403 1026.261481
533.498408 1028.216177
530.904364 1027.219754
536.720372 1148.963134
530.846414 1152.953954
530.384925 1145.914850
529.144928 1148.714701
531.460304 1147.297682
533.757591 1147.307747
530.824382 1143.460996
525.964040 1149.749146
532.151692 429.293111
536.216754 437.708758
533.981534 432.753047
532.875702 430.387853
533.668529 432.182190
536.323288 438.082522
532.372710 428.167346
532.877184 430.591843
537.259283 440.740497
534.267594 433.642012
538.858669 444.031130
535.526437 436.594533
535.918980 437.060948
537.572397 440.961747
537.390940 440.572893
537.518632 440.809100
540.929182 449.594114
539.943392 447.199052
541.908737 453.248777
541.233718 450.536265
541.035606 450.038216
542.101379 452.749027
540.875145 449.772824
542.016703 452.394165
541.478010 1031.693862
538.377661 1030.350458
546.335572 1033.834315
546.400927 1033.917348
537.249952 1029.891459
538.280231 1030.383367
539.372923 1030.790418
542.361561 1032.089647
540.179712 1143.584039
543.855364 1139.208469
542.260774 1141.238406
534.267810 1145.657080
541.329535 1142.850109
541.102948 1142.459403
541.926033 1141.566293
541.232526 1141.580597
539.858294 1164.740905
535.406279 1162.683202
541.708258 1165.733776
538.526268 1164.180378
539.570294 1164.855342
534.682163 1162.042595
545.861304 1167.503938
539.962139 1165.033531
544.843339 459.775779
546.344644 462.997228
545.199602 460.223512
544.200818 457.937955
544.003547 457.230848
543.864469 456.618263
544.190336 457.304112
546.195185 462.682990
548.357987 1137.019681
551.968524 1133.837984
550.825767 1134.573008
553.132983 1135.833130
543.556587 1139.206846
552.158779 1135.763719
548.476388 1136.772581
552.684931 1130.598480
549.977749 1168.810227
548.261369 1168.710568
544.423474 1166.622157
549.002305 1168.937095
548.115781 1169.124890
543.112531 1166.326641
550.717798 1165.550805
550.997145 1168.774376
548.190316 467.736470
552.356408 473.175256
547.959683 470.718705
544.350675 472.128403
553.038046 473.391458
552.172851 473.891800
546.516229 467.593834
553.190437 473.836242
550.791132 1035.904428
545.847001 1033.593583
550.295352 1035.608734
552.047087 1036.432361
549.905505 1035.590557
556.029856 1038.490497
550.379454 1035.396730
551.587932 1036.233575
558.544193 478.176805
556.417366 476.237207
559.053970 478.080991
557.815480 477.583942
553.517870 474.351776
555.147246 474.587308
558.815226 478.976111
558.437550 479.092450
556.472512 1141.150984
559.176498 1139.778683
553.928494 1142.394667
558.207809 1137.793937
552.387794 1138.126226
554.740997 1142.780178
552.992056 1135.688664
553.563982 1136.143471
556.674702 1038.785118
562.690138 1041.687882
564.339514 1042.666722
564.709847 1042.773255
559.662200 1040.311977
564.512173 1042.690378
562.141015 1041.600461
560.736257 1040.891788
556.789625 1169.461325
563.723857 1169.185809
556.418360 1169.480129
562.222135 1169.069538
554.326321 1169.242420
556.666376 1169.253533
558.759162 1169.223068
555.691028 1169.309674
564.079126 483.952874
559.396214 479.702331
564.758050 484.612394
560.407794 480.186277
560.660097 480.485436
564.018354 483.806610
567.428273 487.782397
564.893998 485.080729
568.872144 1143.432455
568.236077 1140.964349
569.209260 1139.672907
563.034075 1139.974714
566.592681 1140.916936
562.439358 1139.983422
569.751315 1145.863164
568.501892 1143.649995
569.687194 1044.461343
567.833517 1043.872301
563.855926 1042.418158
568.487720 1044.101801
570.786544 1044.770055
570.044640 1044.489477
568.594480 1044.110423
563.925396 1042.489343
567.452728 1169.610436
567.970043 1169.616826
568.800219 1169.779831
570.671838 1169.775088
568.448190 1169.758505
570.589995 1169.567737
571.130432 1169.760117
572.779945 1169.563748
572.547682 494.635200
572.327870 493.295182
567.270374 488.368000
566.033077 486.129613
570.092462 491.294088
571.386794 492.119236
572.374669 493.605734
568.808253 489.675848
577.848586 501.011623
575.095057 499.497604
575.897670 498.501813
577.230959 500.186967
568.695083 497.544851
577.169612 499.907943
576.312021 497.694700
577.793546 501.031354
581.027478 1138.191959
573.647260 1138.077158
582.598741 1139.263715
581.608670 1140.737892
579.055851 1137.097673
581.269596 1135.576006
573.966110 1141.383029
578.115271 1139.616923
580.990832 1047.852981
581.935699 1048.051448
574.622167 1045.969393
576.456953 1046.517976
583.354593 1048.470839
583.721771 1048.668553
582.346782 1048.174908
577.446698 1046.879884
585.531654 1168.345365
576.938673 1169.236957
578.739961 1168.459392
572.660668 1169.624464
582.513903 1168.418980
583.229614 1168.425563
579.014460 1168.874601
580.569176 1168.823132
586.064793 506.484663
585.135561 505.281750
584.836747 505.099972
584.293489 505.079023
584.994776 505.218986
584.312299 504.710352
583.390766 504.852744
589.917225 511.001018
592.080506 1052.289375
590.120025 1051.555152
590.681980 1051.853334
586.751879 1050.080249
590.313056 1051.461976
591.863082 1052.114602
586.072829 1049.721267
587.100789 1050.417361
586.738302 1140.443985
583.810104 1140.059050
588.313154 1140.054277
588.377687 1140.794056
593.235075 1140.737862
588.291551 1140.436391
586.305345 1139.433471
590.688586 1144.630685
592.070216 1169.443441
586.895888 1168.872897
588.632913 1168.105603
593.883468 1169.823427
589.681444 1169.442235
584.747102 1167.136057
584.617873 1165.363001
589.000122 1168.854609
592.920195 514.068811
592.437130 513.787037
592.344054 513.592198
593.230791 514.150025
590.796228 511.756806
592.235522 513.631751
591.538661 512.626326
591.075679 512.623853
603.305307 1058.973557
590.985404 1051.918259
594.366671 1053.635361
594.136907 1053.658675
596.710161 1054.769724
601.405295 1057.234503
596.791266 1054.857727
594.112346 1054.350059
603.291117 1142.878814
594.550956 1139.609611
598.375618 1140.084755
597.985085 1140.154373
598.168122 1140.107368
596.502030 1140.209358
598.531637 1140.030142
598.023432 1140.688219
600.958560 1167.309621
597.810452 1170.098618
598.894893 1169.882920
605.295349 1170.098844
591.961445 1169.537081
599.580264 1170.345596
601.978929 1170.351411
603.128005 1171.133616
599.999750 518.985843
605.220306 523.068220
603.493606 521.351719
603.456935 521.530333
601.189908 519.832125
600.659612 519.373447
600.756962 519.632815
597.243002 517.076220
606.458132 1066.308837
605.958271 1060.376570
606.479829 1063.549346
599.691033 1056.452173
608.428615 1059.640587
605.500583 1060.483145
606.518232 1061.001141
607.947858 1064.802025
600.923017 1141.228611
602.427856 1141.217247
604.563606 1144.141393
608.028986 1139.089455
607.668946 1139.449757
610.892517 1136.907713
611.923015 1135.572972
612.346746 1136.147833
609.293621 526.538143
609.405783 526.644630
609.944156 527.153223
613.179557 530.321757
610.500703 527.685603
610.153960 527.328756
609.298189 526.615432
613.890817 530.911187
610.032357 1169.299521
608.749885 1169.477481
604.465551 1170.473298
612.827745 1166.570379
603.447384 1171.218983
615.865420 1169.059533
609.616534 1168.710495
613.053239 1168.654194
615.783707 1061.957265
614.601765 1062.064837
615.288368 1061.359637
617.748258 1064.474175
617.571957 1063.597403
609.084698 1060.228556
614.953382 1062.551308
614.051467 1063.413977
616.777906 533.661685
616.494587 533.410968
619.480691 536.867678
619.110779 535.992655
618.122580 534.993147
617.689901 534.514197
615.448076 532.427646
617.049179 533.933359
616.796917 1140.827771
616.823179 1134.998065
611.507945 1135.892225
621.595737 1130.599516
618.763146 1135.276782
620.485611 1131.869235
617.486204 1133.210852
617.610483 1136.779238
613.080362 1169.808316
619.489556 1170.072019
619.548297 1171.784897
620.017935 1172.778308
620.816993 1170.077081
617.514893 1171.064341
617.050404 1171.653929
620.575339 1170.642522
623.173060 540.287015
625.900593 543.116309
622.838192 540.098849
623.523984 540.786351
621.705583 538.798183
623.547877 540.541017
619.144337 536.182927
619.636844 536.626094
624.525428 1066.267558
628.691981 1067.567125
617.872242 1063.941643
619.879061 1064.209473
625.698569 1068.342376
628.600937 1068.444716
621.081098 1065.248642
628.397831 1067.756379
621.106374 1130.761918
628.124230 1123.857933
624.230360 1128.620412
624.722586 1128.732482
628.225484 1126.616353
626.010578 1127.103876
624.117447 1125.289455
628.924235 1125.551850
623.705550 1172.122804
629.428558 1172.089069
624.638064 1171.117677
627.857365 1172.023301
631.875408 1172.722422
626.700516 1172.718904
621.923517 1172.583881
627.688509 1171.353962
636.017405 551.858137
632.219748 549.311681
631.784466 549.247511
627.609833 546.378137
630.818328 547.443187
630.660745 549.047250
627.556205 552.019126
630.995625 548.425285
635.446167 1115.996599
632.883388 1118.187704
634.376234 1117.698648
631.371112 1123.026848
635.253483 1116.353837
628.898429 1124.346149
631.235316 1126.540924
632.040427 1120.486895
635.117924 1075.326737
629.406959 1071.300528
629.625745 1073.292999
629.831642 1069.232537
633.995770 1073.647598
631.537319 1070.618209
634.704541 1076.004897
629.315747 1068.263450
635.409473 1108.160059
636.534102 1103.417809
634.750054 1110.619963
636.086938 1108.576323
636.285498 1103.545730
632.533569 1116.641954
633.506747 1113.939620
636.549529 1104.893229
630.733856 1172.323357
639.638655 1173.780156
639.070478 1173.356654
636.066878 1173.063732
637.456605 1173.142041
637.920458 1172.635181
638.790572 1167.616151
639.036529 1173.743532
638.342373 1079.701980
634.095843 1073.731653
645.093010 1083.456303
640.670430 1083.133856
634.918163 1079.576782
637.077929 1077.825708
637.398699 1078.026867
636.694723 1077.565568
640.123585 1089.342888
633.748352 1091.801486
638.203972 1090.365261
641.667760 1086.475474
637.956337 1094.003394
641.040551 1092.238076
639.676545 1087.944739
640.384025 1083.133560
636.549177 1094.675381
637.541185 1098.252759
637.596465 1102.083956
638.636745 1097.536608
636.724317 1102.876307
640.944049 1100.625178
639.867439 1099.811680
643.468669 1099.733969
639.602823 553.847820
641.652945 555.126371
638.319420 553.020315
637.925743 552.599903
640.673223 554.524088
640.179184 554.626981
638.557948 553.997725
644.383805 556.742283
644.831112 1172.917777
650.344323 1172.269868
650.282286 1172.905298
652.644852 1172.459643
645.039262 1171.959432
646.114166 1172.774719
649.510430 1173.353361
647.419493 1173.498109
647.737041 558.767147
651.440645 561.329754
650.374075 560.598722
647.372939 558.687575
643.899766 556.504304
648.825833 559.841020
651.625521 561.420350
652.751370 561.983608
661.093353 566.738673
656.662852 564.426693
659.740143 565.521286
658.085973 565.245179
656.779851 564.478297
657.131093 564.702924
657.601094 564.755159
660.837197 566.731138
658.075464 1174.616350
660.567936 1176.822612
659.225854 1174.979092
657.653361 1169.559010
657.921978 1174.619172
655.559801 1168.526965
657.894706 1175.019323
657.918619 1174.307220
668.167058 570.706362
668.306275 570.651449
664.909199 568.968423
670.881563 572.116963
667.473496 570.357578
668.049637 570.640385
672.746879 573.048947
664.905081 568.894249
667.629718 1178.875606
669.077782 1181.137915
669.209699 1180.729752
673.009101 1179.643406
667.293221 1177.954265
663.243626 1176.243804
663.371831 1174.575866
662.360304 1176.992171
675.151190 1114.114121
673.384658 1111.557281
676.920990 1111.936055
676.728240 1107.822485
671.135405 1115.256501
676.157148 1115.316016
676.424096 1120.802932
674.108220 1111.477706
675.614195 1125.304700
673.353786 1117.521900
676.875195 1120.873531
673.856640 1120.357476
675.283914 1123.631873
672.936905 1131.704805
675.343882 1125.400777
676.187073 1122.702517
675.998544 1132.874185
673.085951 1133.542347
672.582435 1140.291292
668.699767 1133.723842
675.062204 1140.025560
672.754614 1135.836454
668.832890 1137.363987
677.246156 1139.711543
676.344052 1143.924547
679.291347 1145.336288
673.754660 1151.061392
674.865567 1149.170155
680.715284 1146.612335
680.449034 1146.539421
679.303294 1145.334030
675.299522 1143.225410
677.026676 1185.737509
681.261094 1188.338454
669.556559 1181.253343
676.462333 1184.820997
677.702696 1186.213643
679.480859 1187.617503
671.904887 1181.902269
673.947412 1183.631097
678.003388 575.511882
680.864013 576.798422
673.643588 573.496658
671.688048 572.538757
678.486427 575.720813
676.780018 574.920763
674.952739 574.099195
679.822775 576.262236
679.271226 1103.178433
679.104407 1102.590571
677.383617 1104.986346
677.883888 1103.935120
677.487952 1103.848341
679.804247 1103.407230
676.845925 1107.998044
675.556373 1104.290966
679.865851 1155.918730
680.815832 1151.840002
675.272854 1158.114965
676.527620 1153.289705
681.046024 1156.570236
676.136935 1152.489241
679.366425 1154.561643
679.302831 1157.201958
685.074502 1188.797476
683.691393 1188.323729
682.875661 1190.161692
688.052906 1188.969808
684.841842 1189.869233
684.483013 1187.746963
683.245075 1189.377257
684.589363 1186.543775
684.825080 1096.078354
684.596976 1095.982712
687.462499 1092.996300
688.823087 1090.691714
683.339980 1098.042565
685.983921 1095.010609
686.736118 1095.073990
687.152151 1094.078021
685.453916 1168.379513
683.713772 1166.933360
680.969513 1164.503656
682.226845 1165.120562
682.795222 1165.204220
683.361652 1165.979933
684.454841 1166.972720
681.425242 1161.203729
685.659282 579.017102
683.335686 577.955668
688.945250 580.717745
690.289053 581.298212
686.395370 579.379940
688.060713 580.187017
681.724844 577.236873
685.895653 579.129375
695.180476 1081.999220
693.133921 1084.208623
691.123739 1087.391225
692.765412 1084.679416
690.764606 1088.454204
692.723458 1084.703375
692.757706 1084.717740
692.663814 1085.201551
687.100484 1169.380943
688.753093 1173.382722
687.598899 1176.466660
688.788078 1177.084597
692.031930 1177.345183
689.829555 1175.862515
686.553171 1168.854132
688.274769 1173.402937
688.631704 1195.794658
687.248150 1192.784225
687.393038 1194.938326
695.294688 1195.320087
697.771823 1199.020293
696.659878 1199.160390
696.835954 1200.150530
697.882873 1202.688312
695.005085 583.635824
699.260423 585.782467
694.921755 583.629112
691.106649 581.698106
694.241270 583.198104
697.407706 584.726275
695.666926 583.717104
691.367432 581.839046
692.769398 1178.755674
691.837176 1176.980024
694.589679 1182.172968
697.340953 1186.543296
692.777596 1180.234506
692.216702 1184.961836
692.447768 1180.570544
695.438938 1183.015492
697.735133 1079.723471
699.017961 1078.818448
698.300700 1078.704302
703.335248 1073.261102
697.982412 1078.669576
698.971373 1077.842352
700.047180 1077.564762
702.197205 1072.924962
697.730462 1199.799871
698.075278 1204.495198
695.231738 1202.590188
698.944537 1204.237149
695.109865 1202.695147
698.049407 1204.144149
694.894212 1202.933472
694.848638 1203.222812
698.862721 1183.494647
697.461350 1193.623894
699.197516 1186.881796
697.098554 1193.152901
697.726494 1188.141860
697.698569 1190.646398
697.498919 1192.366209
697.984253 1189.434656
708.340627 590.007918
705.295566 588.718249
702.668203 587.508073
701.557214 586.996418
704.074396 588.149576
702.326727 587.192218
704.310076 588.229356
701.018114 586.716732
704.162865 1070.740959
705.267929 1070.483680
704.708639 1070.615599
700.198617 1071.617014
705.901445 1070.688151
704.435630 1070.717870
700.813948 1074.260235
702.943760 1074.332019
710.769314 591.403693
711.536065 591.213273
713.331877 592.159507
710.206542 591.173002
707.741940 589.864789
716.952920 593.718123
715.919029 593.294356
707.804586 589.868220
720.891696 1065.476851
719.271814 1065.608269
713.442279 1066.946868
713.652586 1066.523154
715.596221 1066.486032
720.326675 1065.396128
715.335991 1066.398975
715.144661 1066.297192
718.453728 594.189913
716.943407 593.530601
725.679716 596.834048
723.204838 595.962058
724.473150 596.663345
722.982243 595.843534
725.652480 596.831910
727.584407 597.598481
730.183676 1064.841675
726.863977 1064.643161
731.070157 1064.667506
723.118963 1065.016390
723.499517 1064.933355
728.572226 1064.671802
724.490956 1064.876978
726.622330 1064.687055
732.175582 599.489528
734.024058 600.299465
736.516504 601.426828
729.452208 598.249160
731.105241 599.013036
736.449059 601.455622
733.692319 600.257261
729.180165 598.132848
731.104361 1065.821064
735.595474 1064.722598
733.698109 1064.673669
728.090155 1064.658056
732.167217 1064.978169
732.774053 1064.708085
736.697690 1064.799964
734.316865 1064.749027
743.651346 604.740473
742.328117 604.105946
743.852204 604.822976
742.992856 604.440982
743.923010 604.857037
738.439867 602.406377
741.569885 603.760319
736.173126 601.265731
740.986875 1065.193406
747.264509 1066.657717
742.979819 1065.275875
744.467067 1066.226657
744.836618 1065.211784
741.878360 1065.205827
743.943063 1065.915978
740.379151 1065.861918
745.871385 605.791854
751.910174 608.681225
751.518843 608.649351
751.451517 608.517934
754.722468 610.344599
753.554333 609.654190
753.943013 609.850559
751.752217 608.582466
751.747783 1070.263041
748.689555 1071.875140
754.417775 1069.620277
759.577730 1069.986612
756.260125 1069.670541
753.086215 1070.584288
756.394108 1069.808094
753.876806 1070.025281
762.566908 615.024643
760.987126 614.183166
757.150735 611.880874
761.947865 614.938627
763.612184 615.016906
762.427483 615.156516
756.988671 611.645215
756.194651 611.648011
759.417715 1070.081543
765.090950 1070.098642
758.270129 1069.541023
760.472851 1070.028198
765.257628 1070.028305
765.097926 1070.053185
761.832203 1069.985010
765.987682 1070.259884
772.605782 622.220975
767.408022 618.304211
769.786063 622.893505
766.240845 618.222504
772.648663 621.782698
768.004017 618.848078
768.109116 619.464768
774.527451 622.895353
771.876216 1070.385678
773.973351 1070.483589
773.632436 1070.514129
771.663277 1070.458420
773.799715 1070.502878
771.154886 1070.665643
768.877643 1070.065420
774.741077 1070.489548
780.889129 628.262700
778.493889 623.653786
780.280429 624.865737
779.751787 623.567930
779.546235 623.811723
784.875788 623.081367
777.219306 622.725616
779.620284 625.599597
782.483640 1070.852196
785.686373 1071.355108
781.032375 1070.684148
778.193269 1070.525244
783.832740 1070.911252
782.006324 1070.546637
783.294045 1070.125889
780.720548 1070.762308
787.479056 627.147352
788.982142 624.075015
788.449639 622.813824
791.478076 625.695918
788.486688 622.849017
787.296552 621.191911
793.712883 625.980907
785.282764 626.103342
786.768641 1071.558201
796.528165 1070.798337
796.178551 1070.848327
792.831498 1071.232968
789.131143 1071.692791
791.679065 1071.004093
788.263575 1071.729310
789.379539 1071.693072
797.793099 627.838319
798.927113 629.005376
800.841721 629.693413
800.499089 629.680442
800.424819 629.648402
802.073174 630.269126
801.034593 629.883256
798.735186 628.827408
803.632165 1069.568288
800.036649 1070.144819
800.498021 1069.805259
805.365187 1069.203300
803.688742 1069.532877
801.938709 1069.838040
800.656251 1069.925471
800.377107 1070.016819
807.425210 632.360903
813.016860 634.431159
808.046624 632.580471
804.618009 631.161191
810.871543 633.603892
809.453027 633.063285
804.257191 631.055385
811.079259 633.715115
807.940094 1068.443313
811.052042 1067.705623
805.784744 1069.095815
809.675093 1068.055096
814.514203 1066.828035
811.027450 1067.691497
810.638110 1067.755350
807.342395 1068.647392
817.466455 636.125057
815.262220 635.281790
817.044551 635.967726
819.511001 637.157718
818.079136 636.424144
819.304287 637.050751
822.089656 638.445065
815.993600 635.536556
820.167295 1065.479267
815.619642 1066.550038
818.539639 1065.856584
817.070221 1066.197341
818.148101 1065.944036
826.178953 1064.169653
821.852418 1065.123897
822.385564 1064.992317
821.354660 638.005628
820.864111 637.789750
829.969869 642.280366
821.522723 638.089133
826.828500 640.767408
827.092781 640.900784
826.932878 640.823276
828.456095 641.540222
831.996249 1063.206410
837.672392 1061.254789
831.509724 1063.166674
830.313303 1063.576037
835.243223 1062.111856
832.063570 1063.217671
830.960351 1063.470354
831.907484 1063.198739
839.006043 646.256872
836.006892 645.065457
837.972891 645.805744
836.447878 645.641380
833.210754 643.808018
836.119501 645.007462
830.026726 642.251009
842.319750 647.995026
842.761808 1059.352561
841.250150 1059.327470
841.854332 1059.813769
837.870444 1061.072407
845.838587 1057.759123
840.032203 1060.309897
846.467903 1057.491844
841.737080 1059.831518
840.862519 647.147625
844.411668 649.371359
843.431356 648.539310
847.093591 650.743651
840.161851 646.808787
850.803235 652.973837
842.671265 648.109806
845.602542 649.758925
851.153988 1055.113107
847.108542 1057.173243
845.399396 1058.057491
851.034332 1055.175998
848.757540 1056.312947
849.485645 1055.933826
848.480492 1056.329759
852.587681 1054.226017
851.726160 653.372569
855.083848 655.327784
853.630638 654.400332
858.311252 657.332569
858.062819 657.085483
856.244031 655.326660
856.676700 656.370217
851.862555 653.462503
858.869290 1050.592288
859.822078 1050.014876
861.687006 1048.989384
859.034186 1050.484339
858.705201 1050.766222
857.177808 1051.568749
860.139812 1049.841872
860.052723 1049.880293
861.443122 659.660158
866.810339 661.121044
863.510919 660.367181
862.718115 660.831966
866.874965 660.889252
863.442365 661.702366
861.696250 659.408068
862.439468 660.370106
868.486290 1045.367332
872.793318 1043.086905
871.289331 1043.951415
869.891341 1044.748439
865.805028 1046.507011
870.453860 1044.433244
869.788408 1044.803810
875.174614 1042.096784
871.805612 662.015002
873.495911 662.355875
875.520154 662.859028
869.923075 661.863081
875.265986 662.828010
874.357947 662.626599
872.676306 662.157410
874.859152 662.738559
881.247371 1039.044313
879.041608 1039.684221
885.030098 1037.096329
876.737120 1040.492188
880.160359 1038.366933
880.099520 1039.088715
885.256341 1038.334509
877.741827 1040.042298
883.608674 665.818657
885.829107 666.765389
884.023111 665.953378
877.440843 663.647805
884.950201 666.339488
885.431031 666.721052
883.987942 665.926113
881.752795 665.595503
886.330942 1033.456701
888.906124 1033.117054
894.313417 1027.799324
891.966436 1030.358268
885.163092 1035.148446
891.251158 1031.062880
893.037819 1029.543266
890.363884 1031.397942
889.866054 668.590908
887.102887 667.295998
894.237068 670.506344
893.453631 670.058604
893.029503 669.854270
893.891898 670.352362
896.336471 671.661971
892.967400 669.856720
900.153034 1024.717976
897.062760 1019.701990
900.001171 1024.865651
900.330523 1024.530912
897.984029 1024.290505
899.639829 1021.760996
902.541396 1024.491457
900.041441 1024.828093
905.897369 677.047184
906.835084 676.808682
903.036854 674.952298
904.522317 675.926430
904.732379 675.504896
900.992340 673.797911
900.758848 673.892830
903.891299 675.258994
912.844197 1021.258758
910.801683 1022.260606
904.215022 1023.448139
914.826937 1020.041767
911.392046 1022.066748
907.009536 1023.874070
908.089841 1022.873225
908.612750 1022.916931
905.231307 676.492614
912.482920 679.293340
916.503502 681.141632
914.525132 680.375931
908.513206 677.397680
911.335761 678.811448
908.385007 677.634295
916.691874 681.198136
913.185409 1021.116800
923.228105 1014.909591
919.167777 1017.269748
916.670182 1019.039760
918.680357 1017.727512
921.724332 1015.861713
916.704933 1018.997812
915.497088 1019.769723
920.802948 685.241427
918.537373 682.080582
923.224512 685.351444
920.150047 682.946214
920.905784 683.651450
920.244023 682.983877
920.958160 683.563342
920.515275 683.154443
925.765336 1012.997651
926.229163 1013.214265
924.193167 1014.208293
929.597089 1011.683642
923.429401 1014.719387
927.350452 1012.449423
924.413359 1014.309749
929.959363 1011.381541
929.900087 689.893379
933.980142 691.663789
925.896179 686.634245
929.803087 689.655063
928.407175 689.027524
933.927853 692.419442
927.333677 689.669200
928.006840 693.348301
938.568578 1007.083039
930.570201 1011.021374
937.542213 1007.731532
936.791715 1008.186325
934.701116 1009.293817
934.510190 1009.306468
936.053792 1008.385257
934.348027 1009.423621
941.846682 694.901189
942.581592 695.355926
940.954973 694.686197
938.236381 694.009772
940.519499 694.771553
944.784178 696.033786
937.957098 693.744396
938.524547 694.105586
942.183074 1004.952488
945.830483 1002.853841
943.994867 1003.821666
940.966053 1005.613341
943.548264 1004.057375
943.473713 1004.074466
939.638614 1006.166359
943.962330 1003.819312
952.345280 698.197162
950.355686 697.430556
945.007831 696.236119
952.373937 698.246268
949.193165 697.261583
943.197318 695.416249
955.752015 699.191857
947.846818 696.853506
952.632033 999.204409
951.509499 999.863913
949.186950 1001.096361
952.442602 999.359818
958.476960 995.957485
956.968842 996.812403
953.215790 998.904748
953.999515 998.489347
953.861771 698.064935
958.882899 699.956655
958.017613 699.679357
958.942109 700.017923
956.446978 699.354816
955.252427 699.087934
962.359596 701.139773
959.641008 700.313775
962.430770 993.714197
963.378004 993.174822
961.453329 994.242735
960.794967 994.644324
961.844422 994.048767
963.443109 993.136087
963.217759 993.264310
965.342151 992.004271
966.419844 702.276226
968.541358 702.823930
961.633375 700.894759
970.226010 703.291653
964.996481 701.771203
966.268889 702.267265
968.440253 702.982266
969.545534 703.181302
968.526786 989.998256
973.769468 986.972558
969.632850 989.509000
967.522749 990.752373
968.979453 989.903208
973.164725 987.344467
975.755786 985.656787
977.667058 984.173778
980.721222 706.304004
975.733813 704.668414
972.271978 703.967792
978.418193 705.363283
974.246217 704.137498
973.223047 703.937075
978.434574 705.330582
984.933074 707.913539
983.434943 978.410203
981.518021 981.426759
984.075684 980.883431
983.502276 980.749006
979.489445 983.450095
980.648606 982.111877
981.138052 981.984859
983.759589 979.744746
986.222168 708.417809
987.698483 709.060962
986.584054 708.609447
990.619638 710.474858
988.095746 709.259776
985.803775 708.254605
988.085657 709.992387
986.476301 708.529599
988.388385 975.285989
986.415628 971.563584
988.335585 974.741019
990.879555 974.384400
985.009469 977.408797
987.425021 975.899248
990.346258 974.759030
994.408423 972.213406
1000.817290 716.713363
996.258631 713.027524
998.574140 714.637813
995.483407 712.730185
996.076296 712.938129
997.816693 714.443031
995.894858 712.855136
996.538121 713.346793
996.565396 969.898998
998.381476 969.899751
998.600014 969.630769
998.602812 970.676341
998.372462 969.911605
1005.270962 966.596120
1005.133546 967.179645
999.242930 969.580278
1004.940040 719.431111
1007.086902 720.312091
1004.515378 719.365734
1008.555323 721.191921
1006.331068 719.937992
1005.611204 719.617357
1004.567898 719.446658
1005.167316 719.443448
1012.242182 961.895659
1013.366851 963.436726
1005.408397 966.461832
1004.885728 960.692130
1006.969631 966.644998
1012.600414 961.897783
1010.776201 962.121357
1006.715126 963.815143
1020.374913 726.879959
1016.084567 725.601492
1014.467582 724.132428
1014.660307 724.417778
1013.090021 724.317293
1014.811748 724.473416
1011.696200 722.525523
1016.182558 724.404379
1017.585913 965.119336
1021.555910 961.653042
1020.310985 962.261421
1020.556270 962.629115
1017.897045 965.198329
1014.091612 962.709462
1017.810589 962.977825
1018.321574 965.011612
1030.739512 730.179954
1030.748772 730.447691
1027.346637 729.902043
1026.982936 729.911013
1029.447883 729.777715
1018.985544 727.511601
1019.536167 730.955876
1027.510462 729.464525
1034.003657 959.315506
1026.827810 960.357046
1026.989487 960.370763
1027.197562 960.355194
1027.661686 960.258220
1025.790877 960.661428
1032.051838 959.656092
1030.936978 960.410365
1035.119165 731.795777
1036.832445 732.454001
1033.870010 731.330277
1032.276912 730.904824
1033.643706 731.303303
1032.293446 730.924906
1032.575947 731.094207
1031.177817 730.369662
1033.322852 959.768585
1033.533356 959.877942
1034.420484 959.521846
1042.652627 959.768897
1036.790626 959.662361
1042.800652 959.734232
1033.840252 959.331338
1037.148521 959.559059
1037.914792 732.876863
1045.229255 735.482303
1043.461129 734.932136
1044.374385 735.271504
1043.930628 735.130897
1047.166206 736.111464
1039.089152 733.301466
1050.256049 736.762395
1047.875349 959.768923
1051.707932 959.679220
1049.859803 959.813257
1046.437654 959.767537
1049.157901 959.822633
1047.662161 959.781016
1052.666125 959.735839
1048.743882 959.759267
1054.958654 738.154969
1049.224605 736.643365
1053.945090 737.949410
1048.254499 736.431835
1053.330684 737.805429
1057.683017 738.758880
1052.533142 737.561694
1056.460493 738.590659
1052.504495 959.936433
1059.177004 959.794658
1054.547324 959.919122
1061.099662 959.650525
1055.688517 959.681342
1058.951431 960.338985
1056.690149 959.773609
1053.773165 959.884390
1065.736518 740.055556
1063.977579 739.903085
1058.188225 738.822127
1064.605226 740.139718
1066.605253 740.331005
1061.262670 739.175729
1068.511102 740.966492
1068.078101 740.569644
1064.969041 959.334273
1060.183421 959.658490
1064.203889 959.665930
1064.583250 959.588488
1069.796168 959.006103
1071.981338 958.842541
1066.071682 959.181166
1067.079864 959.288265
1074.115496 743.920632
1068.149723 740.588086
1070.931735 742.507837
1076.561226 742.969792
1074.522674 742.612508
1073.254452 743.050485
1071.470941 742.968584
1072.247714 742.384589
1077.507825 958.135037
1081.040782 957.691928
1071.822372 958.912407
1077.143407 958.317862
1079.935561 957.854230
1076.998914 958.268822
1074.784008 958.513653
1077.088416 958.321887
1081.947331 744.300728
1079.330013 743.966349
1082.398951 746.090119
1077.768371 743.442016
1085.245513 746.302473
1085.795324 746.879910
1083.442532 751.604472
1085.857988 747.719981
1089.891701 956.430857
1089.566655 956.273991
1089.712096 956.208723
1085.623782 956.982362
1087.742861 956.630700
1086.766253 956.673338
1089.133072 956.389108
1089.866113 956.199365
1091.183377 748.117416
1097.486079 748.218362
1092.948256 748.016094
1097.395595 748.227236
1089.906939 748.425492
1092.911001 748.161980
1090.576351 747.789670
1095.738763 748.059703
1098.549250 955.436354
1097.351699 955.338737
1102.598791 955.882619
1102.548155 955.158526
1099.112915 955.299824
1094.851095 955.667120
1094.174008 955.697104
1104.133388 955.545990
1106.584593 749.669243
1098.749636 748.437472
1106.348319 749.631378
1103.718887 749.189699
1105.824379 749.526482
1103.033478 749.080707
1096.962205 748.249422
1096.265533 748.396919
1104.575746 955.173844
1110.394868 954.349529
1111.726960 954.064212
1110.425951 952.737222
1105.087071 953.711238
1106.759725 954.203071
1111.048972 949.900791
1108.185835 953.437323
1117.478343 751.918432
1116.181565 751.811661
1117.850778 752.019964
1113.852695 751.154947
1109.563114 750.315060
1118.340619 752.106499
1112.814375 750.995964
1113.628854 751.189454
1115.705735 959.033660
1123.314541 960.084378
1116.855036 958.053834
1116.211701 959.822405
1114.682411 957.551763
1115.161841 957.979889
1122.918425 960.473604
1115.312345 959.914789
1119.685611 752.352323
1121.407676 752.442219
1121.887741 752.715813
1121.252494 752.507133
1123.692241 752.967775
1121.525695 752.610271
1124.911177 753.151478
1123.478954 752.968402
1123.459071 959.732680
1120.946142 958.456417
1128.518917 961.623199
1125.448019 960.952018
1124.143553 959.447913
1126.551906 961.522417
1127.527472 961.157762
1125.327356 960.832828
1137.665782 753.880127
1127.013847 753.405315
1132.266543 754.027933
1129.246346 753.677431
1132.072810 754.040978
1132.005024 754.027724
1131.606451 753.944657
1133.086753 753.931895
1131.424236 962.407217
1141.715156 965.900739
1138.549850 964.385030
1136.167376 964.641144
1138.597158 964.351596
1133.890816 963.390402
1140.255009 964.993352
1130.024363 961.904729
1145.526187 754.269940
1141.890945 754.151566
1144.791310 754.230106
1142.822517 754.196139
1145.455860 754.256441
1135.815464 754.031035
1143.278372 754.227083
1148.973133 753.877444
1143.806713 966.779414
1143.181144 966.160482
1144.555450 966.964124
1142.678005 965.815460
1144.667434 966.796825
1146.639001 968.266463
1143.239510 966.034594
1143.114829 966.001257
1147.871064 754.222612
1151.000635 753.192160
1154.642633 753.839081
1155.735038 753.893624
1152.514395 753.796253
1149.868529 754.189546
1158.812627 753.802122
1149.004723 754.110734
1151.704314 970.247436
1150.413692 969.747227
1159.887261 973.945453
1157.818926 973.221515
1154.191705 971.724010
1153.734720 971.421896
1152.243367 970.594287
1153.036534 972.396114
1162.264586 753.765572
1155.333040 753.835971
1163.802847 754.467686
1163.220738 753.718160
1165.695979 753.862385
1162.168943 753.776045
1165.872840 754.021569
1163.056731 753.711798
1164.667528 975.383091
1160.945158 973.666698
1168.742490 976.456385
1170.200991 976.844112
1168.840911 976.396645
1162.175456 974.744622
1167.023404 975.893638
1165.321276 975.583594
1170.839318 754.329323
1169.734292 754.181316
1169.545535 754.171542
1171.345149 754.557455
1171.465547 754.425393
1172.897589 754.773543
1167.434467 753.983045
1172.967777 754.733661
1170.635059 976.787734
1174.992939 978.108278
1173.139406 977.504387
1176.283848 978.489949
1173.996211 977.773921
1172.198546 977.440584
1175.043554 978.249965
1173.303442 977.638469
1182.026679 757.628763
1182.236492 757.761103
1185.060451 758.398021
1181.236179 757.310028
1178.677222 756.828791
1181.388278 757.755163
1180.630917 757.341934
1184.045411 758.163194
1178.443908 979.273410
1178.232992 979.414110
1187.642300 981.925600
1183.734724 981.030788
1180.655745 980.087272
1180.338262 979.952033
1182.645499 980.703583
1184.709642 981.413233
1189.680989 759.404031
1186.911310 758.980443
1191.073316 759.706008
1190.965133 759.628332
1190.937925 759.945965
1188.393361 759.162871
1191.029489 759.643571
1196.475693 762.447236
1187.497251 982.339405
1192.445791 984.081775
1185.782673 981.838258
1194.832254 984.900755
1188.177169 982.713839
1195.212913 985.000463
1191.885056 983.646827
1187.778800 982.572706
1200.178441 769.411901
1200.454733 764.967986
1195.784981 762.723123
1200.261662 763.314593
1199.834588 764.204051
1204.601427 766.293434
1198.014729 763.480162
1200.435213 764.501374
1202.854457 987.264257
1208.201553 988.632778
1199.889241 986.578169
1206.153698 987.763619
1204.724905 987.653566
1200.538708 986.779608
1200.714508 986.826156
1200.311606 986.622237
1210.198609 764.697066
1211.607432 764.610816
1209.499001 764.802837
1210.163505 764.624340
1211.132773 764.672405
1211.103216 764.640598
1204.806839 764.216376
1211.046640 764.643020
1209.318820 988.439168
1214.992488 990.046566
1209.056922 988.492633
1212.925565 989.123704
1214.171736 989.584718
1213.014765 989.124508
1210.803062 988.742306
1211.697296 988.607414
1223.424452 765.286125
1217.694033 765.866069
1225.455018 765.039370
1221.263682 765.969029
1218.411523 766.439453
1215.475072 764.838863
1227.093176 765.029430
1217.811226 765.136075
1219.404944 992.002927
1223.831670 993.817899
1226.681194 994.719214
1219.738164 991.825626
1221.896371 992.777765
1223.324528 993.419747
1226.591891 994.757445
1223.426475 992.924893
1224.350428 765.304400
1228.914353 765.176418
1228.282718 764.940467
1228.679162 770.474344
1232.160427 765.549332
1228.370614 764.972189
1234.606946 766.295851
1230.036757 766.139835
1229.139239 994.112942
1226.535355 994.779393
1236.422611 994.862441
1237.209114 996.498736
1232.966120 996.205722
1231.940372 985.675448
1225.772496 994.414298
1223.751728 993.733910
1238.951022 764.468654
1241.357733 764.227434
1234.802751 764.884802
1236.884199 764.908146
1240.597326 764.389960
1243.327083 764.452710
1246.342922 763.611595
1244.511864 764.019126
1246.549735 1000.875375
1245.884255 1000.955497
1239.113925 997.536417
1239.019364 997.780747
1240.033199 998.656559
1238.132342 997.124117
1239.757363 998.557046
1235.432026 996.529317
1248.589372 763.807318
1248.426384 763.680611
1248.409012 763.724653
1249.440628 764.093581
1248.965703 764.013753
1246.179819 763.656592
1249.504976 763.808817
1249.040233 763.833983
1246.113950 1001.003120
1246.657869 999.868631
1250.229408 1002.527087
1253.005902 1003.395722
1248.774380 1001.945886
1248.829188 1002.068563
1248.310864 1001.623318
1247.937254 1001.604797
1266.976447 764.038686
1264.153853 764.111776
1262.869343 764.179937
1258.302564 764.126316
1258.161906 764.154347
1257.146188 764.235050
1258.410718 764.430563
1258.978685 764.185352
1261.151329 1006.392600
1253.832896 1003.836924
1260.068799 1005.907570
1262.821985 1006.754415
1257.347258 1005.059629
1260.680939 1006.207930
1258.500887 1005.115808
1261.473330 1006.517274
1272.339350 1009.573489
1266.362956 1007.825519
1267.869405 1008.300241
1270.271611 1008.994723
1270.289526 1008.892797
1269.180208 1008.704926
1270.092626 1008.933389
1268.972579 1008.644311
1275.782102 763.789977
1265.324473 764.126732
1268.837961 764.004053
1271.616934 763.950052
1269.438227 763.997644
1266.975004 764.042052
1270.427621 763.952815
1269.335711 763.839804
1278.193391 1011.010434
1277.937636 1010.910334
1278.107387 1010.937551
1275.913579 1010.365288
1276.683309 1010.474214
1281.756543 1012.529353
1285.275726 1013.836715
1272.939836 1009.642600
1279.359672 763.698160
1277.487355 764.002336
1279.485842 763.690396
1287.054306 764.033169
1281.237987 763.741718
1281.521849 763.735182
1278.227695 763.718735
1280.395025 763.717789
1290.783825 1016.034778
1288.140317 1014.978490
1293.239733 1017.033327
1291.830053 1016.283560
1281.987122 1012.541229
1292.721067 1016.811786
1292.521544 1016.569286
1283.889632 1013.310490
1290.788150 764.296897
1285.765849 763.952877
1296.444694 764.930078
1288.182892 764.128114
1294.287264 764.572484
1293.135571 764.502037
1292.894160 764.412137
1293.334298 764.425645
1298.534892 1018.396812
1295.867671 1017.978388
1294.517208 1017.394649
1296.939135 1018.330617
1300.096081 1018.847923
1294.720317 1017.040169
1297.300992 1018.388080
1293.214862 1016.759498
1299.992662 764.757118
1296.659266 764.975891
1297.447226 764.633950
1300.813320 764.645676
1301.725786 764.390552
1302.144996 764.605340
1301.098967 764.590534
1296.061765 765.023309
1301.080121 1018.944996
1307.022779 1020.192544
1305.151220 1019.853040
1304.716173 1019.794942
1308.113924 1020.349595
1309.263857 1020.480410
1305.990753 1020.012725
1299.668113 1018.811393
1312.143852 764.630753
1316.674381 764.860665
1306.404254 764.460749
1313.392736 763.403908
1310.176264 765.013928
1310.287926 764.365262
1313.232516 764.682298
1303.820916 764.558956
1316.611916 1021.347016
1316.573650 1021.335805
1322.856197 1022.054145
1312.832679 1020.964010
1310.054455 1020.595249
1315.487532 1021.295273
1316.759301 1021.346940
1311.409012 1020.645641
1312.910605 763.372015
1316.082921 765.504410
1319.909676 765.410147
1316.517107 765.537550
1316.137572 765.442870
1319.787644 765.429188
1324.160529 766.183127
1318.628351 765.193516
1328.661366 1022.700320
1325.102469 1022.706168
1324.186336 1022.719709
1325.007286 1022.819612
1326.068362 1022.865476
1322.180449 1022.304232
1332.941642 1023.129173
1323.778476 1022.685253
1330.579633 767.035234
1335.875125 767.412715
1334.305217 767.392663
1329.633044 766.857993
1332.004808 767.113302
1333.277042 767.474028
1335.396981 767.448210
1330.492741 767.027305
1339.798491 1023.078193
1334.045990 1023.284359
1340.339087 1023.078414
1341.837418 1022.927329
1334.682856 1023.295614
1334.604435 1023.292262
1336.437114 1023.246379
1341.012249 1023.116539
1342.357674 768.047697
1340.974767 768.282530
1335.740240 767.359633
1344.324186 768.369356
1340.474842 767.853134
1341.261711 768.059246
1339.549800 768.010584
1342.300585 768.042378
1345.014570 1023.223814
1342.052477 1023.060678
1344.458853 1023.215685
1349.017601 1023.066276
1341.528575 1022.966310
1349.064977 1023.576723
1349.799916 1023.517871
1341.217810 1023.217628
1348.597360 768.877540
1349.897507 768.920274
1351.317553 770.718590
1351.715059 770.049911
1352.626948 771.796580
1349.368052 769.188228
1350.552381 769.194358
1356.973408 769.622492
1358.302720 1024.033789
1353.317205 1023.784959
1356.496240 1024.161890
1351.438455 1023.798253
1355.722115 1024.212577
1355.611109 1024.197633
1352.202419 1023.856318
1355.018988 1024.158629
1358.918779 770.354669
1360.222608 769.527367
1360.318778 769.565032
1355.361147 769.500030
1359.241693 769.621937
1360.783857 769.655157
1361.029943 769.540129
1361.431441 770.131429
1372.819733 1023.038054
1363.919974 1023.714627
1361.979563 1023.820980
1363.871175 1023.730512
1363.544645 1023.358999
1370.442042 1023.123757
1362.815381 1023.745284
1362.745720 1023.758038
1367.595808 771.995791
1364.993116 770.504418
1365.670562 770.927296
1373.718059 771.335387
1366.930655 770.890688
1374.599799 771.608404
1371.288999 771.912333
1365.689908 770.700768
1375.802289 1022.437967
1375.458869 1022.764610
1374.678616 1022.805185
1375.615361 1022.481299
1374.640734 1022.932898
1375.971601 1022.570638
1381.420596 1020.414650
1372.728525 1021.943940
1373.841061 770.812438
1378.160841 774.809920
1379.096793 775.726625
1378.287102 775.119342
1375.835554 774.359995
1379.060549 775.605200
1378.383059 775.485699
1380.351888 777.572853
1385.572661 803.860163
1385.160874 801.989339
1384.339356 800.041310
1385.761538 803.736810
1390.301715 807.375553
1389.512137 806.344125
1385.777032 803.994862
1388.903482 804.588147
1383.434316 1019.614953
1385.326683 1016.289551
1383.665851 1019.737004
1379.019588 1020.709951
1383.581857 1015.318887
1382.511624 1020.018138
1385.117927 1018.300763
1379.276863 1021.343456
1380.303191 780.571227
1383.717757 783.716796
1384.009492 783.264214
1385.347312 786.018385
1382.744443 781.134476
1383.162755 782.170073
1381.307930 779.520678
1383.687818 782.556467
1390.798359 798.751777
1385.372280 786.497168
1388.851892 793.755102
1385.902025 788.495754
1389.666794 794.318652
1387.737349 793.471463
1389.684610 797.713466
1387.102611 793.505303
1391.558235 807.848150
1394.544791 809.349696
1395.093494 809.860201
1394.791199 809.401743
1392.837538 811.560012
1398.146460 812.112499
1393.364631 809.223285
1395.960997 810.642230
1397.064354 861.531868
1397.524815 861.934012
1393.548549 867.589113
1390.622839 862.518239
1393.340031 864.266900
1394.598600 863.882282
1400.610384 864.857812
1394.197805 863.399395
1399.509058 1013.280496
1397.747415 1014.724656
1395.227791 1015.489293
1391.850670 1016.878459
1391.122340 1015.653298
1395.765092 1015.169953
1395.905460 1015.381692
1397.667250 1014.918029
1406.918157 817.019378
1401.259496 813.996847
1401.136124 814.594717
1405.395928 816.213140
1403.021737 813.786424
1403.396115 815.506270
1407.554815 820.142362
1403.214058 814.974915
1403.052103 859.853079
1408.629396 856.344990
1408.357203 856.982084
1398.205497 861.783171
1403.795342 861.820101
1410.295155 860.090075
1399.868518 857.068965
1408.988517 858.103004
1405.118890 1014.253602
1403.847877 1014.049208
1401.941724 1014.167497
1404.880866 1014.232863
1405.102964 1014.348653
1405.664069 1013.866518
1409.309651 1012.075007
1404.660801 1014.245092
1405.024564 866.327919
1408.684225 868.337675
1408.998301 864.412369
1408.354274 868.265560
1407.517809 868.557795
1406.773611 867.766883
1408.619096 868.469080
1407.303632 868.384594
1410.199891 819.501286
1408.604463 818.679702
1412.009350 820.616760
1414.824601 824.358800
1414.848064 822.349895
1412.539146 820.877883
1410.696977 820.385450
1407.371605 819.969962
1413.586116 1009.456593
1413.574435 1009.375079
1417.625022 1006.891240
1410.115936 1011.628541
1413.576949 1009.787280
1413.492231 1009.800127
1413.432658 1009.927246
1417.738900 1006.799063
1415.696242 858.107665
1418.010683 859.625546
1411.565090 854.957286
1415.079315 857.173692
1414.433171 856.289802
1419.304853 855.915178
1418.870579 860.839236
1420.161708 852.595866
1417.655007 871.000739
1416.720882 870.147310
1417.268255 871.959179
1418.478866 873.045651
1413.382231 870.109576
1418.871666 873.573085
1418.787580 873.475822
1420.285064 874.288558
1422.996745 824.022606
1421.628211 829.851391
1422.997045 824.209606
1419.953124 826.792699
1421.443230 824.323698
1417.348568 827.725055
1419.397530 825.221535
1416.494300 832.557553
1422.726004 1002.558241
1424.345385 1000.692293
1418.887961 1005.755407
1420.431534 1004.428877
1423.746415 1000.598653
1423.877005 1000.631190
1420.810293 1004.235642
1420.981108 1004.102674
1425.166579 834.754195
1425.494623 834.688170
1425.504052 838.112908
1418.875409 836.398590
1425.061961 844.491862
1424.799356 833.713192
1426.335737 841.093425
1419.209471 842.005284
1426.565658 847.815563
1425.024507 852.794512
1425.408663 850.396267
1422.995155 842.913883
1421.850346 844.422659
1425.396669 853.148257
1421.713379 850.927757
1423.461253 851.573599
1428.047146 875.145182
1428.275605 878.079278
1429.679799 872.322266
1426.835021 870.707734
1425.012718 874.630467
1428.765346 873.226208
1424.226138 873.440572
1427.664930 871.541352
1427.438124 998.191639
1431.052988 996.051869
1429.100214 997.094844
1433.036466 994.816677
1431.834385 995.256633
1430.600238 996.140473
1432.251552 995.292268
1427.393431 998.411848
1430.160400 879.809459
1436.652286 883.863904
1429.905529 879.669122
1438.636694 884.509621
1434.260957 881.046106
1439.164679 886.193496
1431.686101 880.719262
1436.942831 883.288658
1434.278296 990.387045
1436.467288 985.469429
1438.199967 980.094444
1435.785799 987.113730
1436.060974 986.622506
1435.088187 988.790769
1433.433833 991.670491
1435.544554 987.771206
1438.442627 980.389205
1442.399565 969.440454
1438.460530 979.874056
1441.361881 972.653884
1440.027951 975.151077
1439.491191 977.328065
1441.156223 972.241480
1438.480535 979.801841
1444.878866 886.590452
1446.901343 887.862156
1441.813399 885.294370
1445.464744 886.013350
1445.441655 886.631948
1446.196213 887.264625
1438.510716 884.914445
1444.247503 886.362377
1445.209868 950.565441
1443.005736 943.281035
1445.995697 951.339575
1446.941939 951.633074
1449.070901 950.756016
1444.714329 948.991037
1443.975636 949.023397
1446.075879 953.095532
1445.451089 960.018987
1446.759627 957.855967
1443.075154 957.690595
1442.248720 966.232409
1445.897570 956.791011
1441.670705 966.212112
1443.213306 960.955910
1444.498827 962.772802
1450.477786 889.522818
1447.215750 887.967035
1452.706134 892.086863
1450.604014 888.717150
1451.690255 890.463318
1451.915312 890.667827
1451.135013 889.948396
1449.409677 888.044737
1455.315006 943.212534
1449.769541 945.599227
1454.590745 945.063466
1451.393256 942.341649
1454.941915 944.747380
1454.790187 944.558198
1453.444977 945.425616
1454.940241 941.877794
1458.566516 896.804520
1458.463490 896.744529
1458.217089 896.736936
1459.885058 898.596320
1458.957749 898.214027
1459.200620 902.667937
1458.262776 898.224158
1459.425015 902.424345
1461.270396 936.822567
1462.421860 935.888787
1457.258963 938.578257
1463.172084 935.804232
1462.951576 935.690518
1456.698126 941.450252
1459.666581 939.023058
1465.450496 933.564162
1463.633392 911.324247
1464.222246 914.342397
1462.677055 907.547812
1462.917044 907.739658
1461.451755 905.809038
1462.295569 906.659779
1462.269251 906.740924
1462.863842 907.538746
1464.999253 918.850280
1464.470900 916.457112
1462.934151 910.371702
1464.184935 914.462560
1463.761836 912.728415
1465.331859 921.455055
1464.820517 917.414732
1464.691405 916.825202
1467.769225 932.265754
1466.135741 927.429063
1466.267317 930.785152
1459.698804 929.209088
1468.063678 932.320549
1464.232952 931.029889
1465.882968 925.607630
1460.082946 928.501235
