172.776044 293.918369
171.877113 296.684654
171.905050 297.591248
172.335621 294.772267
170.191539 303.523966
174.156274 292.447976
170.496254 302.205864
170.646928 302.116008
173.656599 312.354478
169.443503 306.952308
172.723034 312.080690
170.762894 301.962370
169.370405 306.785758
169.690707 307.310544
170.601841 301.224332
170.643344 309.934843
174.592960 287.506322
174.012963 288.994547
175.450959 286.800202
174.964199 287.107259
174.323603 287.934474
173.700076 288.420277
174.333333 289.379751
176.715060 289.096303
176.345883 314.087055
170.592600 309.975288
171.040571 310.359709
182.388328 315.767053
175.767203 313.808368
172.047359 311.067836
170.686159 310.045071
176.521453 314.415935
182.117097 279.502350
180.107943 281.871679
181.120442 281.415480
182.251453 279.570691
182.213188 279.407719
179.897672 282.011940
185.557322 279.111183
185.349253 279.447248
181.355057 315.791921
183.697868 317.922061
188.760354 319.039565
184.263400 317.202609
187.008058 314.570409
184.446105 321.989539
183.912361 316.148692
187.640403 317.410140
191.862269 273.656283
191.499606 275.356227
191.882667 272.550083
193.534978 267.860274
189.305118 277.424324
195.162361 271.241575
190.006940 273.083369
189.498379 279.389354
187.969642 317.515070
190.948189 318.715266
200.248386 319.883426
193.263917 319.147163
194.108575 319.243177
189.172443 318.279109
195.915929 319.481355
198.872827 319.872965
196.853797 263.606863
193.911434 264.909061
196.134912 264.222159
196.286936 264.706690
194.086941 264.837493
193.597074 270.864779
195.854977 264.402060
195.245511 266.062655
208.269952 256.881088
205.572745 257.786900
204.842335 258.281308
205.307468 257.651879
204.017162 257.979806
208.446841 255.144313
203.642562 258.262311
208.643723 256.253996
199.931262 319.767322
206.945732 320.075694
202.737121 319.906569
201.622571 319.959826
204.580359 319.511463
202.532415 319.934523
211.417743 320.068299
204.853966 317.956624
217.998382 254.635927
213.377884 254.528418
218.301628 256.395167
218.556984 250.334294
218.248337 255.754791
215.488001 253.124499
215.797131 252.092497
217.405511 252.845600
216.199285 320.406102
221.183348 321.187663
209.644440 319.815901
218.001805 320.774409
213.821597 320.198690
214.565412 320.159338
213.060557 320.128046
216.268327 320.492308
219.713897 245.676780
221.777706 238.568893
220.400810 244.407828
220.512099 243.798902
220.889127 243.137218
221.178174 241.366859
220.763153 242.076979
222.208958 238.165095
223.519104 232.423357
223.465318 233.012455
223.406990 232.786103
224.054354 231.758551
226.180251 226.859901
224.328710 232.614630
221.740676 238.851387
224.815633 229.226223
225.766763 321.248763
226.137590 321.655933
220.115874 320.791979
222.315088 321.694961
218.574589 320.655566
218.883488 320.748232
222.370885 321.429168
222.263502 321.417158
230.056104 221.984865
226.318910 226.776174
227.829657 224.033848
227.424693 224.892067
228.520765 223.433771
231.694604 220.251067
227.936308 223.909233
231.041142 220.942543
239.731243 321.521961
234.880464 320.856411
236.496137 320.916870
237.173133 321.041096
236.454175 320.907638
234.710823 320.858613
239.276277 321.829925
239.275827 322.186206
237.304963 215.414708
238.686314 213.615441
238.570310 214.804224
235.086893 217.696120
238.258775 214.826888
238.384446 214.226811
238.520483 214.852728
235.188951 217.494998
243.649975 327.067247
247.696188 325.840558
242.137664 325.360280
247.238567 327.316448
244.551147 329.246237
243.373258 324.953248
242.770383 327.721313
241.748643 322.701093
245.223671 206.570209
243.014179 208.716232
245.304484 205.992230
245.423410 205.985798
244.732042 207.123517
244.764401 206.564329
248.031756 204.154444
245.234507 206.048661
255.556048 322.550009
256.361434 328.335660
252.956163 324.917695
256.917321 324.188118
252.982394 324.606983
253.271172 325.836488
256.696443 323.280628
255.749128 326.603403
253.267428 199.870516
253.802924 199.615574
251.956236 201.282543
250.234943 202.746337
254.947609 198.937132
254.163708 200.281588
254.116720 200.897876
253.786326 199.603198
257.585741 324.496201
263.855940 322.955165
262.201582 321.388749
262.657361 321.156277
267.674859 321.543664
262.620560 321.228023
259.651098 321.861081
261.639090 321.677706
266.293721 193.931585
266.336486 193.844740
258.769382 197.719648
262.362066 195.525216
262.435260 195.723237
265.630363 194.231401
266.982604 193.429003
259.672968 196.991236
269.435931 629.160893
271.484439 624.505947
268.846196 635.825338
269.148397 633.526619
271.821121 621.295244
270.189151 626.891534
269.745793 627.028697
269.877357 629.844608
270.888958 629.470165
270.338531 631.784513
269.367618 635.963043
269.468819 636.565938
270.503842 636.712313
268.146208 644.570821
269.495815 636.568769
269.448659 636.732326
270.405123 639.832564
265.974189 651.133260
268.110365 645.212091
268.516053 644.628252
270.007887 638.839406
267.196349 647.987272
267.782090 645.397613
267.897341 645.802156
267.762336 659.723950
265.902579 653.521659
267.793746 657.292064
268.659705 658.254570
270.165863 661.710508
270.223189 660.623902
268.378968 665.333917
271.287947 650.939492
270.006026 660.412883
268.672144 666.723204
267.047052 671.655649
269.049404 665.380021
269.672619 663.862904
269.441659 664.549316
267.674595 670.391624
268.599405 667.077852
268.990166 669.563796
266.676050 680.172503
266.557089 680.489588
268.890797 682.949786
268.178862 676.335331
268.806969 676.864372
268.466848 674.774654
267.134539 675.427791
264.679027 689.118383
265.279357 688.166999
269.300145 685.605303
270.572666 688.356034
270.468953 692.684495
265.677349 686.738317
269.172554 683.764755
270.478966 692.118865
270.140959 694.370924
266.804653 695.616032
267.797058 698.942760
269.472923 696.805246
269.148344 700.156058
270.515537 696.843921
267.902322 696.501719
266.125965 693.841958
266.421142 321.305164
269.350928 322.522094
277.171626 321.644175
269.676496 321.837387
272.211359 324.901335
265.457803 321.309618
274.977109 322.312930
270.087628 321.391279
278.415469 186.153550
277.045658 186.941814
274.304626 188.618262
270.066457 191.128595
272.902171 189.633062
272.234355 190.037250
278.636510 185.999130
273.860978 188.930030
274.432121 579.172848
272.596479 574.658307
273.563224 579.582308
273.283741 573.892938
275.528126 578.242695
276.639403 575.751608
272.448254 574.122323
276.824194 576.793656
272.848321 587.525653
275.511263 582.900668
272.685034 586.075493
272.672367 585.473752
274.478100 587.986598
274.975585 585.602396
274.669196 583.853832
272.633126 585.835499
274.017654 592.669393
273.667685 599.537750
273.851125 597.290064
272.590590 603.134422
273.673274 596.681198
272.677152 597.451948
274.071686 596.319732
273.975092 595.605637
273.219321 603.527946
273.362223 607.003580
273.355925 607.046639
273.447103 605.847535
272.277731 606.579852
273.182506 608.885321
272.347823 609.870155
272.478798 612.097944
273.182077 616.412030
271.401515 617.661980
273.688967 615.384848
270.729892 619.792534
270.621670 619.321633
274.214129 614.585814
270.227959 623.646777
273.446451 615.815330
277.477267 708.098663
270.801802 700.408540
273.007714 704.524424
271.788058 708.291341
271.974870 704.998423
275.871116 706.547482
277.173194 707.949081
271.164123 702.588695
273.873754 712.702711
273.897311 719.548107
276.617010 710.777563
273.775905 716.284525
273.646706 716.096102
271.861764 710.240850
274.978228 718.539497
271.758999 709.129407
274.287875 726.692632
274.536050 727.591353
274.647458 730.381072
273.853260 720.185539
274.202498 725.428236
273.948003 723.055736
274.170398 721.940964
273.562358 720.668479
274.696253 731.431769
274.941027 733.131024
276.502955 742.092797
275.605974 738.375874
275.407994 736.935461
275.413738 733.937574
275.439273 736.885922
275.379640 736.012814
280.286849 541.908833
282.601254 539.036324
280.030570 540.640802
280.270275 540.132508
279.798072 540.550687
283.132811 538.120558
280.127247 542.127833
281.363041 537.924817
280.566614 550.431664
279.223937 556.378376
280.222739 555.710219
279.664786 550.865794
280.431709 553.850427
279.956379 556.310325
280.378611 553.786840
280.378398 554.558588
279.172797 560.137573
276.555956 565.371698
278.761014 558.697657
278.391605 561.018567
279.345795 556.987717
278.772337 560.084360
277.412435 562.156780
278.012811 563.978066
278.285554 749.154728
277.372286 745.705393
277.846431 747.671801
279.019421 751.653134
277.111951 744.802713
277.667027 746.412572
277.531651 746.610457
277.434704 745.574984
280.906507 758.753017
278.713541 750.821095
281.433848 760.129171
279.958133 755.177897
278.495607 750.011887
281.800478 760.871987
280.049126 755.452839
280.708197 757.803136
282.878995 183.596925
286.503400 181.457722
280.361748 184.938201
284.509900 182.236851
279.262787 185.620130
280.452452 185.252962
281.574751 184.228316
280.497131 184.911149
284.084621 326.190414
279.945892 318.608194
275.304397 322.532606
287.052914 326.100543
280.375018 323.983602
281.347910 324.539992
282.298088 324.781494
279.526323 322.398160
283.207492 764.301248
284.296360 767.241057
282.735574 763.276676
285.489494 770.293831
282.759312 763.536484
282.221739 762.204491
282.357670 762.745535
284.121097 766.611089
285.207122 522.831676
285.004340 524.705696
285.904440 519.143251
284.944498 523.204922
284.398359 527.118586
284.948626 523.787766
284.273430 523.468538
286.430414 517.712608
281.098564 538.152534
282.678860 532.873579
282.821266 535.398895
281.863864 536.391665
284.981451 524.173401
281.593198 536.760467
284.416480 528.490872
283.432871 531.674394
285.005080 507.479461
291.300810 504.313576
289.003473 501.979362
287.715221 498.513056
289.578738 500.397458
289.249943 501.668726
286.516436 501.698564
286.208948 501.406260
289.044144 511.111099
288.419847 511.680890
286.384889 513.904181
282.896076 510.104235
287.529956 512.654502
289.287902 510.378631
288.680653 512.643406
283.360514 510.538414
287.590637 775.516729
286.860153 773.659517
286.571567 773.161474
286.749418 773.040272
287.218474 774.468601
286.833780 773.413464
286.630391 773.352984
289.325557 779.406520
292.184580 327.536753
289.314477 326.909449
293.209426 325.691194
292.032297 329.018962
291.815158 332.529218
292.840413 333.905254
291.980820 331.729158
291.276995 330.359221
293.625434 789.085002
290.222410 782.319828
290.633728 783.272220
290.147916 782.002798
292.058151 786.148059
290.286832 782.532235
288.298566 777.350704
289.327684 779.799212
288.367242 180.901259
288.437308 179.238079
297.905172 178.203620
288.416446 179.538958
288.334705 179.375535
286.499371 179.261003
293.353376 179.167066
290.935332 179.203359
295.633808 476.736740
293.105127 477.350004
294.309032 477.776380
294.016881 475.303797
292.461617 478.982353
297.853000 480.496978
294.742609 476.355074
293.393481 477.668174
294.156194 482.310358
300.502266 483.632594
293.894910 489.736448
297.230217 482.816559
292.835767 483.581692
293.085430 484.838858
291.232892 480.605754
291.687722 490.122202
292.802805 787.552425
294.902990 791.730196
295.133289 792.135766
295.183025 792.273675
296.067766 794.068116
297.250444 796.558101
294.848955 791.515423
294.808154 791.457008
295.414970 340.569761
298.287956 343.039889
296.344150 338.533709
296.218517 340.374341
300.559072 344.198911
294.029410 336.395272
296.305495 341.317447
294.386283 335.840925
298.497538 459.007185
297.582462 462.557977
298.751424 457.363654
299.838249 451.169284
299.502631 453.802967
297.917928 460.717393
298.326865 459.241930
300.365722 449.825724
294.593656 473.579167
297.460303 467.789453
296.350306 472.900074
298.003595 467.685959
296.968653 467.546763
296.474263 467.248334
297.379055 463.192920
295.323460 470.728132
298.565396 800.150128
296.514185 795.480573
296.353113 794.776997
297.369476 796.998135
297.422610 797.698527
298.651005 800.219832
300.634207 804.494762
298.694537 800.215350
299.462745 178.055412
299.397632 178.095996
302.347381 177.607882
303.125181 177.557054
307.433476 176.523837
304.854664 177.105287
296.861781 177.839596
306.393136 176.689889
302.474281 346.093013
298.496706 342.898575
302.967359 350.332534
299.954981 345.211828
302.608136 347.556410
303.857768 351.069429
302.976703 349.500361
306.346204 346.121697
301.809478 436.817062
302.450247 431.740159
302.948734 434.118419
303.242650 430.254730
307.942580 432.386387
302.803429 431.532548
307.423314 431.784132
299.480601 431.303785
304.066050 435.272029
301.193202 443.709335
305.550094 433.790563
301.339971 438.921564
301.470234 445.176399
301.530557 435.351122
302.860601 435.153715
304.332442 433.928281
301.888490 807.153074
303.935602 811.239495
303.997981 811.389876
301.260904 805.821127
306.617100 816.236249
304.276389 812.132659
304.195539 811.922967
305.313024 814.024977
306.014048 358.013053
305.445599 356.835857
305.040645 355.981021
306.021121 358.848346
307.569820 363.698868
306.530031 362.708831
307.615670 355.169940
308.231316 355.433482
310.164223 368.671232
309.452714 368.107523
306.076995 366.914204
309.873432 368.450413
309.469608 367.783856
305.898661 366.398230
310.362600 373.520025
310.263835 368.756932
311.710835 382.574642
311.518768 384.487876
309.025759 379.177367
309.029414 372.773024
310.715488 377.828725
309.353937 378.791139
314.636024 384.911193
311.219658 377.742043
310.916866 382.752174
308.507869 388.102558
309.684554 388.249885
311.181238 392.372814
307.141202 381.917430
307.518297 385.412611
309.696969 385.176880
311.170161 386.879607
307.342411 394.162245
307.157745 394.046105
307.809419 400.235276
307.416575 392.447162
311.125944 405.742785
308.065885 398.526621
311.558967 402.193521
308.468220 394.650749
309.675072 408.807544
306.673769 410.425076
311.324750 405.292862
309.664639 409.946280
308.261692 410.097163
309.127360 412.600475
309.139756 409.640796
309.509762 411.182221
306.338876 418.979796
309.333461 411.544553
308.547392 417.275562
308.261750 421.870044
309.340055 416.205680
308.501204 416.604100
309.535646 412.080880
306.618321 418.222425
308.358183 819.132099
308.685699 819.541139
309.246550 820.397215
305.924083 815.055749
310.260186 822.236194
308.241024 818.808518
308.430657 819.046420
307.908893 818.296916
308.497367 176.348045
308.375813 176.275416
312.142253 175.914563
311.718731 175.975133
311.281569 175.714447
304.817104 176.787891
311.105596 175.967530
310.913820 175.745313
314.027250 828.547407
314.163661 828.825925
313.907158 828.585357
315.183231 830.649674
314.319572 829.082005
316.557828 833.803854
314.207793 828.919769
313.971767 829.103602
318.385210 837.666875
318.854595 838.526490
316.004783 832.973334
320.513705 841.341631
317.646986 836.432034
321.021805 842.344642
317.940954 836.961079
320.976671 842.230201
322.036744 171.948143
319.993526 172.403768
315.044313 174.236192
326.370970 171.287350
327.526196 170.776176
319.443634 172.718489
322.059888 171.778794
317.424036 173.618256
322.600886 844.333898
324.635894 846.759762
322.559837 844.382408
321.334714 842.675884
323.084124 845.091251
324.188378 846.121657
323.924141 845.786832
329.150370 851.897923
338.236652 169.214078
328.817018 170.597088
334.145342 170.065624
329.865300 170.378339
329.888274 170.355947
331.874420 170.080949
329.238465 170.518896
327.338852 170.898711
329.224563 852.230116
331.492430 854.798802
330.370407 853.622665
331.697823 854.333271
334.551952 859.044707
332.397781 855.436879
333.466898 856.756285
330.071246 853.358941
338.044733 863.951841
339.966866 866.015649
337.085655 862.623600
334.787722 859.454494
338.219354 863.616039
338.367434 863.678425
335.378620 860.028500
339.170333 864.860190
341.405605 168.747045
345.331676 168.871780
342.416730 168.781474
338.981347 169.117821
343.727730 168.807740
346.244696 168.891554
341.632397 168.815926
339.902726 168.937862
343.241793 870.404069
343.248332 870.438701
343.222841 869.586658
346.080056 873.497042
343.223743 869.429070
344.612410 871.581267
344.418363 871.801839
344.254106 871.329476
351.609136 169.297471
346.983295 168.924582
351.009074 169.310779
350.665669 169.236337
346.795739 168.919046
353.493602 169.601727
345.347166 168.815948
355.532467 169.556104
349.171014 876.967484
352.029998 879.962417
350.631244 878.690114
350.174573 878.138666
350.159007 878.184186
348.218690 875.965781
352.915078 881.081686
352.803764 881.026481
359.487462 888.158893
359.189994 888.585377
360.982211 889.475637
360.800813 890.419186
358.623127 887.751125
358.907476 886.662718
361.643312 891.486841
356.352111 885.001755
362.665429 170.016375
356.832700 169.732656
364.052793 170.009239
356.337666 169.682403
364.499215 169.903714
358.737760 169.804839
367.257150 169.992885
362.713668 170.021556
365.929361 894.235223
359.048818 888.309060
363.321226 892.257347
362.730778 892.255753
361.157714 891.662224
364.716019 893.812037
365.757624 894.295884
362.937705 892.954438
377.370371 170.065869
370.648697 169.949390
368.827252 169.957409
367.601212 169.965995
371.027647 169.962215
365.872476 170.008954
370.743499 169.950159
374.510364 170.030861
373.702690 901.764615
372.850332 900.226427
375.670829 902.861156
369.609649 897.260456
372.790811 900.788393
374.002225 901.225826
371.829030 899.217567
374.436268 901.662024
383.591641 910.190549
382.774182 909.394432
379.313385 906.290432
379.495045 906.439120
378.961645 906.520536
382.517366 909.148034
380.126889 906.918707
380.441598 907.249105
381.079510 170.132662
381.583045 170.205663
384.935050 170.504774
386.881497 170.553487
381.045066 170.106901
377.148591 170.193988
384.780489 170.401985
382.979045 170.240229
383.407488 910.042058
390.625868 918.043079
383.515727 910.261836
387.838723 915.080756
391.998205 920.215712
389.258809 916.752962
389.741041 917.675006
390.809354 918.398217
391.144804 170.589983
388.692981 170.607651
391.581796 170.567400
387.061389 170.457588
387.624264 171.130591
390.295589 170.876814
391.863943 171.402101
391.737050 171.570131
393.949534 922.569574
393.233301 921.494121
393.648117 922.158504
395.839430 925.601620
393.193801 921.801720
396.278700 926.359514
393.174202 921.670710
394.813901 923.340648
401.807632 934.145511
401.772507 934.157388
399.117334 930.380253
401.226970 933.565295
403.703436 936.283979
399.722476 931.465419
399.921931 932.013017
399.801749 931.821174
398.495666 174.041275
397.340077 173.498062
400.933426 174.974972
403.079005 175.836495
400.732836 174.894062
398.861715 174.175455
403.623566 176.101309
400.224886 174.686689
407.634604 938.502400
406.823832 938.418753
408.560680 938.986477
404.884846 937.368046
408.510883 938.958782
410.135127 939.683540
404.984437 937.570445
412.462860 942.406416
408.821461 178.415964
411.152185 179.144513
412.857596 179.754361
406.535678 177.562942
405.416347 176.886703
411.018396 179.730836
408.864927 178.561279
409.205202 178.616547
415.631268 944.251762
415.103479 944.030667
414.660018 943.675433
412.118387 941.969876
416.727274 943.962793
417.426446 945.108781
419.277446 945.758241
414.741263 943.806051
420.981531 185.381189
418.353298 182.919797
418.672162 183.056936
417.187764 182.016852
412.236926 179.433701
415.989501 181.699320
418.416008 183.118487
419.519671 183.390240
423.639690 944.717875
421.571193 947.397004
424.373688 944.917233
424.892843 949.427588
418.934980 945.327134
425.581171 948.234656
421.251513 945.781837
423.850554 948.038053
424.796353 188.249944
423.864969 187.141209
425.229087 188.406487
426.768223 188.376253
429.868092 189.876673
426.116782 188.508434
427.179359 188.936616
425.071629 188.269388
431.086333 952.980334
434.751284 956.783305
433.303980 955.537723
432.844975 955.092929
434.091427 956.328123
433.348932 955.570424
433.047038 955.287705
429.874345 952.683615
435.608897 190.460154
429.105968 189.353544
436.415233 191.230000
435.300509 190.469587
433.408103 190.199636
435.994917 190.664965
432.323966 189.889790
435.482511 190.533990
440.505488 961.595953
439.136941 960.436018
440.572917 961.670779
443.349093 964.102399
439.113102 960.400283
443.036617 963.791053
438.594695 959.913132
442.287456 962.942666
443.210524 194.064170
445.063405 195.923356
443.531508 194.164771
442.155694 193.749642
440.761942 193.450599
443.517180 194.186470
443.814196 194.592415
445.026093 196.303957
449.998601 969.836761
444.263611 964.974210
447.548570 967.736650
452.036870 970.974582
447.842763 968.183632
450.649982 970.250696
450.993562 970.079488
448.656063 969.078676
447.716805 198.585669
450.033681 200.503604
453.270879 203.182144
447.145054 198.556885
447.214332 198.224600
446.396557 197.469051
451.725626 201.828018
455.076530 204.549735
461.616975 978.125184
455.331229 973.484881
459.558511 976.417712
457.652841 975.004985
453.276050 971.976362
452.931341 971.497052
454.955442 973.271760
452.405025 971.582946
459.418076 208.033669
460.016680 208.691723
459.033732 207.692896
457.687306 206.841645
459.349266 208.301775
459.813506 208.439935
462.788265 211.472345
461.880218 210.555778
463.185041 978.741960
463.492098 978.708221
469.041851 982.771566
465.695056 980.619810
464.887672 979.549633
469.096989 982.636607
467.431968 981.174405
467.308601 980.945290
466.784130 215.623463
466.734547 215.786291
463.248403 212.218074
467.875801 217.572852
469.797640 220.188836
466.480089 215.304928
465.474917 215.615427
467.221029 216.261201
471.128147 221.711663
471.353724 221.869296
474.155611 226.903709
472.075656 224.075711
471.970320 222.766832
471.486303 224.805882
472.133462 223.130578
474.467318 227.005411
474.886262 990.509129
472.191808 986.831830
473.555755 987.723023
470.855098 984.188301
472.851765 987.468395
472.450625 987.416817
472.587649 987.112964
471.139517 984.592451
481.860499 235.364129
478.378869 231.209145
479.032279 231.755380
478.257933 230.713290
479.244223 232.014828
482.740761 236.154114
481.156622 234.465402
477.088824 229.414481
479.975559 998.234384
477.734287 994.733119
474.702046 990.505635
476.249129 992.972034
478.407476 995.924497
479.191360 997.133662
477.268551 994.503522
481.700357 1000.454602
485.692376 241.192371
485.286836 240.859843
485.426914 240.734705
485.069451 240.252999
482.501270 236.156000
482.359787 235.760977
484.742130 239.643838
486.336840 242.617795
486.272506 1004.711450
484.416880 1003.569282
484.479554 1003.574345
481.955819 1000.644784
485.827896 1004.607418
480.857970 999.455730
488.103850 1006.438206
483.343123 1002.332059
485.728818 243.787926
489.803430 250.893924
488.530038 248.198726
487.187680 244.606737
486.941976 247.305563
489.208176 249.394533
489.506619 248.973689
492.665995 255.617971
494.085218 1009.439087
492.907941 1008.875814
494.311742 1010.027411
488.206832 1006.356237
488.533853 1006.766810
493.806175 1009.444010
494.215990 1009.832565
494.776070 1009.570923
497.175405 259.131851
491.819954 258.690734
498.220356 257.822209
493.024896 261.815292
495.209142 257.667889
491.726795 258.996212
496.400317 256.839129
498.174760 258.073729
494.594137 267.696461
494.605647 265.901477
493.519226 263.994866
494.468985 265.426153
495.571886 268.272878
495.260591 266.515126
495.209453 267.055769
492.261676 260.355351
496.584951 270.571712
499.398564 275.173453
498.167562 272.935902
499.711598 276.238187
499.915511 277.088627
499.706966 276.130569
499.096564 274.036591
499.510603 275.785248
502.008275 1013.818465
505.106725 1014.489307
501.850147 1013.138244
500.916269 1013.721975
501.680881 1013.981742
503.176225 1014.758344
505.032302 1014.618137
501.380274 1014.002249
508.430103 288.792632
500.014143 285.528964
505.173203 287.758615
500.210239 285.752175
507.339607 289.030527
503.437252 287.438929
500.367676 285.925137
505.699073 289.396082
504.417390 298.241856
502.878070 303.987603
504.125846 295.068995
504.736772 288.786277
503.167996 290.630646
503.884775 296.624339
505.103199 303.308680
504.472675 299.361328
506.190027 306.877019
508.165545 307.488578
507.902734 305.987973
499.436748 309.387590
501.808380 309.965445
508.240143 308.079500
505.084463 306.057722
505.087836 307.125178
508.557705 312.122399
511.452471 321.474601
508.868539 315.621992
508.800772 314.668159
504.474064 313.229434
507.845251 312.060225
511.300980 319.554259
511.107658 319.775617
510.640387 323.379132
508.732580 328.877384
507.706120 325.837656
509.659306 323.216415
511.503560 321.669819
507.637038 325.796907
508.675013 324.898076
509.776931 325.391646
511.119852 337.417653
509.348870 334.552883
509.605344 327.719602
511.402506 341.357545
510.308017 338.758007
508.944894 332.379500
509.685509 333.690321
509.608384 337.397515
513.318719 349.104632
511.867282 346.649735
510.483616 342.919024
510.775210 342.994183
510.836705 345.376470
510.449785 342.346091
510.937015 344.089466
511.685364 346.845098
509.669449 1017.686195
507.996789 1016.750563
511.039805 1018.567430
511.857382 1019.030273
511.947222 1019.066568
509.454961 1017.843740
513.305011 1019.831514
517.794138 1022.346254
514.398591 353.901756
513.714527 354.482964
516.516547 356.473596
512.801368 353.511873
515.755089 357.570021
514.179369 354.224651
512.114401 349.614127
514.369586 354.744522
513.671588 361.029336
514.612728 363.726403
512.302452 364.866492
516.136421 366.380602
519.500869 362.357687
514.417228 363.183475
519.575941 361.828198
519.956972 361.864387
511.095542 368.923260
513.968518 376.871260
513.182916 371.023346
516.351285 374.432268
515.644771 371.745254
516.435130 370.500271
513.667215 372.739914
511.844606 369.797654
509.143650 388.892828
515.309112 384.030483
514.602721 384.695677
519.809127 389.867940
516.312679 385.288413
514.909501 385.151675
515.742919 383.383034
515.292350 383.987372
523.798107 389.997795
519.273928 389.159543
523.789043 390.461545
520.136280 388.582409
518.967494 391.640272
520.109664 392.106301
524.041118 397.153392
523.195830 389.321910
521.051278 401.830526
520.641599 399.962656
522.740605 405.505510
520.895152 400.964067
525.292168 400.756246
522.416919 405.235274
526.121200 402.042665
525.620035 401.260420
517.316866 1022.156918
518.825913 1022.976780
519.567803 1023.381847
522.539717 1024.772669
527.765274 1026.077289
522.303553 1024.702739
522.616669 1024.767761
519.660564 1023.459073
524.944784 1155.664892
525.862100 1156.040887
525.846842 1157.851274
523.850250 1152.309346
524.922331 1155.672805
522.947452 1150.985818
523.909195 1150.822032
526.003865 1158.154093
527.653058 417.936349
525.296579 411.765977
522.732189 405.843380
522.842513 406.068361
526.960821 415.206043
525.450796 410.791143
523.382477 406.972113
526.277003 409.223096
529.537295 423.261141
528.280287 420.533323
530.119323 424.708604
529.474897 422.890471
531.586344 427.932805
528.654573 421.524447
531.384918 427.568561
529.947850 424.249030
531.206872 1160.994447
532.874770 1162.518142
532.972321 1162.598688
534.629602 1162.657228
534.528940 1162.614745
531.147579 1160.993645
529.650415 1159.257720
535.589996 1164.026150
533.650181 1027.729753
525.956664 1025.568234
530.583494 1026.857027
529.891909 1026.534646
525.362390 1025.416547
528.475043 1025.940621
533.700422 1027.658827
531.048764 1026.806422
536.722547 1148.952679
530.837562 1153.397731
530.390303 1145.937523
529.239836 1148.926655
531.475272 1147.344902
533.763918 1147.282160
530.794365 1143.402885
526.104193 1149.989427
531.936781 429.401459
536.496488 437.591326
534.007709 432.740851
532.800161 430.423845
533.636254 432.197624
536.499709 438.000312
532.374809 428.166292
532.751105 430.652891
537.214969 440.757778
534.219710 433.664928
539.059311 443.932052
535.478265 436.617525
536.190332 436.931311
537.832880 440.862083
537.616256 440.476466
537.791267 440.711991
540.882472 449.612425
539.871225 447.225405
541.836518 453.276072
541.002512 450.638497
540.785362 450.128221
542.038739 452.778070
540.716746 449.828422
541.958787 452.420963
541.469649 1031.712105
538.420250 1030.254664
546.337698 1033.829750
546.390522 1033.940058
537.298731 1029.778620
538.300390 1030.335840
539.382129 1030.767868
542.339566 1032.139654
539.966957 1143.295241
543.390555 1138.522831
541.988581 1140.679537
534.238161 1145.549197
541.167967 1142.423078
540.758688 1142.160427
541.567879 1141.226719
540.918099 1141.153720
539.616348 1165.531510
534.946219 1163.528612
541.425299 1166.487634
537.992862 1165.236896
539.132835 1165.718195
534.381258 1162.353213
545.592688 1168.116122
539.570555 1165.931319
545.075869 459.682484
546.676265 462.870078
545.454467 460.118168
544.375033 457.859659
544.182562 457.152535
544.130148 456.493597
544.472367 457.131840
546.515779 462.549229
548.083262 1136.380262
552.129712 1133.424571
550.540841 1134.267164
553.258731 1135.233185
543.146244 1138.506641
552.131870 1135.276570
548.343204 1136.043341
552.445043 1130.348720
549.882675 1169.374632
548.176456 1169.132475
544.300244 1167.384547
549.009425 1169.397325
548.290655 1169.404092
542.849236 1167.164231
550.670942 1165.992096
550.935327 1169.368618
548.344087 467.621046
552.477399 473.028430
547.991741 470.633115
544.345791 472.097772
553.191622 473.227098
552.228206 473.779146
546.544462 467.528387
553.332672 473.689074
550.810955 1035.862687
545.851185 1033.584119
550.325596 1035.541843
552.077902 1036.375166
549.884312 1035.636102
555.990902 1038.565090
550.429835 1035.296108
551.622914 1036.157249
558.684811 478.030551
556.570333 476.052770
559.333278 477.859510
557.956029 477.445975
553.625500 474.218946
555.408158 474.376105
558.841999 478.944418
558.435084 479.096048
556.508128 1140.802807
559.299928 1139.366429
553.884430 1142.156848
558.368583 1137.343309
552.578240 1137.769188
554.729504 1142.555217
553.323871 1135.189433
553.879711 1135.640290
556.629765 1038.870536
562.579618 1041.915284
564.193568 1042.993370
564.586486 1043.139779
559.549654 1040.553564
564.393810 1042.990924
561.999545 1041.878662
560.612935 1041.125171
556.845391 1170.154810
563.636788 1169.727315
556.355716 1170.151953
562.155642 1169.749221
554.244319 1169.832646
556.640246 1169.947865
558.671689 1169.806513
555.645736 1169.924077
564.280108 483.741958
559.381416 479.721082
565.042096 484.349750
560.480264 480.114011
560.723050 480.417407
564.237630 483.593930
567.854400 487.382939
565.124115 484.858187
568.923537 1143.019461
568.187299 1140.489084
569.209982 1139.223200
563.193874 1139.469695
566.741331 1140.422345
562.649712 1139.482221
569.721626 1145.544209
568.635062 1143.267620
569.627758 1044.657772
567.759171 1044.072459
563.690492 1042.748245
568.428395 1044.293714
570.727276 1044.966637
569.957924 1044.711441
568.524675 1044.312898
563.770892 1042.806689
567.466225 1170.091988
567.936156 1170.091667
568.789449 1170.206821
570.674487 1170.265411
568.425949 1170.186051
570.586246 1170.139338
571.154261 1170.205340
572.830253 1170.086251
572.986793 494.119128
573.368372 492.307303
567.621998 488.052387
566.354005 485.830659
570.616018 490.828989
572.359431 491.216224
573.159444 493.008592
569.274555 489.260344
577.434094 501.943359
574.968140 499.848140
575.985800 498.430325
577.086830 500.428377
568.759777 497.774073
577.098110 500.022413
576.722276 497.299825
577.299854 501.819987
581.116381 1137.684815
573.678174 1137.592488
582.656820 1138.658082
581.566042 1140.083681
578.922266 1136.682513
580.967871 1135.249790
573.838558 1140.955250
578.011773 1139.116095
581.101199 1047.508598
582.025859 1047.581589
574.593329 1046.070461
576.452658 1046.543548
583.512178 1047.857055
583.977343 1048.023084
582.514615 1047.566615
577.443174 1046.895501
585.463656 1168.993653
576.968246 1169.794290
578.850701 1169.023163
572.706895 1170.148125
582.616131 1169.082449
583.270394 1169.105593
579.074204 1169.432063
580.600629 1169.415448
586.327202 506.203376
585.430019 504.877830
584.897994 504.720669
584.359562 504.939555
585.332644 504.891624
584.617036 504.280612
583.317859 504.944879
589.767072 511.139383
592.376988 1051.729542
590.220610 1051.317939
590.795626 1051.629100
586.890247 1049.752695
590.578597 1050.838278
592.136693 1051.435637
586.250475 1049.302910
587.198220 1050.185903
586.862133 1139.812392
583.838103 1139.417901
588.347364 1139.412979
588.537091 1140.182753
593.209194 1140.209388
588.328388 1139.790462
586.422790 1138.835820
590.713615 1144.231890
591.935492 1170.382033
586.836456 1169.599042
588.525539 1168.851711
593.789782 1170.766881
589.650920 1170.357231
584.741066 1167.684916
584.422905 1165.816988
588.856900 1169.602346
592.731485 514.354558
592.144836 514.066029
592.137175 513.834499
593.082244 514.365474
590.673330 511.895667
592.078129 513.950946
591.366477 512.792543
590.821548 512.923199
603.573695 1058.647948
591.116086 1051.635780
594.502114 1053.356743
594.256663 1053.406404
596.902828 1054.402134
601.627667 1056.763188
596.957978 1054.521644
594.239473 1054.116943
603.343780 1142.549164
594.554996 1139.012823
598.231992 1139.786518
597.964397 1139.775792
598.261049 1139.712413
596.494177 1139.761208
598.509041 1139.724310
598.010998 1140.243322
600.893076 1167.813785
597.762176 1170.809672
599.032421 1170.517917
605.318976 1170.549721
591.803969 1170.499389
599.509881 1171.059121
601.868064 1170.806351
603.214470 1171.545229
600.146680 518.759903
605.388802 522.873506
603.767254 521.099124
603.665859 521.269461
601.384659 519.563431
600.892114 519.072967
600.888596 519.454560
597.267041 517.039362
606.489818 1066.098547
606.162853 1059.926596
606.683734 1063.407352
599.916049 1056.069145
608.794326 1058.708606
605.747412 1060.182170
606.627273 1060.561663
607.991939 1064.511054
601.034388 1140.925728
602.404588 1140.872225
604.649747 1143.863938
607.892654 1138.539450
607.386390 1139.025129
610.923607 1136.144676
611.458790 1134.645368
612.173347 1135.357398
609.221947 526.618708
609.333970 526.725702
610.084850 526.997303
613.177749 530.324342
610.620653 527.557515
610.315504 527.095650
609.238023 526.691468
613.953799 530.844323
610.042918 1169.636366
608.771675 1169.826277
604.402539 1170.879657
612.719807 1166.787479
603.358332 1171.600268
615.763130 1169.399228
609.642610 1169.039440
613.055157 1168.970886
616.249201 1060.983794
614.989179 1061.009926
615.454146 1060.162638
617.925322 1063.518728
617.984322 1062.702630
609.339886 1059.308298
615.232102 1061.540365
614.109579 1062.684768
616.866526 533.567255
616.570663 533.337738
619.632601 536.741047
619.281705 535.825329
618.256251 534.858725
617.851829 534.322819
615.501705 532.373688
617.140424 533.842644
616.870052 1140.614069
616.638844 1134.458124
611.064427 1134.906250
621.248296 1130.070894
618.496229 1134.984693
620.107745 1131.431772
617.156597 1132.577145
617.603697 1136.515169
613.029442 1170.286476
619.378139 1170.492197
619.381598 1172.744581
619.786452 1174.064085
620.768102 1170.546800
617.298969 1171.837556
616.940863 1172.741626
620.456040 1171.199922
623.419582 540.043634
626.164135 542.859202
623.114643 539.855100
623.793484 540.568374
621.918719 538.585373
623.793393 540.294090
619.283562 536.046942
619.794935 536.471723
625.054803 1064.908778
630.115094 1065.875154
618.149559 1063.021383
620.359523 1063.107143
626.310504 1067.384806
629.200006 1066.966810
621.521511 1064.209660
629.218595 1065.905815
620.739627 1130.207875
627.907283 1123.585522
623.898808 1128.149484
624.444607 1128.297552
628.115259 1126.248092
625.747197 1126.679165
623.726069 1124.850682
628.783010 1125.239563
623.638146 1173.118914
629.225713 1172.826038
624.528497 1171.704212
627.746227 1172.845229
631.732365 1173.781310
626.603780 1174.068420
621.935598 1173.727212
627.735247 1172.062382
636.227800 551.501451
632.448204 548.935616
631.957428 548.880213
627.807137 546.198421
631.126264 547.098161
630.652474 548.729437
627.469977 551.896382
631.230991 548.154016
635.787277 1116.736807
632.919375 1118.223608
634.737542 1117.941382
631.313550 1122.961523
635.510969 1117.034756
628.690486 1124.094658
631.268167 1126.299446
632.037318 1120.482392
635.855905 1074.827546
630.025322 1070.494052
630.114466 1072.575936
630.966377 1068.059870
634.778230 1072.877079
632.819811 1069.442728
635.089740 1075.501064
630.863228 1066.564202
635.185670 1108.091522
636.349511 1103.277892
634.578990 1110.546412
636.024649 1108.543526
636.126703 1103.510398
632.509715 1116.274948
633.352898 1113.867277
636.406404 1104.845826
630.813760 1173.218089
639.373135 1175.436267
639.083102 1174.666748
635.916559 1174.293893
637.301131 1174.422728
637.978968 1173.793911
638.731789 1168.355930
638.663474 1175.319896
638.566856 1079.420045
635.092515 1073.066587
645.208544 1083.112884
640.795656 1082.861207
635.135729 1079.331432
637.421244 1077.547436
637.736728 1077.671674
636.928650 1077.144839
640.110428 1089.330696
633.771846 1091.768859
638.209724 1090.375956
641.599874 1086.395092
637.961697 1094.027920
641.034146 1092.225669
639.690749 1087.954193
640.563393 1082.888644
636.538334 1094.686845
637.542492 1098.310757
637.526136 1101.999170
638.627587 1097.602811
636.535093 1102.783900
640.938159 1100.617240
639.867027 1099.819656
643.456107 1099.769960
639.878432 553.380557
641.900728 554.717562
638.552200 552.603767
638.205235 552.176843
640.935945 554.085587
640.358995 554.314045
638.688929 553.635874
644.546177 556.484636
644.842170 1173.776620
650.460121 1172.746920
650.404435 1173.392753
652.632593 1172.879681
645.034848 1172.788923
646.072667 1173.538772
649.383127 1174.029136
647.333778 1174.378117
647.810073 558.650216
651.218110 561.697555
650.251472 560.780870
647.396509 558.651213
644.057658 556.246368
648.733214 560.020380
651.447141 561.717932
652.658603 562.132115
660.981925 566.937069
656.538613 564.633383
659.698786 565.589484
657.963861 565.464004
656.621077 564.756281
657.026957 564.899833
657.520388 564.905450
660.699401 566.981361
657.953157 1174.949352
660.282334 1177.643019
659.129647 1175.373057
657.781609 1169.780019
657.806550 1175.001937
655.713767 1168.786824
657.744692 1175.481214
657.827538 1174.680424
667.953818 571.113836
668.156382 570.937541
664.731178 569.290901
670.699550 572.479620
667.287758 570.706062
667.855017 571.018752
672.586699 573.394976
664.706628 569.265650
667.266740 1179.631768
668.359083 1182.301863
668.545122 1181.676260
673.122995 1180.288148
666.947189 1178.606504
663.029760 1176.754304
663.492720 1174.945971
662.035189 1177.630794
675.201153 1114.259798
673.524271 1111.626011
677.079021 1112.048971
677.177400 1108.104794
671.111369 1115.409998
676.203446 1115.423491
676.425780 1120.799894
674.249945 1111.600429
675.690398 1125.339541
673.298780 1117.662835
676.993782 1120.914113
673.781622 1120.444635
675.276420 1123.648584
672.925688 1131.690839
675.388553 1125.427906
676.253817 1122.721833
675.998542 1132.863993
673.080542 1133.506991
672.616512 1140.255794
668.706584 1133.688736
675.102438 1139.938213
672.755186 1135.789405
668.823690 1137.325349
677.372296 1139.653491
676.421666 1143.728192
679.486674 1145.056684
673.717909 1150.995238
674.831458 1149.122278
680.714968 1146.611958
680.509891 1146.495659
679.482905 1145.033765
675.397945 1143.098062
676.634597 1186.998163
680.852619 1189.200800
668.920597 1182.547188
675.886261 1185.922065
677.060432 1187.162003
678.882324 1188.554707
671.394794 1182.882129
673.319439 1184.658890
677.990859 575.539165
680.897306 576.723651
673.514024 573.793723
671.536810 572.851980
678.489140 575.713641
676.752824 574.978718
674.877909 574.267604
679.852090 576.201501
679.462620 1103.497773
679.312347 1102.821614
677.588450 1105.326377
678.004914 1104.328509
677.617450 1104.200072
680.138912 1103.642518
677.284209 1108.319285
675.494092 1104.580275
679.965328 1155.707897
681.062103 1151.744967
675.217561 1158.016970
676.583936 1153.121313
681.325645 1156.352424
676.235194 1152.368702
679.363133 1154.388589
679.334027 1157.000890
685.016689 1189.311403
683.799711 1188.994812
682.163692 1191.083403
687.979515 1189.361214
684.492658 1190.349788
684.374251 1188.251657
682.840693 1190.094724
684.585507 1187.080291
684.876561 1096.122307
684.603782 1095.988732
687.438009 1092.979078
688.631773 1090.559984
683.462800 1098.143761
686.040837 1095.061236
686.858784 1095.151575
687.211407 1094.133316
686.109472 1167.855165
684.217854 1166.535317
680.891787 1164.338415
682.387504 1164.748061
683.170331 1164.797856
683.779743 1165.495502
685.066318 1166.467766
681.747620 1161.042287
685.732745 578.855475
683.385831 577.841937
688.901548 580.807022
690.321386 581.233026
686.476615 579.218751
688.114068 580.075294
681.743233 577.195841
685.981879 578.942085
694.876592 1081.677011
692.424064 1083.583436
690.719707 1087.141105
692.174031 1084.123553
690.652027 1088.366009
692.061974 1084.251847
692.086104 1084.329141
692.231897 1084.823880
688.117299 1168.748542
689.501213 1172.866101
687.558465 1176.251033
688.967414 1176.837327
692.967511 1176.459220
690.224826 1175.193838
687.612061 1168.267976
688.901159 1172.932492
687.867050 1196.653882
686.794532 1193.290254
687.001981 1196.033829
695.246797 1195.469625
697.879364 1198.903032
696.507460 1199.281938
696.733497 1200.301894
697.931998 1202.669894
694.989029 583.667689
699.176611 585.947530
694.865983 583.735847
691.129630 581.650952
694.261041 583.157184
697.422807 584.697732
695.726682 583.604700
691.378549 581.816830
693.487780 1177.990570
692.893135 1176.250780
694.912410 1181.828151
697.358585 1186.506213
693.155573 1179.778598
692.225093 1185.042799
692.757908 1180.141217
695.759697 1182.671173
697.971976 1080.009944
699.633600 1079.689325
698.411898 1078.833874
703.371471 1073.292957
697.902116 1078.603917
699.082319 1077.941388
700.818923 1078.354990
702.063714 1072.782282
697.877546 1199.875943
698.046135 1204.497183
696.304055 1203.750289
698.223648 1205.765808
695.348473 1204.378224
698.036760 1204.175265
694.446467 1204.566418
695.179835 1205.074161
698.971916 1183.589524
697.490948 1193.705313
699.195512 1186.887381
697.225941 1193.235798
697.721052 1188.158398
697.884261 1190.688274
697.709322 1192.427997
698.198394 1189.487425
708.313677 590.070270
705.263064 588.789018
702.389327 588.104779
701.313117 587.446613
704.016672 588.270905
702.321725 587.202567
704.286942 588.277636
700.820107 587.110211
704.071954 1070.323823
705.086779 1070.210301
704.689727 1070.241368
700.201153 1071.094814
705.757020 1070.434353
704.250067 1070.307056
700.672962 1074.148561
703.123511 1074.580907
710.387070 592.371679
711.540814 591.200768
713.238748 592.390182
709.854607 592.117499
707.626156 590.116839
716.810583 594.132752
715.787767 593.683663
707.747265 589.997226
720.844110 1064.691450
719.143671 1064.808858
713.113029 1066.160926
713.635113 1065.487887
715.284442 1065.536550
720.209292 1064.524628
715.140106 1065.498236
714.981107 1065.390760
718.387004 594.379430
716.901454 593.637346
725.715377 596.729271
723.197273 595.986032
724.418768 596.784328
722.997276 595.799765
725.682649 596.739015
727.666994 597.362459
730.196467 1064.606262
726.868894 1064.435567
731.067073 1064.367225
723.059669 1064.429703
723.439731 1064.323039
728.577828 1064.464767
724.471398 1064.261539
726.610014 1064.462208
732.352085 599.089637
734.219380 599.873570
736.660822 601.131549
729.680261 597.626129
731.331371 598.422747
736.556826 601.202550
733.908799 599.775033
729.389624 597.497654
731.062275 1065.555307
735.577188 1064.175843
733.695451 1064.244338
728.086120 1064.397399
732.127857 1064.665291
732.756343 1064.344506
736.728499 1064.199011
734.324823 1064.258198
743.608332 604.831449
742.313353 604.134862
743.826169 604.878793
743.022578 604.378013
743.870021 604.980133
738.507751 602.261259
741.566454 603.763730
736.369312 600.864787
741.034064 1064.444389
747.435998 1066.164667
743.070741 1064.349235
744.739240 1065.530305
744.762500 1064.427758
742.014348 1064.395945
744.141653 1065.122352
740.471927 1065.328774
745.885425 605.763215
752.086019 608.308744
751.652480 608.382469
751.595469 608.211519
754.948965 609.961255
753.750864 609.271329
754.133607 609.506565
751.939936 608.228277
751.736282 1070.306456
748.735322 1071.947497
754.393884 1069.697779
759.572900 1070.126871
756.260696 1069.756777
753.110632 1070.730255
756.391343 1069.919865
753.890599 1070.125219
762.800745 614.657562
761.199618 613.831210
757.346430 611.546440
762.183405 614.574589
763.806419 614.573941
762.664026 614.823650
757.190782 611.290215
756.377456 611.346784
759.418470 1070.224886
765.091563 1070.082163
758.267804 1069.558018
760.469226 1070.194157
765.261164 1069.914931
765.097572 1069.990206
761.830140 1070.046171
765.983306 1070.353604
772.586219 621.993806
767.726557 617.867689
769.751463 622.873819
766.464731 617.963767
772.785330 621.517968
768.292619 618.422921
768.292274 619.192717
774.576839 622.683055
771.876784 1070.374151
773.973780 1070.468775
773.632611 1070.555684
771.661378 1070.512446
773.799210 1070.521228
771.148694 1070.923955
768.886918 1069.946249
774.741458 1070.436401
780.857208 628.249163
778.579786 623.380941
780.313090 624.647040
779.757709 623.222347
779.678051 623.498604
784.854474 622.821100
777.308653 622.378004
779.712157 625.468488
782.487217 1070.858973
785.598418 1071.977373
781.038849 1070.541877
778.195268 1070.407660
783.818795 1071.044974
782.003174 1070.408714
783.291885 1070.035212
780.727328 1070.698814
787.503326 627.051825
789.016674 623.849495
788.508769 622.563845
791.524076 625.553733
788.659156 622.691822
787.500140 620.997262
793.776383 625.872928
785.266631 625.961220
786.768657 1072.676832
796.695185 1071.624643
796.319138 1071.865409
792.945355 1072.178979
789.009336 1072.964032
791.717391 1071.694654
788.149692 1073.023290
789.535315 1072.785691
797.821360 627.779817
798.909883 629.061228
800.806147 629.776078
800.436628 629.854407
800.350412 629.818279
802.027644 630.398179
800.974570 630.038480
798.716398 628.865031
803.701845 1069.935794
800.171179 1070.866913
800.533537 1070.040824
805.461818 1069.626747
803.748297 1069.887127
802.004223 1070.198884
800.680280 1070.183449
800.437617 1070.360527
807.408581 632.409650
813.088202 634.240500
808.037794 632.606705
804.587716 631.235940
810.901105 633.523156
809.465638 633.029734
804.222895 631.148274
811.108256 633.637254
807.972379 1068.577149
811.062094 1067.740000
805.902220 1069.493150
809.705038 1068.156663
814.466371 1066.659994
811.027201 1067.690993
810.633222 1067.737404
807.429819 1068.988519
817.615051 635.773026
815.359789 635.021731
817.176885 635.634323
819.650971 636.859045
818.234731 636.103104
819.427275 636.792232
822.170841 638.272524
816.109879 635.228367
820.090353 1065.135698
815.561144 1066.334821
818.448378 1065.485164
816.996672 1065.918314
818.067660 1065.603048
826.163694 1064.110216
821.795533 1064.751041
822.315940 1064.631466
821.467145 637.783420
820.977086 637.572046
829.967377 642.285672
821.651083 637.841419
826.784652 640.854975
827.039926 641.016909
826.871260 640.941435
828.430313 641.598155
832.113097 1063.668134
837.827531 1061.696424
831.606358 1063.592653
830.361740 1063.926280
835.399204 1062.553773
832.162521 1063.710759
831.026733 1063.835118
832.013629 1063.687742
839.196128 645.838616
836.093203 644.857971
838.117300 645.436738
836.502793 645.523811
833.249947 643.724932
836.229978 644.751562
830.029834 642.244655
842.534594 647.591799
842.966765 1059.803100
841.418368 1059.773879
842.026052 1060.274468
838.036399 1061.510285
846.011672 1058.141855
840.200948 1060.743771
846.680779 1057.874843
841.934059 1060.294128
841.102796 646.683076
844.532334 649.139194
843.676994 648.047110
847.225423 650.520778
840.367235 646.350432
850.862307 652.874654
842.919414 647.667867
845.804136 649.406390
851.192755 1055.179607
847.293076 1057.507683
845.594873 1058.439480
851.070976 1055.247838
848.951374 1056.662297
849.619580 1056.173842
848.600168 1056.580090
852.664722 1054.357401
851.771415 653.294529
855.146568 655.223777
853.698375 654.281984
858.385385 657.219601
858.143671 656.958853
856.378091 655.030855
856.741614 656.265577
851.902195 653.393556
858.847594 1050.555720
859.745001 1049.884158
861.631511 1048.883000
858.994302 1050.417978
858.756550 1050.867642
857.159825 1051.538896
860.064386 1049.714645
859.983863 1049.754709
861.506004 659.577513
866.832729 660.895479
863.535839 660.247554
862.727886 660.772906
866.943658 660.624779
863.507129 661.650945
861.747048 659.300592
862.489044 660.307596
868.488372 1045.371196
872.801157 1043.100974
871.319115 1044.005269
869.936319 1044.844685
865.762785 1046.427099
870.493515 1044.501407
869.832642 1044.889035
875.193282 1042.137746
871.877930 661.619081
873.601765 661.916966
875.694136 662.413917
869.952186 661.542158
875.389861 662.329769
874.477709 662.133811
872.766393 661.735086
875.002376 662.307354
881.257347 1039.071323
879.021945 1039.645127
885.060877 1037.148698
876.694386 1040.422846
880.105400 1038.288240
880.083297 1039.057163
885.282701 1038.472217
877.695837 1039.958289
883.670199 665.647105
885.944205 666.475478
884.071218 665.809005
877.580576 663.282247
885.025193 666.159159
885.511836 666.527536
884.039820 665.791230
881.832964 665.369416
886.274871 1033.384389
888.902610 1033.113302
894.300438 1027.783489
891.949161 1030.334247
885.132106 1035.104567
891.240798 1031.042808
893.026421 1029.524905
890.340610 1031.365641
890.032924 668.213046
887.210797 667.042899
894.431208 670.117914
893.634864 669.732821
893.179381 669.505112
894.091240 669.931571
896.446630 671.449524
893.111731 669.531426
900.176439 1024.742653
897.061400 1019.693135
900.017449 1024.897395
900.332309 1024.607561
897.985271 1024.299854
899.647921 1021.798154
902.664349 1024.818565
900.036108 1024.850810
905.873198 677.089092
906.879517 676.710024
903.091263 674.841422
904.534907 675.902743
904.822525 675.205684
901.107132 673.564787
900.833020 673.757187
903.968566 675.097566
913.336409 1022.173089
911.122803 1023.184872
904.225998 1023.906958
915.126441 1020.566013
911.845593 1022.957284
907.396820 1024.664144
908.327777 1023.745212
908.780833 1023.762246
905.201313 676.579551
912.607224 679.017397
916.696777 680.734607
914.679757 680.072851
908.634453 677.130851
911.432480 678.589599
908.417910 677.554315
916.898344 680.711643
913.656290 1021.845680
923.012156 1014.542769
919.149393 1017.240896
916.917149 1019.394044
918.749067 1017.824591
921.598430 1015.675611
916.937365 1019.338465
915.865682 1020.378455
920.939517 685.028322
918.767929 681.603714
923.479664 685.014628
920.444287 682.467912
921.189545 683.153537
920.587076 682.448421
921.293007 683.150855
920.922167 682.658218
925.591998 1012.474964
926.070778 1012.880588
923.866161 1013.701383
929.609646 1011.709957
923.180613 1014.322197
927.212752 1012.090177
924.253350 1014.000462
929.930603 1011.300965
929.970943 689.748463
933.987179 691.650256
926.075711 686.285407
929.917003 689.468701
928.527074 688.842696
933.893573 692.529080
927.410139 689.542191
928.001100 693.355658
938.879936 1007.566574
930.504810 1010.871786
937.876632 1008.321962
937.151802 1008.867084
935.105481 1010.035237
934.744460 1009.875518
936.227769 1008.710141
934.593284 1010.048602
941.821499 694.972680
942.517070 695.568589
940.902785 694.827415
938.095727 694.481879
940.397093 695.175252
944.736187 696.202512
937.859660 693.982695
938.354092 694.545187
942.263961 1005.088217
945.794410 1002.783147
943.909897 1003.658311
941.036011 1005.726445
943.426890 1003.850058
943.338341 1003.794473
939.566432 1006.026766
943.864023 1003.615281
952.298430 698.354461
950.336547 697.502391
944.941127 696.494457
952.318642 698.441021
949.156667 697.389229
943.163553 695.527627
955.710403 699.338133
947.815128 696.966323
952.781309 999.466370
951.622430 1000.078466
949.248056 1001.213428
952.549351 999.551241
958.509461 996.013996
957.028819 996.916293
953.288614 999.037321
954.095708 998.657396
953.875230 698.029140
958.910165 699.845416
958.056947 699.557058
958.949612 699.994284
956.424317 699.443606
955.192547 699.295859
962.283749 701.394619
959.588795 700.483954
962.415110 993.687571
963.351395 993.123183
961.457767 994.250477
960.797002 994.648266
961.843902 994.047894
963.426275 993.103943
963.192003 993.217066
965.445380 992.185352
966.348391 702.529617
968.505917 702.972983
961.571477 701.097986
970.207150 703.382581
964.976341 701.843248
966.187349 702.549141
968.357852 703.255411
969.498617 703.365089
968.700066 990.265183
974.114847 987.510122
969.829803 989.847538
967.651857 990.987307
969.191199 990.266264
973.483746 987.873157
976.078790 986.171036
978.054766 984.681457
980.859522 705.950495
975.821319 704.299491
972.248467 704.049145
978.681251 704.718641
974.427856 703.656418
973.292160 703.610166
978.616304 704.616526
984.989457 707.785657
983.827513 978.722572
982.019498 981.892108
984.375650 981.606398
983.975125 981.404282
979.883538 984.117052
981.102061 982.635826
981.522302 982.564016
984.165796 980.202431
986.250994 708.349794
987.734887 708.976921
986.601092 708.574518
990.718190 710.249612
988.150282 709.134911
985.843862 708.156978
988.149632 709.850566
986.494833 708.485204
988.491433 975.578459
986.385169 971.767568
988.415623 975.021319
991.038324 974.730343
985.322937 977.714065
987.586444 976.195017
990.555263 975.089566
994.524871 972.428584
1000.956933 716.490976
996.619696 712.511898
998.870897 714.163059
995.716556 712.193307
996.323043 712.370262
998.044976 714.028688
996.185562 712.392828
996.782961 712.818109
996.621617 970.010995
998.415648 969.982615
998.661534 969.715837
998.742537 970.951906
998.413581 970.004928
1005.448480 966.967381
1005.271496 967.487230
999.304583 969.724307
1005.002563 719.313398
1007.262880 719.934109
1004.435519 719.366602
1008.704905 720.906582
1006.461630 719.625994
1005.681646 719.292418
1004.539798 719.442350
1005.265376 719.215738
1012.405229 961.195315
1013.335402 963.214630
1005.658233 966.807132
1004.871134 960.670809
1007.063548 966.990036
1012.641108 961.181224
1010.743722 961.691650
1006.727657 963.891772
1020.522802 726.527621
1016.284338 725.320875
1014.666311 723.717681
1014.867100 724.029536
1013.270581 724.028136
1015.101872 724.144430
1011.867729 722.151069
1016.371961 723.931089
1017.612774 965.152982
1021.506398 961.237300
1020.217313 961.972958
1020.473805 962.399294
1017.916089 965.274236
1014.150163 962.312880
1017.824458 962.716229
1018.313658 965.034610
1030.990484 729.536348
1030.829175 730.122377
1027.370896 729.774042
1026.993115 729.810114
1029.644546 729.223980
1019.071795 727.244967
1019.484595 730.779985
1027.608900 729.100733
1033.949272 958.695482
1026.751667 959.893922
1026.913281 959.855582
1027.079234 959.874082
1027.618649 959.758179
1025.662960 960.244767
1031.990726 959.191962
1030.883151 960.127337
1035.231492 731.523571
1036.891171 732.311219
1034.038389 730.916109
1032.357302 730.642163
1033.756281 730.996811
1032.377990 730.689053
1032.638387 730.866833
1031.367397 729.767546
1033.297324 959.439824
1033.503808 959.607627
1034.429099 959.133813
1042.651966 959.770392
1036.794223 959.424751
1042.799997 959.729986
1033.846569 958.726434
1037.140815 959.174018
1037.939604 732.812713
1045.135571 735.814698
1043.353416 735.243084
1044.260942 735.650022
1043.800106 735.492720
1047.043540 736.515257
1039.090439 733.298612
1050.194761 736.971351
1047.875502 959.792656
1051.700108 959.521728
1049.858911 959.861072
1046.437144 959.797609
1049.156269 959.889422
1047.661097 959.826565
1052.665939 959.664943
1048.743656 959.744808
1054.893759 738.438439
1049.142175 736.957228
1053.879015 738.250266
1048.157196 736.793071
1053.248895 738.124446
1057.657386 738.926584
1052.450547 737.863481
1056.380370 738.894966
1052.502629 960.068774
1059.178164 959.829883
1054.545537 960.012378
1061.100459 959.659277
1055.686788 959.599168
1058.962123 960.548528
1056.689934 959.760593
1053.773537 959.965559
1065.908336 739.218276
1064.041694 739.491592
1058.175287 738.913504
1064.691632 739.795855
1066.697141 739.662041
1061.360351 738.752984
1068.689482 740.397637
1068.373025 739.569109
1064.971940 959.372928
1060.182963 959.638734
1064.233281 959.928610
1064.600484 959.829492
1069.808509 959.160238
1071.999918 959.043850
1066.073758 959.211600
1067.092674 959.445116
1074.074271 744.015473
1068.339093 739.720751
1070.824809 742.760159
1076.820158 741.990079
1074.715151 741.832686
1073.283761 742.948709
1071.341384 743.327767
1072.336092 742.083545
1077.521008 958.232531
1081.050367 957.749339
1071.831907 959.147426
1077.181208 958.628619
1079.953623 957.956236
1077.024694 958.449420
1074.803674 958.692422
1077.129639 958.622014
1082.226360 743.247750
1079.769455 743.005953
1082.663993 745.396350
1078.116903 742.470514
1085.518865 745.575403
1085.957631 746.190972
1083.373093 751.251119
1085.876537 747.122513
1089.860787 956.128691
1089.409014 955.474943
1089.622143 955.526636
1085.597995 956.831415
1087.693830 956.344193
1086.672066 956.114485
1089.072254 955.971664
1089.782169 955.577767
1091.160147 747.668105
1097.544881 747.809241
1092.975593 747.566444
1097.434021 747.773685
1089.828148 747.938207
1092.918341 747.741021
1090.649332 747.278875
1095.809308 747.554984
1098.554438 955.191867
1097.310012 954.989811
1102.579819 956.009065
1102.547569 955.159204
1099.111282 955.067018
1094.804114 955.242272
1094.123558 955.199436
1104.080331 955.732013
1106.614959 749.538502
1098.815314 748.023013
1106.373181 749.492802
1103.762017 748.959302
1105.855232 749.377702
1103.098902 748.769372
1096.970506 747.802071
1096.321984 747.994845
1104.561808 955.349732
1110.366080 954.511912
1111.593107 954.216971
1110.448050 952.815381
1105.080091 953.689174
1106.774753 954.298132
1111.056445 949.904898
1108.212486 953.515447
1117.439501 752.113142
1116.157250 752.035501
1117.805144 752.257186
1113.844009 751.198678
1109.570834 750.279390
1118.299203 752.325176
1112.796757 751.075029
1113.593526 751.337709
1115.588370 959.736646
1123.257610 960.325479
1116.694406 958.460408
1115.868617 960.780673
1114.301605 957.977855
1114.995312 958.491851
1122.871845 960.821917
1115.214232 960.850262
1119.638741 752.615883
1121.395828 752.524142
1121.830684 753.048284
1121.231600 752.648627
1123.634088 753.400943
1121.487114 752.850742
1124.869179 753.494066
1123.423078 753.355204
1123.401561 959.880658
1120.861471 958.613878
1128.525834 961.586282
1125.405307 961.180715
1124.130402 959.475925
1126.511379 961.715570
1127.535700 961.131722
1125.279505 961.043954
1137.663703 754.018739
1126.981620 753.654750
1132.266961 754.138299
1129.225003 753.894280
1132.063662 754.132111
1131.994751 754.121464
1131.595193 754.088970
1133.068444 754.159252
1131.476766 962.212257
1141.804139 965.615979
1138.738049 963.725605
1136.170471 964.632092
1138.806761 963.755522
1133.937490 963.220702
1140.463356 964.470756
1130.071354 961.748375
1145.526980 754.703125
1141.887773 754.464245
1144.780557 754.695398
1142.833068 754.546269
1145.462049 754.666648
1135.809873 754.225545
1143.262760 754.578457
1148.983461 754.007883
1143.905883 966.572755
1143.362532 965.747801
1144.690862 966.696126
1142.906829 965.208034
1144.872596 966.415901
1146.673297 968.192095
1143.502865 965.542964
1143.384451 965.414018
1147.888407 754.597715
1151.030417 753.056890
1154.643537 753.730666
1155.732016 753.776955
1152.513066 753.766911
1149.876249 754.534377
1158.808317 753.631917
1149.025051 754.376904
1151.744504 970.163919
1150.441424 969.693297
1159.782949 974.336532
1157.688044 973.593689
1154.080527 971.954480
1153.644024 971.592749
1152.254851 970.577684
1153.046300 972.810763
1162.273784 753.526243
1155.331550 753.711514
1163.819237 754.317414
1163.226381 753.512701
1165.708280 753.498873
1162.167924 753.577489
1165.870867 753.675040
1163.056096 753.512820
1164.556594 975.819936
1160.936998 973.688858
1168.702659 976.630470
1170.190635 976.892127
1168.833906 976.432156
1162.022243 975.304705
1166.978322 976.051551
1165.197227 976.129087
1170.944301 753.698724
1169.793418 753.591129
1169.578223 753.594859
1171.441603 753.873584
1171.573508 753.788162
1173.129592 754.103748
1167.452616 753.522504
1173.095487 754.099753
1170.715733 976.492220
1175.154970 977.643688
1173.279159 976.983084
1176.436943 977.999952
1174.159336 977.238558
1172.208747 977.402972
1175.112223 978.039089
1173.386566 977.289649
1182.037712 757.585652
1182.239991 757.744189
1185.072193 758.350288
1181.282127 757.150352
1178.716526 756.677349
1181.400122 757.722095
1180.648558 757.276024
1184.051474 758.140072
1178.541752 979.002032
1178.212711 979.481087
1187.658615 981.844438
1183.749128 980.988033
1180.677461 980.023265
1180.379822 979.831626
1182.662759 980.652705
1184.697345 981.446006
1189.711774 759.204801
1186.939180 758.885222
1191.203033 759.459154
1191.017133 759.346438
1191.022572 759.651651
1188.424562 759.008526
1191.080539 759.358953
1196.563042 762.238697
1187.452163 982.468571
1192.362639 984.325844
1185.736267 981.961306
1194.740914 985.175541
1188.052922 983.026193
1195.119779 985.262533
1191.851175 983.765408
1187.689092 982.837333
1200.117446 769.360610
1200.521235 764.819380
1195.876992 762.558407
1200.310578 763.082723
1199.870699 763.997890
1204.591280 766.159266
1198.100199 763.302903
1200.456796 764.299625
1202.796948 987.542864
1208.124409 988.894902
1199.770323 986.934331
1206.142594 987.825760
1204.686802 987.865100
1200.448822 987.147214
1200.649464 987.190436
1200.206363 986.977307
1210.189290 764.540368
1211.662944 764.256063
1209.499080 764.650881
1210.174487 764.415777
1211.148596 764.526931
1211.094860 764.518507
1204.823786 763.990263
1211.035700 764.515284
1209.326078 988.388172
1215.038489 989.909918
1209.052123 988.521809
1213.067969 988.665380
1214.302743 989.271313
1213.142921 988.660077
1210.833136 988.593033
1211.741461 988.293080
1223.407527 764.914479
1217.730042 765.621205
1225.444128 764.589623
1221.293440 765.684410
1218.411505 766.200106
1215.488071 764.454030
1227.073222 764.622433
1217.824790 764.833994
1219.259917 992.411888
1223.712255 993.923068
1226.550978 995.589662
1219.686734 991.953196
1221.768240 993.069682
1223.186269 993.685617
1226.265017 995.773316
1223.423000 993.127194
1224.311073 764.931329
1228.932805 764.744687
1228.274280 764.480998
1228.541162 770.308929
1232.138015 765.210576
1228.412000 764.507506
1234.514342 766.029597
1230.029851 765.804507
1229.084332 994.591349
1226.090829 995.729554
1236.217176 995.150124
1237.040134 996.907915
1232.760866 996.936322
1232.013598 985.787641
1225.535294 995.249637
1223.700639 993.999430
1238.924502 764.096730
1241.315666 763.839444
1234.787434 764.519015
1236.826560 764.565597
1240.566039 764.037876
1243.299174 764.213808
1246.385207 762.970650
1244.483015 763.666697
1246.410776 1001.204751
1245.620686 1001.686495
1238.918453 997.990719
1238.785201 998.328053
1239.688317 999.533191
1237.915719 997.536522
1239.418220 999.426579
1235.243879 997.084967
1248.581570 763.436304
1248.400717 763.222719
1248.443008 763.405503
1249.438192 764.060315
1248.962711 763.939006
1246.186828 763.055942
1249.520534 763.579672
1249.045989 763.644736
1245.921734 1001.533287
1246.533350 1000.130694
1250.094859 1002.907352
1252.877097 1003.734349
1248.645294 1002.244496
1248.649407 1002.577339
1248.183942 1001.904093
1247.807028 1001.929133
1266.981371 764.134492
1264.157329 764.277998
1262.875187 764.375055
1258.298050 764.311830
1258.148192 764.365339
1257.137286 764.390208
1258.429124 764.625278
1258.979748 764.378978
1260.948129 1006.991845
1253.675045 1004.286593
1259.953424 1006.256852
1262.737830 1007.029989
1257.196886 1005.483902
1260.543508 1006.637990
1258.404312 1005.382851
1261.320465 1007.108819
1272.338315 1009.578564
1266.316906 1007.995092
1267.822737 1008.475457
1270.248269 1009.103341
1270.296247 1008.865866
1269.128700 1008.914718
1270.070567 1009.033465
1268.917978 1008.853627
1275.772081 763.565454
1265.331386 764.295711
1268.841791 764.101289
1271.618343 763.980400
1269.442804 764.099128
1266.977553 764.101434
1270.429803 763.992425
1269.341491 763.743237
1278.378430 1010.396347
1278.100789 1010.377733
1278.249900 1010.256512
1276.036601 1009.996771
1276.929143 1009.867777
1281.803113 1012.403674
1285.288684 1013.807379
1272.969457 1009.499987
1279.329731 763.241254
1277.488486 763.880724
1279.475683 763.280146
1287.079625 763.677875
1281.236956 763.242428
1281.543910 763.295241
1278.215831 763.367918
1280.412302 763.237790
1290.646241 1016.364441
1288.063694 1015.157333
1293.039227 1017.546945
1291.538523 1017.026862
1282.085082 1012.319671
1292.458530 1017.424113
1292.391971 1016.901300
1283.925540 1013.226383
1290.812437 764.056652
1285.799075 763.503010
1296.473305 765.451979
1288.199617 763.775179
1294.284670 764.592286
1293.143084 764.462073
1292.912188 764.221565
1293.343050 764.260541
1298.441539 1018.826569
1295.668659 1018.533116
1294.362589 1017.844507
1296.712629 1018.976647
1300.015157 1019.250269
1294.452915 1018.038029
1297.146974 1019.028600
1292.859821 1017.689130
1300.013398 764.964046
1296.628295 765.548778
1297.446239 764.696300
1300.816293 764.696438
1301.734392 764.093365
1302.145339 764.614327
1301.098231 764.573959
1296.130177 765.680796
1300.959839 1019.522303
1306.985855 1020.475368
1305.095806 1020.184961
1304.655556 1020.126770
1308.086943 1020.565167
1309.237088 1020.664019
1305.944810 1020.327318
1299.585483 1019.282998
1312.146706 764.541844
1316.744094 764.608510
1306.398324 764.325600
1313.357572 762.538101
1310.170461 765.154228
1310.274542 764.146058
1313.244090 764.580542
1303.819009 764.532821
1316.669120 1021.051825
1316.597829 1021.011470
1322.843055 1022.211320
1312.823442 1021.040995
1310.040072 1020.731931
1315.484067 1021.318277
1316.799904 1021.039506
1311.403426 1020.683775
1313.009852 762.517122
1316.137837 765.871224
1319.947699 765.161140
1316.489655 765.883044
1316.086660 765.739851
1319.805979 765.199738
1324.153989 766.238888
1318.670878 764.963284
1328.585883 1023.798564
1325.048681 1023.499622
1323.961219 1023.969786
1324.995666 1023.894495
1326.055829 1023.875710
1322.062286 1022.859119
1332.942371 1023.652695
1323.492589 1023.839814
1330.563139 767.267736
1335.885572 767.227615
1334.305251 767.399592
1329.617465 766.979835
1332.001323 767.177200
1333.269798 767.532454
1335.403472 767.364057
1330.463326 767.231140
1339.794173 1022.982466
1334.040290 1023.521003
1340.351995 1023.375703
1341.776553 1022.568183
1334.687838 1023.477279
1334.593824 1023.446831
1336.441475 1023.336202
1341.020058 1023.410250
1342.417207 767.566531
1341.022399 768.056440
1335.775428 767.089314
1344.378586 767.903483
1340.505040 767.448433
1341.278633 767.712420
1339.568256 767.820472
1342.357844 767.492245
1345.023922 1023.091746
1342.062210 1022.876251
1344.465904 1023.101117
1349.019519 1023.096286
1341.525985 1022.675448
1349.061095 1023.618646
1349.794493 1023.568551
1341.211133 1023.557873
1348.664819 768.352324
1349.946517 768.312168
1351.419298 770.403230
1351.721755 769.654415
1352.769486 771.563267
1349.483851 768.707716
1350.611388 768.689638
1356.965915 769.190647
1358.305841 1024.458372
1353.307275 1023.969683
1356.496173 1024.516518
1351.422102 1023.932601
1355.714314 1024.523311
1355.597426 1024.506830
1352.189391 1024.094814
1354.982569 1024.435566
1358.931349 769.932446
1360.212848 769.054360
1360.395281 769.100761
1355.375437 769.046909
1359.245912 769.149812
1361.050368 769.198377
1361.034342 769.124713
1361.479074 769.732066
1372.878536 1024.352718
1363.952741 1024.413013
1362.011248 1024.469315
1363.960389 1024.526574
1363.635606 1024.041393
1370.521141 1024.155283
1362.891226 1024.362347
1362.783627 1024.488117
1367.793125 771.440317
1365.070959 770.072596
1365.762695 770.477053
1374.412673 770.188626
1367.033725 770.372230
1375.429409 770.487421
1371.422567 771.157279
1365.766651 770.243613
1376.167522 1023.773276
1375.816226 1023.993547
1374.720021 1024.034893
1376.036129 1023.605625
1374.785524 1024.186083
1376.454386 1023.726486
1381.837624 1021.342093
1372.916057 1023.009264
1374.855223 769.840116
1378.852293 774.119529
1379.821519 775.146485
1378.601277 774.320874
1376.215841 773.642428
1379.626882 774.899254
1378.943984 774.901105
1381.254859 776.900769
1385.462716 803.985990
1385.162530 802.060745
1384.355885 800.027243
1385.682541 803.878044
1390.185442 807.511606
1389.406307 806.489561
1385.627387 804.046507
1388.876137 804.629097
1383.907276 1020.514572
1385.342141 1016.716555
1384.032574 1020.682225
1379.580907 1021.564299
1383.914695 1015.708806
1382.999655 1020.848654
1385.366064 1018.942462
1379.707204 1022.393382
1381.143051 779.846651
1384.864185 782.856693
1385.440702 782.336129
1386.770773 785.337751
1384.020393 780.183016
1384.734006 781.084444
1382.300081 778.744313
1385.214985 781.710057
1391.560041 798.263924
1386.687222 785.845562
1389.866657 793.280633
1386.967573 788.069322
1390.744024 793.464948
1388.417883 793.087292
1389.711001 796.826538
1387.657285 792.907566
1391.473853 807.989666
1394.521434 809.385907
1395.077186 809.887007
1394.774247 809.426772
1392.763486 811.643172
1398.207417 812.023091
1393.321850 809.315173
1395.963944 810.637682
1397.120706 861.663315
1397.591497 862.077078
1393.614408 867.631680
1390.638618 862.598899
1393.319720 864.315731
1394.651250 863.962003
1400.565640 865.182438
1394.214020 863.480827
1399.538326 1013.339118
1397.751209 1014.738420
1395.238943 1015.544594
1391.970796 1017.259562
1391.164237 1015.890700
1395.776100 1015.215274
1395.914879 1015.424948
1397.669477 1014.928827
1407.340908 816.350616
1401.420854 813.738344
1401.236869 814.427580
1405.737994 815.711547
1403.543055 813.298746
1403.627294 815.234182
1407.448308 820.253729
1403.456656 814.492576
1403.071321 859.964382
1408.602914 856.217602
1408.331758 856.884616
1398.241273 861.942814
1403.816699 862.039922
1410.318106 860.167741
1399.910275 857.148777
1408.977381 858.071268
1405.304809 1014.615560
1403.959413 1014.363991
1401.956359 1014.325989
1405.071785 1014.644898
1405.056398 1014.838860
1405.782099 1014.234984
1409.471474 1012.381548
1404.678455 1014.990659
1404.724433 866.948042
1408.424175 869.335919
1409.076559 864.870666
1407.978862 869.211729
1407.211151 869.480789
1406.324986 868.487681
1408.266975 869.452915
1406.636757 869.104989
1410.568009 818.915535
1408.943208 818.165033
1412.329175 819.845364
1415.105490 824.093751
1415.094106 821.900481
1412.973846 820.204578
1410.933598 819.891565
1407.293125 820.113647
1413.967909 1009.585166
1413.833721 1009.811315
1418.021005 1007.485878
1410.288850 1011.940715
1413.702233 1010.046441
1413.665338 1010.095904
1413.695388 1010.102134
1418.163408 1007.380488
1415.673782 858.003643
1418.007850 859.611941
1411.458389 854.820065
1415.036602 857.022348
1414.391682 856.111811
1419.193457 855.681890
1418.882790 860.901568
1420.019932 852.197545
1417.526690 872.396806
1416.403619 871.329640
1416.545591 873.079658
1418.099740 874.832044
1413.042570 871.163568
1418.403956 875.457444
1417.955722 875.036127
1419.565444 876.002594
1422.980618 823.985332
1421.659388 829.705624
1422.963128 824.172755
1419.913791 826.642805
1421.546375 824.228013
1417.357868 827.570712
1419.407292 825.035471
1416.409874 832.401134
1423.127752 1003.081471
1424.473968 1000.837176
1419.237945 1006.217822
1420.775383 1004.774226
1423.677757 1000.513065
1423.787774 1000.545066
1421.254219 1004.695322
1421.419656 1004.560029
1425.465572 834.680650
1425.566234 834.399297
1425.449090 837.858469
1418.873121 836.185228
1425.130425 844.206818
1425.090670 833.595880
1426.347538 840.913062
1419.182001 841.748832
1426.877435 847.641278
1424.920938 852.177476
1425.543114 849.803130
1422.915266 842.623875
1421.993008 844.158091
1425.278369 852.521747
1421.613845 850.552370
1423.418052 851.065804
1427.839132 875.592804
1427.703281 879.052922
1429.627460 872.367508
1426.753612 870.889459
1424.813321 875.608262
1428.779101 873.318476
1424.183369 874.350669
1427.590414 871.641830
1427.681377 998.491492
1431.511361 996.878671
1429.446962 997.527847
1433.596225 995.821804
1432.623267 995.920233
1431.442867 996.711256
1432.713458 996.126000
1427.621174 998.766201
1429.427690 880.744758
1436.353660 884.343309
1429.251533 880.889242
1438.543760 884.810056
1433.955729 881.492651
1438.874269 886.466868
1431.100772 881.780496
1436.746409 883.691167
1435.059963 990.791183
1437.102675 985.682992
1438.275810 980.135400
1436.502154 987.399940
1437.016666 986.975638
1436.020720 989.286480
1434.112197 992.133488
1436.512682 988.254963
1439.207747 980.670334
1443.103622 969.698340
1438.412403 979.853059
1442.184469 973.065390
1440.317198 975.249515
1440.051975 977.529673
1441.653554 972.422219
1438.406371 979.769813
1444.999025 886.340009
1447.003416 887.618635
1441.820618 885.270840
1445.760690 885.543369
1445.540973 886.313925
1446.308815 886.999270
1438.428814 885.253394
1444.283707 886.127896
1445.088441 950.645972
1442.865515 943.547500
1445.898146 951.431879
1446.905303 951.843193
1449.478888 951.105144
1444.553496 949.082376
1443.860003 949.149126
1446.182167 953.180450
1446.104372 960.419270
1447.413285 958.200530
1442.979777 957.653645
1442.415680 966.319496
1446.244886 957.021040
1441.735333 966.262158
1443.242432 960.970127
1445.279132 963.107497
1450.866672 888.865747
1447.369233 887.710488
1453.191956 891.575395
1450.991152 887.766788
1452.342349 889.955651
1452.538495 890.041712
1451.568804 889.373173
1449.999838 887.336870
1456.041880 943.833821
1449.920867 945.997607
1455.482903 945.767592
1451.635377 942.727357
1455.843285 945.421496
1455.389550 945.315484
1453.900111 946.123682
1455.256942 942.443706
1459.623245 896.190926
1459.431511 896.022754
1459.035611 895.851526
1460.568114 898.060107
1459.930459 897.525268
1459.532813 902.364175
1459.352168 897.600165
1459.784522 902.168490
1461.831273 937.422008
1462.936242 936.484410
1457.644599 938.966261
1463.742681 936.198625
1463.396989 936.166059
1457.272821 942.019210
1460.256241 939.569273
1465.733830 933.883474
1464.656830 911.113803
1465.218252 914.080040
1463.992016 907.195725
1464.139803 907.073309
1462.072318 905.398643
1463.115967 906.036935
1463.482610 906.233306
1464.171304 907.080345
1465.624920 918.772629
1464.861136 916.383256
1463.398690 910.198061
1464.537479 914.376114
1464.050478 912.651680
1465.652416 921.416468
1465.422316 917.331653
1465.204592 916.711471
1467.806629 932.396209
1466.241928 927.400151
1466.238263 930.859206
1459.760451 929.259539
1467.999312 932.445968
1464.285161 931.189822
1465.842494 925.464060
1460.131720 928.556344
