94.000000 582.000000
94.000000 592.000000
94.000000 602.000000
94.000000 612.000000
94.000000 622.000000
94.000000 632.000000
94.000000 642.000000
94.000000 652.000000
94.000000 662.000000
94.000000 672.000000
99.000000 547.000000
99.000000 557.000000
99.000000 567.000000
89.928384 702.980432
99.000000 691.000000
99.000000 701.000000
104.000000 522.000000
104.000000 532.000000
104.000000 710.000000
104.000000 720.000000
104.000000 730.000000
109.000000 502.000000
109.000000 512.000000
109.000000 739.000000
109.000000 749.000000
114.000000 487.000000
90.794197 773.306076
115.000000 768.000000
119.000000 472.000000
119.000000 778.000000
124.000000 457.000000
124.000000 787.000000
124.000000 797.000000
129.000000 447.000000
129.000000 806.000000
134.000000 432.000000
134.000000 815.000000
137.000000 825.000000
139.000000 422.000000
142.000000 834.000000
144.000000 412.000000
146.000000 844.000000
149.000000 402.000000
151.000000 853.000000
157.000000 394.000000
159.000000 860.000000
162.000000 384.000000
162.000000 870.000000
167.000000 374.000000
167.000000 879.000000
174.000000 362.000000
174.000000 887.000000
179.000000 896.000000
182.000000 354.000000
186.000000 904.000000
189.000000 342.000000
179.122575 879.883399
277.647128 306.568505
199.000000 920.000000
205.000000 326.000000
205.000000 928.000000
213.000000 319.000000
213.000000 935.000000
220.000000 311.000000
220.000000 943.000000
228.000000 304.000000
228.000000 950.000000
235.000000 296.000000
235.000000 958.000000
243.000000 289.000000
243.000000 965.000000
250.000000 281.000000
250.000000 973.000000
258.000000 274.000000
258.000000 980.000000
267.000000 269.000000
267.000000 985.000000
275.000000 261.000000
275.000000 992.000000
282.000000 1000.000000
283.000000 254.000000
292.000000 249.000000
292.000000 1004.000000
300.000000 1010.000000
301.000000 244.000000
309.000000 1015.000000
310.000000 239.000000
318.000000 1020.000000
319.000000 232.000000
327.000000 1025.000000
329.000000 227.000000
336.000000 1030.000000
339.000000 222.000000
345.000000 1035.000000
349.000000 217.000000
354.000000 1040.000000
359.000000 214.000000
364.000000 1040.000000
368.000000 209.000000
373.000000 1045.000000
378.000000 209.000000
382.000000 1050.000000
387.000000 204.000000
392.000000 1050.000000
397.000000 199.000000
401.000000 1055.000000
397.906135 173.624567
411.000000 1058.000000
416.000000 194.000000
421.000000 1060.000000
426.000000 194.000000
431.000000 1063.000000
435.000000 189.000000
441.000000 1065.000000
478.558856 194.890199
426.564707 1061.619873
455.000000 189.000000
461.000000 1065.000000
465.000000 186.000000
470.000000 1070.000000
475.000000 184.000000
479.000000 22.000000
479.000000 32.000000
480.000000 1070.000000
484.000000 41.000000
485.000000 184.000000
489.000000 19.000000
489.000000 50.000000
490.000000 1070.000000
494.000000 59.000000
495.000000 184.000000
499.000000 21.000000
500.000000 67.000000
500.000000 1070.000000
505.000000 29.000000
505.000000 184.000000
507.000000 75.000000
524.594177 -41.294994
510.000000 1070.000000
512.000000 84.000000
515.000000 47.000000
515.000000 184.000000
516.000000 94.000000
507.428301 74.307172
520.000000 1070.000000
524.000000 66.000000
524.000000 100.000000
525.000000 184.000000
530.000000 74.000000
530.000000 108.000000
530.000000 1070.000000
535.000000 117.000000
535.000000 184.000000
538.000000 80.000000
540.000000 1070.000000
542.000000 90.000000
542.000000 125.000000
545.000000 184.000000
550.000000 97.000000
550.000000 132.000000
550.000000 1065.000000
554.000000 189.000000
535.290659 57.271236
557.000000 140.000000
559.000000 1070.000000
561.000000 114.000000
562.000000 149.000000
564.000000 159.000000
511.432543 184.191256
569.000000 121.000000
569.000000 168.000000
569.000000 1070.000000
574.000000 177.000000
610.403076 187.684445
579.000000 122.000000
579.000000 1070.000000
570.589340 147.518358
589.000000 1070.000000
595.000000 106.000000
598.000000 1075.000000
603.000000 99.000000
589.846542 1104.625174
609.000000 82.000000
617.000000 74.000000
618.000000 1075.000000
625.000000 66.000000
625.000000 185.000000
628.000000 1075.000000
619.875266 191.366329
633.000000 59.000000
684.868610 218.341617
638.000000 168.000000
638.000000 1075.000000
642.000000 54.000000
643.000000 158.000000
645.000000 189.000000
648.000000 1075.000000
650.000000 150.000000
651.000000 49.000000
655.000000 189.000000
658.000000 143.000000
658.000000 1075.000000
660.000000 44.000000
665.000000 135.000000
665.000000 189.000000
668.000000 1075.000000
670.000000 41.000000
675.000000 130.000000
675.000000 192.000000
677.000000 1070.000000
680.000000 39.000000
685.000000 125.000000
685.000000 194.000000
687.000000 1070.000000
690.000000 39.000000
639.878102 105.131646
695.000000 194.000000
697.000000 1070.000000
700.000000 39.000000
702.000000 114.000000
705.000000 194.000000
719.230233 1143.243826
710.000000 39.000000
710.000000 105.000000
714.000000 199.000000
717.000000 1065.000000
720.000000 39.000000
720.000000 105.000000
724.000000 199.000000
727.000000 1064.000000
730.000000 39.000000
730.000000 100.000000
733.000000 204.000000
679.653577 1018.684757
739.000000 95.000000
740.000000 39.000000
689.020314 214.207602
747.000000 1059.000000
749.000000 95.000000
750.000000 42.000000
752.000000 209.000000
757.000000 1055.000000
758.000000 90.000000
760.000000 44.000000
762.000000 209.000000
766.000000 1050.000000
764.576447 125.962333
770.000000 47.000000
771.000000 214.000000
775.000000 1045.000000
777.000000 55.000000
777.000000 84.000000
780.000000 219.000000
785.000000 62.000000
785.000000 72.000000
785.000000 1045.000000
790.000000 222.000000
794.000000 1040.000000
799.000000 227.000000
803.000000 1035.000000
809.000000 231.000000
812.000000 1030.000000
818.000000 236.000000
821.000000 1025.000000
828.000000 240.000000
830.000000 1020.000000
837.000000 245.000000
840.000000 1015.000000
845.000000 252.000000
849.000000 1010.000000
854.000000 257.000000
857.000000 1004.000000
862.000000 264.000000
867.000000 999.000000
871.000000 269.000000
875.000000 990.000000
879.000000 276.000000
884.000000 985.000000
888.000000 281.000000
892.000000 979.000000
895.000000 289.000000
900.000000 970.000000
903.000000 295.000000
908.000000 963.000000
910.000000 303.000000
942.070056 906.316874
918.000000 310.000000
958.442943 930.049746
925.000000 318.000000
930.000000 940.000000
933.000000 325.000000
938.000000 933.000000
942.663474 341.089844
945.000000 925.000000
948.000000 340.000000
950.000000 915.000000
952.000000 350.000000
958.000000 908.000000
960.000000 357.000000
965.000000 366.000000
965.000000 895.000000
971.000000 374.000000
973.000000 888.000000
975.000000 384.000000
978.000000 878.000000
983.000000 390.000000
1006.680141 794.480997
987.000000 400.000000
990.000000 855.000000
992.000000 409.000000
995.000000 419.000000
995.000000 845.000000
1000.000000 428.000000
1000.000000 835.000000
1005.000000 437.000000
1005.000000 825.000000
1010.000000 446.000000
1010.000000 815.000000
1015.000000 455.000000
1000.174112 808.670608
1020.000000 464.000000
1020.000000 474.000000
1020.000000 790.000000
1025.000000 483.000000
1025.000000 775.000000
1030.000000 492.000000
1030.000000 502.000000
1030.000000 760.000000
1035.000000 511.000000
1035.000000 521.000000
1035.000000 740.000000
1035.000000 750.000000
1040.000000 530.000000
1040.000000 540.000000
1040.000000 715.000000
1040.000000 725.000000
1042.000000 550.000000
1045.000000 560.000000
1045.000000 570.000000
1045.000000 580.000000
1045.000000 680.000000
1045.000000 690.000000
1045.000000 700.000000
1050.000000 589.000000
1050.000000 599.000000
1050.000000 609.000000
1050.000000 619.000000
1050.000000 629.000000
1050.000000 639.000000
1050.000000 649.000000
1050.000000 659.000000
1050.000000 669.000000
