3.619353 151.145782
-3.694577 148.530017
-2.146277 174.538477
1.458317 146.242076
20.342525 186.156527
17.676431 108.506151
35.377933 191.495057
27.430759 133.270109
23.620894 203.674287
53.881863 125.485350
35.469211 199.901532
52.569180 127.148835
73.282108 217.478765
68.820995 137.875326
57.317383 127.193487
66.665670 86.055974
78.565351 194.435620
60.473592 86.085349
60.001717 75.851922
75.089994 128.868793
72.466533 52.858984
80.014403 199.119896
94.711316 52.415589
94.357660 124.090772
82.961803 115.222854
81.170788 158.501988
76.363653 53.546534
87.843920 103.203644
88.196837 206.440296
78.916274 159.024194
92.600794 97.683057
111.163541 154.091407
103.328834 32.812462
107.258338 186.114320
94.031438 88.686412
119.214405 191.361637
114.119830 119.374604
100.232493 18.039592
127.728495 100.013089
123.851953 143.467673
104.857531 194.725799
116.122013 80.870345
92.703054 174.991057
124.748721 7.479384
126.265714 114.957385
114.353857 135.338070
114.407475 201.107375
112.969542 424.726019
110.523527 420.716035
140.503189 465.371948
137.297678 468.641284
110.391457 76.855641
123.374022 409.469312
125.848676 180.594897
139.503199 400.628469
115.691006 133.163954
121.505038 129.672356
122.447112 467.718223
117.401300 377.197921
141.961326 9.185851
117.004709 488.484076
135.788121 207.635945
131.614780 376.585734
139.180112 81.986966
131.352578 511.970326
143.384201 175.945056
152.595371 382.575947
161.512349 -0.553978
145.230635 512.951790
133.932982 100.098372
148.691331 161.159036
147.575828 188.253290
137.095711 363.191364
146.526852 101.310947
144.894164 156.249968
146.398313 334.079366
139.596360 126.998683
142.807407 125.461782
168.545329 537.768890
157.756325 8.330971
171.019222 191.741162
141.844342 347.509742
166.595144 560.994263
167.222633 318.750455
163.900549 7.717875
186.221813 182.254690
164.350510 544.971486
174.742645 306.696542
167.628131 132.669214
193.403573 99.502697
173.488319 -1.151243
193.620833 199.209888
182.614674 575.300604
184.579201 308.386020
190.080035 153.142648
187.318687 95.309901
194.488143 2.149328
183.769732 292.972658
187.267468 167.405252
198.548548 570.354639
213.416444 153.578881
198.778193 115.840482
188.289010 431.439054
195.042396 421.628619
201.830221 -6.257044
190.870688 169.475282
183.956520 451.983230
200.241148 416.793449
201.211409 593.939589
190.843563 149.407315
192.218269 467.362406
213.668013 409.469088
203.751444 482.163108
207.065958 298.773049
215.150139 110.346410
197.564031 498.963429
211.451426 4.284040
197.500348 311.917277
211.419677 375.329635
225.129458 265.575719
210.318003 590.790364
220.312418 342.785565
209.533927 514.245551
229.212991 243.555493
222.534245 384.732289
229.302326 335.409551
198.633789 114.756820
202.429281 508.081231
236.908237 13.166053
213.137751 242.306398
235.437595 604.049086
234.178914 346.421051
214.008505 367.659527
229.322133 519.689051
228.850196 230.872448
233.154605 107.795517
232.480437 9.485718
244.834932 359.885167
238.812637 611.997543
237.018901 217.792169
246.780438 525.279730
241.294535 118.678441
228.982118 203.216467
262.423129 5.772468
254.694429 378.682564
255.789421 610.492727
250.340551 207.281754
238.265703 544.142886
252.072897 183.215355
247.209495 147.824645
252.954983 18.791645
248.678219 181.210682
248.537935 384.190825
259.123334 614.483749
258.166322 163.069944
265.840826 131.096912
267.126395 550.170870
274.442381 11.482555
270.833273 408.403783
253.943556 618.238265
255.667735 556.280266
282.781845 15.588235
277.511285 389.375615
276.397270 611.604269
289.404746 549.427566
286.795758 35.250141
293.670893 387.661302
279.518374 626.043184
284.277821 536.271408
295.024104 30.308689
301.208627 401.350664
298.483359 625.680563
302.965072 558.691869
310.572919 57.929146
308.314854 406.647922
308.238559 622.013782
331.015856 565.234868
307.155111 52.306305
325.095777 418.936096
317.052352 627.804935
332.707916 241.763521
334.643964 303.973898
314.215164 570.428497
331.392397 240.837797
332.450944 69.897656
334.663086 415.670350
329.666866 612.193585
328.324385 234.232391
340.608571 300.430041
346.637845 275.076322
334.787378 556.083364
344.805681 77.930905
344.158838 216.665706
325.072489 402.927761
347.565889 209.447207
343.478873 622.113044
350.678322 101.756423
337.382761 302.696719
352.575001 255.396609
342.761032 189.247751
343.790984 543.365457
348.456636 107.697176
354.773711 103.188462
357.029996 406.859045
355.794712 602.251182
351.649166 133.347076
351.578632 148.591379
362.633716 291.462866
346.710989 141.924463
365.126812 271.664161
362.995345 541.861593
376.757052 400.086977
377.703663 162.061492
371.296545 597.746907
364.050423 297.680068
371.527029 244.838192
358.062779 543.659440
377.881774 396.273233
378.258125 169.270356
382.657348 588.527297
372.965346 297.351402
388.572696 516.268808
381.422188 255.839099
387.222375 514.220435
395.906883 411.566205
385.958674 158.821305
390.726075 590.689147
409.123827 289.260356
385.901370 261.511094
385.482350 502.390316
397.999989 268.962761
407.023600 571.148205
389.905437 391.300922
401.868661 172.479012
391.410860 478.104994
404.331445 559.274844
408.782332 473.191331
423.099051 379.433688
414.268272 544.260381
401.652605 151.832185
404.069300 467.569824
404.579039 522.915419
406.148369 536.396895
431.670179 391.887808
421.099578 169.836254
410.986995 438.898152
420.999185 508.894094
433.219034 511.158953
432.434901 369.045102
440.459485 437.600914
429.383703 169.816168
436.096871 506.585557
445.701052 497.072944
455.679871 374.944277
441.300560 439.731746
445.150247 161.910499
440.590005 477.725038
448.726527 363.770888
460.311281 424.309921
458.328049 176.782386
456.372228 453.438263
477.656416 451.722992
480.840102 345.904608
444.348615 417.096797
467.565907 171.424356
467.477317 340.155969
465.141424 441.585782
472.598391 404.630215
483.917871 195.772350
475.896529 335.061068
476.087085 427.329576
500.324359 408.922340
494.590084 192.972681
486.941624 319.761411
492.357271 192.405849
492.373265 314.398280
500.958946 444.684891
482.702052 382.149836
499.350457 224.793056
482.668806 305.346354
496.721636 224.949227
511.521968 282.353659
492.323895 241.431334
499.553735 429.356941
516.483056 252.394501
505.049725 282.036861
520.780628 394.224493
504.798461 408.422924
514.977664 397.968699
525.820176 390.043634
522.112683 378.030839
535.682656 399.815094
549.625089 359.728996
572.740431 397.928409
559.780931 352.894806
566.122622 385.821238
561.562595 334.994911
571.041128 372.749978
570.045342 378.282959
579.334698 368.258270
191.928749 283.927742
112.432267 138.842516
103.349893 101.390339
326.043242 269.886704
91.063736 131.689132
347.773568 171.565219
351.881426 173.543031
364.992822 164.800007
357.196698 171.181964
329.896323 261.724365
330.703489 270.867620
333.415686 289.324029
323.391654 280.898684
174.431912 95.892319
153.619794 118.437921
212.550882 276.907268
208.885065 272.112481
205.587944 281.054591
185.071218 288.758972
