5.055136 170.994350
11.456324 160.654522
-0.179628 182.570301
12.925666 149.309693
26.583896 210.462932
17.459274 140.186742
26.497974 210.023156
25.960734 124.863805
28.834653 228.848603
24.603671 113.200165
31.417660 103.958599
44.697456 241.179322
49.610053 95.472451
62.343073 230.309254
56.193999 88.637300
75.470883 236.516671
62.672716 117.439023
60.455353 147.322028
80.574035 100.382652
64.602453 151.821675
75.812557 86.505436
64.909230 229.711431
87.075096 151.491093
104.261588 130.072810
94.499758 208.853697
108.551932 101.993008
80.675733 135.473900
106.888178 70.764075
103.618862 82.739967
83.634427 155.793657
98.845424 94.075136
107.326301 136.363980
104.184846 192.596535
116.369347 56.705116
104.301048 92.328541
112.361319 158.859739
110.045714 121.027984
125.437679 132.128908
124.196785 199.200349
119.312574 50.857951
132.970496 90.438933
122.825928 139.309377
133.223138 190.771065
114.297166 114.062127
116.215674 136.346315
113.244586 121.277318
132.355061 43.759036
116.020903 184.285056
137.891461 218.645829
127.278977 43.991930
139.702050 206.518540
123.594510 236.742993
134.436242 202.479715
148.865176 255.361628
127.508400 173.370127
162.460168 31.391947
140.729631 168.615914
154.868190 134.311760
165.842642 254.930022
151.940372 258.312026
141.986231 225.627784
155.326429 267.318244
152.674925 153.766342
162.937878 213.632407
157.308855 190.506899
171.640358 33.849598
165.937099 184.484392
163.298391 279.875152
185.964779 32.240321
184.434245 274.893829
184.164273 14.185868
192.300662 280.590413
178.227548 23.083718
192.793105 272.465542
208.891667 25.220893
215.627410 285.122208
202.797440 16.914170
221.914457 279.229711
212.472085 22.352792
233.330743 254.838421
243.350823 232.136607
250.799155 13.699520
266.327643 235.078473
259.305422 9.515567
255.840263 240.259488
238.947481 -2.064954
265.563279 233.464532
266.065475 5.402142
285.072387 247.831847
301.681355 8.573988
270.752626 233.271786
283.556650 4.066051
304.292726 245.142096
319.549773 0.157691
319.540028 244.786772
303.482097 -0.865840
304.743209 244.562822
326.253761 -0.303969
341.625009 242.292320
362.158803 4.456755
355.778495 240.649995
358.441446 -3.372507
360.593394 231.309993
361.118209 2.626732
352.485947 233.116632
390.974869 8.538059
357.424342 234.738763
388.268469 9.784585
406.700647 7.730844
390.355560 5.618819
408.484168 253.211260
405.831567 225.435982
414.420188 284.229362
412.755857 19.330960
416.914054 222.683790
416.967574 266.789059
415.367048 24.750391
442.367139 217.286726
430.839742 274.907918
435.229115 13.552558
441.118901 276.013177
434.235970 45.593127
455.496067 272.348738
475.358196 44.125968
466.764174 266.934098
469.593528 59.776405
459.746994 56.185840
476.068864 275.175733
486.671937 67.944215
493.495582 82.570500
486.902551 258.740419
472.684278 211.098132
481.639727 226.456772
482.058609 225.283516
482.974046 248.052014
468.431657 266.508337
495.617775 194.730530
475.662494 175.612064
473.964119 94.725708
488.606953 167.981495
508.874525 153.127042
509.940321 112.608356
501.250791 123.813436
505.094212 139.473630
79.843612 116.523987
94.116829 127.415334
72.643507 74.843984
80.935517 70.900394
94.960687 75.836215
75.549231 84.085197
84.339118 98.238768
83.705834 190.786678
91.168537 191.334260
90.196283 176.574366
219.782094 240.325736
140.502253 231.942463
140.798150 232.110800
384.549516 244.929667
392.755527 239.849980
389.493814 259.106634
400.191744 264.980206
426.002055 222.644323
414.713677 242.009661
388.047781 241.195395
410.474301 251.963197
402.027920 228.405648
391.196840 232.797980
159.120414 255.925825
95.596439 193.602131
81.003524 208.727773
129.357785 68.421063
150.251498 74.285042
168.312268 75.080839
170.443384 73.253522
169.817647 84.953982
165.674898 105.257195
142.653754 111.927371
68.909487 98.112893
81.336105 132.596188
123.042539 116.757861
232.876457 245.794302
230.340734 239.236741
242.795997 226.585226
