94.973408 584.327509
93.384985 590.005777
91.351366 595.846423
92.944791 591.952539
95.487880 580.095076
95.548083 582.418027
96.225102 577.525726
96.221407 589.699397
96.044371 591.421183
94.568966 592.697132
95.308178 598.383216
96.063847 592.721168
96.048810 586.067651
91.897618 594.409678
96.939139 610.113676
93.408366 601.832097
92.470106 611.788865
94.155251 596.268981
91.478429 608.831251
91.448433 603.570891
92.700927 605.093048
97.007175 608.341946
90.335562 615.793921
92.536921 605.109155
96.161073 609.055089
91.789580 610.302741
91.804612 613.487290
92.245444 612.519935
89.767543 622.941846
95.962525 613.453306
91.808240 620.962003
94.164678 623.703588
90.608754 623.077845
92.036770 627.151918
95.289085 614.899906
92.213649 633.600468
89.634346 622.884402
92.393018 630.161450
92.578336 631.411980
90.463411 638.385194
92.073616 628.057858
90.910689 624.841674
92.159623 634.621701
91.356008 637.362142
91.455989 648.420946
92.360931 638.174545
93.814169 643.425877
90.794601 646.582955
90.002706 643.455829
92.488507 651.231592
94.205404 662.155947
92.064315 650.063593
93.407060 651.868733
89.299616 642.970091
92.382468 649.235371
91.860081 649.295376
93.182834 663.799330
94.207053 668.828887
95.120472 671.918620
92.742838 658.599517
94.620636 670.584553
93.307425 664.504184
94.078644 667.020843
95.101671 672.741836
93.378020 666.252190
96.319292 675.385862
94.554856 671.436760
96.856731 678.431080
95.874033 674.738712
96.248965 674.688674
100.177131 549.325288
101.220305 549.542998
102.835259 544.306366
100.039829 548.111909
100.279271 547.944270
99.745864 551.506274
99.793075 549.053460
100.886224 548.165290
99.096248 557.818968
100.011675 548.310180
98.684151 559.711542
99.168938 559.852680
100.277471 551.442634
99.493652 554.399625
97.884766 565.913879
96.824951 572.088925
97.613561 566.697754
97.654631 566.440417
97.782380 565.673405
98.105884 563.933567
97.544673 567.573551
98.400692 681.132413
98.258864 680.752718
98.367644 681.680801
98.399150 684.305294
98.810251 686.546109
97.726200 679.368714
95.222167 672.710218
98.860401 689.267682
99.604262 696.305213
99.114952 690.049443
98.692575 685.116816
99.225502 691.079514
98.919749 687.504162
98.767639 686.167959
98.371988 705.699059
98.253916 696.938528
99.492533 699.276430
98.840754 702.326730
100.939674 707.707903
99.964530 698.062335
100.184277 708.323838
106.019716 530.867607
104.576508 522.004195
105.404332 521.143368
105.128408 521.199395
104.564773 522.032303
104.308997 523.457768
104.201787 527.852641
104.068327 533.178495
105.317820 534.590764
104.805115 541.332248
106.554197 533.925571
109.333587 535.864735
109.741037 535.952873
104.557761 536.878235
100.754729 711.379827
103.173038 713.917220
98.676896 706.346430
99.316711 702.943484
99.529826 708.613851
98.492891 703.810136
101.891406 712.750162
101.978184 723.180216
102.587779 718.100083
103.242356 720.846506
102.281465 723.463013
103.378237 723.339236
104.649160 726.870962
103.897822 722.001383
105.145166 730.526814
104.560940 728.720107
104.748266 729.277753
105.931698 730.492901
102.116879 720.771767
106.633302 734.049384
106.834398 735.371910
108.929682 504.729651
110.332073 500.575823
109.218999 503.713490
112.112249 495.219875
110.088293 501.545069
108.914317 505.335114
109.863251 501.765819
107.729334 512.702401
108.073680 510.888968
107.927495 511.181975
108.714320 516.478099
105.996304 517.588911
105.185134 520.658378
105.957880 517.937013
107.659991 738.196319
107.593757 737.846403
105.596885 731.731638
108.683451 742.795832
108.354613 742.425984
106.554319 734.958165
105.373504 731.172124
111.325646 753.562177
109.303479 749.230973
110.134398 750.375763
109.556942 749.613040
111.148490 752.489885
110.477467 751.425739
110.413238 751.166382
117.725938 477.704847
116.989152 479.986526
114.454975 487.140535
115.829527 482.996027
111.254045 497.188296
117.519826 478.326922
113.312389 490.713162
113.623280 760.388169
112.358722 756.597876
111.513376 754.324615
112.056335 755.740113
113.370333 759.492642
115.155670 765.063353
112.483701 756.878721
116.209409 768.138737
116.470374 768.922419
115.852558 766.831287
113.657649 760.522164
117.907143 773.021693
117.527419 771.916585
115.292709 765.486067
122.421078 464.930149
121.487404 467.069752
118.702338 474.630762
118.394645 475.548605
117.864678 477.023525
120.725226 469.222956
120.838286 469.277527
122.040002 784.260859
118.558996 774.442178
123.231020 786.575500
118.201281 773.130956
119.063999 776.081874
119.706724 777.954567
118.869490 775.396804
125.731586 454.988476
125.696297 455.149365
123.906493 460.416211
122.971530 462.764363
122.740389 463.489010
128.020208 450.573126
125.172357 456.666263
125.356545 790.602498
124.711379 789.322354
124.275235 790.957246
123.375133 788.118018
123.277112 787.153303
123.859630 788.424324
125.159471 790.595787
125.341551 793.899721
126.185835 796.399855
125.357398 790.752775
127.827914 800.677200
126.468683 797.384940
125.139530 793.061166
126.721682 796.215036
131.014371 440.697082
127.525091 450.646903
126.528206 452.797199
130.058259 443.154905
129.340593 445.287966
130.580111 443.177070
127.618538 451.818020
130.149290 805.354080
126.220419 796.595391
129.480865 803.716914
130.280739 805.171924
127.940108 800.917404
131.706905 808.607877
129.860429 804.594281
132.972605 436.063403
131.745011 438.653786
135.110564 430.877998
133.118071 435.213151
134.637647 431.862172
134.115922 432.832939
134.139817 433.034445
132.134441 809.222053
131.670300 808.513246
131.225915 806.954605
136.208615 818.129720
134.778059 815.352518
134.312216 814.226049
132.322294 809.842466
138.925349 824.648625
140.759863 828.077681
138.499758 823.846713
139.186610 824.736877
138.154694 823.136741
138.067737 822.756896
138.608041 823.947613
137.626627 425.807241
141.479628 419.630845
137.130194 427.703428
137.913097 425.317203
137.747223 425.799567
137.634819 426.711935
140.451005 421.338825
143.167025 831.960325
143.100753 831.816945
143.308669 832.892818
142.757098 831.785291
144.699462 835.618536
142.916929 832.548795
145.106188 836.624967
146.712260 411.462555
148.694749 408.350386
142.941103 417.326287
143.770769 416.054011
145.426187 413.442290
149.877741 406.555561
145.091801 413.962209
147.464529 843.405822
148.269400 845.327239
149.383971 847.304055
147.335352 843.221213
148.771682 846.283025
149.086173 846.783962
147.573460 843.678620
152.334533 402.530862
152.125123 402.750380
150.693497 405.367825
153.788379 400.185358
153.458809 400.317726
154.091701 399.660827
151.826923 403.202738
147.914160 844.597781
156.286736 859.270425
151.188702 850.200029
155.317554 857.478179
151.245543 850.502415
151.454515 850.906479
155.343729 857.391754
157.637030 393.239579
158.243831 392.139995
158.323698 391.983669
158.322750 391.917542
154.515834 398.878949
157.059511 394.226967
160.323254 388.156247
155.114948 857.246895
159.747928 865.972907
157.654491 861.552375
158.958367 864.291656
157.362830 860.760464
157.660986 861.759052
156.823077 860.325365
160.288764 388.156889
163.909399 381.604176
161.994606 384.978371
160.407404 387.901443
163.316482 382.698264
165.633960 378.567076
161.696565 385.504749
163.985532 873.583075
162.625341 871.395767
162.073821 870.433518
162.039257 870.399110
163.977119 873.417680
165.268601 875.506599
161.843925 869.913329
166.779081 376.675940
167.763817 374.873355
172.024135 367.825604
165.971361 377.978554
168.070710 374.348413
164.980558 379.683271
164.644595 380.463574
166.186670 876.522712
169.229617 880.260089
168.593191 879.764608
162.585234 871.316301
166.526299 876.792856
164.106141 873.636951
169.174891 880.483857
176.198873 360.828642
178.837947 356.686630
175.670596 361.896951
174.708991 363.416289
180.766429 354.087355
175.082875 362.643424
174.648404 364.151764
175.443222 889.175586
173.409962 886.521529
173.676027 886.967369
174.586127 888.219694
176.229063 890.475429
177.100798 891.648821
179.534008 894.602725
185.196956 901.761507
180.245539 895.574627
182.450676 898.492967
184.731221 901.433408
180.237451 895.655819
181.440455 896.972778
177.762990 892.528625
178.792854 356.777274
183.038360 351.106084
182.808097 351.448323
181.771285 352.687181
185.797707 347.622215
178.293192 357.607403
185.459768 348.509373
190.943467 909.618168
184.501565 901.041488
180.159156 895.559032
185.827334 902.799488
188.060048 905.796935
184.181164 900.412441
185.753926 902.620839
191.750108 340.326751
190.098566 342.255875
190.526912 341.825040
183.524208 350.457112
194.448409 337.189305
188.567305 344.127769
189.260507 343.306811
192.328797 911.502844
194.716208 914.496282
192.516217 911.747676
198.329068 918.872695
195.056717 914.784156
192.299325 911.373819
187.748858 905.315112
197.374760 333.857306
197.658176 333.480582
199.580748 331.985790
191.727745 340.321640
196.796579 334.375491
196.692547 334.485154
195.739396 335.613355
195.515039 915.472768
202.608409 924.224033
198.600255 919.081328
200.162934 921.218791
198.172697 918.792581
200.247244 921.360072
199.422228 920.053120
211.062435 319.377873
206.744238 323.915502
210.802417 319.801762
207.188609 323.210192
205.016766 325.471575
205.302593 325.188715
205.370559 325.075232
204.644126 926.562446
203.428446 925.195583
206.562476 928.965819
202.778002 924.393514
199.857355 920.804874
202.080105 923.597990
204.884174 926.908399
216.339215 314.696991
206.049516 324.338482
213.971232 316.771105
212.780913 317.820518
211.091465 319.362219
209.629332 320.795098
211.688249 318.782439
216.251450 939.049405
212.497534 936.384665
210.449376 933.909359
212.236841 936.625637
207.219742 929.517049
212.089912 936.640433
217.953112 940.502968
220.500223 310.990530
217.720958 313.453013
218.736076 312.616276
219.043618 312.276704
221.375972 310.264899
220.569166 310.936761
214.599374 316.225048
219.750850 941.124578
220.780365 943.244661
212.698668 936.609756
223.237470 944.747600
221.771245 942.303797
218.061632 940.712958
220.077219 942.552699
228.158658 304.645623
223.792979 308.155886
229.204936 303.419450
229.526225 305.075083
227.738131 304.690665
231.489582 302.291026
229.145958 303.316769
231.179494 952.891330
229.578779 951.307105
224.800515 947.190746
222.464014 944.853197
229.228985 950.992978
225.260332 946.942708
227.910407 949.976561
236.467012 296.830271
240.522024 293.140121
234.915574 298.119858
234.835091 298.245096
234.944913 298.465815
230.603806 302.219134
231.900285 300.878288
235.673339 958.000826
236.326181 958.657239
237.224984 959.410248
237.112260 959.415563
233.530173 955.821192
231.927332 954.227893
236.966145 959.295630
242.133110 291.730397
245.816090 288.363350
246.512717 287.753852
242.506891 291.280943
243.857519 290.012979
243.602911 290.633082
244.160323 289.749221
248.950402 969.758345
242.809691 964.342184
243.549766 965.014950
241.717166 963.248497
243.862024 965.194739
237.971873 960.151212
241.634502 962.904780
256.130379 279.662998
252.866544 282.313898
258.217095 277.753021
256.268135 279.562672
255.847738 279.835272
250.637579 284.278995
248.099804 286.423685
250.420252 971.171003
256.818436 976.898326
251.680667 972.284069
249.162890 970.008586
249.712168 970.527480
254.443572 974.768030
249.781529 970.591654
256.135753 279.638695
256.884349 278.848166
253.061914 282.259610
260.513020 275.594040
257.270989 278.311038
262.143961 273.897673
259.900409 276.195333
256.148002 976.158882
258.491535 978.389136
258.050090 977.787249
258.092242 978.067184
265.348053 984.365116
257.965501 977.961599
258.534139 978.420187
263.154039 272.871965
269.091603 267.272331
260.370003 275.740968
267.129662 268.799134
271.975123 263.511072
267.585386 268.370554
264.830085 270.997107
267.273648 986.042991
268.560936 987.117139
266.796203 985.576752
263.724140 982.923071
271.265435 989.315982
267.654567 986.371420
263.638541 982.893880
275.773917 259.225927
276.851333 258.647309
275.795345 259.140061
275.763522 259.633953
269.183058 266.637757
270.136895 265.717633
275.315493 259.523125
279.862817 995.972273
270.489432 988.734644
269.945498 988.289060
275.687701 992.830536
276.828359 993.549058
272.572368 990.380946
278.631810 995.060288
283.545329 998.849750
286.696418 1000.925040
282.925195 998.433305
284.670191 999.752792
282.320308 997.901408
275.368338 992.584911
285.012199 1000.007137
275.604419 259.355142
282.120123 255.078635
279.758531 256.579245
278.820790 257.750538
279.865634 256.571989
281.225388 255.698197
280.803171 256.350134
287.832698 251.215633
291.664216 248.771586
289.275979 250.204417
291.216729 249.542228
289.552023 250.051222
292.962454 247.855657
288.969521 250.727107
295.467581 1007.011522
292.164266 1003.952411
292.806674 1005.178975
290.823466 1003.926675
289.432044 1002.895605
292.591142 1005.097254
297.373809 1008.062645
298.138095 1008.393395
295.329747 1006.894170
302.444038 1010.848895
302.381343 1010.860547
295.386840 1006.980107
297.760713 1007.918627
293.764620 1005.895781
300.080018 243.428584
300.867538 242.798582
299.142465 243.906473
297.929002 244.656101
302.834435 241.606505
300.190481 243.209268
301.616325 242.340612
312.143544 1016.341337
312.641314 1016.615978
308.590901 1014.396156
310.604031 1015.624271
315.366836 1018.168533
302.780930 1011.083183
309.083533 1014.673033
304.096287 240.880955
303.485611 241.252047
310.720740 237.130019
309.716923 237.691195
304.334951 240.760619
304.722134 240.680477
309.875641 237.631261
316.178529 1018.591288
313.501100 1017.090073
308.045025 1014.163410
318.845835 1020.246602
320.902979 1021.387394
322.155761 1022.031750
315.945217 1018.428759
315.149097 234.698133
319.370835 232.411388
324.580558 229.841249
317.948794 233.265377
318.844581 232.677575
320.177392 232.060728
316.188811 234.106762
328.076245 1025.305224
326.683395 1024.426606
326.261575 1024.609223
330.462023 1026.126543
327.197846 1025.159007
327.760972 1025.791828
327.024108 1025.126539
327.388326 228.400291
332.427225 226.089348
332.434553 226.071661
327.995563 228.105455
328.831322 227.724940
331.982542 226.280210
325.158457 229.584915
334.247028 1028.404146
334.773508 1028.690586
338.762733 1030.525517
327.294438 1025.456301
343.115886 1032.518227
341.200206 1031.640106
332.673242 1027.677156
338.724169 223.432909
341.888362 222.109977
337.621326 223.894049
339.864921 222.957416
347.528935 219.725055
331.475706 226.540876
337.275013 224.069291
349.364367 1035.152260
343.356090 1032.558957
351.707376 1036.059485
344.251923 1033.033406
345.773400 1033.527287
345.878674 1033.714129
345.730142 1033.614822
348.747229 219.154115
356.126477 215.666574
345.315922 220.662872
351.457691 217.988799
348.131657 219.461649
349.801748 218.702875
352.119853 217.644651
352.562059 1036.452185
357.221889 1038.232829
354.554604 1037.247261
347.750500 1034.470135
345.555169 1033.592542
355.231726 1037.508117
363.709676 1040.886107
362.123352 212.964057
356.979473 215.236058
360.949211 213.507011
359.022046 214.211206
359.358213 214.109019
354.119866 216.648316
359.034212 214.204552
364.260656 1041.057618
358.159616 1038.594811
360.241495 1039.169366
363.830923 1040.693139
357.974153 1038.568280
365.140616 1041.238956
364.757969 1041.158416
374.109200 208.741436
368.625933 210.167741
368.472032 210.258260
375.576365 208.197124
369.082182 210.041212
369.402061 209.942080
368.079425 210.382383
370.077229 1043.490978
373.366832 1044.830262
379.849012 1047.422962
368.942665 1042.833809
379.337125 1047.175680
373.311080 1044.773096
375.804113 1045.802851
383.284803 205.197550
383.527966 205.592450
374.136750 209.141667
374.959939 208.752710
384.912262 206.498517
375.832075 208.295441
371.314811 209.411034
379.443648 1047.288834
381.854640 1048.091715
376.661664 1046.173311
381.641937 1047.915794
380.507615 1047.214407
382.702521 1048.324796
380.256469 1047.475859
386.946357 203.864057
386.501135 204.064881
385.526974 204.453548
389.449210 203.019799
390.740699 202.531151
379.368438 206.642258
388.777239 203.591983
391.295956 1050.808909
391.813441 1050.924725
387.028988 1049.643346
387.654276 1049.802701
391.745202 1050.904750
383.411105 1048.300871
392.109872 1050.971707
397.638197 200.192994
406.108581 197.731810
395.989331 200.707463
397.088569 200.342247
396.403261 200.571288
400.646149 199.396681
398.701568 199.863229
407.463049 1056.365900
406.819926 1056.187006
403.818547 1055.167938
398.521575 1052.848842
403.351988 1054.881137
404.167156 1055.230093
402.154316 1054.351211
410.969732 196.441993
414.845679 195.368927
414.013147 195.579953
413.466428 196.172993
404.649548 198.141016
406.104880 197.776784
407.060289 197.485639
410.948473 1057.491207
408.508942 1056.806555
417.338398 1059.404565
410.538520 1057.497100
408.646943 1056.837247
411.040517 1057.637393
420.257482 1060.228434
416.235830 195.060126
416.366460 194.994902
420.108822 194.308533
414.690180 195.423094
419.196884 194.483106
420.164518 194.393253
420.262665 194.323065
413.474240 1058.284296
429.249020 1062.262873
425.958668 1061.835352
421.474027 1060.559708
421.174164 1060.399666
423.401837 1061.140043
419.541244 1060.004429
418.843078 194.390234
431.538375 192.224047
418.576988 194.629905
434.591374 191.491195
424.193649 193.508198
425.613050 192.656127
418.089424 194.655251
434.117977 1065.110260
429.324583 1062.569817
431.530103 1063.509496
433.743306 1063.601827
427.067700 1062.237698
434.428529 1065.064261
438.002076 1064.531770
443.895532 190.097843
431.190497 192.140183
444.021509 190.196634
435.593683 191.113331
443.609432 190.322876
436.069909 188.408561
434.018118 191.109371
445.990812 1065.317630
440.339830 1064.870652
438.924741 1064.983415
437.685614 1064.712549
442.499039 1064.880150
441.592499 1064.904837
450.649824 1065.733750
449.484199 188.710268
443.168993 190.475537
446.882953 189.767418
443.431726 189.679878
446.621246 189.817740
449.545665 189.067296
442.635171 190.518195
445.272176 1065.347267
453.262165 1065.966596
449.374687 1065.419917
450.337279 1065.584136
449.955720 1065.635167
448.635217 1065.525195
459.971600 1066.771291
453.669627 187.690763
454.726911 187.805146
453.893970 187.049916
456.361389 186.579029
456.348321 186.773915
454.807173 187.768839
455.002017 187.710737
459.899229 1066.714785
453.939767 1065.775834
459.783610 1066.769849
465.370524 1067.652838
458.231167 1066.479932
461.389980 1066.948296
457.973149 1066.604233
463.280861 181.015748
470.702543 183.327686
459.090283 184.946825
462.581633 185.899736
466.716020 183.821357
463.715852 184.144280
464.514555 184.643896
470.908309 1068.526528
479.382804 1070.208362
473.173208 1068.818886
468.356181 1068.103312
471.341256 1068.420011
472.422218 1068.525772
476.673111 1069.677580
480.759419 183.597214
473.858459 184.208298
474.892509 183.790628
469.897290 183.967594
473.732308 183.659625
467.676631 184.717148
481.566636 183.543957
483.280725 27.808954
475.405625 33.503877
478.358387 32.982903
478.518444 31.855571
481.024073 29.699143
484.838030 25.847342
482.973574 30.208806
478.455990 32.091002
481.007377 33.514267
478.276349 36.630964
481.905561 31.931759
479.195685 32.879982
474.804401 33.418086
486.323425 32.770890
482.181558 1070.235488
480.170969 1070.519270
479.152121 1070.306632
482.137708 1069.960390
478.608465 1069.857909
473.467581 1069.049187
473.874119 1068.911344
491.352344 37.615360
484.905026 40.596607
482.756049 37.629365
483.696066 36.518073
484.273674 39.320405
485.854534 42.650705
486.102514 42.973037
485.168649 183.437761
490.024564 183.283692
487.541151 183.339366
485.057488 183.463667
488.472056 183.390460
485.986592 183.460789
489.239891 183.426503
490.425444 21.138568
489.537407 21.329830
492.489486 22.137561
489.560563 21.204983
494.718487 23.936353
490.320446 21.059723
488.644444 21.335676
494.377427 55.158317
494.460470 57.225045
489.092334 47.591455
495.097211 50.957819
491.230221 50.991204
496.972434 47.343462
490.185741 48.484597
494.846171 1070.617515
486.933598 1069.958888
489.075912 1070.199232
489.477433 1070.340933
493.667986 1070.590650
488.830783 1069.851156
485.211404 1069.789057
491.950827 52.940083
497.590821 60.339505
493.797294 67.764788
494.871315 58.437451
494.779154 58.333592
495.619826 54.218329
493.226106 60.747636
488.661281 183.456998
501.934430 182.859518
496.408035 183.208928
492.341621 183.168693
486.458377 183.406148
497.917900 183.047311
496.877331 183.007879
491.911713 20.310653
498.005429 24.248372
497.639561 23.644241
492.464364 21.578120
498.077346 24.219186
492.684355 20.302441
503.621572 30.817871
503.350793 74.631187
503.370623 69.262075
493.448721 67.127630
500.249666 66.191378
497.099162 67.844537
495.724236 62.644326
504.180362 71.601075
498.487684 1070.683333
499.796694 1070.703316
503.705576 1070.682413
499.162568 1070.681803
493.834008 1070.596309
495.585111 1070.594235
495.846581 1070.583377
507.172643 33.182334
507.027712 36.655705
503.611558 32.906689
499.848428 34.313305
500.391558 30.769286
499.629758 32.700980
499.161674 25.793805
505.634159 183.405463
509.189292 182.297687
510.484786 182.519883
506.758862 182.831502
506.829989 182.770509
505.073285 182.910497
497.691396 182.981143
510.574975 80.676520
503.587628 72.430751
506.521720 78.723073
504.470200 75.907246
503.193135 73.764361
504.829251 78.341646
509.181154 78.099589
507.892587 41.663245
506.127216 37.513323
509.828723 43.311160
508.226023 40.468885
508.912479 42.607807
505.885986 36.538898
507.736824 38.727594
509.199958 1070.859704
504.547881 1070.776844
507.312755 1070.842955
510.973704 1070.913901
514.432283 1071.078433
511.635390 1070.997332
510.530943 1070.595274
510.028622 88.415641
510.990721 84.313016
510.222657 91.358892
513.324051 85.758207
514.426944 79.938268
511.885152 83.874436
512.048345 84.266793
511.404776 51.075888
510.100360 49.581302
509.379485 53.932897
511.295031 45.757105
511.646477 50.451589
509.448069 42.410932
514.301620 53.945558
517.843513 182.617759
517.092063 182.645703
516.552541 182.726064
507.302033 182.601802
515.825603 182.677115
514.918564 182.545418
507.332887 182.799320
510.766247 96.671128
510.509148 88.579184
515.312656 94.126105
515.631051 94.147074
520.971945 98.304340
513.682933 91.131246
510.311332 91.938961
514.912332 56.305006
520.556970 64.400593
510.752240 56.628381
512.691722 54.320793
514.960050 57.129942
517.358921 60.784759
515.853149 57.706988
516.657266 1071.234885
522.508729 1071.376931
514.812002 1071.157291
521.064639 1071.409430
516.754024 1071.160299
515.783342 1071.187342
523.444346 1071.438677
523.897474 67.591057
527.466964 70.853913
524.175576 68.076795
521.535323 67.661948
521.181624 64.707791
522.690968 66.523835
523.810997 67.430870
531.526835 103.171988
524.109596 100.009953
523.745789 98.733617
526.452321 106.576238
525.561735 101.231130
526.700877 93.625834
521.218544 96.670495
525.329537 177.563659
523.720044 181.464116
520.489282 182.201344
523.375725 178.780817
526.377924 180.117169
531.254925 180.744671
525.546256 181.278362
531.004938 75.094158
529.845589 75.069131
531.047887 76.023102
530.298577 75.404389
524.567679 72.068424
531.843296 79.615662
528.912966 74.688866
535.366743 107.984912
527.207130 99.084230
531.208888 99.636608
532.949827 109.537249
527.128055 98.524166
527.312432 107.561295
529.919877 106.551602
526.260644 1071.195454
533.891493 1070.109561
522.309258 1071.328124
521.806041 1071.431253
528.569642 1070.983237
523.234534 1071.471126
534.308618 1067.181125
541.169463 116.831922
536.034983 115.523627
530.399741 123.864169
540.579007 113.594073
539.861177 121.234756
538.778526 122.871051
539.120433 107.965213
536.418951 179.589448
537.017242 181.407298
536.955496 180.793024
531.421062 179.898087
534.647902 180.686354
539.136657 177.825559
525.164800 181.550338
535.158171 83.377116
542.484411 92.000902
535.594365 82.174006
536.640762 84.127883
534.097584 76.535151
536.184814 83.844948
536.832238 84.234133
542.047008 1070.598816
546.304857 1065.325406
540.142195 1069.064624
540.121200 1068.240216
542.794694 1070.627529
531.841539 1070.753527
532.147970 1070.586418
541.375279 89.686439
539.757701 89.016085
538.624658 95.000065
537.345287 87.053748
541.356173 95.307255
540.906730 100.416552
539.914629 92.410894
540.608732 123.570181
541.301315 123.798177
542.309952 123.899156
542.508006 124.320505
538.650569 118.885620
541.861856 123.969847
544.419333 125.653124
546.051407 183.795206
546.199887 183.762710
553.339427 182.915699
546.231325 183.743483
540.628194 183.315324
545.571431 183.463150
545.137001 182.792973
549.467364 98.450514
551.653117 101.385130
554.582177 104.415489
547.992753 101.023370
549.065754 97.896310
550.094356 98.008791
548.335861 98.945697
549.421490 129.823948
550.634406 130.097819
550.617064 131.681065
555.694255 125.963998
549.092985 127.981271
550.991531 132.417348
550.931664 132.186945
547.695445 1066.796897
544.296731 1060.343438
545.862100 1055.943145
549.855964 1065.739028
544.540978 1064.576278
554.528775 1066.623036
556.006432 1068.150426
555.202789 188.241723
550.079550 185.461186
554.561626 186.276153
562.734229 191.242216
551.383007 184.931300
556.557802 189.380934
549.978579 189.931343
548.908996 108.122879
554.370507 108.484038
553.104758 106.579837
560.424958 104.874233
556.098122 105.322483
548.057384 106.609995
555.174632 104.018354
550.822679 133.609730
555.192537 143.240952
556.196833 145.558081
553.121720 136.910103
556.098397 140.165280
556.168097 133.932083
556.270738 140.844964
560.476536 1066.936379
563.460106 1068.456109
558.018413 1067.981089
551.423712 1064.627878
564.346385 1068.238223
561.933497 1067.916442
566.378458 1069.564328
562.391359 118.283756
565.919923 119.512170
557.982380 119.111908
554.595105 119.450608
559.084434 106.919243
560.845587 114.167877
561.157743 109.137520
561.826227 147.803166
560.003051 147.302989
553.952079 145.142881
566.163096 147.921075
561.369384 147.396956
563.114883 147.744385
561.055219 147.001469
564.392571 159.414666
565.718889 160.715525
559.954735 150.128989
564.122864 159.347650
564.388047 158.220316
566.521029 162.014706
564.045317 159.450921
561.577493 190.852234
562.557940 186.566886
562.595104 187.072630
564.725527 187.984380
557.385599 189.615125
561.808403 191.413416
568.992176 185.520479
566.010112 119.442580
566.974867 120.600273
568.197644 121.391756
568.742945 120.686239
573.700293 120.560149
566.689482 127.203457
569.547504 120.523049
571.707678 175.583259
561.219443 171.012943
568.202944 169.743661
567.059418 172.897321
566.388460 161.014826
570.361926 175.772211
571.850569 174.727240
571.130789 1069.383070
574.212341 1069.534065
567.305275 1068.860636
572.051551 1069.513050
568.647339 1069.519998
570.124454 1069.404933
565.989165 1068.525676
576.820707 175.021472
568.562752 176.563516
573.905800 174.983985
581.017026 168.335239
572.786689 175.274106
574.962323 173.235721
573.955942 175.358428
571.507602 182.616573
575.048223 175.815993
583.412122 182.079421
567.961405 183.459705
570.062628 183.510220
568.136741 184.439885
568.561405 184.216612
577.472988 122.413929
572.663855 117.535666
579.209973 123.152665
582.241037 120.809523
579.505810 123.219645
575.519748 122.978790
575.558972 122.094147
579.951125 1069.992447
577.114336 1069.866743
578.406682 1069.896778
585.432167 1070.449067
578.774087 1069.910809
572.095878 1069.155521
579.724882 1069.859947
590.902751 117.533952
592.119006 120.059178
587.858466 112.231243
592.240938 111.964487
583.580522 116.550821
593.499245 114.993336
585.555949 115.289376
590.654001 1071.525794
590.395409 1071.461825
580.785729 1070.121595
588.901610 1070.889992
582.850734 1069.733837
588.242802 1070.767487
588.457523 1070.793163
590.634166 111.209747
586.471803 108.800606
602.971996 102.510212
595.746867 109.756644
590.114261 110.185892
600.728229 104.570713
595.423638 106.799609
597.894190 1074.624473
589.570078 1071.154677
596.566021 1074.730768
604.943203 1078.265426
603.587851 1078.295773
600.765076 1075.022125
602.823702 1076.272103
601.346351 98.535250
602.853187 97.903870
601.093050 96.117905
604.597043 91.957801
601.677078 93.837972
605.736514 106.940308
599.738612 97.250216
605.912638 1076.741852
599.414908 1074.458117
607.892907 1075.774575
607.603726 1076.905819
611.973360 1077.621679
607.375815 1076.591001
613.551139 1077.607840
606.759577 85.712925
611.604723 80.515976
606.380068 87.078455
606.926545 86.352784
609.542184 82.333702
600.619717 86.299331
609.497102 82.225733
616.494287 75.912889
616.454020 76.254835
622.129975 74.927083
618.023753 74.621005
617.397707 75.373285
616.775145 75.690282
614.970917 77.334456
621.909636 1076.069053
626.808587 1076.706295
624.026206 1076.747643
616.850462 1077.419552
618.772625 1076.608310
610.407121 1077.183594
617.896433 1077.107942
619.509599 73.773051
625.958534 68.736999
623.988400 69.274475
627.971803 65.231465
625.319451 67.247145
628.207608 73.415697
631.889373 65.574389
631.088431 184.672961
632.155009 187.613537
627.874196 183.093567
629.653329 179.872633
625.827911 182.916640
630.595951 189.084090
622.353674 182.308414
623.137905 1076.918916
621.019289 1076.387866
629.449196 1076.662627
629.902846 1076.471762
624.740978 1076.800041
626.509346 1076.616031
626.384485 1076.782476
623.209949 173.143282
629.532158 174.584870
631.462147 183.455175
631.867189 171.975958
630.221871 173.333530
623.419022 170.198685
623.289427 178.491798
636.036669 63.548897
636.539585 61.201468
633.746135 65.731553
624.165681 63.012565
636.778529 63.237026
633.641594 64.055832
630.013286 64.158637
628.691525 184.196468
634.427536 187.228873
633.384715 187.676849
629.288248 191.728014
636.671687 185.536959
632.712614 188.268180
630.579998 190.608696
632.904448 170.716827
641.546072 162.798447
630.299689 168.261497
638.466324 168.279671
640.531369 169.305079
641.527706 162.118787
632.374040 171.211761
631.526981 1076.282401
640.706156 1075.973163
638.061161 1076.099866
644.981400 1075.816508
638.578164 1076.142236
640.199722 1075.954320
633.594541 1076.414032
647.883939 52.427688
642.582393 55.081409
645.529518 53.230138
643.082054 61.790090
648.101436 51.989104
642.048480 55.605484
638.527759 57.449652
650.250087 157.443645
642.114011 157.984194
637.856905 162.451012
639.100817 159.452914
635.219884 153.989830
651.738258 162.615383
650.648809 155.784661
638.540775 186.057107
641.950887 180.676242
642.717260 184.167579
643.583230 182.069527
645.690703 181.625861
643.336827 186.698599
647.469143 185.072367
651.258754 1076.002096
649.723120 1076.053023
651.872098 1076.019151
642.901568 1076.152252
644.719867 1076.024055
654.219152 1075.809022
648.047684 1075.340857
655.173801 148.179260
652.629784 154.062128
650.934459 151.990858
648.427823 152.949009
648.572388 157.814712
648.817926 154.601175
650.303411 150.598140
652.949140 49.081083
651.311691 49.978166
644.849652 53.607748
649.915531 50.836831
650.854810 50.319518
646.757537 52.716135
653.147502 49.280075
656.913220 184.543033
654.548859 186.983549
652.750476 186.821115
653.473677 186.729176
659.455251 188.097322
655.106536 187.137549
658.805913 181.878320
663.910245 150.665416
663.276454 137.917789
659.567467 144.348758
659.452488 144.808242
659.699451 145.004435
657.243872 147.499826
663.178869 143.473907
654.892388 1075.678283
663.521332 1074.727494
658.281633 1075.435031
651.893497 1076.021145
658.903122 1075.361375
650.886696 1075.859356
657.945584 1075.510091
661.949714 43.992291
662.845003 43.863293
662.305152 44.369745
660.188311 45.194226
661.820524 44.092717
662.766819 43.821840
666.205217 43.650270
667.407763 133.609583
666.642086 133.307051
665.189169 137.222011
665.782023 138.096843
671.657604 129.626350
663.581560 139.436187
665.649423 135.697179
670.548803 190.236045
666.164268 188.411462
669.720122 189.560116
662.941873 187.511521
668.139863 188.670117
661.036207 185.035234
661.270931 188.194515
666.943491 1073.983900
665.494134 1074.368087
667.418430 1073.941391
666.015262 1074.322204
669.134730 1073.529050
665.659572 1074.384398
672.534873 1072.621580
669.001304 43.931560
662.330598 43.918779
678.587428 41.063219
669.565813 42.945130
669.042069 42.814615
674.321379 41.905210
667.672623 43.054222
665.854103 128.329325
674.439599 124.546734
678.843166 128.625092
675.182878 124.418619
674.592291 128.214718
674.916662 127.823425
670.703541 123.838272
670.665243 190.262436
671.655391 190.356586
674.917261 190.933825
672.601191 190.485232
674.499436 190.899702
677.354115 190.823345
677.076195 191.290356
679.328227 1070.618170
683.346627 1070.146270
676.989897 1071.457795
681.431370 1070.512039
678.546376 1070.825131
682.749987 1070.052920
680.542648 1070.334076
676.351753 41.681700
682.608935 41.019369
677.701832 41.455400
688.602718 39.465542
673.802203 42.453416
685.965383 39.674750
683.480157 40.005245
685.145793 125.155269
680.389704 127.404851
682.244765 126.756448
679.948247 126.426114
687.462223 124.539384
681.278093 127.006957
692.025436 123.655969
688.696440 192.898592
689.058760 192.899363
686.753702 192.925002
683.669902 192.068091
685.240679 192.244075
683.534403 192.318635
685.622431 192.317730
688.335471 1068.942241
695.061575 1067.773024
689.320923 1068.628928
678.967351 1071.108353
692.642048 1068.061466
688.378453 1068.831974
689.044964 1068.735203
692.141372 37.241888
686.994902 39.859032
693.989876 35.863081
693.476148 36.004647
693.867435 35.895755
693.749019 36.732109
688.674850 39.198738
697.916294 113.508700
697.277443 121.629652
692.996237 123.863053
693.291231 123.916584
687.756751 122.901560
690.954753 122.121891
699.345497 118.955423
696.576336 194.165707
699.237552 194.670803
691.177084 193.609189
695.006140 193.810594
692.587333 193.652935
693.571724 193.679903
699.382053 194.654296
700.233602 1067.764525
698.421869 1067.669173
697.597988 1067.747675
693.118605 1067.976639
697.190369 1067.392255
699.780502 1066.792956
699.440759 1066.901764
698.251454 38.001054
699.182552 39.463615
701.809715 39.514013
708.882914 41.116458
704.963917 40.848564
702.563058 39.155789
698.218690 38.898157
703.273693 114.835189
695.782502 116.010056
705.660802 123.079814
708.658693 106.727479
703.568839 116.991097
698.970732 109.588520
706.958004 116.772409
703.927903 195.201219
708.703183 196.129104
704.810869 195.051103
704.688873 194.999566
698.391347 194.390083
710.425131 196.809321
701.349103 194.783446
708.086496 1066.799851
714.627212 1066.144556
705.508203 1066.818634
706.022296 1067.013668
703.328853 1067.200017
707.758631 1066.816922
709.633652 1066.625181
705.561163 39.140888
711.006867 39.652206
704.800000 39.005656
706.517372 39.887479
708.435496 40.461600
707.125685 40.548927
710.001706 40.520850
710.137095 105.096160
715.323311 98.016276
717.610254 99.769687
710.139291 105.140447
712.802324 102.120352
710.075670 105.199304
709.345526 106.846258
708.088533 196.253974
712.940415 197.306993
717.450819 198.297273
714.200124 197.063159
716.722011 201.141604
714.009641 198.835816
712.292189 197.674504
722.267033 1065.143062
714.063008 1066.216101
722.794605 1064.755402
725.133177 1064.715524
717.233880 1065.766672
723.518678 1065.237762
714.210453 1066.172891
717.686236 39.641820
720.008182 40.256742
719.880420 39.819015
714.678147 44.230191
720.719164 40.617840
719.943633 40.087794
713.063720 39.816279
720.887388 104.713321
721.999283 103.399650
723.446173 103.573278
715.856686 100.721059
720.558286 102.351653
722.325096 110.843891
725.469819 101.418197
718.219665 199.690245
727.129145 199.755307
723.251894 198.384207
723.376036 199.623106
723.598966 199.351310
724.965325 195.364251
726.709467 201.711223
723.258912 1064.954886
725.767996 1064.965774
731.463423 1063.429039
723.444278 1065.248531
723.302975 1065.073252
722.821411 1065.292627
725.070540 1065.092031
727.500042 39.671795
733.953862 45.873732
730.232044 42.718621
730.081951 40.567807
732.435738 41.602906
735.480270 38.834508
725.930878 39.490060
736.610856 96.968729
723.860731 102.540746
731.757992 98.052234
725.940380 102.589072
723.514289 103.496149
736.719167 97.592130
731.573915 99.053805
735.278816 203.111606
741.076049 204.720859
734.077757 202.895998
726.600573 201.458062
726.262951 201.130672
738.129232 203.847092
728.991004 199.486598
736.431494 1062.517365
735.285475 1062.843680
739.402425 1061.548827
731.519371 1063.630304
742.157510 1061.490562
738.875458 1062.124273
738.623589 1062.170557
739.231216 95.872472
738.654742 96.189714
738.620857 96.296877
744.417880 89.315419
738.827048 96.240424
737.419659 96.677241
738.033752 95.544549
745.270309 39.879630
735.566173 39.127799
731.672321 40.359494
734.767316 38.699366
737.774347 39.984722
737.476673 39.223988
740.935551 39.416918
733.345069 202.411927
737.807373 203.352090
744.616337 205.566654
735.723463 203.088699
743.888874 205.559798
745.363472 205.849029
743.444313 205.369031
751.489794 1057.250804
744.133086 1059.042975
748.012732 1058.616413
750.445019 1057.675127
751.344072 1056.870237
742.278880 1061.405687
741.322299 1061.458248
743.624362 93.788770
741.386711 95.086993
748.106117 90.637910
755.085185 92.470392
741.856394 93.905783
745.466640 92.740515
749.966008 91.768218
756.887862 45.195916
752.734722 42.600737
749.507871 46.770265
745.958312 39.864039
750.796142 43.025600
752.165534 45.777398
745.169604 39.505661
758.063368 209.237584
752.027042 208.014540
746.932827 206.300012
744.614975 205.745425
752.127077 207.764322
756.406538 208.890060
752.709815 208.029677
764.489547 1051.361170
750.774832 1057.543791
753.831875 1056.134036
759.109897 1053.628229
762.546056 1051.995495
762.358388 1052.301591
752.363802 1056.836025
757.601674 88.383528
761.952736 93.059936
757.158189 87.154080
759.471545 89.294963
757.595120 86.186622
762.232802 94.086912
765.072168 89.426149
758.034667 45.464237
764.638698 49.589932
753.677217 42.876941
754.405976 43.356971
759.688917 46.534130
753.901233 42.921047
768.016410 51.228027
769.475158 213.224981
767.393236 211.902944
755.674464 208.774533
760.713691 209.929472
762.525824 210.448383
762.042256 210.327813
757.338444 209.064286
767.873213 1049.452253
765.012305 1051.104662
764.725143 1051.223459
765.832334 1050.722206
773.324643 1046.959427
765.148883 1050.973265
762.884036 1051.935814
766.884284 88.137138
765.515324 87.009274
769.196153 87.746575
765.341738 90.756859
768.978620 88.198229
774.556321 86.058020
767.873109 88.514655
766.164753 53.243864
770.244162 52.002976
767.634291 51.644223
760.140041 46.655891
774.868040 53.320477
774.652427 53.574906
771.223422 52.228741
770.047046 212.531523
772.271122 212.971208
763.670605 210.921111
769.394194 212.512459
776.201166 215.146150
779.754060 217.052537
770.789206 212.459665
778.055710 1045.308648
780.220936 1044.155470
777.586665 1044.986718
775.182214 1045.745143
771.069820 1047.619378
773.744285 1045.326866
776.763411 1045.360354
777.170276 55.327897
783.382478 62.956729
769.498116 52.882454
776.013784 53.614134
777.165966 54.995245
776.703374 53.906413
777.010693 54.847346
778.520119 90.443542
772.819622 84.706694
775.058790 80.378707
775.417370 86.714659
773.391779 79.088147
776.721405 87.599362
775.652036 84.728130
778.083506 212.830625
779.564054 218.811100
780.485171 219.203294
784.888220 220.743545
779.937681 219.025968
783.483431 220.891577
780.162381 218.742711
782.681516 66.835134
782.865827 62.105424
788.038622 62.898541
782.205234 66.576405
781.420263 58.608516
786.858501 62.369321
784.515595 61.327344
781.536197 73.891395
781.894228 72.280457
783.207788 71.336550
781.512088 71.458784
783.906845 69.261200
781.106591 74.740571
786.110229 64.069527
789.042173 1040.743398
784.481764 1042.508319
781.122068 1043.679391
792.181626 1039.444897
781.385079 1043.858201
788.102572 1041.140285
780.244243 1043.805862
793.814085 224.385223
781.848652 219.639250
788.572578 221.565769
797.076323 226.012726
789.418098 222.867443
795.953654 225.552294
790.047410 222.886760
792.983532 1039.092453
793.274900 1038.879159
797.741879 1036.760314
788.314952 1040.974232
795.024136 1037.897265
794.973286 1038.245538
789.700141 1040.450106
795.483434 225.104504
798.582578 226.609044
804.893622 229.871668
798.975094 226.803205
799.937852 227.192508
799.995479 227.208341
800.447914 227.482774
806.986322 1033.784217
802.884173 1034.700252
809.741625 1031.871737
798.961790 1036.318242
811.464994 1031.457295
806.337058 1033.205243
808.311242 1032.703051
809.578693 232.275039
806.320147 230.610377
807.734217 231.348407
800.062648 227.260390
804.727501 229.842631
807.859104 231.402087
802.331641 228.669451
811.971995 1030.969394
812.986080 1031.088450
809.388427 1031.817154
810.544908 1031.197404
816.304335 1029.769279
811.346389 1031.380582
819.059478 1029.152572
820.879207 238.029654
814.103803 234.570636
817.557255 236.331106
812.368773 233.690781
822.388852 239.720861
814.682000 234.864710
813.755922 234.395017
821.452539 1030.733706
822.289702 1030.425340
825.211810 1025.650624
817.153216 1029.516750
826.139094 1024.665097
815.586258 1029.767646
822.374284 1026.748498
828.562181 241.258575
826.390741 242.526864
830.750860 243.231358
828.526840 242.618532
825.659824 242.086863
830.547811 242.056388
829.249955 241.338572
829.470322 1022.262876
830.653262 1021.624434
833.146941 1020.032956
829.044126 1022.604679
830.257699 1021.726622
832.031315 1021.064513
826.836071 1023.902446
833.500958 245.369767
837.358768 247.739022
836.152002 246.574189
835.578180 246.324218
838.945117 248.966826
832.075782 243.703914
837.933455 248.337081
845.163283 1011.941233
841.449955 1014.779951
840.282032 1015.476729
840.593116 1015.306990
840.278882 1015.457626
837.247384 1017.254073
839.511067 1016.025634
841.015096 250.428320
845.728427 252.908533
844.777158 252.506292
845.062891 252.675677
838.038673 248.284329
844.325475 249.051685
847.564693 254.177341
845.604917 1011.821270
849.294301 1009.284950
849.028642 1009.474424
850.775819 1008.227251
847.853727 1010.292635
855.010533 1005.182419
841.240021 1014.903410
856.295991 259.757507
850.505831 256.029230
851.187392 256.532284
854.949791 258.897771
855.214909 259.118729
851.781590 256.581556
850.234884 255.945407
862.656626 999.846766
858.386525 1002.066194
850.594796 1008.307953
856.406838 1004.120473
861.075665 1000.925399
856.567167 1003.614828
852.462485 1006.738617
869.642201 268.898877
864.568249 265.702168
863.267685 264.494772
858.046492 260.963922
861.753194 263.437281
861.851948 263.513619
858.960089 261.511606
860.132583 1001.418550
862.383861 1000.034035
865.823460 997.724159
865.698075 997.745138
865.639675 997.846590
866.312932 997.344193
868.818106 995.263649
865.734001 266.064733
867.604002 267.478318
866.499433 266.787048
873.429121 271.720124
870.714511 269.663193
866.026580 266.559266
865.318609 265.854008
871.263266 993.927326
870.024011 994.781288
874.283281 991.916609
877.413668 989.657640
876.891043 990.024382
871.624877 993.742565
876.105100 990.636555
875.446660 273.271230
880.804488 277.471834
872.605742 271.296456
882.741241 279.239534
885.153137 281.366411
874.956067 272.892040
871.107525 269.965411
881.266370 986.705642
887.777088 980.531507
887.877937 980.684157
880.237948 987.499525
880.932690 987.018941
883.158091 985.107635
882.590181 985.489612
885.189913 281.659955
894.627909 288.445655
886.970264 282.562661
879.605844 276.542331
884.780170 280.753815
888.702437 285.004785
885.963389 281.533315
887.242389 981.549022
887.210621 981.556776
887.900618 980.871635
890.890386 978.051719
891.967843 977.156956
890.155775 978.865216
889.896364 979.021207
894.078535 289.118862
893.884780 288.353926
891.709764 286.849168
893.280231 288.098051
897.017614 289.557898
891.251379 287.536082
898.726794 290.826654
899.791434 969.835918
901.781936 967.888320
900.972373 968.761436
899.102958 970.470321
900.911821 968.802861
900.156402 969.473620
899.580533 969.946702
906.619171 299.872074
904.253576 297.654711
902.229739 295.859582
904.593572 298.329520
905.146304 298.066974
905.421577 298.856936
898.163162 290.934285
908.683489 961.068794
908.010723 961.771855
907.434249 962.412143
907.863423 961.906994
905.990355 963.530589
907.368957 962.522618
907.815856 962.032708
910.104793 303.006159
912.096122 304.670284
904.023443 297.812148
912.747371 305.018554
903.790925 297.472024
909.143152 302.151894
907.159623 300.405403
915.188168 953.768588
913.722326 955.319766
917.558974 951.759053
913.517422 955.682712
914.394928 954.397912
911.335958 957.893862
913.579232 955.662934
911.623918 304.236556
923.013134 314.217426
917.127536 308.988562
922.633186 313.792238
915.504594 307.579354
917.716561 309.466301
916.014343 308.046234
921.864024 947.228875
923.612912 945.325585
923.626664 945.250762
922.563861 946.525799
925.575424 943.329653
916.521655 952.855551
921.252068 947.784353
923.754989 314.916435
930.546383 321.412165
924.982192 315.823778
925.488850 316.301360
925.959191 316.714384
931.883875 322.851023
927.269343 318.052735
933.065187 935.458161
931.952673 936.603172
931.157997 937.477827
928.843974 939.818532
931.575781 936.806216
926.750259 942.081342
933.497155 934.950111
929.069611 319.844912
930.467999 321.390918
931.715945 322.893772
935.621698 327.181775
933.621565 325.017912
934.306841 325.674768
934.396478 325.716838
936.042049 932.277823
941.788820 926.088932
933.436822 934.987035
936.340912 932.037101
937.486233 930.887989
937.150289 931.244680
939.620519 928.541270
938.688272 331.105870
943.874069 337.804867
940.469694 333.152594
937.914445 330.001610
940.232313 332.862678
941.048154 333.873264
942.028533 335.093566
946.098200 920.814651
944.965892 922.333354
947.845785 918.746947
949.256357 916.866887
939.351775 928.542857
941.355303 926.649300
942.906475 924.811130
945.791834 340.267017
946.151705 340.715780
946.861761 342.189170
944.994631 339.144105
944.988779 339.109696
943.880416 337.719204
943.117861 336.577070
951.033748 914.453322
944.756246 922.301378
949.077593 917.002311
946.710468 920.160020
952.699142 912.215627
950.336957 915.385009
947.707650 917.296246
950.612803 346.928811
949.386798 345.209124
954.074446 351.986039
952.394977 349.407626
952.647643 349.776562
953.832975 351.538772
954.234712 352.094550
960.766771 901.394196
954.684487 909.035312
956.587304 906.953672
951.881511 913.067972
953.219158 910.984173
959.299821 903.378623
960.843516 901.347405
963.233693 365.772078
958.084601 357.799908
962.419389 364.415242
956.720038 355.846110
959.962288 361.046482
959.436138 359.847498
953.590241 351.149261
964.013606 367.154088
967.001096 373.042677
968.141660 374.686028
962.456640 364.454825
961.596587 363.468017
961.288659 362.719348
960.256078 361.043741
964.017862 897.156629
966.301698 894.227605
965.555240 895.173588
964.660533 896.360967
965.891178 894.746092
963.510627 897.819006
966.306555 894.196496
964.946510 368.913984
972.931476 381.297595
969.151885 376.141431
967.069269 373.183469
971.262560 378.847193
965.608997 370.121903
970.610387 378.179523
974.585065 882.851262
972.256344 886.530103
971.784045 887.317882
972.151971 886.784073
970.045797 889.502785
971.946351 887.110515
973.850778 883.919187
975.181767 384.570543
975.294600 384.720290
976.299610 386.050578
974.529184 383.659987
969.522751 376.692669
978.404319 389.293346
974.874707 384.128771
978.440503 876.914903
977.331449 878.789246
975.759494 881.235565
978.152268 877.405852
974.742732 882.731530
977.210712 878.999138
975.554963 881.552238
981.509739 392.818563
983.545055 395.811312
985.363739 397.983924
981.885014 393.411996
977.455321 387.747716
984.333840 396.363055
984.607503 396.753073
984.825920 865.354352
987.986370 858.844669
984.607106 865.711251
985.355017 864.310717
983.400458 867.858981
983.519807 867.297921
986.850187 861.576527
986.307673 399.554698
986.486487 399.853291
986.994873 400.853270
984.257335 396.218110
983.696887 395.495492
983.077017 394.964524
987.302981 402.123755
990.385375 855.759413
988.033387 851.383690
986.338724 861.315064
988.679765 855.816874
990.020309 855.660863
990.983995 854.203889
989.391835 848.879562
991.365499 408.969379
989.370498 406.323818
989.011523 404.765664
991.666687 409.458595
991.681740 409.497660
992.854065 412.643626
994.057443 415.708880
996.216855 422.133919
993.741644 416.002763
998.146392 425.487453
995.447753 421.416119
991.353943 409.209746
994.100781 415.952325
995.017325 418.260893
994.594514 841.915854
990.936126 848.693463
991.673100 850.359473
992.438496 845.866513
997.929213 836.089669
987.855873 850.707345
996.309469 838.601294
996.288587 422.369767
999.680479 428.258003
995.235797 421.201765
1001.941379 431.949960
996.033768 420.418210
999.724010 428.311574
996.315478 422.704597
999.482974 833.975081
996.507130 837.370895
1000.376238 831.317066
1000.537735 831.508812
998.314119 834.012751
996.474636 837.200452
998.388956 834.815915
1005.633447 438.069592
1002.849385 433.459725
1002.413497 432.732129
1004.675367 436.469248
1005.378175 437.635653
1005.122847 437.217496
1001.748618 431.525028
998.792975 833.580188
1003.798434 825.188112
1005.359253 822.222073
1000.092336 830.758737
1002.826526 825.315131
1001.481476 827.974811
1005.528250 821.963267
1011.592515 448.561133
1010.075263 448.147602
1007.734522 441.646625
1010.005729 445.639823
1010.515929 446.446782
1011.520425 448.364984
1014.550709 454.448017
1006.968063 818.895891
1011.294229 809.296987
1010.887853 810.318749
1011.377659 808.782910
1010.257824 811.530297
1009.282243 813.901793
1008.982386 814.614514
1016.428690 458.089626
1016.896411 458.735073
1017.104724 459.122727
1017.039203 458.965107
1011.192572 448.682911
1013.102061 452.356030
1011.476313 448.189031
1017.657024 795.220756
1016.083855 798.721276
1012.996990 805.373551
1012.583659 806.060785
1014.335160 802.489400
1013.711363 803.881133
1012.018699 806.917958
1019.608867 466.729158
1018.347741 462.973276
1018.650539 463.739264
1017.260929 459.933519
1019.196885 465.351713
1019.131803 464.979354
1018.687361 463.934910
1021.421577 474.293386
1019.454928 465.989667
1021.312905 474.011211
1019.037597 466.952658
1021.904523 476.706800
1020.108006 469.384075
1020.009802 469.852234
1022.270249 783.607238
1020.645592 788.524041
1020.056273 790.346611
1021.138526 786.697134
1020.264008 788.890932
1020.860619 787.894986
1020.097832 790.315255
1027.430753 492.473979
1025.075865 485.748836
1024.432105 483.684995
1025.027520 485.684748
1024.497851 483.774880
1025.305943 486.188318
1024.101214 482.295626
1026.965657 769.929393
1026.721816 770.679261
1025.235362 774.564355
1025.899739 772.626664
1025.137657 775.235566
1028.116368 766.387260
1027.211703 769.281267
1027.447623 492.461015
1027.928820 493.963335
1029.610878 499.619639
1028.248046 494.958171
1027.202738 491.894425
1027.899558 494.170471
1026.634906 490.327961
1032.511710 511.155838
1029.821269 500.215395
1029.827274 500.840958
1031.728768 508.069190
1030.806579 503.591349
1029.562807 499.338699
1029.440047 499.880469
1027.237533 768.885422
1029.443282 760.937197
1029.687564 761.051868
1030.520197 758.595466
1030.142205 759.786983
1030.609184 758.113346
1030.029614 760.156068
1032.584521 509.699424
1033.270896 518.255293
1035.192508 517.928037
1032.343879 509.394914
1035.163101 518.862970
1031.344861 508.019975
1033.235100 511.874878
1036.589011 521.736614
1032.679429 518.007234
1035.170466 520.988739
1032.802266 517.152700
1034.842908 517.239326
1035.198995 521.092484
1033.161566 523.289101
1035.728627 740.787828
1037.726575 732.754866
1034.178907 744.217855
1036.304820 738.776238
1035.506601 740.542682
1034.320545 747.909516
1035.965428 739.844578
1031.949694 754.203012
1034.036701 749.484741
1034.066658 749.509864
1031.286954 756.280361
1034.246145 745.811430
1033.984518 749.656869
1032.054472 754.637671
1034.928462 523.278894
1034.426310 522.136520
1037.271101 528.742591
1038.878661 538.836506
1037.609484 524.839793
1037.700045 531.796559
1038.377134 527.279174
1037.661102 536.511530
1038.033904 540.906800
1041.516095 548.342832
1037.607898 541.790120
1039.196676 544.274947
1036.669856 545.771409
1038.755306 542.149528
1041.134457 714.534126
1040.603342 720.705539
1040.570598 714.741909
1039.632614 716.132577
1041.840641 716.558274
1041.666008 716.731372
1040.034466 715.719817
1040.207154 722.413819
1041.739397 716.306089
1037.931359 731.562422
1039.381692 724.862652
1040.061011 718.771460
1038.063278 731.169438
1039.925733 723.013979
1036.395251 546.134328
1041.059261 550.319104
1042.073560 557.902033
1037.494964 547.693608
1036.999904 546.819063
1040.957503 547.296234
1041.134758 550.117921
1041.387185 558.866526
1042.819709 558.880251
1043.415741 561.788884
1041.583909 553.182336
1043.843396 562.439428
1042.654679 561.992623
1041.786569 558.819409
1043.456433 568.371514
1044.749825 573.858474
1044.141952 569.756274
1043.997311 573.378327
1043.923776 569.250212
1043.797605 569.078689
1043.749025 569.805600
1044.673380 577.433824
1044.768630 578.969166
1046.049521 585.445831
1046.687218 587.798147
1044.784342 579.195241
1044.903916 575.161995
1044.910852 579.705210
1043.957036 679.784993
1048.234587 672.265700
1043.829188 685.471582
1046.663381 675.656035
1046.914878 676.625298
1045.105764 678.964079
1043.322514 684.447112
1046.632593 692.068559
1046.481224 689.452795
1046.753798 686.636564
1045.181412 680.217975
1043.528048 690.126005
1046.675516 691.288043
1046.000964 681.507756
1044.890229 700.030943
1043.924652 703.348751
1046.266486 694.435981
1044.050100 703.228791
1045.658169 697.202394
1044.949446 700.429386
1044.635813 701.831996
1049.286572 598.695742
1045.848788 588.075079
1046.106503 584.960221
1046.430819 591.791470
1047.984725 592.440180
1047.632288 591.128476
1048.592290 594.630018
1048.224825 593.245133
1048.461553 594.403441
1047.177266 598.043646
1046.839255 590.911960
1050.048521 603.977472
1048.760731 600.361676
1048.866314 599.394027
1053.440751 610.073143
1054.269423 610.061697
1047.269283 605.416339
1047.470329 605.971057
1050.678576 608.487795
1052.264900 609.301436
1049.536041 608.516854
1048.328221 614.084153
1047.853362 607.915045
1049.764663 617.829683
1049.160084 619.501529
1048.568530 611.876949
1048.270383 624.277124
1050.446796 611.481934
1050.627034 627.871698
1049.255958 635.556861
1048.991370 629.472414
1048.067061 621.648595
1050.436522 635.837155
1054.760891 631.363169
1048.992403 627.686338
1049.363355 636.312775
1050.037462 639.070606
1049.755438 637.739891
1054.762217 631.624125
1050.089594 638.867974
1049.244254 642.822373
1050.033480 638.842565
1050.456805 650.508201
1048.846174 656.319848
1058.538271 647.097526
1054.582676 650.112102
1048.845955 647.136737
1057.082914 648.213004
1049.054566 647.169575
1048.727517 655.409776
1049.221490 658.409928
1047.756721 661.682123
1049.394331 658.413184
1047.503363 666.843451
1047.283618 664.869564
1049.631709 657.920664
1042.941684 674.383284
1048.625632 668.616126
1046.823355 666.960240
1048.110304 662.576584
1051.333950 658.480314
1044.378117 672.682190
1045.066758 671.918886
