96.422528 584.518850
97.489996 575.660281
97.154914 583.071707
96.089063 587.369844
96.736860 580.544713
96.285519 584.891644
96.831474 582.223118
95.382900 592.956383
96.282517 588.709550
95.481754 592.231152
97.775044 600.000865
95.191660 594.392884
96.564623 592.586664
95.112185 594.380467
93.513089 606.437572
94.252144 601.136098
94.385167 601.064452
94.391434 602.595770
94.017468 603.583342
94.574927 601.034505
94.692666 601.547283
91.388926 617.132293
99.528504 611.451796
90.773527 619.210143
93.723132 605.634760
93.278087 618.899729
92.449859 614.374600
99.605573 611.194957
92.853754 621.642213
93.872145 623.120796
88.554655 627.110956
89.874383 625.047731
93.536849 621.476823
90.608562 627.259374
88.836776 627.072770
91.271955 631.003568
92.680096 631.688696
95.273369 623.709728
89.362914 627.320062
96.396986 624.443987
95.550038 632.014186
93.621674 629.672687
94.734219 640.203141
94.023562 640.446042
96.312939 647.710273
93.828011 644.729405
95.640037 638.507556
95.415615 642.408882
93.825627 643.418538
95.484200 652.365928
94.931245 652.293793
96.616801 654.058460
95.766405 650.397008
96.822184 658.776037
97.244142 651.975761
95.286314 650.805908
93.647997 661.892108
94.385570 662.909708
94.346714 662.631128
95.317173 664.229162
97.029255 662.881656
95.735770 657.324135
94.647926 663.018638
96.238082 671.376608
94.926316 665.260180
95.362421 667.517804
97.040204 669.037078
95.824455 669.686867
96.671658 672.816680
98.036878 676.065137
101.188742 543.695605
100.965070 545.141593
99.191816 552.032451
98.734392 552.533816
99.664025 549.741299
99.986679 548.541789
98.570503 552.545739
98.945652 553.431397
99.277935 559.110223
99.208158 551.306558
99.041875 556.371704
98.933546 555.162639
98.995870 555.878272
99.041222 556.393538
98.633404 566.705357
99.115859 563.140206
98.872016 565.756693
98.064517 570.190704
98.439568 567.959604
98.178435 570.348285
99.760214 561.263683
99.207419 680.952631
100.283043 679.549574
99.948619 678.260041
99.424352 681.303352
99.243135 680.034211
100.224185 678.896032
98.274935 678.391282
100.242694 692.171897
100.442468 691.195904
99.107382 685.243673
99.505512 685.529427
100.216880 688.320391
100.795186 697.611047
99.769673 689.602560
100.552648 696.057066
101.376084 701.867818
101.584561 702.897989
101.013358 699.734183
100.555441 696.849689
100.694608 697.640550
100.586416 696.905630
105.340457 523.108665
105.154590 524.139666
105.054958 525.080297
104.283312 529.352431
105.244006 523.629769
105.573612 522.278255
106.109387 520.159852
103.212141 535.136046
103.793189 532.490728
103.624567 533.205902
103.757558 532.693683
103.311508 534.675187
102.869325 536.560865
102.654412 537.714834
102.391952 706.771542
102.836730 709.893228
102.931557 711.631108
103.177364 713.240331
102.862643 710.225783
102.774757 709.555093
102.832764 709.829458
103.397961 715.905212
103.325859 715.400321
104.612780 725.594817
103.886540 719.991541
103.422439 716.236567
104.627888 725.136758
103.785740 719.192861
105.087518 728.138811
104.953462 727.718250
104.715665 726.242255
105.408923 728.950318
105.331392 729.859567
105.604001 731.146114
105.954061 732.801617
109.376524 505.990394
110.798455 500.642355
110.181528 502.613293
110.635404 501.206378
112.045243 496.824433
110.191734 502.572105
111.483906 498.940448
107.514005 514.187784
107.725756 514.073637
107.493121 514.256481
108.933319 508.450310
108.274316 511.268108
108.026508 512.147889
107.734287 513.122138
108.393130 743.620879
109.325286 746.251824
106.482201 735.841701
107.539348 740.832101
108.296310 744.255122
107.487986 740.549920
106.947062 737.499119
109.131516 748.225975
109.814154 749.930337
109.302090 748.574899
108.822223 746.863014
109.726071 749.568416
109.499064 749.024576
109.075733 748.048597
115.757376 485.202895
116.086663 484.088306
116.607353 482.488439
113.775981 491.559452
113.726234 491.621553
115.504074 487.330253
115.699004 485.461559
113.595428 758.246710
116.766707 764.473179
113.120267 757.556286
117.820515 763.217261
113.753930 759.142191
114.588881 759.980251
111.179614 753.020854
118.174846 772.460655
116.904297 767.997256
116.428618 764.718952
115.776137 764.700959
116.618453 766.325056
114.585666 760.815818
117.407333 769.926472
120.818926 468.796056
118.966752 474.870548
121.319910 467.325092
118.051332 477.892646
120.034651 471.303175
121.228918 467.600467
120.437469 470.129277
118.893058 774.959421
119.714190 777.602864
121.904122 784.583144
119.033159 775.435853
119.268631 776.328925
119.048306 775.619044
121.018925 781.259660
124.674489 458.033871
124.698902 457.966029
123.422084 461.581658
125.141187 456.857327
122.810551 463.129843
124.827021 458.078679
124.819582 457.602794
122.690282 786.821276
122.072308 785.071395
122.963381 787.354271
121.212075 782.312251
122.605442 785.992435
123.166703 788.522353
122.381404 784.549016
124.957739 793.860854
126.737282 798.563539
126.809015 798.485343
125.220093 794.823223
127.591518 800.731492
125.218284 794.628929
125.755524 796.276082
128.971923 447.094962
130.249770 444.395182
129.233330 446.746060
128.398360 448.585202
127.498702 450.939638
128.999850 447.052458
128.742296 447.670558
130.981571 808.689397
126.942383 799.245651
130.272870 807.049710
129.980768 806.255710
126.896824 799.147479
128.732817 803.488334
130.887755 808.537085
132.866734 438.377271
134.468248 434.773013
135.560012 432.469500
138.626349 426.426363
134.119174 435.604733
136.292698 431.018600
135.101451 433.401965
134.719634 817.262590
134.105235 815.719411
134.702994 817.036634
133.818528 815.077259
131.999323 810.982502
135.453059 818.886110
134.136852 815.790595
136.140195 820.566705
140.253654 830.119538
139.671281 828.971179
137.457932 823.718282
136.366233 821.074838
136.261629 820.798600
139.754057 829.272874
140.897302 421.756187
142.895230 417.543046
138.463861 426.618346
140.392982 422.731497
141.026736 421.388687
140.769262 421.920583
141.263183 421.694630
143.100332 836.316819
142.845285 835.509338
139.612944 828.919464
140.726792 831.467761
140.769817 831.563364
141.167353 832.351009
141.773725 833.594763
144.218601 415.118068
146.556441 410.857632
146.900081 410.264801
148.820787 406.565098
144.159628 415.204403
142.795212 417.745711
143.666056 416.153892
145.664992 841.378707
146.742863 843.470028
147.835515 845.818996
147.231472 844.505656
147.290497 844.115153
148.367642 846.165079
146.058376 842.235501
150.001791 404.324984
148.487940 407.171293
152.716596 399.175163
146.591207 410.717743
151.076022 402.288252
149.174616 405.901423
151.273222 402.114608
148.520660 846.948919
151.971728 852.188403
151.823224 851.865536
153.078595 853.186735
152.065743 852.138926
151.144420 850.770166
148.650084 847.025218
154.104891 396.514774
155.123988 394.407790
156.072623 392.596767
154.027974 396.670334
156.860103 390.841379
154.813967 395.115161
152.887835 398.845353
158.299346 859.689733
157.369113 859.584840
158.933536 860.503234
159.386769 861.046574
159.286639 860.882121
158.859918 860.484922
159.019142 861.006756
158.958319 387.247172
160.504662 383.816403
159.995514 383.591922
161.912868 381.173911
160.558066 383.329419
160.466729 382.940517
159.077514 386.518448
163.104639 869.008662
161.845722 866.485403
163.928515 870.925730
162.183853 867.273468
164.244912 871.357800
165.717106 874.145742
163.374239 869.780159
169.677239 371.024974
170.418757 369.779135
167.599486 373.487759
169.187075 371.472309
169.802547 370.618715
164.083433 378.376441
164.428015 377.778746
167.447168 877.228307
168.031107 878.171156
164.275147 871.485944
167.968771 877.761211
168.024105 878.106405
169.834330 880.714521
167.930117 878.090259
175.422313 362.374166
172.752810 366.181950
179.004143 357.126819
174.160451 364.129121
171.215913 368.421868
175.541272 362.107100
175.207590 362.615711
175.052348 888.138020
174.176803 886.870646
174.465580 887.327217
172.859177 884.736167
174.286116 887.018441
173.684806 886.064160
176.219749 889.862216
179.358439 894.530712
179.530603 894.802864
175.225239 888.446892
180.075231 895.520059
178.286656 892.955564
182.025520 898.242529
182.846347 899.256466
181.030995 354.124096
181.704224 353.179809
181.681647 353.460486
181.104473 353.999476
181.634136 353.277830
180.984414 354.284669
178.308639 358.075551
185.831950 903.538382
188.276513 906.835076
187.489843 905.820534
182.213639 898.472047
186.077842 903.842715
183.975315 901.000574
188.576280 907.170937
189.988231 341.732403
189.552337 342.034405
193.789024 337.647436
189.411256 342.231166
190.383673 341.326586
189.766995 341.820547
189.407070 342.864028
189.368013 908.248618
190.096054 909.196414
191.625629 911.088469
192.154923 911.736471
194.013911 913.964974
194.824903 915.061034
195.715290 916.146780
196.473666 335.057062
197.035124 333.943554
196.488237 334.557074
195.836348 335.263996
197.976833 333.081696
196.166416 334.984394
193.153020 338.105018
196.774775 917.444037
202.238681 923.981026
198.607763 919.696181
198.628642 919.662908
198.698590 919.795854
199.117230 920.343641
197.620670 918.497221
205.340042 326.200430
207.197155 324.293942
203.248755 328.191566
208.850024 322.430052
203.291854 328.754853
204.437736 328.369461
204.553461 327.187969
204.324244 926.374597
205.818371 928.091655
206.719669 928.901919
205.697242 927.921608
204.914394 927.050830
205.798788 928.083454
201.366321 922.979976
216.638427 314.425541
212.726922 318.401726
214.049770 317.049247
216.387675 314.688601
210.373604 320.810695
211.865897 319.290579
215.777159 315.446577
212.966526 935.457507
212.235544 934.680728
210.632125 933.015013
211.662212 934.061620
214.091096 936.658431
212.135659 934.597167
210.932979 933.275413
216.943983 314.133354
215.895200 315.237017
217.612129 313.457463
219.792284 311.335864
219.451679 311.686353
219.564655 311.559450
222.009763 309.266336
219.774934 942.722012
218.004399 940.828181
223.203540 946.305545
219.686075 942.617571
221.837738 944.831334
219.115969 942.028570
216.342011 939.070326
231.146380 300.325746
226.903694 304.588433
227.221764 304.424234
227.083291 304.526886
226.739331 304.854740
227.244634 304.405666
231.402809 300.076437
226.941384 950.084652
224.823778 947.947659
223.098771 946.200675
226.334932 949.511149
231.347467 954.248025
225.181797 948.317337
230.770061 953.502190
235.216735 296.453698
230.466087 301.065968
239.600104 292.787506
235.512317 296.156837
235.034684 296.566003
235.082163 296.504428
235.771205 296.070921
234.145299 956.924376
235.072410 957.585279
236.301334 958.893592
234.744159 957.560378
234.933304 957.718177
234.182492 956.985995
238.148103 960.598962
246.753665 285.589083
242.979501 289.612514
246.247358 286.193268
242.812077 289.790019
241.810677 290.706875
243.088021 289.480498
239.165788 293.099183
243.973963 965.853299
242.980517 964.956923
243.824726 965.720039
244.388843 966.237251
244.217032 966.077391
245.023658 966.832244
244.909238 966.720548
253.072605 279.444306
249.033800 283.273267
253.910889 278.691001
252.173475 280.324197
255.652822 277.142297
249.724528 282.584770
251.037866 281.328365
250.431761 971.891662
249.390413 970.920698
249.046752 970.591478
250.445166 971.902698
247.287339 968.949960
251.168671 972.550059
250.250986 971.700560
258.346097 274.930863
257.904647 275.224777
260.869240 273.096118
259.509535 274.044532
256.516075 276.744927
258.031808 275.279368
257.694972 275.369932
258.804243 979.299680
257.891634 978.481567
257.390924 977.993829
261.957583 981.822026
257.808029 978.445267
258.094690 978.499508
256.459959 977.252267
265.864737 269.389278
266.388281 268.975980
269.610713 267.227280
266.749901 268.715223
270.157439 266.306843
269.362190 266.691856
265.627562 269.579741
261.254370 981.239714
265.610154 984.675021
271.215971 989.067301
269.165496 987.238190
265.246834 984.387300
265.845095 984.786302
265.008773 983.601631
278.793327 259.252741
277.792849 259.998438
272.067988 264.661999
274.897227 262.402611
275.563417 261.834899
276.782162 260.965128
274.072001 263.143890
275.102536 992.111344
274.696085 991.902833
275.862530 992.826612
275.627504 992.653063
272.522367 990.114377
275.623983 992.565981
274.739697 991.982702
284.356488 998.311237
285.595938 999.503268
285.417206 998.746729
283.927551 998.199150
284.637052 998.779490
281.407052 996.571269
285.755863 999.573826
284.328559 255.070962
282.292168 256.432979
279.056293 258.999571
280.273786 258.002762
282.373616 256.380394
283.858970 255.387323
282.160698 256.542412
297.937187 246.652667
288.243688 252.597007
298.487509 246.324799
291.727738 250.455643
287.472920 253.093992
289.025811 252.163363
293.059129 249.643109
287.599942 1000.963467
292.790894 1004.488297
291.247618 1003.421562
290.442830 1002.996215
296.108823 1006.525970
296.709433 1006.879021
290.567165 1003.055841
300.107983 1008.983951
300.349705 1009.108087
299.552486 1008.644164
298.434293 1007.971658
303.697869 1010.907970
295.999838 1006.463780
299.759254 1008.681100
305.760099 242.045458
306.148742 241.979651
303.787608 242.971220
303.785015 243.094911
299.978578 245.460707
300.981845 244.780195
304.664414 242.904126
309.344008 1014.121335
305.564965 1012.007257
313.218107 1016.336964
308.277225 1013.526510
304.942383 1011.551967
310.936261 1015.054923
312.588261 1015.962548
313.077782 236.734154
311.941481 237.553566
314.543614 235.745804
307.163801 240.787594
308.126474 240.186245
308.379196 240.123367
308.697872 239.756405
314.868369 1017.277924
313.398215 1016.431998
323.016616 1022.246301
316.621225 1018.315472
317.774100 1019.026288
319.931367 1020.356063
315.962020 1017.927527
315.199153 235.438477
322.149854 231.505519
319.649760 232.914786
319.730461 232.784806
314.310067 235.902501
319.823608 232.906226
319.707411 232.812248
328.822230 1025.766894
326.655551 1024.449157
324.946484 1023.424356
326.042273 1024.092781
329.450856 1026.128542
326.976693 1024.657323
327.266861 1024.843417
328.398563 228.199753
331.702401 226.518690
328.523525 228.127402
330.035264 227.342387
333.527151 225.611766
330.084818 227.350538
330.321015 227.196603
337.965038 1030.978569
331.164977 1027.134901
336.735433 1030.208537
339.665889 1031.860277
337.502018 1030.709687
334.071686 1028.776045
335.015979 1029.351112
337.705906 223.606236
335.946551 224.410277
340.092865 222.399313
339.519437 222.669817
339.501080 222.740045
338.569996 223.127067
335.983581 224.391634
340.575596 1032.258380
346.206768 1035.182625
345.832408 1035.119349
345.756095 1035.057481
345.177392 1034.772604
348.280483 1035.998809
342.945785 1033.603278
348.981826 218.375827
352.711444 217.004585
347.289977 218.941653
351.794843 217.283165
353.606155 216.657927
348.085420 218.634053
347.075873 219.064691
354.985526 1038.397290
348.335509 1036.160628
358.803173 1039.830139
354.494656 1037.750680
352.894325 1038.000870
352.086036 1037.946734
354.058403 1038.205492
361.662885 213.219756
356.403064 216.018644
361.357934 213.356698
359.708804 214.247158
361.643667 213.247584
359.778404 214.142195
358.213685 214.912676
363.271598 1041.327371
361.600740 1039.720240
365.424695 1039.978888
362.116700 1040.992538
365.814833 1039.739039
361.710555 1040.847571
364.724382 1040.094368
371.443883 210.404050
369.133508 210.982729
366.941401 211.635355
362.635897 212.953779
369.873388 210.689011
374.548651 209.445369
365.068633 212.233826
374.575326 1044.415648
376.227511 1045.328657
371.522252 1043.702981
373.463404 1044.417574
378.851533 1046.103129
374.064429 1044.644277
379.721660 1046.608383
377.945946 209.025707
380.232831 207.487521
374.399651 209.461296
378.199640 208.590549
378.677723 208.006855
376.066110 209.282088
376.177363 209.209478
384.639077 1048.071221
382.720173 1047.578581
379.317253 1046.431576
388.352560 1048.956289
382.565008 1047.528315
383.800622 1047.844671
376.536202 1045.507570
387.258381 204.676288
387.865150 204.471771
384.650282 205.905767
386.194864 205.157056
386.058972 205.160024
388.160632 204.313017
388.917295 203.993209
387.284549 1048.651118
395.135620 1051.266725
397.701664 1052.111895
389.406084 1049.472840
393.497755 1050.785768
393.305746 1050.726963
388.163860 1049.012654
396.407465 201.102126
403.172142 199.280301
397.222316 200.836377
398.684280 200.415510
393.265972 202.275844
397.365704 200.782251
394.428039 201.822689
402.504250 1053.654462
397.358289 1052.048343
398.769627 1052.470598
397.377944 1052.054924
403.592305 1054.006518
407.670419 1055.232828
403.334644 1053.921495
409.570188 197.716692
413.863093 196.227884
406.661297 198.272482
407.476770 198.025640
410.576143 197.228253
411.541779 196.891871
408.768832 197.679916
407.592305 1055.076870
409.344470 1055.693196
410.839774 1056.142128
414.065426 1057.038847
412.239975 1056.551765
413.771423 1056.893368
405.863689 1054.725858
419.089906 194.748214
418.319651 194.925549
414.269045 196.101824
420.519966 194.291536
418.348077 194.926926
416.081005 195.593906
418.075215 195.017435
424.266649 1059.754364
419.829151 1058.671370
421.418290 1059.044468
420.443116 1058.795976
420.429856 1058.739380
425.340052 1059.976921
421.000690 1058.961610
424.808358 193.063320
430.220481 191.579131
426.152610 192.784926
427.239228 192.659468
425.238364 192.984333
431.795047 191.443919
429.236536 191.973509
436.068354 1062.426486
433.884385 1061.951452
425.855077 1060.083875
437.818531 1062.810630
433.634598 1061.912822
435.272323 1062.274487
429.408670 1060.955533
435.861435 190.477827
432.760433 191.039931
432.088026 191.280363
430.022342 191.678517
433.046738 190.997428
435.845914 190.653631
437.369318 190.214875
438.600574 1062.956303
441.596881 1063.826700
439.023864 1062.978274
442.805780 1064.070041
441.812213 1063.872587
440.410572 1063.518019
441.688206 1063.846051
439.902746 189.737749
444.889591 189.334018
444.738895 189.385097
449.021934 188.676184
439.974577 189.772086
441.583646 189.712552
444.147094 189.479181
455.810436 1066.503739
451.824702 1065.814479
451.541691 1065.813701
451.267199 1065.746670
450.942199 1065.671311
454.524665 1066.292926
450.370690 1065.456920
451.661491 188.005624
460.806142 186.549654
458.453323 187.120404
459.398498 187.466424
461.061130 186.801341
455.153796 187.829795
461.045569 186.822846
454.505993 1066.278484
461.004596 1067.221304
453.685650 1066.172474
460.354765 1067.098048
458.713210 1066.896269
463.253217 1067.513288
462.939908 1067.485217
465.066383 186.037253
464.265884 185.483502
465.530460 184.697982
460.752875 185.595653
467.761284 183.812814
469.742081 183.086270
469.470548 182.866131
471.146736 1068.457650
467.885145 1068.096069
466.761320 1067.954742
472.144038 1068.615251
463.053053 1067.478914
475.873275 1069.076750
472.409273 1068.410527
475.569164 184.544166
474.047880 183.432237
474.469556 183.669358
470.764658 181.852587
475.570602 184.639374
479.963886 183.814957
475.183918 184.474357
479.130022 20.507722
479.021677 20.309049
479.905980 21.258624
479.055846 20.436833
480.601536 23.034799
479.537272 21.600149
480.025682 21.795871
480.460826 23.743689
483.267513 31.215220
484.485683 37.014349
479.839797 22.872890
481.602918 24.654030
482.140553 28.233002
481.961260 27.521357
479.976876 1069.308711
483.267623 1069.701527
473.707224 1068.873376
483.527890 1069.738585
479.467484 1069.448764
479.704676 1069.498729
474.204627 1068.890401
479.949750 39.140240
485.327667 38.753418
484.193900 42.959215
485.807700 39.826815
488.187557 40.697677
482.114182 47.714007
482.336012 42.223238
491.340879 184.507991
483.241826 184.275444
484.390998 184.190871
484.543383 184.280722
490.279281 184.466112
484.976749 184.247423
484.736123 184.230615
485.682555 23.773329
488.171550 24.126919
483.833928 24.103900
488.188172 24.040350
481.886997 22.425733
487.774840 24.190269
491.958427 25.157801
492.490614 53.113126
487.887606 45.769091
483.537008 46.269466
490.297681 48.371108
488.907571 46.499039
492.073357 45.056280
495.245711 53.205372
491.738898 1070.086414
487.401409 1069.874134
490.939293 1070.030722
488.644575 1069.941396
490.425934 1070.006053
492.655376 1069.952510
493.030003 1070.088817
498.192956 57.252892
496.744533 57.420269
495.334060 55.176717
496.014118 56.426263
498.060969 59.627935
495.458730 55.763229
494.479668 53.863821
500.167955 184.725883
495.095454 184.594102
492.822307 184.549448
494.872092 184.607173
497.309892 184.677541
502.181413 184.783160
495.575094 184.634225
496.563566 27.403237
491.276857 25.169798
495.773622 28.545652
495.019245 27.039458
494.099448 26.567480
498.847292 28.236995
493.399490 26.281083
502.675977 64.027689
504.622753 65.447635
502.562779 63.644500
506.750032 70.777615
505.269522 68.178730
503.935105 66.267962
501.643551 59.519162
494.214874 1070.124019
500.863879 1069.969305
496.767025 1070.047281
503.830852 1069.885879
502.015526 1069.940271
494.346568 1070.121018
497.237131 1070.061898
504.994145 32.233786
505.385365 32.535032
506.579254 33.166217
506.717806 34.094008
503.561510 30.421434
504.396232 31.989488
505.715212 30.843625
504.182894 184.777611
506.263452 184.775086
510.262110 184.246101
501.748750 184.687530
506.391126 184.712600
500.278422 184.804624
506.567484 184.033371
512.280928 79.100544
507.395585 74.203475
506.888752 72.991788
506.850362 72.203106
506.759121 74.020432
511.242437 71.701260
506.046059 70.403306
510.296277 45.467458
507.122673 33.986913
508.173946 35.846920
509.205094 38.994884
508.984562 38.039838
508.835407 37.326529
508.223363 35.722117
506.810543 1069.797447
509.976493 1069.700913
510.375669 1069.681034
516.380709 1069.504158
507.401788 1069.794347
514.472809 1069.482871
511.522921 1069.651726
512.234457 79.076860
513.865937 82.176211
513.412222 81.962520
513.811482 82.505146
512.159201 79.552212
513.934077 82.777677
511.385792 78.667284
514.475104 49.661620
514.657342 50.424866
512.963029 54.154352
514.705425 49.839698
512.708056 48.543539
512.289080 46.455941
514.072019 49.020994
515.955648 183.857397
514.271294 184.065338
510.808206 184.366852
507.508922 184.573635
510.806519 184.407655
519.344461 183.076353
518.149423 183.554084
518.825385 91.084251
521.175470 93.409177
519.600589 92.573535
518.360601 89.596437
516.476198 86.776069
519.614190 92.921991
521.080066 94.186565
514.440554 61.538957
518.340500 61.630714
517.206572 59.272971
516.613634 58.138966
513.287392 62.091289
514.106599 58.943027
518.619163 63.219654
516.629290 1069.486902
519.637963 1069.404444
520.431687 1069.374268
519.893501 1069.400793
519.495481 1069.410935
516.497598 1069.491562
519.675326 1069.408156
528.145436 74.077285
518.744612 65.287028
519.376979 63.220818
519.742018 73.157517
517.529991 63.929945
519.364074 69.482777
518.779388 65.820214
524.295488 100.786778
523.668930 99.829264
528.051424 97.375764
523.846563 99.669977
521.750001 94.435274
527.637674 96.271429
524.412910 98.388156
523.608060 183.324161
527.657506 179.290770
526.777591 181.729095
519.890938 183.383452
524.712058 183.028153
525.136208 181.797095
531.765172 183.175017
531.217084 81.567575
529.903398 75.364655
530.010295 75.163664
531.043270 76.489705
530.322065 75.936017
530.786860 75.693433
530.723116 77.550966
525.874229 101.693493
531.413186 106.528260
529.968224 107.886149
531.935509 107.952263
523.937243 107.194935
531.920357 109.717443
524.750616 109.876716
532.489010 1068.810988
528.565588 1069.096811
530.258471 1069.042534
527.681409 1068.951302
526.530127 1069.145370
528.850618 1069.071587
530.048184 1069.048289
530.297386 113.559418
533.592997 118.655144
539.235811 113.521764
529.781528 119.769678
534.448754 115.378134
533.481333 116.921053
535.585682 117.482049
535.409414 184.522776
541.282825 184.124419
530.425773 183.760863
531.566261 182.742703
535.262973 183.872064
531.503346 183.218131
536.150983 184.124700
534.570423 81.091812
534.855473 81.318777
532.121864 78.107430
538.646130 87.088781
535.548504 83.195850
535.715632 84.099477
539.023450 87.575980
539.710978 1068.042409
545.407585 1067.292837
535.045693 1068.556383
537.774008 1068.261520
542.656654 1067.659015
540.408351 1067.995687
539.320655 1068.225029
539.865999 89.453742
543.564177 95.537391
541.171717 90.929039
541.935357 91.794915
538.114316 86.147499
543.686888 96.778990
541.133054 91.306635
544.492077 124.657590
542.030346 124.745126
547.270905 125.443630
542.482570 126.686993
540.282837 126.376258
539.002656 126.487469
542.948940 121.688961
542.234638 184.619190
546.503125 182.127579
541.911066 184.892036
546.002723 185.074125
539.999120 183.907215
542.996985 185.307876
546.346735 183.727020
552.678734 96.600104
548.821117 99.143348
547.659123 97.487274
549.222362 96.561346
550.235984 97.258398
546.201516 97.552650
545.836165 94.905481
550.911351 131.346742
548.032168 131.062459
553.054168 130.892420
549.418835 131.431833
551.966496 131.798591
550.384552 134.047222
550.176390 131.177793
547.952297 1067.074193
548.562014 1066.974729
551.382958 1067.786115
547.709226 1066.578065
550.172310 1067.673129
550.854480 1067.637174
548.748860 1066.927319
556.247707 189.418801
552.946576 187.169875
554.428809 187.998642
552.840583 186.188680
554.795176 190.611158
559.417099 187.443312
555.032221 188.785886
550.647413 104.024783
553.010054 102.445951
552.862715 108.388534
555.108296 107.261017
558.486090 112.725570
547.269021 103.432926
553.247211 107.130924
556.856385 141.322278
558.307010 130.381988
556.850243 133.901894
559.073886 146.942224
556.621042 140.380470
555.190152 137.006973
563.563310 136.998187
559.182031 1068.453490
561.651454 1067.671849
559.483868 1068.442456
552.767744 1067.615299
559.019742 1068.449708
558.614943 1068.420080
560.487703 1068.225754
562.719231 116.555284
559.543142 113.102237
566.427571 117.281613
562.879832 115.587804
559.751889 113.307410
565.103025 116.059724
555.928351 118.069081
563.106159 155.635422
559.324728 147.661715
558.072197 144.901543
558.660902 148.764360
560.656669 150.195403
563.104733 153.968979
562.095341 152.613678
564.632959 155.057947
559.065316 162.896176
563.634780 159.082549
563.156816 160.152036
559.911499 154.845397
563.843145 162.656222
564.811088 154.649884
557.387629 189.169433
564.171882 184.452008
566.270243 184.372535
565.322496 186.007700
563.809436 186.141170
564.884335 185.509561
564.214199 185.370623
575.376516 118.196003
573.980830 118.439699
568.170085 118.015433
568.430883 118.081027
569.988209 118.719494
569.233803 118.207137
571.810792 119.976248
569.973641 169.202398
568.345336 166.552091
563.496195 169.755893
570.231010 168.591741
570.683635 169.219903
574.871550 169.596116
569.379723 168.016471
568.997206 1067.866981
575.463542 1067.809362
568.587320 1068.693652
567.867588 1068.060111
574.996874 1067.483705
570.026002 1068.015910
571.319555 1068.092741
573.974858 175.229959
574.616987 177.525814
574.710123 179.241690
574.614508 172.593238
571.152356 176.978111
574.856574 178.833574
572.215413 170.370811
578.339845 184.399830
571.545870 185.052288
572.700733 184.906086
574.979995 184.037835
576.254516 184.975035
572.583196 185.085540
575.778466 184.849517
579.216873 115.949274
573.080382 119.454933
582.117828 118.196800
584.120749 121.715771
581.373662 115.562034
577.408198 119.596976
571.043563 122.464688
579.289876 1067.444890
580.244542 1068.178205
582.256607 1066.380941
576.847482 1068.272298
578.568577 1067.736870
578.579297 1067.483655
581.604556 1064.933307
586.523571 112.326165
582.095334 113.079901
591.895860 109.080003
585.287195 110.091671
584.790986 109.311784
586.194282 112.072549
584.801347 110.991413
587.799995 1068.882020
589.166792 1069.752841
587.851568 1068.697298
586.578189 1069.123725
587.406679 1069.622991
591.612767 1070.583999
590.161327 1070.197520
602.567942 105.308497
600.449559 105.023363
588.840662 109.157029
593.697695 106.616730
594.676117 105.727155
592.479054 107.024180
592.877673 105.929480
592.861438 1070.967986
604.075223 1072.712555
596.376279 1071.552955
599.543960 1072.039411
598.828621 1071.948560
604.902666 1072.859034
593.054472 1070.978345
601.339155 101.694433
603.584628 95.618208
599.382022 99.981719
603.882857 92.671316
601.849060 97.737544
599.366058 99.111396
602.101306 97.892943
612.648450 1073.842968
610.280456 1073.570935
609.167881 1073.329037
609.489793 1073.490803
608.559774 1073.343394
611.326469 1073.714017
604.214146 1072.554905
605.414724 80.298304
608.794661 82.384735
608.077545 81.312151
609.150567 82.945861
606.746811 81.869412
606.310463 82.662942
613.408835 79.626076
616.077408 77.347431
617.813894 75.897329
617.531264 76.937337
619.329551 77.748321
620.635815 73.580299
618.538402 76.632363
621.472321 73.035594
618.853568 1074.445618
622.938048 1074.683746
622.137516 1074.535618
623.878261 1074.773283
618.339070 1074.390056
620.567910 1074.553327
617.983302 1074.278376
626.116957 66.815165
628.676534 64.646313
625.546722 67.518079
626.153347 66.674437
625.962524 66.942807
626.623129 66.395018
630.977421 62.037137
626.600138 180.537558
624.700501 179.388628
627.373623 181.046448
627.406228 180.581966
628.522645 181.663711
630.999592 182.524493
627.493096 181.073169
630.979210 1075.087647
628.430316 1075.038447
628.261930 1075.078744
632.453497 1075.214057
629.449762 1075.126381
631.039784 1074.966965
628.112295 1075.084882
628.507463 177.145901
631.851182 174.627613
630.865904 179.383098
635.643155 171.989212
630.783113 176.036260
625.306197 175.343273
633.336324 173.500072
634.320680 60.326913
633.128702 60.491096
633.982826 60.181462
629.267384 61.343741
634.436774 60.006393
638.075340 60.265391
633.326218 60.289346
635.869320 187.012236
634.663991 186.401345
638.259347 184.265119
636.044593 184.870697
636.723360 189.108701
636.146666 187.432184
633.755465 184.922326
639.731754 166.034450
638.155252 169.874437
639.857167 170.862650
637.320341 169.394792
637.556207 166.200941
638.354786 168.070211
638.676817 167.926755
637.761225 1075.533098
643.297040 1075.520133
638.680598 1075.536575
635.480568 1075.446991
632.291834 1075.265907
633.774624 1075.334518
634.036981 1075.374906
643.105753 57.209191
643.870753 60.177716
645.460527 54.704048
638.180430 58.713381
638.445227 58.734011
648.553532 56.350243
646.137478 54.487412
642.630120 159.031787
640.629524 157.396690
638.947687 155.369751
646.368199 156.975800
645.448222 158.658309
644.885589 158.425791
641.195049 160.718471
645.762766 186.020915
639.848826 185.702283
647.048350 184.097008
646.132073 186.959428
652.207234 188.443208
652.243549 188.524306
644.170392 187.325717
643.132968 1075.489317
647.721963 1075.321068
647.733542 1075.356480
648.542904 1075.307050
643.474841 1075.503510
647.836662 1075.357657
650.201333 1075.139705
651.105620 154.220467
651.752369 153.333489
649.303792 150.203422
654.309256 148.675394
656.236381 147.294198
653.202727 150.399558
645.176873 153.386249
647.136737 53.801723
649.190530 52.843668
652.111312 50.400902
653.347385 49.671745
652.248592 50.238867
651.396259 51.022189
655.975652 47.656769
650.226869 186.600173
659.544359 187.092571
658.793974 186.521647
656.182597 186.671817
653.813278 187.385354
658.766258 185.485989
649.568097 187.435272
655.135319 146.879536
652.619244 149.177413
658.331125 142.440954
653.858111 148.312013
664.161410 139.164270
664.183523 143.617408
657.449410 144.239024
656.790036 1074.887101
660.899383 1074.520069
661.927682 1074.243791
657.738581 1074.810361
657.074906 1074.874945
652.455516 1075.108988
656.089955 1074.918723
661.441265 44.496678
656.304180 47.567482
655.576609 47.919898
656.830687 47.119863
659.535122 45.434232
660.861072 44.714791
660.675314 44.750167
666.370600 135.749287
660.239685 132.290501
665.502370 133.973417
662.227680 135.513969
664.963498 134.596675
663.833821 140.117785
662.103622 129.486473
670.360091 187.979307
661.544865 186.939911
669.674146 188.718713
672.319561 188.183833
666.003349 186.200882
666.766249 183.759620
665.360626 186.140507
668.207821 1074.014165
667.120880 1074.076608
675.562514 1072.378375
668.179355 1074.025492
668.813964 1073.863255
666.233809 1074.040665
668.158323 1073.913293
664.339098 43.335854
673.290894 41.290747
673.599883 41.492366
666.536668 42.939090
670.138786 41.940898
666.387289 42.373768
672.422971 42.217675
673.492950 129.682503
673.970493 129.975523
677.797604 129.624374
673.389176 129.622419
676.576759 127.294300
673.701722 129.809363
677.987234 128.449380
677.424704 188.869064
674.944568 188.964213
671.421912 187.709422
677.236654 189.938893
676.079588 189.650848
679.074254 190.304395
673.502074 188.373630
678.173351 1071.905341
678.383474 1071.878787
676.720259 1072.164863
674.737336 1072.492620
676.122630 1072.294246
680.843365 1071.341614
679.028653 1071.550593
679.111128 40.234793
681.154107 39.393173
682.570228 39.380641
680.762467 39.505085
682.892639 39.523111
679.922474 40.190645
684.598091 39.302893
686.092436 123.128493
685.939002 125.668844
685.447688 125.742031
689.204101 128.083172
690.327195 126.900983
685.462153 125.886431
690.435496 126.703016
684.388348 191.520018
683.226872 191.390854
685.240897 191.382404
679.191433 189.742140
682.172500 191.130505
689.138022 190.695374
687.767091 191.704829
681.465310 1071.166116
685.777157 1070.297495
690.084621 1069.352781
685.917272 1070.246257
683.438632 1070.791076
684.423573 1070.588732
690.321727 1069.159916
689.690209 39.241587
691.377357 39.345538
689.543828 39.238637
687.690249 39.234960
694.849822 39.612598
690.764861 39.332551
691.195923 39.377141
693.923179 119.593243
696.566145 125.025784
696.620396 117.379018
692.323336 117.555179
695.332380 116.192069
687.954506 115.878131
693.916823 118.322976
695.276594 193.054080
695.281543 192.326074
696.016294 193.199688
694.274106 192.697211
690.560565 188.887448
696.394346 193.193106
697.401303 193.227208
700.691762 1067.876506
689.999986 1069.432426
695.375050 1067.771303
698.343030 1068.041785
693.702055 1068.434313
700.156846 1067.810762
698.610690 1067.948103
703.132477 40.190957
702.577579 40.101615
695.568847 39.721597
702.506254 40.257877
702.804969 40.168259
697.510314 39.759360
701.592266 40.008603
698.980577 114.464704
697.054532 116.482278
698.968601 114.479243
697.089687 116.550368
697.863417 115.380927
699.927205 113.078723
701.966371 109.521518
706.197518 194.323083
706.473514 194.325596
709.204677 194.513105
704.776779 189.972350
699.924855 193.578351
703.960735 193.642029
703.460083 193.781259
708.989753 1066.744551
700.128860 1067.825715
705.782179 1067.196746
709.333546 1066.619013
706.925470 1067.079808
706.603075 1067.105986
709.545157 1066.613300
706.163800 40.360013
712.735271 40.984288
703.153499 40.160689
709.945115 40.691446
712.412448 40.925064
710.096530 40.666677
709.917019 40.807177
705.458218 107.577887
709.935646 104.953374
706.321051 106.447080
708.833480 97.355278
707.330716 106.871737
711.671302 104.597719
709.984042 104.985597
716.107682 196.562972
713.403671 196.242423
711.814513 196.179513
717.806578 196.658446
709.889158 195.754387
712.281175 196.233879
717.639168 196.302700
713.792544 1065.713615
720.850244 1064.166876
712.058983 1066.103500
715.587193 1065.379303
720.167533 1064.308042
717.344184 1065.020728
716.036369 1065.275614
719.706925 41.821147
722.547383 43.198186
722.247372 42.430463
721.426397 42.052892
713.064994 41.026774
725.445792 42.813521
724.563829 42.469104
712.370269 104.216100
716.858085 104.368509
720.682361 101.413682
719.320774 102.380877
716.346001 103.204314
720.617991 102.160624
715.329952 102.652005
731.733364 195.233702
717.687398 196.543891
719.715845 194.961552
724.389626 197.456751
725.871078 198.034733
726.199235 198.140791
726.950454 197.960208
727.287384 1062.559409
726.176253 1062.834273
727.351375 1062.545726
727.295740 1062.560345
732.005513 1061.421533
732.445165 1061.319501
721.945668 1063.905297
727.481543 42.742225
729.852866 42.944164
724.659773 42.680416
730.741078 43.046502
730.620272 43.494172
732.803257 43.171814
733.829133 43.824654
728.812615 101.179781
732.943646 99.781300
732.234239 99.854347
729.133694 100.880627
732.794844 99.870988
734.181673 99.663504
726.604277 101.400948
739.508116 201.875319
735.446360 200.899456
739.256112 202.082843
740.056869 202.471758
740.870782 202.808676
736.119624 200.626317
738.298754 201.723744
735.711364 1060.585539
736.131937 1060.493376
731.708234 1061.396773
736.059558 1060.499949
738.705666 1059.801144
730.781826 1061.707502
741.733681 1058.884207
733.987785 98.546720
739.995332 101.784622
743.705664 93.140264
735.989844 90.727037
743.190997 95.839695
738.436461 96.785033
740.442321 95.733447
745.423390 44.746898
744.180288 44.338844
740.636092 45.315068
739.531574 44.714277
737.720509 44.339655
740.551525 47.599834
738.523205 45.153775
746.637512 204.019026
740.195982 202.477917
742.829857 203.413805
742.803755 203.422507
742.900204 203.422748
741.825643 203.137319
739.472619 202.226487
747.774850 1057.127036
747.344531 1057.250553
741.890421 1058.865502
746.036870 1057.597648
743.862648 1058.295685
746.963616 1057.150008
739.234463 1059.673801
742.736375 95.499774
750.139106 94.782903
749.159088 94.744988
749.048216 94.027728
748.062211 94.426086
748.985064 94.261666
749.948810 94.498681
752.214688 44.273617
755.360632 44.706608
749.701767 44.379393
752.037507 44.470139
749.691962 44.415838
750.755062 44.394251
746.410736 45.554488
753.127528 206.798503
753.141986 206.583420
749.093559 205.221653
753.020002 206.658014
753.505810 207.287220
754.030961 205.690732
753.431525 207.189853
759.904609 1053.296845
757.348461 1054.145643
753.858191 1055.226804
760.739311 1052.907443
753.267817 1055.399702
759.036298 1053.436300
756.249319 1054.546055
761.073871 90.407912
752.316372 85.683930
763.956072 89.446098
756.917928 90.636423
759.457355 89.459896
759.648946 90.034717
759.082931 89.915996
754.998580 45.244282
755.459386 45.576123
762.302721 46.940381
758.536933 45.179069
758.886092 45.507836
760.191787 45.908424
759.020679 45.670208
758.865216 207.299883
759.343596 203.856455
764.035752 208.746811
765.618601 210.039734
763.111190 208.717649
765.483053 210.272845
760.571890 207.557858
761.779218 1052.725500
770.378109 1048.730854
766.184850 1050.670074
764.196810 1051.655778
767.109461 1050.326051
760.185029 1053.171094
762.160465 1052.496732
769.592548 89.377235
770.951606 89.620936
767.873033 89.117532
767.810478 88.875996
769.027436 89.304896
771.540946 87.601284
769.495462 88.239936
768.949404 49.089991
766.057311 48.860293
768.965267 49.082031
764.938896 47.750701
769.104455 49.323394
766.125828 48.550547
770.791187 51.507999
776.807895 216.049462
771.131292 213.378313
769.771665 212.581214
773.839654 214.698256
772.185112 213.829506
771.777775 213.760799
770.409467 213.130452
775.608324 1046.247665
778.698615 1044.989995
775.549820 1046.268626
776.072025 1046.052435
780.284137 1044.499768
778.836832 1044.859582
777.899177 1045.462710
773.681490 58.018577
774.238913 57.220419
771.112406 52.186137
776.388535 60.538655
777.114045 62.372848
772.431605 54.394197
775.372457 58.487489
777.122252 84.781588
772.864764 87.055304
776.510687 83.917662
777.295324 79.937406
775.132689 85.578122
778.253609 87.054560
776.735857 83.807008
781.332465 218.295778
775.088441 215.307057
783.182796 219.011932
784.023252 219.621558
779.731608 217.477971
783.728287 219.476362
784.526426 219.838491
779.826876 66.458658
779.993306 66.901413
780.361779 67.352405
782.251908 71.415209
782.923760 72.166218
778.347484 63.747299
776.466772 60.383820
784.621751 76.962726
784.227875 73.194557
781.807704 71.996555
780.151855 72.149269
784.897985 72.569389
782.800481 72.106614
784.504756 73.024210
780.474282 1044.534212
780.208471 1044.445359
785.244094 1042.577548
781.309616 1044.143380
788.061155 1041.522150
787.151726 1041.684287
783.659656 1043.216701
792.637579 223.656120
792.464161 223.592663
791.646233 223.188700
788.033034 221.499518
794.471241 224.597130
790.775965 222.800911
790.560242 222.687170
793.145348 1039.666792
799.646946 1036.509251
794.304045 1039.187615
793.507300 1039.478776
794.380795 1039.180471
799.264295 1036.641742
793.747688 1039.450681
803.940131 229.012673
795.359600 224.915149
795.529702 224.993565
794.611880 224.570343
799.541933 226.900602
798.382280 226.372242
798.341667 226.324448
804.519074 1033.964653
801.152677 1035.404009
803.004666 1034.743857
802.342069 1035.116878
807.237034 1032.336980
802.520106 1034.842013
807.128617 1032.500969
809.637075 231.786356
804.691672 229.410167
810.923104 232.364487
814.022925 233.909749
806.669787 230.318996
812.524790 233.152429
812.646027 233.197393
808.038981 1031.991825
811.876968 1029.982599
809.346212 1031.334489
814.207440 1028.709936
814.049511 1028.752175
813.006476 1029.382301
807.581919 1032.279349
817.428426 235.753680
816.572391 235.310839
817.895483 236.079889
817.913463 236.004385
818.059251 236.080019
821.058702 237.790977
813.573243 233.677750
824.228227 1022.967870
814.717134 1028.422443
823.519914 1023.367713
820.522502 1025.078944
826.010707 1021.826203
816.753938 1027.275894
822.304236 1024.021173
826.586437 240.764360
831.567123 243.268835
830.536256 242.829321
827.747446 241.382774
827.853333 241.617386
830.817435 243.054093
829.117467 242.595991
830.504746 1019.393622
830.486815 1019.438643
832.355919 1018.323147
832.045989 1018.449432
831.760502 1018.670566
830.727597 1019.270567
826.323226 1021.333720
837.231053 245.951615
837.270854 245.988392
836.749384 245.724169
837.593077 246.135872
835.420283 245.152522
837.574385 246.243351
835.504432 245.373662
840.562289 1013.666582
839.132626 1014.531723
841.111360 1013.392858
844.262732 1011.517246
837.411187 1015.501520
837.197457 1015.598602
841.093714 1013.386261
843.592120 250.065075
845.748289 251.673632
843.044780 249.727482
842.934817 249.670326
839.893495 247.653171
845.027978 251.381890
845.163203 251.177752
849.436601 1008.423668
843.693229 1011.865873
849.040157 1008.659267
853.398048 1005.921242
845.209039 1010.922622
849.327050 1008.449679
852.105124 1006.828119
849.288963 253.981502
851.716946 255.934908
853.551459 256.886671
853.090768 256.372004
853.469088 256.614851
855.344459 258.497796
852.597612 256.244284
852.121431 1006.808416
859.437643 1001.740232
860.496171 1001.444905
860.692056 1001.337806
861.822740 1000.539063
858.982870 1002.268434
857.136648 1003.442442
868.503187 268.416651
862.870457 266.215563
862.853751 265.585916
860.316419 262.682833
861.960918 264.540997
859.631755 263.190609
861.425745 266.208422
864.961252 998.450052
866.091027 997.793238
865.675769 998.020340
863.278717 999.366644
867.923639 996.395287
868.795332 995.692239
867.499761 996.479849
867.045546 267.833987
865.753717 267.047696
870.591906 269.537870
873.384804 271.434378
870.565300 269.472246
870.406597 269.339435
869.698755 268.960497
872.678373 992.735811
875.515368 990.539108
877.442131 988.989827
871.463951 993.589045
871.496943 993.627510
875.486560 990.555060
876.923754 989.406240
883.138571 278.114077
878.470049 274.929388
882.954071 278.041827
883.726063 278.768763
873.466328 271.992378
881.181048 276.870004
878.110480 274.759388
882.829317 984.614638
881.321629 985.850555
884.892788 982.915611
879.959374 986.905256
880.180440 986.755610
881.681656 985.554228
879.366631 987.443851
887.102726 282.161973
886.005328 280.685021
887.030746 281.775224
887.116166 281.781382
888.903070 283.546122
887.163464 281.846923
885.524958 280.238585
890.217277 978.470995
885.881104 982.091128
891.969778 977.010351
892.332585 976.738042
889.652425 978.879728
895.586271 974.059903
892.578485 976.375636
894.585786 289.032692
892.794070 287.281784
894.916142 289.390434
897.089104 291.602612
896.530607 290.942094
896.527534 291.011169
898.271141 292.418420
900.148163 970.255629
895.333651 974.278697
899.672800 970.675692
900.088003 970.322850
897.411483 972.562052
897.243533 972.684494
900.327353 970.064067
906.029713 299.431283
904.238230 297.732870
898.653155 292.802074
906.594807 299.866875
904.005066 297.534534
904.481765 298.022198
903.382727 297.024533
908.898048 962.646790
904.779598 966.217291
902.760585 967.989669
910.091481 961.565236
905.634630 965.340659
913.047873 958.937053
905.659032 965.465136
910.304207 303.180036
910.589271 303.441444
906.669597 300.030596
910.561235 303.453804
907.800427 300.940381
909.818311 302.737784
907.762771 300.913139
916.201764 955.775138
917.175937 955.237240
917.432380 954.991572
918.988103 953.269568
917.834105 954.534547
916.587843 955.548053
919.480911 951.780549
913.065906 305.696934
920.073107 312.106353
914.928416 307.451293
922.669292 314.567774
916.208817 308.567591
916.800445 309.109709
920.621497 312.627710
925.569569 945.766271
920.964053 950.639215
923.862105 947.652782
921.036996 950.643151
920.083803 951.953645
926.495850 944.667161
922.182579 949.563047
928.576861 320.503379
922.499447 314.402077
924.039339 315.947811
923.250768 315.190406
921.826245 313.742602
922.494919 314.381819
928.796368 320.822456
934.015151 935.819608
927.061286 944.082225
926.519974 944.726262
928.074088 942.744720
930.566889 940.058611
931.497883 938.938455
930.270150 940.368065
932.932664 324.818454
933.198865 325.101294
929.660625 321.588872
933.101987 324.988410
933.338593 325.251852
933.094055 324.989851
933.894958 325.907866
940.094368 927.935014
936.913218 932.197108
936.220086 932.969890
938.590232 929.982402
936.407296 932.878617
936.688757 932.557608
933.791923 936.054726
940.601049 333.405178
937.951785 330.595784
940.568820 333.404145
940.154614 332.886074
939.115959 331.781376
943.850060 337.111724
939.051480 331.661135
943.536422 923.154600
944.386669 921.961730
941.144762 926.464967
939.825371 928.096969
941.075799 926.559519
945.309920 920.660113
945.328083 920.667462
946.672996 340.341754
945.723852 339.222260
946.595168 340.757582
947.416785 341.198097
946.198847 339.733803
947.062475 340.903882
946.736517 340.467960
950.280772 913.775174
948.883445 915.709652
952.342837 910.822630
952.497616 910.700246
949.879797 914.335518
952.292196 911.097583
949.943808 914.267679
953.410901 350.323488
954.225578 351.661341
952.554435 349.006983
954.704705 352.470250
954.122141 351.476239
950.709730 346.346577
954.085939 351.123644
956.951707 905.426820
954.163946 908.786136
955.246208 907.472643
957.223262 905.115038
959.056727 902.632764
954.239537 908.683237
957.407545 904.853435
959.776456 358.951777
958.547767 357.128402
959.135486 357.907310
959.138136 357.905886
959.710066 358.738931
959.184638 357.963861
955.350887 353.165534
964.947932 366.257211
961.007156 360.603611
962.614899 362.880387
964.520359 365.617595
964.850300 366.467000
964.668040 365.791681
965.494371 367.128938
966.423687 893.000200
964.623190 895.657541
963.064697 897.578691
960.856769 900.379511
965.468136 894.422470
965.151682 894.977704
965.023698 895.157079
968.390427 371.628677
970.117177 374.308896
969.860098 374.110663
973.136355 379.318286
971.273500 376.289560
971.310999 376.323719
967.824851 370.698282
972.016121 884.544556
974.565485 880.734631
972.051040 884.674740
972.562529 883.980862
969.891631 886.892753
973.304586 882.852728
968.026591 890.595447
976.139112 384.397438
974.883586 382.284515
975.926534 384.007721
974.799078 382.110614
976.436780 384.942730
979.084716 389.409503
976.946966 385.747749
975.305081 879.384242
975.447574 879.284488
975.862288 878.620756
977.779975 875.294835
974.659589 880.471087
974.621028 880.635369
975.097239 879.918634
982.591889 395.848840
979.991500 391.019469
979.408330 389.962287
980.079514 391.215217
978.996009 389.384310
981.062963 393.038061
983.613520 397.777452
980.689861 870.188386
982.889461 866.379991
980.797388 870.000569
987.648368 858.166787
981.652756 868.518359
985.698178 861.459919
986.211102 860.618765
986.270158 402.772886
988.707331 407.477637
983.896715 398.492626
985.725786 401.751014
986.301013 403.224437
984.800536 399.968584
985.494783 401.287701
989.456979 855.046933
989.554421 854.886616
989.011613 855.827171
986.019821 860.968958
991.528323 851.427641
988.730710 856.309724
989.716417 854.597847
988.038761 406.186983
988.679451 407.505571
987.266474 404.662795
987.366843 405.004831
987.104361 404.389827
988.200019 406.455981
989.975320 410.035954
993.193480 416.443958
992.316722 414.658793
992.903849 415.865629
995.423714 420.504116
997.075456 423.517378
996.179831 421.886707
993.289519 416.634014
995.336777 844.610636
997.086438 841.516853
995.073075 845.080036
996.896387 841.830893
993.754567 847.469400
996.664112 842.287019
996.104073 843.338355
997.853316 424.954105
1000.081351 429.037482
1002.988089 434.068815
999.588054 427.997498
998.244521 425.696630
1000.611541 430.219788
999.404148 427.778388
1000.987222 834.149509
1000.582895 834.843109
1001.971509 832.257373
1001.140887 833.840854
1001.697221 832.728488
999.709650 836.570305
1000.253665 835.440693
1002.657442 433.834082
1002.967902 434.102524
1006.799697 440.313127
1002.327563 434.323031
1005.412524 438.436316
1004.722613 436.991379
1002.960501 436.441410
1005.339683 825.449185
1005.138042 825.863365
1007.216104 822.095968
1003.167194 829.949329
1005.574411 825.002160
1004.604707 826.132654
1003.549695 829.181558
1008.755592 445.217820
1008.568313 444.233008
1008.319004 443.678720
1008.492730 444.375713
1009.678901 446.657477
1006.843396 440.409970
1011.012724 449.473246
1009.487006 817.570473
1010.459257 815.913317
1008.487827 819.724392
1010.981253 815.201054
1014.007193 809.525242
1010.658724 815.585255
1013.831159 809.542967
1012.805458 453.277675
1016.780220 462.259285
1013.837490 455.652013
1012.780144 453.271661
1014.798231 457.743512
1014.030779 456.336724
1012.166873 452.100534
1018.344744 802.503436
1015.324819 805.195573
1013.953012 808.142733
1014.417312 807.390458
1015.354218 806.947420
1017.246106 803.864815
1016.002091 801.961283
1016.683293 462.068105
1016.563838 462.328889
1016.683056 462.169856
1018.286828 466.568195
1017.724583 464.898440
1019.519408 469.882536
1016.363219 461.567632
1021.941157 476.680500
1022.124046 476.993816
1020.927684 473.940622
1022.001518 476.840604
1020.466368 472.638855
1023.075605 479.721237
1021.053400 474.297950
1020.060116 790.235807
1019.781719 791.406083
1020.076627 791.574654
1020.259979 790.373613
1019.935843 790.757931
1020.085256 790.130117
1020.991097 788.310414
1024.439573 482.965551
1024.712551 483.645983
1025.521171 486.454903
1023.699209 481.919051
1024.705675 483.624536
1025.608704 486.566416
1024.207735 482.882288
1025.155934 778.020943
1027.855331 774.731249
1027.414874 774.617342
1027.005835 774.132942
1023.861245 781.443715
1027.322053 773.800854
1025.834618 777.328135
1028.444647 494.921401
1028.017137 493.624415
1028.716294 495.795223
1027.372985 492.016297
1027.645580 492.635561
1028.167172 494.279039
1025.783669 487.198634
1029.951993 499.636666
1031.393471 504.492600
1029.836580 499.199724
1030.656939 501.646866
1030.810329 502.254732
1030.199063 500.297253
1029.018668 496.684404
1030.543584 759.330184
1030.811156 758.179755
1030.015296 761.897857
1030.617795 759.084883
1031.213202 757.009353
1030.246678 760.611065
1031.086130 756.945825
1033.569398 511.658501
1033.420177 510.985448
1033.367222 510.945159
1031.957128 506.215325
1035.089975 517.301652
1032.657858 508.729782
1032.397000 507.635141
1037.388266 525.575232
1036.052147 521.047120
1035.865607 520.422477
1035.029955 518.036818
1036.578503 522.842248
1034.142218 513.809648
1035.060788 518.093266
1033.554494 748.289960
1034.782055 743.639980
1034.659505 740.668602
1036.346779 734.660153
1035.029975 742.295687
1035.140320 741.719421
1034.533896 744.659870
1034.331029 745.711301
1033.320415 749.144765
1034.698370 744.023705
1033.530539 748.489150
1033.272383 749.634109
1032.976046 750.092624
1034.108747 746.678040
1038.615643 530.064222
1038.618743 530.119865
1037.749529 527.155258
1038.796896 531.440335
1038.226027 528.582237
1039.303959 535.539348
1037.834520 527.429886
1040.606202 543.453494
1040.550361 543.211097
1039.542592 536.653327
1041.009755 547.111062
1040.670285 543.986841
1039.068923 533.523687
1039.984684 540.329566
1040.384780 710.018892
1039.697352 713.488737
1039.504498 714.516962
1040.506486 709.568646
1037.759469 719.787884
1039.050459 714.371742
1036.946140 721.112905
1038.375676 724.530055
1037.355424 723.854394
1037.232966 728.716072
1038.492456 725.195835
1037.907337 725.732413
1037.750043 725.847690
1037.201621 729.457256
1041.687645 553.497205
1041.169176 548.369104
1040.659285 543.770538
1041.397869 553.642525
1041.645954 554.099107
1041.323180 549.895198
1041.259606 549.582708
1042.227936 559.146544
1042.868806 567.741130
1042.088254 558.241520
1042.998085 565.700281
1042.380175 564.702696
1043.008628 566.767881
1042.279000 560.473334
1040.839432 570.891323
1039.921859 571.662017
1043.850149 571.898563
1042.862217 567.032608
1040.091150 571.271559
1044.283477 576.986285
1043.873842 574.390598
1044.473938 581.060646
1045.049732 582.432611
1044.085641 580.625454
1045.026915 584.076736
1043.704581 577.244967
1044.826091 581.857658
1044.808661 580.866756
1044.819888 683.370267
1044.377852 684.258096
1045.048540 680.062191
1045.055170 679.080699
1044.400352 679.659885
1044.433683 684.526741
1043.270359 686.041476
1043.963985 689.908486
1042.318938 689.254214
1044.265783 686.193804
1042.290264 689.883668
1043.758127 685.333697
1043.467295 693.249145
1043.835495 685.819751
1042.941339 697.064916
1042.953358 697.422759
1041.788510 703.578500
1042.320955 700.579840
1042.296450 701.042087
1043.224977 692.666496
1043.164264 695.984035
1045.740230 589.383711
1047.011128 591.858881
1045.772467 588.270526
1047.371099 595.690082
1047.378256 594.471194
1045.595321 590.203759
1045.575903 585.559638
1048.691010 598.181470
1048.493128 597.747356
1048.836094 598.854483
1049.601928 600.270722
1045.663644 594.288773
1048.322837 599.540422
1045.069183 593.355718
1049.127759 611.957932
1048.652376 608.561594
1049.006215 616.476317
1048.610946 607.867251
1046.670363 614.049940
1046.718597 614.089587
1048.772773 608.005021
1048.879448 618.410758
1048.762074 619.096491
1049.234561 618.989845
1047.271063 624.752156
1050.128343 619.821620
1050.976714 620.406164
1049.310908 619.024603
1050.014378 631.610280
1050.529563 628.201059
1051.074635 631.367806
1050.064347 628.986294
1046.407902 626.345778
1050.860959 627.799025
1049.809977 628.514009
1052.871138 639.063213
1044.692285 639.800440
1051.180884 639.407061
1046.772714 642.234863
1054.763692 640.406959
1053.801986 640.446138
1043.938368 639.081382
1048.354450 642.345090
1047.181644 642.894665
1052.028086 646.430137
1048.113589 641.944398
1050.562451 651.890115
1050.489928 649.388560
1047.274563 643.407161
1049.154647 658.865780
1049.616433 656.683190
1049.224654 656.993550
1049.306277 658.174101
1049.384511 657.017406
1049.674989 656.381996
1049.139209 659.259261
1047.245681 669.196825
1047.807121 666.957607
1046.932794 670.420476
1048.020235 666.062559
1048.184688 664.663873
1047.653992 667.719033
1047.126433 669.952251
