94.096027 582.793562
97.248930 575.658212
97.219025 583.100470
92.224120 584.610750
93.631283 580.008444
91.867147 583.437097
96.413633 582.043684
94.529580 592.534304
96.321612 588.778360
91.463894 589.462579
98.411031 599.467219
93.294250 593.305531
96.827938 592.231877
94.711581 593.431668
91.786640 606.200602
92.083662 600.827957
92.759026 600.450295
93.085131 602.094249
92.285053 603.002121
94.110445 599.932969
94.000824 600.529671
90.647137 616.971957
99.578958 611.482452
90.412452 618.352017
92.216886 605.403230
92.985806 618.548737
91.832430 613.528639
99.556285 611.350179
92.755238 621.501044
93.937689 623.250959
88.568204 627.009588
89.369094 624.877006
93.480162 621.383066
90.619580 627.343198
88.690735 626.906023
90.657450 631.209658
92.377733 631.923543
95.374610 623.976741
89.288202 627.384517
96.558003 624.545365
95.577755 631.954310
93.629135 629.885279
94.327871 640.457899
92.892886 641.153673
96.867771 647.381273
92.051600 645.054246
95.741958 638.452592
95.455402 642.353529
92.067259 644.356497
95.504149 652.321225
94.852862 652.216678
96.852934 653.870255
95.643402 650.438148
97.044496 658.720116
97.565297 651.831556
95.035775 650.898032
93.529530 662.000954
93.491607 663.653175
94.282026 662.616881
94.948588 664.780245
96.987094 662.309593
95.647404 657.134247
94.564842 663.125642
93.555945 672.572541
92.978644 667.732124
93.002416 668.244567
96.755796 669.149707
93.245316 671.268446
94.119592 673.301266
96.878719 676.784618
100.719321 543.554876
100.179548 544.969666
98.174970 551.805158
97.725780 552.117175
98.834281 549.510298
98.976049 548.248573
97.984423 552.668014
98.595555 553.437237
99.556488 559.065912
98.088434 550.988923
99.086193 556.362962
98.829482 555.175134
98.988608 555.873709
99.076131 556.462731
98.904280 566.829332
99.656900 563.256367
99.408287 565.845593
97.081947 570.015770
98.596782 568.075665
98.420632 570.408880
100.245941 561.355368
99.196241 680.947540
101.039502 679.020404
100.692780 678.134838
99.376423 681.346647
99.123623 680.213207
100.553603 679.118656
96.866720 679.007749
100.479687 692.017379
100.991123 691.132462
97.130572 685.666173
98.899703 685.783331
100.741960 688.174804
101.135960 694.325231
97.795812 690.104926
99.614628 696.072148
100.368625 702.124746
101.076247 703.052744
99.854565 700.035167
98.847584 697.244485
98.917865 697.950456
99.412475 697.322433
104.338465 522.751837
104.728148 524.192030
104.899251 525.062146
104.182648 529.337463
104.374960 522.705951
104.682057 522.029138
106.152019 520.193092
103.847338 535.305868
104.365234 532.556362
104.203357 533.316398
104.302030 532.837319
103.861877 534.832098
103.135241 536.636643
103.057726 537.811922
102.644911 706.734990
103.104747 709.837428
102.874497 711.637913
103.323632 713.222813
102.921999 710.542999
102.960009 709.513056
103.245578 709.698468
103.537120 715.890582
103.348262 715.397033
104.229736 725.548165
103.765761 720.004925
103.463110 716.232759
104.707439 725.122365
103.415213 719.235550
104.989867 727.842163
103.465155 728.034447
102.760641 727.435397
105.427890 728.943913
104.634659 729.989544
104.795797 731.318837
105.573524 732.864270
108.096643 505.615167
109.752637 500.187559
108.647004 502.069702
109.563473 500.800475
111.717779 496.712117
108.603484 502.053277
111.092875 498.818873
107.838146 514.305500
108.321462 514.211547
107.381267 514.213478
109.114963 508.486231
108.836850 511.377621
108.402129 512.248260
107.555802 513.083331
108.761419 743.473609
109.505638 746.159605
105.853785 735.974634
107.365604 740.848594
107.787150 744.289553
106.137875 740.841283
106.845112 737.511822
107.042581 748.611685
108.060142 750.802333
108.087302 749.218953
106.628695 748.357028
108.928900 749.942936
109.058392 748.845361
107.172992 749.040649
116.173661 485.335282
116.353976 484.182969
116.851858 482.554357
114.232189 491.744702
114.056544 491.745700
115.789108 487.419280
116.151135 485.599359
113.609216 758.220978
117.846780 763.869880
112.656392 757.805469
118.571423 762.242752
113.312184 759.363942
114.899420 759.700468
110.241061 753.518565
117.467005 772.675255
116.693481 768.071866
117.563173 763.966007
115.399539 764.828599
117.424648 765.842728
114.753924 760.711738
116.718823 770.105877
120.207961 468.609977
118.747914 474.805723
120.658492 467.085596
118.018924 477.880845
119.585131 471.178982
120.500981 467.341621
119.912356 469.951744
117.670267 775.335544
118.640444 778.108287
121.359819 784.783412
117.963658 775.844823
117.887268 776.870133
117.472655 776.219755
121.469264 781.038476
124.361726 457.902213
124.407660 457.854229
122.971194 461.405750
124.865277 456.745395
122.313617 462.942259
124.588506 457.995182
124.542476 457.492109
123.059129 786.541359
121.384254 785.385479
123.679861 787.106503
120.951656 782.411752
124.026535 785.256256
122.326303 788.757834
123.613170 784.159270
123.642781 794.273852
124.729760 799.354275
126.212049 798.697425
123.604373 795.383211
125.305686 801.972302
123.463989 795.147012
124.255845 796.910434
128.908177 447.069067
130.015120 444.295293
129.095890 446.688857
128.336965 448.561088
127.390901 450.897123
128.956947 447.032678
128.687121 447.647162
131.446292 808.381734
124.575507 800.129939
129.467883 807.496967
130.235259 806.093976
125.438259 799.899582
128.158587 803.749827
130.070044 808.987176
132.485990 438.215865
133.895847 434.525322
134.830469 432.136217
137.870872 426.042571
133.627577 435.383843
135.486321 430.644892
134.430114 433.079558
134.788988 817.233389
134.721998 815.451298
135.504386 816.711581
134.344045 814.792236
132.519831 810.698547
136.250726 818.557815
134.828134 815.464466
136.568313 820.390255
140.202708 830.147771
139.089431 829.203860
137.556961 823.679969
137.060802 820.834861
137.058111 820.500761
139.080296 829.591447
139.945055 421.245227
142.631331 417.395657
137.520645 426.163188
139.422111 422.237157
140.131657 420.878725
139.878627 421.395330
140.883506 421.508429
142.398744 836.631458
142.603846 835.630232
139.016150 829.160932
140.447090 831.578996
140.519168 831.665042
140.898332 832.471693
141.607206 833.678489
143.953220 414.967261
146.839246 411.032075
147.163947 410.408482
148.995529 406.660329
144.021228 415.126105
142.574423 417.637456
143.587243 416.116771
143.396802 842.462328
145.708105 843.964513
146.941296 846.306684
145.706447 845.350576
144.986224 845.296171
147.637846 846.605201
143.561356 843.690982
150.149701 404.405010
148.498110 407.176205
152.957942 399.302969
146.611041 410.729528
151.345093 402.432944
149.070288 405.844991
151.021314 401.979019
147.457059 847.713390
150.962900 853.159243
150.585221 852.805070
152.529054 853.654944
150.989915 852.960930
149.782615 851.757684
147.298568 847.906474
154.605264 396.764706
155.413098 394.542640
156.429838 392.760662
154.529687 396.939991
156.918202 390.860577
155.286847 395.358693
153.265967 399.049521
158.783383 859.193745
156.688235 860.089036
159.355617 860.223672
160.068419 859.889198
159.874479 859.907668
159.135515 859.880406
159.258743 860.869154
159.158654 387.367945
160.199468 383.640239
158.801618 382.266487
161.259422 380.621456
159.992368 383.000597
159.229986 382.071497
158.993769 386.471992
162.568587 869.280457
161.698839 866.553041
162.426444 871.885800
161.537919 867.534487
163.230838 871.826230
164.578701 874.856556
161.845155 870.367667
170.285719 371.451418
171.090890 370.168317
167.480196 373.399333
169.827443 372.058494
170.512579 371.172613
163.701118 378.072695
163.929040 377.342360
166.667424 877.752347
167.409431 878.652568
162.661548 872.387601
167.468914 878.081371
167.411005 878.525470
169.590534 880.893724
167.272414 878.520531
175.317861 362.304929
172.519240 366.046264
178.805099 356.990859
173.888786 363.953955
171.283216 368.468792
174.919428 361.697780
174.736603 362.301363
175.331330 887.970278
174.480275 886.687427
174.303825 887.440796
173.134268 884.552599
174.667525 886.779050
174.121682 885.766263
176.254059 889.847136
178.813146 894.886031
179.039020 895.135492
175.363975 888.363962
179.687391 895.800169
177.956709 893.169367
181.854841 898.362802
183.094948 899.060263
180.905734 354.043988
181.542871 353.064687
181.629888 353.420865
180.922493 353.876985
181.137033 352.934763
180.136485 353.714172
177.762480 357.699280
186.191906 903.287086
187.525969 907.359190
187.206792 906.024506
181.775612 898.779853
186.390565 903.669331
184.371673 900.682774
187.748837 907.788595
188.494129 340.711294
189.162328 341.699731
193.422464 337.319704
189.069291 341.992762
188.977746 340.220021
189.452782 341.537099
189.228115 342.722326
188.666953 908.775367
189.308999 909.817114
190.986124 911.609300
191.364730 912.388538
193.246129 914.569786
194.163791 915.629723
195.082372 916.709805
196.112676 334.688691
196.272435 333.064552
195.539535 333.699692
194.637025 333.924104
197.343776 332.348200
195.034377 333.830883
192.157368 337.243355
196.319425 917.852380
202.151356 924.058309
198.613250 919.670576
198.644748 919.647683
198.652553 919.827848
199.006462 920.437009
197.410001 918.683426
204.900155 325.745721
206.676338 323.827779
202.664049 327.561731
208.108738 321.714903
203.306924 328.807384
204.438655 328.371369
204.295259 326.941793
204.115777 926.554719
205.498020 928.460641
206.594725 929.018565
205.425553 928.208012
204.667095 927.270351
205.461432 928.421305
201.313631 923.026758
216.442725 314.219437
212.045432 317.700646
213.603597 316.557117
216.350098 314.660905
209.586595 320.059866
211.225864 318.637868
215.675989 315.349521
213.557896 934.913863
212.905913 934.031330
211.059556 932.532251
212.318938 933.330297
214.592264 936.227269
212.592842 934.145610
211.433731 932.791659
216.698654 313.867902
215.957041 315.293688
217.531294 313.372999
219.783215 311.326506
219.452387 311.687655
219.573862 311.570997
221.837762 309.086154
219.743061 942.753647
218.176697 940.682590
222.765263 946.686699
219.719635 942.593706
221.678993 944.983893
219.167627 941.985761
216.471750 938.955020
229.972949 298.966843
226.370496 304.106365
227.365250 304.384483
227.034008 304.474598
226.603196 304.716578
227.444253 304.501491
230.222886 298.880646
226.124283 950.975444
224.231791 948.536105
222.648736 946.593335
225.388732 950.365347
230.844975 954.791078
224.443623 949.022056
230.512549 953.777675
234.721933 295.840700
229.649843 300.297520
240.148932 293.382406
235.245701 295.756242
234.608458 296.077608
234.704660 295.955770
235.694701 295.989046
233.547945 957.584981
234.429853 958.235036
235.842050 959.452264
234.301976 958.063401
234.503673 958.232655
233.789762 957.405248
237.962209 960.826928
246.476529 285.317217
243.886084 290.464906
246.315291 286.242337
243.633277 290.746570
242.493673 291.637991
243.940569 290.134073
239.566609 293.691012
244.380897 965.379468
243.240262 964.637046
244.250076 965.210101
244.824932 965.760324
244.603655 965.637503
245.147837 966.697312
245.296563 966.340109
252.164372 278.511721
248.421376 282.713056
253.009942 277.678317
251.417680 279.556469
254.690585 276.006245
249.054058 282.004168
250.271330 280.573900
250.315850 972.003050
249.661427 970.689420
249.318049 970.337264
250.268779 972.083816
247.540113 968.704181
250.994045 972.728819
250.066785 971.883422
257.640809 273.894621
256.734774 273.970879
260.531516 272.597704
258.780230 272.985706
255.956593 276.091144
257.342736 274.347312
256.722550 274.043542
257.894035 980.355743
256.962486 979.455843
256.728016 978.743110
261.188984 982.837148
256.830707 979.551881
257.186695 979.514574
255.565421 978.148197
266.087590 269.735827
266.601105 269.304690
270.052385 267.877522
267.034637 269.110445
270.670860 267.012986
269.589028 266.990047
265.773446 269.824320
260.308877 982.412723
264.913608 985.594976
270.865854 989.514074
268.919991 987.580895
264.439841 985.423096
265.391858 985.374646
264.732195 983.963602
278.484516 258.896050
277.107352 259.130695
272.558150 265.265397
275.407881 262.964534
275.709368 261.938298
277.121431 261.361670
274.690803 263.837720
274.505126 992.955245
274.409275 992.284017
275.800588 992.855229
275.340613 993.061433
271.921148 990.939188
275.533982 992.694820
274.310738 992.580275
283.402336 999.870624
285.211587 1000.045585
284.631824 999.964259
283.086417 999.436252
284.380509 999.151242
280.763502 997.458327
285.077176 1000.617358
283.611537 253.703384
280.988747 254.829595
278.293581 258.212104
279.447838 257.059135
281.175217 254.923599
283.066850 254.074024
280.985419 254.756830
297.746822 246.326529
288.004717 252.195802
298.364040 246.097856
291.563793 250.178037
287.189216 252.681516
288.923911 252.010890
292.490140 248.733533
287.241799 1001.482425
292.610408 1004.782505
290.973429 1003.849098
290.213814 1003.344891
295.983321 1006.736179
296.490034 1007.248954
290.347464 1003.387213
299.976291 1009.233432
300.192957 1009.416479
299.384646 1008.927947
298.305958 1008.190265
303.414414 1011.453487
295.819899 1006.758488
299.745057 1008.697818
306.532371 243.329052
306.994368 244.346863
303.351357 242.370404
303.829367 243.154258
300.022698 245.555775
300.838787 244.545471
305.665250 244.586115
309.508899 1013.793964
305.796980 1011.614745
313.416186 1015.984213
308.529139 1013.011144
304.516122 1012.286087
311.343735 1014.369255
312.997189 1015.190737
312.103325 235.295553
311.000671 236.142078
313.899278 234.543256
306.378348 239.812726
307.594835 239.565551
308.526814 240.260780
307.768322 238.533471
315.173447 1016.763630
313.846753 1015.691702
323.116861 1022.094917
316.863577 1017.927809
318.004411 1018.667888
320.057424 1020.158476
316.206373 1017.529356
314.401901 234.042831
321.804895 230.771431
319.085072 231.752413
319.184793 231.611306
313.586789 234.893294
319.479097 232.344141
319.152083 231.746922
328.621855 1026.078351
326.666066 1024.438461
324.921165 1023.463550
325.942414 1024.246887
329.207978 1026.522242
326.924007 1024.742818
327.244564 1024.889825
328.397189 228.215686
331.782908 226.669643
328.552951 228.215425
330.147721 227.596211
333.597730 225.742044
330.155912 227.505157
330.473187 227.485832
337.770111 1031.311860
330.908788 1027.547533
336.368627 1030.872653
339.469334 1032.232769
337.233223 1031.198899
333.722953 1029.368601
334.717517 1029.865370
337.659895 223.504132
335.957845 224.422754
339.900089 222.017250
339.318255 222.289418
339.312283 222.347352
338.437663 222.878272
335.969490 224.357416
340.180343 1033.005480
345.999643 1035.675714
345.670359 1035.503523
345.493634 1035.592944
344.953384 1035.199963
347.757594 1037.078968
342.654110 1034.162482
348.701340 217.739832
352.595446 216.654041
346.990597 218.149698
351.538166 216.620370
353.399336 216.130928
347.837434 217.924883
346.727144 218.334704
354.710635 1039.699941
347.899782 1037.081265
358.184247 1041.705836
354.258947 1038.514622
352.218731 1039.673275
351.815485 1039.761897
353.619578 1039.403426
360.901134 211.665684
356.376869 215.964949
360.674040 211.910747
359.170450 212.948744
361.163662 211.581744
359.273116 212.995859
358.017460 214.377225
362.581397 1044.086049
361.481273 1040.554009
365.486767 1039.890527
361.757272 1043.896412
365.826716 1039.698096
361.342176 1043.577029
364.682124 1040.220745
371.447328 210.521016
368.974085 210.188914
366.648437 210.458880
362.279347 211.344748
369.615516 209.809536
374.597221 209.617611
364.761726 211.139339
374.453065 1044.684982
375.957742 1046.101556
371.261833 1044.461847
373.287597 1044.920331
378.749708 1046.436912
373.925751 1045.082743
379.299065 1047.822327
378.445676 210.657705
380.352849 207.765307
374.411364 209.466285
378.788027 209.917299
378.738661 208.185497
376.323048 211.230135
376.358165 211.211114
384.597255 1048.737004
382.408416 1048.992704
379.003312 1047.397560
388.377145 1047.318417
382.192450 1048.881332
383.481880 1048.993275
376.175519 1046.746712
387.023934 204.196483
387.666047 204.054320
384.765100 206.158669
386.033462 204.879551
385.880391 204.771570
387.890082 203.741179
388.700199 203.357963
387.549703 1047.457632
395.269943 1050.896589
397.803573 1051.810274
389.420704 1049.427706
393.394870 1051.056713
393.171601 1051.067048
388.374618 1048.374506
396.186490 200.479844
403.151278 199.217736
397.011361 200.244344
398.567064 199.918819
393.002872 201.633000
397.200296 200.174371
394.194877 201.188762
402.318700 1054.250367
397.060977 1052.973131
398.766292 1052.478005
397.043410 1052.993279
403.599822 1054.004683
407.449580 1055.885604
403.393282 1053.744572
409.691205 198.150437
413.934146 196.474504
406.684960 198.388934
407.493250 198.091614
410.649064 197.500288
411.581950 197.039872
408.805738 197.828545
407.598445 1055.053792
409.106060 1056.362820
410.495187 1057.173622
413.711307 1058.378021
411.932709 1057.644930
413.391978 1058.186943
405.674446 1055.281056
419.268289 195.256722
418.439027 195.320688
414.296373 196.187380
420.545819 194.353670
418.520073 195.487567
415.993879 195.295196
418.273877 195.706392
424.238342 1059.805083
419.364410 1060.311171
421.135103 1060.583670
420.168105 1060.143475
420.316280 1059.179214
425.374726 1059.588030
420.870936 1059.774535
424.693908 192.708580
429.869192 190.235095
426.033588 192.379904
427.220496 192.577338
425.051281 192.401722
431.656638 190.835222
429.049390 191.332210
436.152524 1061.951138
433.697491 1062.792102
425.931372 1059.744192
437.930826 1062.250261
433.503758 1062.530406
435.240033 1062.445189
429.322533 1061.361491
435.558685 188.807247
432.435461 189.710203
431.747385 189.796382
429.577439 190.380182
432.796102 189.827642
435.769349 189.970364
436.809126 187.964809
438.884639 1062.260179
441.472919 1064.281312
439.181953 1062.228901
442.757286 1064.302796
441.701822 1064.359922
440.374469 1063.656354
441.624585 1064.370823
439.639716 187.298316
444.918040 190.470942
444.899785 190.679901
449.200232 189.925654
439.869447 187.435610
441.579263 189.483671
444.241042 190.569787
455.823802 1066.314378
451.498722 1067.673814
451.398837 1067.656365
451.291436 1065.584430
450.923649 1065.754554
454.503042 1066.490832
450.433003 1065.145255
451.722617 188.497434
461.181155 187.612507
458.642730 188.451460
459.559065 189.019842
461.540315 188.640728
455.335439 189.328766
461.536566 188.528135
454.536575 1066.060017
461.100362 1066.672957
453.690097 1066.086639
460.435215 1066.579635
458.752917 1066.546330
463.293036 1067.345517
462.879464 1067.861142
465.336258 187.705417
464.613635 186.235110
465.589964 184.911905
460.758258 185.587351
467.673065 183.709780
469.740199 182.914474
469.272838 182.600386
471.070084 1068.964502
467.847950 1068.373320
466.726850 1068.216265
472.041473 1069.413307
462.978578 1068.233122
475.771980 1069.853568
472.375515 1068.719649
475.800804 186.469593
474.075764 183.179182
474.472935 183.682901
470.483963 181.654232
475.713930 186.623599
480.004282 183.000555
475.220203 186.411319
478.976638 20.651075
478.806290 20.409555
479.937577 21.195190
478.897411 20.597150
480.488416 23.619111
479.308085 21.400526
479.934010 22.090134
478.435797 25.031889
482.770461 31.907245
484.416072 37.071833
478.641324 23.180566
481.527982 25.091688
480.225164 29.586300
479.953375 28.610735
479.926163 1070.005378
483.220911 1070.787435
473.593605 1069.747279
483.453400 1070.740796
479.369739 1070.435205
479.624174 1070.370183
474.075184 1069.767903
480.126271 36.439166
485.369089 38.707042
484.065561 42.580704
485.755825 39.651346
488.123603 40.498821
481.732479 47.456062
482.462785 41.204832
491.345088 184.411524
483.224530 184.008072
484.417720 182.656340
484.553722 183.693300
490.295910 184.194434
485.084927 182.822676
484.800701 183.163314
485.665743 21.065951
488.537435 20.204590
483.788622 22.646563
489.053257 20.090963
482.080709 21.582506
488.739429 20.640350
492.344227 20.980910
491.165704 54.519232
487.743506 46.236707
483.535081 46.221494
489.729645 49.062609
488.824668 47.217404
492.186320 45.406312
495.072601 54.702151
491.754446 1070.551052
487.378940 1070.644016
490.943286 1070.625284
488.632116 1070.713743
490.426268 1070.611066
492.653774 1070.305736
493.034900 1070.430547
497.183987 58.918082
494.754935 59.288522
493.795955 57.176381
493.913664 58.237416
496.187418 61.399086
494.041846 58.181081
493.238636 55.157187
500.153186 185.050534
495.100874 184.538401
492.826152 184.471848
494.872822 184.610068
497.294720 184.916164
502.158586 185.380655
495.574384 184.660129
498.225274 23.221947
492.662226 21.185302
495.404153 25.883985
496.541801 23.664962
495.920492 23.696023
500.724721 23.817344
494.969921 22.894053
500.750788 65.909816
504.043913 66.962709
500.724223 65.429621
506.257511 71.613786
503.882056 69.179473
501.906392 67.540517
501.399190 61.033942
494.220302 1070.317476
500.857177 1069.863675
496.766393 1070.106584
503.823326 1069.723566
502.006342 1069.755315
494.352018 1070.326583
497.234818 1070.073525
506.275744 30.639096
506.658118 31.083055
506.325465 32.101108
509.024447 32.133795
505.458109 26.766754
505.566631 29.866235
506.382487 26.608184
504.164946 185.596723
506.276929 185.837300
510.340015 185.300923
501.747891 185.120600
506.418685 185.818412
500.297820 185.573619
506.611372 184.579868
512.193600 79.194189
507.201549 74.547491
506.319560 73.291680
505.539156 73.090030
506.819679 74.324510
511.237108 71.608913
504.799789 71.204396
510.318752 44.471860
507.845469 33.494614
510.561037 34.095694
511.371498 37.865037
511.689336 36.870184
511.549072 36.327718
510.305600 33.376688
506.807354 1069.681586
509.973449 1069.581954
510.373970 1069.707910
516.377942 1069.294521
507.399786 1069.537157
514.481188 1069.759139
511.492146 1069.271307
512.273875 79.168467
513.757325 83.034158
511.912918 82.858234
512.539189 83.382733
511.233329 80.210816
512.372205 83.723514
510.584851 79.316572
516.624549 48.430304
516.657995 49.295875
512.875488 53.029904
515.258054 47.910839
513.506373 47.348381
513.717008 45.478951
515.781951 47.674221
516.108814 185.167216
514.393234 185.331711
510.893905 185.727455
507.538472 185.558047
510.896299 185.711090
519.539846 184.129313
518.342022 184.697806
517.717285 91.828044
520.624920 94.252937
518.578046 93.453962
517.392775 90.218905
515.376054 87.440138
518.529996 93.537416
520.339466 94.854140
514.823115 60.274646
519.429130 59.370664
519.138889 58.146996
518.357818 56.823250
513.236019 61.159653
514.544980 57.760042
519.142428 60.933608
516.631519 1069.624446
519.640170 1069.230733
520.431590 1069.299550
519.903973 1069.477984
519.499925 1069.625435
516.489767 1069.109687
519.677373 1069.512622
529.832766 71.389656
519.722227 63.138553
521.430197 61.785564
519.687548 72.216918
518.372536 62.055576
519.582436 67.806398
518.556248 63.848221
524.209362 100.861249
523.676396 99.844587
528.090711 97.616086
523.785554 99.717576
521.341420 95.222469
527.681787 96.407095
524.371155 98.617808
523.668946 184.643919
527.929229 179.685646
526.721209 182.346754
519.990775 184.655151
524.748598 184.130157
525.362024 182.424462
531.642234 183.748013
531.095136 80.417127
530.544537 74.647785
530.584328 75.006130
533.652416 73.139751
532.287956 73.003588
534.035443 73.081359
531.525967 76.311249
525.821613 101.783934
531.427141 106.620171
529.950953 107.979932
531.931898 108.061535
523.937874 107.151233
531.884796 109.773296
524.710763 109.846288
532.545332 1069.432599
528.551009 1069.672811
530.310687 1069.771673
527.686823 1069.022208
526.536950 1069.486026
528.871678 1069.556184
530.032658 1069.817782
530.289574 113.574623
533.571003 118.690703
539.236215 113.457088
529.812281 119.815408
534.452351 115.362454
533.481042 116.925457
535.583381 117.488993
535.289241 185.716398
541.332367 184.789865
530.399314 184.929710
531.412750 183.303001
535.125353 184.842582
531.425277 183.808652
536.069700 185.170670
538.488631 77.566476
539.044282 77.612817
534.726988 75.222352
540.461760 85.803812
537.921381 80.020055
537.507268 81.834685
540.829441 86.667221
539.750704 1068.220191
545.256120 1066.548214
535.107458 1069.113893
537.823182 1068.601950
542.589772 1067.324196
540.432888 1068.139208
539.348234 1068.636965
540.105379 88.373176
543.773820 95.288165
541.923494 90.337346
542.627301 91.165785
540.366167 84.615283
543.649898 96.560633
540.983378 90.762415
544.446781 124.892674
541.884334 125.048062
547.208023 125.748296
542.267898 127.169655
539.998919 126.770615
539.091390 126.979111
542.910391 121.824660
542.072854 185.492409
546.606167 182.498664
541.830580 185.899542
545.881917 185.835479
540.002246 184.649990
542.746806 186.359436
546.283120 184.164168
552.816923 95.623760
549.138766 98.631395
547.830988 96.818817
549.392040 95.716424
550.030909 96.526790
546.443984 97.094666
546.266315 94.184716
550.914850 132.021691
547.553485 131.730103
553.011180 131.492659
549.245907 132.234599
551.707927 132.449855
549.820588 134.560856
549.768048 131.760643
548.142383 1065.975501
548.371000 1065.727905
551.370646 1067.979871
548.195386 1065.620090
550.173608 1067.750540
550.841413 1067.622815
548.912246 1065.763296
556.408869 190.973089
552.748253 187.932995
554.192312 188.890007
552.683007 186.978685
555.490314 191.813720
559.884552 188.745680
555.048811 189.848826
550.977729 103.587219
553.472532 102.029311
552.849258 107.865329
555.288399 106.730354
558.637863 112.488514
547.201557 103.010270
553.595706 106.504764
556.437599 141.485855
558.496397 130.750266
556.737414 134.392243
558.974507 146.985763
556.477450 140.836537
554.790840 137.448352
563.737595 137.267915
559.127584 1069.098108
561.656738 1067.777564
559.486603 1069.065554
552.818331 1067.384096
559.065370 1069.073885
558.522511 1069.010638
560.478355 1068.645540
562.703008 116.785369
559.675918 112.938443
566.212495 117.811178
562.819891 115.690204
559.738820 113.117915
565.035862 116.388015
555.927856 118.068736
563.143934 155.405817
559.258477 147.700493
557.804628 145.002445
558.547228 148.834110
560.782113 150.109166
563.269449 153.689736
562.251783 152.419331
564.520065 154.749556
559.052284 162.871154
563.719608 158.975733
563.178977 160.029721
559.911201 154.847043
563.896315 162.511444
564.920719 154.351345
557.906216 190.721349
564.667306 185.859911
566.563700 185.948817
565.739700 187.965961
564.462668 188.003391
565.503844 187.401437
564.349615 186.943335
575.674972 118.920497
573.882914 119.165518
567.872242 118.741668
568.160764 118.888847
569.669934 119.555980
569.011326 119.034234
571.680673 120.878353
570.052735 168.834516
568.609312 166.276063
563.501994 169.777495
570.408817 168.204418
570.955114 168.823279
574.898354 169.233778
569.673452 167.786353
569.059757 1068.405697
575.464953 1069.278715
568.530669 1069.688834
567.865618 1068.637104
575.169099 1068.697923
569.969554 1068.866200
571.334318 1069.110858
574.060603 174.959847
574.854405 177.443487
574.898740 179.029707
574.688587 172.378836
571.144834 177.047462
575.051732 178.513836
572.403291 170.013435
578.386166 185.267714
571.705529 186.629517
573.098865 186.186060
574.911542 184.403880
576.089365 185.130071
572.831526 186.453777
575.809425 185.197048
579.551390 116.471130
573.164095 120.332582
582.419183 118.794028
583.940357 122.102164
581.715203 116.129764
577.516478 120.300727
571.485297 123.003052
579.363935 1069.040460
579.985508 1069.940686
582.009085 1066.995389
576.743360 1069.919012
578.494267 1069.442284
578.879084 1068.991125
581.929427 1065.524250
586.865754 112.664084
582.234818 113.450668
592.126569 109.449499
585.300674 110.118943
584.790718 109.342315
586.378608 112.480191
584.845584 111.096529
587.776644 1068.900913
588.885438 1070.633878
587.854101 1068.693014
586.299543 1070.253739
587.114646 1071.326104
591.371918 1071.773278
589.837630 1071.626234
602.464726 105.462997
600.492261 105.276387
588.968768 109.454801
594.109012 107.016433
594.880564 106.106165
592.726597 107.421097
593.099805 106.244085
592.726261 1071.360260
603.888174 1074.170388
596.103174 1072.897704
599.281810 1073.627761
598.604492 1073.349279
604.752836 1074.036906
592.912115 1071.529279
601.314469 101.849116
603.698768 95.693802
599.510798 100.137875
603.853726 92.656296
602.007928 97.931844
599.430202 99.167721
602.272751 98.031696
612.609366 1074.368193
610.200718 1074.251410
609.010610 1074.550390
609.402241 1074.118122
608.440211 1074.406332
611.263873 1074.491215
604.084667 1073.378840
605.362561 79.188359
608.907422 81.979099
607.801462 80.305196
608.875493 82.729529
606.717148 80.700743
605.901554 81.648653
613.198263 79.216687
615.886092 76.867787
617.552185 75.469574
617.546636 76.527639
619.435718 77.519927
620.246330 73.247137
618.349973 76.321258
621.105186 72.760303
618.811451 1075.059930
622.924286 1074.918319
622.125171 1074.639311
623.864141 1075.035244
618.306168 1074.904780
620.547468 1075.022898
617.948594 1075.000963
625.599176 66.247463
628.195291 64.051520
624.954908 67.065624
625.591927 66.203971
625.343689 66.461768
626.102188 65.823935
630.549270 61.412325
626.247517 181.018593
624.704486 179.579310
627.376512 181.284278
627.435731 180.818869
627.876282 182.410061
630.250159 183.683950
627.358419 181.296554
631.040560 1074.895343
628.430957 1074.846712
628.267876 1075.021943
632.419257 1076.047760
629.469443 1075.039210
631.022279 1074.694840
628.082024 1075.105592
628.495780 177.098619
631.704489 174.259081
630.945376 179.883756
635.557773 171.853300
630.647623 175.868790
625.320857 175.253712
633.118897 173.251885
634.005565 59.373251
632.762660 59.554094
633.745520 59.256794
629.377930 60.470931
634.069966 58.961595
637.724393 59.638659
632.994105 59.244553
635.914465 190.530250
634.474341 189.187400
637.934825 186.547201
635.008253 187.015560
635.239466 191.442375
635.932282 190.893598
632.327292 186.584428
639.748583 166.047025
638.171910 169.918787
639.896713 171.052582
637.267176 169.343879
637.471628 166.129548
638.374702 168.086460
638.698875 167.942179
637.662952 1076.555818
643.332762 1076.633239
638.689109 1076.606677
635.402783 1076.455381
632.211327 1075.913258
633.728614 1076.312235
633.940930 1076.143126
642.724297 55.880800
644.219812 59.897826
644.480373 52.874027
637.728644 57.322102
637.964008 57.347364
648.880295 55.795606
644.908306 52.748525
642.608117 158.895745
640.677920 157.202384
639.099269 155.138947
646.347856 156.777876
645.367182 158.558612
644.835533 158.301350
641.147732 160.658365
645.574810 188.076124
639.692621 188.409940
646.506736 185.583999
645.707310 189.347672
652.021531 190.679143
652.102940 190.729339
643.994582 190.029262
643.164243 1076.491542
647.718370 1075.292239
647.718064 1075.207868
648.550471 1075.251459
643.556300 1076.413027
647.813644 1075.317483
650.216559 1075.605339
651.140306 154.166047
651.612730 153.194510
648.251334 149.100878
653.458626 147.489570
655.558066 146.269430
652.357659 149.841032
644.718052 152.384044
646.061735 51.980721
648.358613 51.637080
651.434899 49.331856
652.680362 48.669483
651.485455 49.145824
650.561352 49.956076
655.071203 46.184191
649.983426 188.202965
659.618027 188.262558
658.716379 187.452787
656.295370 187.792183
653.920989 188.811157
658.476017 186.321118
649.211317 189.166712
654.054283 145.567868
651.700991 147.703483
657.549500 141.637449
652.879085 146.775226
664.105845 139.103428
664.232497 143.457083
656.938054 143.072817
656.811948 1075.284291
660.936822 1075.103648
661.965547 1074.561476
657.769870 1075.348528
657.120947 1075.328377
652.468865 1075.493245
656.110623 1075.399585
660.963282 43.354308
655.473487 46.159131
654.738373 46.741248
656.082968 45.928490
658.876435 44.301922
660.347940 43.681337
660.140487 43.705216
666.343475 135.710532
660.422947 131.967697
665.487731 133.932902
662.194463 135.274899
664.972713 134.538151
663.792926 140.009781
662.318747 129.271764
669.988472 189.119035
661.443155 187.852857
669.449765 190.566245
672.213004 188.565578
665.810127 186.862616
666.417319 184.125475
665.335444 186.859214
668.337440 1074.879506
667.163790 1074.899570
675.529719 1072.119492
668.296451 1074.906793
668.994593 1074.585783
666.303571 1074.634095
668.314762 1074.717296
663.939417 42.250410
672.954156 39.771701
673.364348 40.580515
666.270337 41.755714
669.966603 40.826541
666.491393 40.858608
672.217421 41.486839
673.516733 129.643238
673.937965 129.906858
677.691721 129.411662
673.372180 129.550486
676.486713 127.069958
673.727202 129.768183
677.892630 128.169270
677.153999 190.136037
674.675537 189.969866
671.238111 188.069824
676.573130 192.056819
675.464533 191.827846
678.320079 192.903884
673.385073 188.950532
678.275598 1072.426311
678.555312 1072.656359
676.691813 1071.987078
674.688055 1072.308901
676.138569 1072.382331
680.983511 1072.089669
678.961519 1071.253612
679.123446 36.394665
681.150139 38.065216
682.581064 37.923067
680.389400 37.944774
683.025112 37.670620
679.851434 36.808704
684.643259 38.442145
685.937066 122.887311
686.113963 125.277969
685.252461 125.094322
689.172570 128.126850
690.446284 127.201083
685.313094 125.273648
690.548880 127.008869
684.074651 194.616722
682.511056 194.362646
685.339460 194.407357
678.954813 191.660660
681.548233 194.124406
689.022805 192.971768
687.495968 194.559941
681.492099 1071.296610
685.822594 1070.442781
689.934099 1068.834380
685.928027 1070.285636
683.542377 1071.194529
684.536483 1070.983471
690.162563 1068.550693
689.675122 39.322238
691.324551 39.738370
689.524405 39.302746
687.673348 39.078733
694.748338 40.557066
690.762219 39.343295
691.103530 39.872247
694.033354 119.835249
696.474319 125.269242
696.894039 117.714585
692.281738 117.711733
695.405663 116.474801
687.956600 115.874999
693.995295 118.552660
694.967093 195.250352
694.794191 194.028679
695.716232 195.027834
693.855969 194.820350
689.708204 190.197191
696.356678 195.105619
697.209594 194.868170
700.803450 1068.637179
689.927860 1069.096935
695.290775 1067.171892
698.313774 1067.778860
693.577545 1067.666366
700.166074 1067.605928
698.601946 1067.581587
703.119782 39.173011
702.578045 40.535655
695.586938 40.693200
702.599827 38.798449
702.786049 40.733043
697.490930 40.273277
701.597961 40.132259
699.279027 114.761916
697.273168 116.913539
699.284219 114.787161
697.459914 116.859787
698.115425 115.713874
700.098890 113.262275
701.904101 109.446469
706.134934 194.626845
706.443142 194.581864
709.038869 195.140565
704.372652 190.378592
699.916917 194.622933
703.921264 194.027072
703.407794 194.247813
709.264416 1068.876612
700.136691 1067.688374
705.833464 1068.848012
709.542887 1068.080872
707.149370 1068.865681
706.619887 1068.627296
709.995975 1068.497720
706.180346 39.873213
712.876287 39.047264
703.193087 40.665666
710.001970 40.041452
712.538119 39.805085
710.126398 39.949414
710.024711 39.081862
705.317295 107.400152
709.946895 104.978873
706.188221 106.291744
708.693290 97.609862
707.315429 106.837180
711.811935 105.049774
710.004219 105.026221
715.985329 198.004073
713.174099 197.884613
711.606347 198.069854
717.596433 198.098270
709.582329 197.472909
711.609330 197.969982
717.466375 197.361739
714.057258 1066.725980
720.656375 1063.636716
712.322597 1067.080603
715.696718 1065.811376
720.115540 1064.163510
717.335400 1065.065183
716.122723 1065.633157
719.901088 39.866667
723.055910 41.845171
722.524987 40.693913
721.601041 39.831049
713.162877 39.493796
725.471891 41.250236
724.678088 40.287937
712.524943 104.798036
717.424557 105.449045
720.923279 102.749105
719.702948 103.948442
716.542308 104.506100
721.031861 103.709548
715.204984 103.721827
731.330493 196.435002
717.656785 197.649774
719.134147 195.932114
724.164955 199.248339
725.481151 200.125355
725.745099 200.161223
726.794222 199.964141
727.184638 1062.149482
726.060587 1062.394544
727.258993 1062.136573
727.205772 1062.195126
731.978951 1061.250596
732.402251 1061.047138
721.793479 1063.302013
727.638844 40.194213
730.008426 40.505453
724.603948 41.077197
731.066594 40.248433
731.121571 41.314507
733.054483 40.358965
734.325788 41.051055
728.978603 102.111636
733.050295 100.047387
732.412899 100.236268
729.441883 101.784604
732.886802 100.179287
734.206792 99.934996
726.840727 102.579172
739.175367 202.533688
735.090876 202.241728
739.006099 202.847983
739.837040 203.145817
740.571417 203.594291
735.644969 201.746299
737.941181 202.600462
735.731204 1060.641060
736.156685 1060.535123
731.668684 1061.193597
736.083375 1060.577017
738.817068 1060.300631
730.709855 1061.349975
742.018016 1060.376079
734.129066 98.714263
739.951200 102.073398
743.735384 93.293491
736.023590 90.599057
743.230342 95.943583
738.435465 96.802569
740.444695 95.716437
745.100357 42.447941
744.279620 41.204004
740.705311 42.572615
739.701918 41.660502
738.064078 41.154569
741.412512 45.519822
739.650297 42.732415
746.586553 204.328564
740.006561 203.056923
742.749332 203.650629
742.729370 203.690335
742.834277 203.636859
741.570720 203.889526
739.225915 202.903484
748.427676 1059.319174
747.919212 1059.242346
742.194338 1060.418056
746.402584 1058.966604
744.268396 1059.993480
747.583037 1059.305395
739.372272 1060.443132
742.749339 95.523025
750.409550 95.457101
749.453311 95.377581
749.281846 94.590752
748.115655 94.985039
749.006068 94.887267
749.856404 95.178419
752.289421 41.490422
755.746706 41.439881
749.345856 41.960219
752.160658 41.282417
749.469057 41.835889
750.651864 42.200158
746.052206 43.369123
752.729389 208.042400
753.052419 206.923786
748.937405 205.679532
752.270768 208.394614
753.123915 207.731362
754.016846 205.955692
753.125148 207.849382
760.105510 1053.899950
757.764965 1055.289544
754.458691 1057.047824
761.225247 1054.180004
753.800565 1057.024956
759.224385 1053.977047
756.763095 1055.994248
761.224680 91.352863
752.350708 85.950410
764.054127 90.322415
757.086026 91.328619
759.281752 90.000710
759.703601 90.758107
759.260438 90.468488
755.160293 43.014374
756.156595 43.510444
763.487580 43.628603
758.987566 41.014391
760.110796 41.576986
760.859484 42.550777
759.799052 41.319155
758.800394 207.701409
759.199703 204.053088
763.924733 208.910979
765.466971 210.289974
762.972628 208.996605
765.278611 210.660798
760.416318 207.871473
762.060147 1053.423034
770.394864 1048.776576
766.843258 1052.294872
764.733797 1052.930764
767.778628 1051.696380
760.341328 1053.649424
762.523789 1053.424671
769.977116 90.895537
770.627642 91.392272
767.848452 90.350693
768.035365 89.980731
769.526080 91.004633
772.140160 88.592976
769.972356 89.296660
771.076545 47.011221
767.898195 45.597032
769.907020 46.410009
766.207281 44.774888
770.440687 46.662473
767.545337 45.721602
773.295403 48.764768
776.835804 215.997341
770.935615 213.796528
769.536174 212.997814
773.786526 214.794736
772.061503 214.064473
771.534238 214.270687
770.152501 213.761555
775.232154 1045.433044
778.504516 1044.109146
775.107560 1045.429622
775.830895 1045.180887
780.325806 1044.646378
778.481229 1044.030197
777.915811 1045.535658
776.415504 55.653354
777.981720 54.485776
774.344761 49.747459
779.689721 58.062721
779.845914 60.902702
775.779586 51.815871
779.270833 56.126957
777.194650 84.934236
773.462590 87.899661
776.621745 84.048250
777.284633 79.919055
775.474833 86.049454
778.418728 86.975336
776.759664 83.785191
781.143922 218.685073
775.061477 215.362279
783.160111 219.053220
783.692559 220.340930
779.726833 217.500632
783.351466 220.202995
784.259269 220.434000
783.292419 64.570298
783.427959 64.944026
783.942414 66.093214
784.031282 68.823359
785.093868 71.399832
782.108333 61.655829
780.449183 58.090729
785.789891 76.454448
785.057696 72.562555
781.638326 71.342417
780.110824 72.196386
784.839229 72.489121
783.198929 70.972421
785.006353 72.507416
781.023747 1045.868431
780.106264 1043.977983
785.837520 1044.304500
781.541983 1045.042291
788.687492 1043.182149
787.949494 1043.450308
783.934703 1044.323814
792.702587 223.486791
792.452911 223.626073
791.705903 223.024035
787.902320 221.810877
794.380335 224.790714
790.701342 222.979506
790.552220 222.695582
793.636248 1040.935127
799.832628 1036.862590
794.891057 1040.262260
793.893035 1040.420022
794.904745 1040.116249
799.361944 1036.854611
794.280044 1040.456507
804.105915 228.662235
795.585711 224.422516
795.767497 224.467643
794.799612 224.111320
799.698244 226.564608
798.469237 226.182900
798.589506 225.793519
804.570913 1034.051121
801.046550 1035.181296
803.059739 1034.857012
802.491472 1035.394670
807.712343 1033.226176
802.406946 1034.583476
807.127403 1032.479436
810.006114 231.071079
804.792640 229.203486
811.254241 231.657170
814.332720 233.398176
806.987571 229.639737
812.909943 232.453427
813.018064 232.485643
808.408134 1032.711086
812.055439 1030.314427
809.643257 1031.876295
814.373095 1029.001907
814.303435 1029.190829
813.214713 1029.752024
807.667801 1032.426807
817.515181 235.597484
816.632619 235.192390
817.848737 236.156555
817.921404 235.981133
818.052686 236.085613
820.965330 237.944898
813.875432 233.141864
824.231536 1022.973463
814.888259 1028.715580
823.555693 1023.428303
820.621520 1025.245301
825.899982 1021.624001
816.897780 1027.515803
822.296420 1024.012461
826.482378 240.966047
831.687910 243.017818
830.535383 242.832973
827.662170 241.567913
827.650300 242.033076
830.761779 243.225262
828.896127 242.962466
830.452564 1019.265557
830.413837 1019.279482
832.463532 1018.517802
832.929701 1020.023796
832.671963 1020.426808
830.794348 1019.379397
826.196435 1021.073402
837.474237 245.415303
837.522090 245.417812
836.959534 245.258353
837.914386 245.630783
835.630642 244.650226
837.885728 245.630298
835.861830 244.729798
840.341501 1013.289945
839.434628 1015.029847
840.805420 1012.854804
844.514844 1011.939807
838.077798 1016.684502
838.005037 1016.863336
841.074744 1013.356935
844.039301 249.417944
845.993639 251.303396
843.426199 249.173100
843.363311 248.993110
840.280906 247.043428
845.208909 251.102282
845.472978 250.723992
849.636162 1008.753489
843.681028 1011.823463
849.454300 1009.367265
853.591654 1006.237365
844.996175 1010.556324
849.790880 1009.196220
851.962330 1006.622714
849.561898 253.565638
852.007032 255.560679
854.082244 256.148688
853.868649 255.564610
854.019293 255.674084
855.713798 258.098963
853.075549 255.558262
852.025348 1006.648105
859.526977 1001.864823
860.933638 1002.204865
861.250424 1002.274979
862.488596 1001.596039
859.170915 1002.549577
857.117299 1003.394192
868.687378 267.996041
862.783052 266.590526
862.699395 265.878639
860.486117 262.464422
861.843797 264.686363
859.510598 263.310941
861.186886 266.560856
865.672097 999.648552
866.951784 998.931982
866.516399 999.227559
863.999228 1000.414852
868.700989 997.326203
869.550011 996.580784
867.994421 997.124288
867.118100 267.690213
865.761729 267.062801
870.982538 268.877101
873.866668 270.696092
870.880750 268.731236
870.778542 268.693095
870.133931 268.327958
873.003894 993.108377
875.283874 990.195613
877.502203 989.065887
871.974618 994.225105
871.929816 994.129831
875.271477 990.314846
876.835859 989.274966
884.080456 276.977351
879.165608 273.871300
883.802571 276.789441
884.637546 277.740323
873.819077 271.397478
881.971287 275.754475
878.780088 273.707185
883.257012 985.141436
881.715645 986.341433
885.243574 983.345468
880.121017 987.105387
880.410814 987.063999
882.101298 986.117862
879.537689 987.679236
887.373395 281.853833
886.940937 279.743119
887.518396 281.302613
887.958350 280.922447
889.161357 283.286700
887.897681 281.211371
886.508208 279.229498
890.444273 978.738861
886.268891 982.549100
892.116031 977.185852
892.542789 976.990290
889.968333 979.253619
895.780947 974.289885
892.685073 976.504711
894.027580 289.508508
892.677801 287.377945
894.297753 289.940338
896.511942 292.270527
896.002788 291.559436
895.709483 291.797265
898.355468 292.282649
900.178801 970.291325
895.498571 974.474664
899.695046 970.702783
900.095611 970.331222
897.530470 972.700150
897.333964 972.792585
900.327196 970.065000
905.213505 300.481346
905.247976 296.619348
898.663553 292.757649
907.191680 299.192088
904.820696 296.458898
904.052484 298.536768
903.631034 296.689117
909.095992 962.878280
904.903439 966.362280
902.765558 967.994151
910.392168 961.917365
905.682999 965.393610
913.397446 959.336477
905.710327 965.521422
910.636685 302.768439
911.110489 302.826051
905.799882 301.028737
910.563644 303.460833
907.900093 300.807503
910.191087 302.233005
907.733757 300.969646
916.430770 955.997672
918.111534 956.259657
918.341428 956.138196
919.831286 953.957692
918.958357 955.434804
917.029527 955.972058
919.475875 951.780513
913.738206 304.925074
920.494717 311.672487
915.656973 306.683091
922.895898 314.345507
916.898630 307.841168
917.267255 308.599622
921.058137 312.185122
925.652843 945.843410
921.106561 950.777177
923.963452 947.751255
921.670578 951.267926
920.931604 952.603544
926.386316 944.577875
922.558497 949.881589
928.643273 320.438398
922.458807 314.417342
923.892715 316.113831
923.471241 314.967840
922.026470 313.534502
922.505260 314.347953
929.021435 320.600738
934.433145 936.174196
927.209755 944.211298
926.467615 944.681624
928.055975 942.722319
930.662631 940.136562
931.718232 939.126968
930.343638 940.427577
933.015158 324.736349
933.270880 325.038664
929.577958 321.668381
933.207527 324.887033
933.476038 325.126454
933.236683 324.847248
933.904281 325.897555
941.034262 928.614132
937.678481 932.776084
936.717747 933.349818
939.399418 930.595726
937.095611 933.474797
937.429031 933.127721
934.278791 936.464694
940.344565 333.731679
937.677790 330.824273
940.279140 333.715686
939.790106 333.216808
938.757226 332.107601
944.649158 336.327374
938.816094 331.878024
943.228000 922.973482
943.811297 921.588187
941.961487 926.977584
940.660273 928.739494
942.031259 927.155729
944.799933 920.296174
945.212427 920.595671
947.907410 339.122221
946.513270 338.407422
947.144159 340.331379
948.933012 340.016611
947.357391 338.560685
948.545299 339.969997
947.786209 339.256152
949.848051 913.456270
948.441033 915.402216
951.780756 910.390735
952.023250 910.158445
949.499743 914.061236
951.880039 910.749069
949.612133 913.998479
953.027789 350.547467
953.261639 352.424895
952.577454 348.995852
954.057206 352.910382
953.143579 352.422100
950.935462 346.217764
954.097048 351.113035
957.855134 906.368926
954.168658 908.767213
955.543353 907.782444
958.439977 906.062279
960.193689 903.492475
954.166528 908.550411
958.439117 905.675457
959.984853 358.791893
958.801619 356.894957
959.484521 357.637165
959.517136 357.616518
960.143757 358.421316
959.569734 357.648036
954.698646 353.800334
965.513007 365.857223
961.502912 360.242813
963.106305 362.517278
965.058589 365.235375
965.238283 366.202478
965.257664 365.375416
966.183852 366.663514
967.069656 893.457975
965.028406 895.974407
963.741381 898.089159
961.193260 900.656807
965.923760 894.752222
965.534697 895.244687
965.415289 895.430879
969.535640 370.890913
971.373295 373.559675
971.012214 373.347096
973.838275 378.961960
972.524570 375.617186
972.370634 375.777784
968.888981 369.994054
973.165205 885.367870
975.750703 881.438058
972.812018 885.167106
973.297366 884.429036
970.993335 887.623312
974.366338 883.552082
968.794657 891.121913
975.436063 384.726600
974.614469 382.386577
975.887053 384.034008
974.705485 382.144991
975.681649 385.384182
979.327807 389.249798
976.315532 386.220820
975.495459 879.504409
976.004484 879.621807
976.494409 878.955329
978.099475 875.452223
975.739670 881.139617
974.899915 880.808398
975.914541 880.396335
983.645599 395.287527
980.408683 390.762802
979.620377 389.837960
980.432391 391.003863
979.648036 389.001848
981.817934 392.589703
984.598582 397.218918
980.131297 869.910688
982.749222 866.297349
980.220716 869.677598
987.784714 858.236222
981.325613 868.321536
986.111659 861.701411
986.692363 860.914836
987.134923 402.373182
989.082953 407.294680
984.147365 398.356927
986.297833 401.453426
986.310088 403.218263
986.048680 399.331719
986.620068 400.745095
989.221636 854.902987
989.392607 854.783349
988.724980 855.661949
986.261561 861.111622
991.670983 851.514964
988.530347 856.205594
989.606294 854.531862
988.244498 406.089964
988.540797 407.566218
987.656509 404.476321
987.334496 405.018283
987.357539 404.260546
988.784153 406.191462
989.771425 410.122935
992.336972 416.930448
991.656568 414.973958
992.074645 416.276311
995.026910 420.741900
997.032714 423.533299
995.918385 422.036929
992.441503 417.140224
995.729772 844.834685
997.891786 841.944127
995.842941 845.527265
997.478588 842.134686
994.186475 847.731768
997.447552 842.716673
996.796807 843.749887
997.914652 424.911577
1000.208784 428.960654
1003.810502 433.553345
999.938346 427.799208
998.185922 425.729510
1000.523351 430.270837
999.537252 427.698953
1001.021574 834.109028
1000.305417 834.728332
1002.940782 832.818511
1000.602502 833.611686
1001.176529 832.404847
1000.287228 836.867962
1001.198059 835.948389
1002.819681 433.732085
1003.651814 433.630149
1007.622869 439.994187
1001.660312 434.897028
1006.343201 437.930444
1005.530318 436.460701
1002.092447 436.787634
1005.176808 825.348901
1005.035014 825.809742
1007.594800 822.307856
1004.180227 830.584402
1005.433030 824.919564
1004.266851 825.954587
1004.421281 829.624540
1007.718358 445.828713
1009.030527 444.006464
1007.768174 444.130475
1007.302802 445.287245
1009.952555 446.509390
1007.615382 439.854065
1011.703558 449.073751
1009.302840 817.474681
1010.141992 815.759328
1008.822029 819.917112
1011.465129 815.482682
1014.630835 809.933105
1010.437213 815.446294
1013.923748 809.585973
1014.262505 452.507867
1018.434658 461.134492
1015.506899 454.784423
1014.077208 452.517459
1016.372232 456.998700
1015.777203 455.544442
1012.897882 451.698705
1020.244936 805.257685
1015.073652 805.003573
1013.546690 807.964475
1014.120685 806.878271
1016.070006 807.632926
1019.151602 805.143595
1015.464057 801.751496
1018.615307 461.564115
1016.580428 462.331580
1018.431389 461.498142
1018.709731 466.406265
1018.949098 464.357081
1020.259338 469.640589
1015.871673 462.090783
1022.303814 476.517574
1022.576220 476.823329
1020.311619 474.262569
1022.486523 476.555007
1020.175967 472.742509
1022.522051 479.964002
1020.442150 474.524692
1019.898594 790.157758
1019.617664 791.348685
1020.305264 791.653210
1020.211639 790.353194
1019.754652 790.717440
1019.912675 790.089871
1020.587290 788.151223
1024.536160 482.926231
1024.797335 483.607010
1024.281089 486.954838
1022.684367 482.317930
1024.795907 483.598432
1025.297614 486.716658
1023.139253 483.348144
1024.083614 777.660617
1027.525936 774.984357
1027.225221 774.479959
1026.865928 774.087341
1022.865487 781.037498
1026.735412 773.603899
1025.297302 777.081719
1029.933096 494.037847
1029.246656 492.929647
1029.710344 495.340246
1026.507747 492.357863
1027.289406 492.854822
1029.228072 493.893486
1024.624834 487.800095
1029.860515 499.680729
1031.233530 504.548801
1030.118933 499.109705
1030.886531 501.571885
1031.018296 502.194133
1030.863364 500.081582
1029.495775 496.509610
1029.337396 758.933336
1029.158924 757.525243
1028.970187 761.682463
1029.399191 758.590087
1030.669786 756.769699
1028.764957 760.326477
1029.298289 756.453168
1034.615834 511.339967
1034.573095 510.558626
1034.656052 510.551543
1032.218793 506.144376
1035.871523 517.102083
1034.106162 508.335956
1033.597825 507.210699
1037.502576 525.554319
1035.780001 521.152272
1035.036672 520.765228
1034.303956 518.252311
1036.250341 522.990450
1034.290493 513.775159
1033.861756 518.577856
1033.265070 747.900802
1036.574769 745.180185
1034.075492 740.512918
1037.339220 734.841865
1034.574847 741.814655
1034.846023 741.596989
1036.598839 745.027465
1036.600226 747.082005
1032.658026 748.261580
1035.323995 744.299739
1034.309507 748.893322
1035.328906 750.316681
1031.996567 749.737260
1036.817481 748.193076
1039.671441 529.690389
1039.807341 529.830949
1038.063696 527.071058
1039.956344 531.253238
1039.163560 528.212308
1040.175370 535.336613
1038.622460 527.178238
1040.865364 543.376295
1040.999806 543.137588
1039.490863 536.681512
1041.865944 546.981420
1040.636818 544.003635
1038.977661 533.575570
1039.866211 540.359768
1040.849095 710.132757
1040.342367 713.668602
1040.221758 714.707749
1040.949743 709.671652
1038.005917 719.863671
1039.170405 714.387260
1037.403995 720.883705
1038.846899 724.616272
1037.696766 723.681466
1037.777858 728.813764
1038.814907 725.034250
1038.320095 726.434462
1038.205527 726.231677
1038.136468 729.620953
1042.892811 553.329387
1041.745954 548.279120
1040.606566 543.802100
1041.890716 553.555202
1042.609979 553.940377
1042.072303 549.797760
1041.866555 549.505492
1043.770234 558.934271
1042.800449 567.648352
1043.428276 558.000708
1044.776654 565.446854
1042.571793 564.642762
1044.500657 566.215258
1043.493050 560.208120
1040.972492 570.849741
1039.911992 571.653415
1045.102042 570.576573
1043.294488 566.403541
1040.129829 571.144832
1046.662237 576.416501
1044.903930 572.955865
1045.823100 580.447163
1048.189701 581.702566
1044.922749 580.372374
1046.495979 583.607962
1045.224208 576.322447
1046.512427 581.068858
1047.584424 579.860703
1046.123714 683.580999
1045.241238 684.758975
1045.736928 680.226366
1045.470203 679.196340
1044.544126 679.694991
1045.478993 685.153023
1043.125916 686.018539
1045.081353 692.459912
1041.762816 688.804620
1044.561587 688.007655
1041.805170 689.683789
1044.129320 685.550112
1044.521722 694.189679
1044.347694 686.342036
1044.529314 697.826576
1045.349800 697.996583
1043.194460 703.926150
1043.640346 700.900588
1044.164853 701.397577
1043.234623 692.736929
1045.221239 696.451503
1046.094972 589.354200
1049.801084 591.377064
1046.834428 587.911898
1048.673121 594.217304
1049.776015 593.124822
1045.501956 590.547323
1048.123710 584.782832
1052.169751 594.882590
1051.849043 595.061447
1050.289241 597.141708
1050.137287 599.873574
1045.664012 594.323511
1049.289833 598.916220
1044.839859 594.005068
1049.223933 611.898770
1049.515518 608.917044
1048.925882 616.563595
1049.523190 608.146859
1047.001673 614.140654
1046.463700 615.786571
1049.720811 608.161606
1048.900846 618.389859
1048.765442 619.109395
1049.246240 618.916419
1047.209690 624.655100
1050.218599 619.790341
1050.947391 620.324612
1049.363416 618.965347
1050.014886 631.607327
1050.528013 628.199288
1051.112460 631.355506
1050.099199 628.953967
1046.366113 626.307172
1050.875098 627.781088
1049.844194 628.465953
1052.860976 639.070884
1044.708473 639.939537
1051.214515 639.618133
1046.689648 642.322083
1055.147208 641.029529
1053.840208 640.430326
1043.716747 639.235427
1048.394852 642.558813
1047.201495 642.955439
1052.671960 646.617832
1048.132979 642.159017
1051.514026 652.082510
1050.542792 649.831210
1047.203920 643.433296
1049.758149 659.019613
1050.734640 657.036890
1049.217324 656.993626
1049.739047 658.429027
1049.530412 657.293108
1050.738900 656.817823
1049.875237 659.405850
1047.524157 669.240096
1048.853950 667.173757
1047.131038 670.467771
1049.045590 666.237950
1049.093866 664.827637
1048.342481 667.886003
1047.623735 670.066123
