36.00 141.25
36.00 163.00
37.00 121.88
40.50 185.00
42.00 105.00
47.50 204.30
51.50 85.60
55.50 222.70
61.00 69.50
66.00 144.00
66.00 156.00
66.00 236.63
67.00 132.38
67.00 167.63
70.00 121.50
73.00 55.75
73.50 194.00
79.50 248.90
81.50 138.50
86.50 195.30
87.00 43.13
89.50 228.00
94.00 259.75
97.50 80.00
97.00 94.50
98.50 108.10
101.00 212.50
101.00 240.00
102.00 67.00
102.00 194.00
103.00 33.00
106.50 267.00
113.00 215.75
115.90 156.60
116.00 247.00
117.50 171.00
118.00 24.13
118.00 147.00
118.50 47.00
122.00 275.13
128.50 78.10
129.00 215.63
131.00 153.88
132.00 40.50
133.00 19.00
133.50 165.10
133.00 249.00
134.67 140.63
137.50 278.60
137.50 131.50
140.00 178.00
145.50 211.00
147.50 38.20
149.00 140.00
150.50 188.70
151.50 245.10
152.00 15.13
155.00 281.50
156.00 129.50
159.50 37.40
164.00 73.50
164.00 193.00
164.50 238.90
168.50 126.90
171.00 14.13
177.00 281.50
181.00 176.63
181.50 43.17
185.50 191.50
186.50 253.00
188.50 13.70
190.50 151.00
192.00 171.00
198.50 279.40
201.00 48.50
205.50 17.10
210.00 172.88
211.00 129.50
214.00 160.88
217.00 73.38
217.50 145.00
222.00 275.00
226.00 23.13
232.50 227.90
235.50 74.30
239.50 106.00
242.00 31.75
243.00 265.00
253.00 108.50
259.50 42.60
260.50 255.00
263.50 161.50
264.50 175.50
267.50 116.40
272.00 55.38
272.50 205.60
276.00 240.38
279.50 191.00
281.00 130.75
283.50 69.40
283.00 178.00
285.50 163.00
287.00 147.13
289.00 226.50
294.00 86.13
295.00 212.00
301.00 106.00
302.00 197.75
307.50 126.00
307.50 180.00
308.00 162.25
310.00 143.67
108.27 54.38
171.39 38.84
173.82 50.50
170.42 60.69
162.65 85.94
164.59 94.68
174.31 96.62
183.53 98.56
193.24 100.50
201.01 104.39
209.26 109.73
218.49 108.27
225.77 106.33
134.01 61.66
129.15 92.74
133.52 102.45
105.85 121.38
113.61 128.18
79.63 148.57
143.23 55.35
123.32 182.56
125.75 189.36
114.59 190.81
73.32 204.89
80.60 215.09
80.60 158.28
203.44 63.60
209.75 67.49
212.18 52.92
220.43 57.29
228.68 65.06
121.87 135.46
145.17 120.41
152.46 114.10
163.62 112.16
173.82 111.67
185.47 113.61
195.67 118.47
203.92 124.30
240.34 137.41
249.56 140.32
258.79 147.12
170.55 151.49
175.28 151.00
178.68 145.17
172.85 140.80
164.59 142.26
159.74 149.54
162.73 156.86
170.91 161.17
178.68 162.17
185.96 158.28
190.33 139.35
182.07 129.64
147.60 151.00
148.09 160.71
155.37 170.91
167.02 176.73
175.76 193.24
198.10 187.41
204.89 182.07
175.76 228.68
182.07 218.97
181.59 205.86
192.76 203.44
201.01 200.04
209.26 195.18
216.06 188.39
222.86 183.05
228.68 174.31
237.42 177.22
246.65 184.99
251.02 194.21
255.39 204.41
260.73 214.60
196.15 236.45
205.86 232.57
214.60 225.77
198.10 251.99
208.78 246.16
218.49 240.82
226.74 235.00
