1.740772 171.640786
0.245948 172.349005
-0.580627 177.133230
11.039078 158.855598
4.137273 161.773376
8.285170 166.123965
6.737319 193.113204
0.665057 194.967032
8.421477 196.525916
10.850069 142.608518
8.396705 147.373783
10.631739 155.062625
19.477352 203.244194
17.465410 211.013729
16.546588 199.803795
19.000005 138.315572
19.062022 138.173009
17.963775 137.715485
27.220166 213.065103
25.229567 214.330080
25.894716 216.671032
25.358289 127.366389
27.696254 123.823231
26.334949 130.041179
37.056810 230.010391
35.009262 221.423374
32.462052 224.366038
36.675975 116.597082
36.142523 117.639807
37.033203 115.762091
48.401366 112.341939
48.882362 107.254646
44.147252 108.602823
46.956833 232.720644
48.903721 226.124027
43.830362 236.248893
55.691519 98.822104
54.799752 96.256524
52.911049 94.745714
57.804186 235.787558
59.707259 234.362709
52.051037 232.832146
64.982208 82.093508
69.141598 83.231851
60.908934 84.953902
72.585810 233.539936
69.254729 234.294978
68.640813 229.348438
67.902098 114.098301
72.499137 115.263059
70.838211 116.063860
67.448915 128.076788
72.325146 132.498860
73.608680 133.385415
68.976617 103.013982
68.134303 98.584592
72.887666 98.429966
74.735750 138.954880
78.717908 145.378281
77.074962 141.085688
80.022679 86.428163
81.293775 89.180136
77.697508 87.926037
84.478916 228.644372
83.688341 223.133448
85.275221 227.034917
91.735951 148.271269
86.433118 149.925526
83.837738 148.216117
85.372323 125.866538
79.005101 122.241380
84.992125 121.122317
85.785439 213.592760
88.153095 212.418458
91.008248 210.194969
94.120241 103.778563
88.641811 95.830444
88.637893 104.245492
86.563636 133.481377
92.803575 137.645804
91.579589 133.528290
93.249125 57.943288
97.603469 62.754052
103.003766 67.029825
101.923194 80.560942
100.554633 78.759087
95.193021 78.237818
98.213361 154.575578
96.755421 154.413140
101.384853 152.136747
101.885139 98.122347
102.560932 101.561192
98.670123 98.807342
108.162966 140.340987
98.761287 141.168782
102.388857 135.628099
105.995705 196.998382
103.718735 194.948390
106.557574 188.168483
108.421929 56.571697
110.808393 62.413529
103.642598 55.059312
108.434722 86.969245
112.286274 89.243646
108.501409 86.865493
108.396707 154.448837
101.465099 153.617619
108.331612 161.761914
110.482808 111.920286
103.929489 109.656031
111.963014 108.930428
102.628203 122.248163
107.755350 119.906969
108.886130 125.152821
114.576831 191.639386
107.777567 188.216899
112.894136 196.056162
119.909245 49.968035
115.875469 50.105691
119.752945 45.421324
115.700513 101.063264
118.239948 100.710370
123.468482 95.751239
116.817183 151.633675
115.226949 151.912209
117.534103 150.455033
125.593867 188.512386
129.626520 189.506769
125.749842 183.594590
121.430227 107.015290
115.639161 110.480393
124.396642 106.255282
123.797485 134.249502
123.260720 136.357445
126.516328 137.931678
124.992725 123.367013
120.581046 120.091624
124.675987 126.194117
131.942859 40.723706
129.905062 47.709210
130.854230 40.521414
133.158910 181.929672
142.396405 190.991985
138.185089 183.564694
135.890744 230.238015
137.013835 225.318742
133.211083 222.525214
148.010629 39.297964
146.722971 43.042988
142.387093 38.287480
137.796976 208.028874
142.371225 211.931608
137.134272 206.559512
136.746730 245.159335
141.083006 241.358099
131.371352 243.023388
135.799228 198.474599
135.920881 193.462160
136.822810 200.901572
139.781738 247.392546
144.317926 241.892460
150.469844 242.149972
142.337273 180.653178
141.648749 174.069905
145.512790 178.588233
152.311217 35.331721
152.509007 36.273251
154.761685 38.629477
153.712663 162.745786
148.124350 167.318216
150.444844 167.846252
149.979826 148.829067
149.287214 142.489759
153.666809 150.525294
159.656615 247.789191
148.326668 241.738534
156.531507 251.163649
152.822488 261.113219
152.643996 260.184217
147.297094 260.278299
154.068179 219.152711
152.768209 222.696259
153.579325 230.040427
155.881472 265.994418
160.573103 274.984968
164.507621 267.602322
154.847802 162.421697
153.147643 157.482516
154.933386 161.845145
159.888873 204.692435
154.156338 208.315145
155.606849 206.420729
162.738257 200.173462
159.160961 198.369372
162.741028 200.578158
162.914036 35.823134
163.587944 32.160182
162.031660 28.217036
163.308582 185.849632
158.650465 188.824337
165.815772 186.244575
162.807620 271.436549
167.912526 275.442696
169.417959 273.925917
172.935207 29.458164
178.528754 29.528830
175.044145 25.767376
173.630511 273.587299
178.577779 270.811131
179.803236 279.751736
185.826586 23.976765
178.739594 22.479598
185.214133 24.100757
192.518612 273.771619
191.582477 275.462466
192.069451 281.650949
196.318593 20.274929
198.880764 26.991159
192.724184 23.150671
205.855070 272.024760
204.165871 273.528441
207.148104 273.097229
213.812299 15.709045
203.711601 17.833095
213.619338 18.873178
214.468482 274.291012
211.206225 274.354000
220.408672 272.155195
222.914118 20.406839
219.273278 20.405806
218.180223 16.494496
217.196052 267.798228
221.622661 269.738653
222.246363 267.899456
228.075903 11.198440
234.511276 10.428633
230.267054 11.829521
225.920575 256.486528
222.304546 261.302379
226.002638 256.449550
236.432312 237.092554
231.741835 227.955874
230.779867 234.484993
240.653346 10.272952
241.700503 12.023828
237.772680 12.002053
245.396928 234.461614
247.966811 239.118418
244.047640 234.977303
252.699011 10.931655
251.290538 13.692331
252.134412 1.782245
257.011252 235.498525
257.592700 236.734211
254.637139 230.756206
260.871210 5.623623
264.764052 13.916264
263.599022 9.057560
266.067699 237.869327
267.160818 237.566065
263.898274 237.405929
270.265957 5.283756
273.075425 5.084283
274.033485 1.255567
281.376431 237.225429
278.503488 238.231240
278.253140 243.537472
289.363018 1.459010
286.243891 7.165362
282.030824 4.454569
288.539856 239.263961
293.179826 244.851723
286.556551 238.627950
298.651480 4.710602
294.614918 5.933301
297.491955 -3.206409
300.445824 239.872796
302.325061 243.910652
298.478510 246.181856
306.355870 -0.615818
307.013503 -1.314007
306.097724 4.833038
311.616152 240.341606
310.683344 234.591814
311.899241 237.346733
313.782984 3.211380
319.135676 1.746408
320.419847 -1.335605
323.924084 236.913093
319.838902 242.315049
317.816653 238.214809
332.603108 5.248023
328.962606 1.196951
333.801093 4.766807
338.503434 241.151249
332.149154 237.166408
332.242155 240.554738
336.987262 2.625180
339.917719 1.663509
339.942747 -0.331790
343.788604 239.156130
346.072903 242.813546
344.512235 240.669618
353.308753 1.583539
350.140111 4.147868
344.044688 4.287852
361.097387 242.239299
354.359843 241.646823
353.202655 241.616824
368.635523 3.777080
361.335209 2.197425
363.998266 2.420977
365.308736 235.700067
362.730820 243.774843
369.427722 237.679523
372.367699 3.984447
373.015786 -1.480107
375.057632 5.229236
377.582661 235.966250
377.716729 232.744296
381.876205 235.994339
382.162168 6.842241
383.554044 6.024515
381.526929 2.382808
396.948034 10.185483
390.326033 10.231497
394.493028 8.148288
402.791220 10.999098
406.881526 12.633055
406.858227 8.383065
403.263801 245.529985
396.646180 244.511804
396.775945 243.590680
411.234245 229.878197
414.250135 228.817567
406.624343 229.025166
412.188896 277.366713
406.454821 268.189832
412.684743 267.021786
415.536072 18.826595
412.954165 15.457423
416.850411 15.045742
422.678913 224.027690
422.172241 224.580798
424.274567 220.987538
426.652280 279.131227
428.290732 274.915587
421.556054 265.773846
429.389437 12.934223
429.673779 21.440279
426.708839 23.217008
430.552644 224.012429
425.913575 218.707037
432.978868 226.928406
434.497412 274.015440
430.743771 270.038938
434.156433 273.441092
434.184348 18.545466
443.769268 20.431341
439.613080 22.810103
445.722309 274.479685
447.469344 276.702735
445.029874 274.942622
455.063438 35.886972
449.127911 37.434906
449.476719 31.971825
459.926586 278.145142
459.703251 269.718162
456.381106 275.417412
460.003258 41.592399
462.615805 40.087845
464.008809 41.122813
466.322111 271.707040
470.162908 273.515898
461.521086 270.757672
468.918581 52.214439
467.970103 50.661876
475.698061 55.705960
480.417038 66.215601
475.192857 63.930056
478.005047 70.705727
479.361609 269.960945
479.569905 271.902199
475.307307 267.358725
479.192408 76.186714
483.849978 72.602839
484.516945 71.133685
484.911246 84.592465
485.748065 82.772653
484.482385 87.320694
485.099803 270.398722
485.592485 261.439650
485.504097 269.400738
482.287793 214.015890
490.758075 215.092963
490.398754 207.045711
490.002944 222.632938
485.008798 228.923386
484.906216 228.316408
485.926835 231.957995
485.728714 233.146774
484.009287 228.799229
490.881441 245.922761
485.893656 243.475209
486.519142 245.252917
485.672905 257.386105
484.859711 257.301852
482.407951 256.291666
487.609458 197.198834
487.997845 188.556130
492.980415 189.330598
488.912737 180.138710
484.730610 179.579446
489.180544 170.446188
485.154145 95.580765
490.718167 93.665505
487.261175 97.484773
487.265033 168.744382
492.140697 160.946940
494.109266 160.142988
491.888277 151.035258
487.892431 151.398385
493.599451 151.531543
489.788406 116.440881
489.778767 113.026531
489.285064 114.257872
495.603900 131.023564
488.739646 130.103017
492.534292 129.669187
490.121022 142.212274
487.706158 140.552856
494.796782 141.041099
88.155432 106.608882
90.390632 106.691301
79.905544 110.296229
88.990358 131.580983
85.350581 129.495506
83.175326 130.276870
66.651083 79.492920
66.806423 78.079435
78.120372 81.752374
74.528693 76.043343
76.944186 78.328327
76.442408 72.173211
85.767158 69.902891
91.929780 71.501238
82.570260 71.613060
87.848953 80.237324
90.496139 77.687879
90.867016 82.668452
75.639688 90.768424
75.572604 94.718687
77.554687 92.515388
95.707026 190.103660
104.166001 196.365011
97.420497 191.194032
96.551047 186.479774
103.600081 184.615282
102.362799 190.296503
105.378869 175.994232
103.937374 178.412165
96.824739 170.819212
223.031633 229.010317
227.618658 236.222749
229.147674 233.166868
155.234581 239.387585
149.771499 238.564792
153.790653 238.958678
153.187467 233.065551
152.910798 230.355504
150.195635 225.974728
383.085797 240.451698
390.445406 244.052459
387.958610 241.109679
384.413197 248.623953
382.224643 243.069659
389.125049 250.696306
400.335078 251.809648
409.344725 258.763143
406.911705 255.277862
404.645157 269.169196
406.380623 267.793931
406.808865 267.477193
406.307640 229.470533
406.372993 232.215826
403.959483 225.707367
405.464901 243.073385
404.604554 235.213208
405.161208 235.948515
385.328065 237.284692
389.821274 233.623848
380.473136 236.001372
386.079671 259.787622
389.593905 260.288361
393.218835 251.330365
400.669586 229.728542
395.993051 231.330777
395.237531 234.495911
385.361976 230.158454
391.033249 227.787649
391.637035 231.222538
152.249257 254.249093
150.799051 261.018054
156.240726 256.254347
98.474350 202.101248
97.906367 201.535362
102.853064 195.177750
98.851328 204.168283
93.489102 212.054997
94.218749 209.301586
144.159242 73.106969
144.382092 67.208993
138.350885 65.374189
149.265285 72.100885
148.635611 66.476602
144.853933 73.845254
155.898524 69.248111
159.406154 68.860752
153.935206 76.184544
161.962713 76.245934
162.414193 80.841352
167.932793 79.851403
158.233524 89.213069
163.679284 89.585066
165.605363 93.164983
158.276096 101.387127
165.905062 92.991276
159.311504 102.603072
156.957522 111.145330
160.946847 113.357590
157.618084 108.237278
67.488671 107.585751
67.423524 110.849822
66.286701 108.446807
70.957353 126.393323
71.230716 130.265557
72.189768 117.576924
123.405755 115.206466
120.684825 115.109844
131.320708 115.581129
229.912174 234.520935
231.596878 236.095574
226.972059 239.949538
230.178714 246.092613
224.306310 242.531179
234.310120 250.512238
224.584396 225.911048
231.607462 229.533987
235.580125 225.727169
