-30.874908 545.461443
18.338438 699.170306
-22.141389 491.075150
-41.757564 732.314124
-56.670176 753.583327
-70.577433 767.937656
-115.969955 501.687042
-140.718794 838.638562
-137.207855 595.393928
-152.518085 602.392498
-124.991405 931.744205
-198.018589 662.154932
-225.597143 873.939022
-217.763630 712.632009
-274.704008 457.496317
-268.033345 347.478237
-235.529101 889.086383
-238.325769 1048.273276
-217.866535 492.887726
-250.547869 1001.349910
-241.900190 720.572742
-266.382534 1049.765384
-313.846381 302.178309
-339.388532 518.605909
-347.782657 689.570267
-337.443285 1099.527140
-322.175631 1650.511637
-389.676249 452.166758
-352.313581 294.377859
-384.503492 586.974944
-370.147101 1651.973618
-394.231436 651.971879
-367.149556 1564.017907
-373.571814 1103.635539
-361.477191 937.578795
-420.518296 463.008432
-378.304339 792.247767
-372.012970 1512.585366
-401.025637 342.997488
-426.569446 570.528017
-426.853384 1451.415748
-409.992693 772.319055
-423.842409 1085.408966
-496.012957 1122.252747
-466.717732 1422.411307
-486.528081 430.084355
-427.153433 1063.007123
-465.631319 398.865389
-456.064555 646.652886
-434.309720 1329.335060
-518.922135 926.204808
-451.148278 644.986686
-442.766356 447.278351
-503.435922 1358.873872
-461.176359 1264.080674
-447.610594 946.418840
-530.437432 618.550975
-529.078676 1173.074523
-531.079362 272.678995
-554.371121 735.958228
-513.610027 939.197461
-523.289502 1179.444598
-541.548307 978.884195
-526.244624 212.328758
-527.579980 1098.338220
-541.667805 1590.299682
-499.526308 1075.954104
-572.079380 1488.754379
-550.083342 334.163490
-560.157097 592.292568
-602.557820 1656.522580
-542.030066 1474.419273
-599.288203 155.725285
-577.928076 829.460387
-592.731524 1389.358359
-569.849791 1730.607798
-578.140714 1285.437225
-617.300724 306.754217
-622.285291 528.844732
-626.140125 839.282753
-592.294723 1236.113674
-654.115624 93.300111
-645.606953 1740.849321
-616.583974 1249.015744
-638.160118 912.005387
-597.789777 1099.862046
-649.441063 1100.179715
-679.171750 294.585165
-654.882656 878.741750
-635.893249 1106.066994
-688.661097 525.676114
-651.098810 694.412265
-692.334244 971.047306
-630.875657 221.014128
-612.088948 1006.300811
-691.622020 171.462722
-649.365637 1774.466759
-674.174856 1566.121274
-662.557047 718.246544
-667.743470 1505.077447
-748.641240 477.093535
-689.713085 795.112314
-683.221257 1501.076244
-739.288534 174.746881
-731.559362 1708.027335
-705.594413 799.286337
-723.427152 1467.268790
-721.375629 253.556743
-719.289258 1386.716686
-721.755534 919.134665
-747.794495 380.742444
-752.610393 297.506773
-747.469883 1297.056295
-737.297148 900.304597
-758.696284 1270.717879
-776.678027 1713.351928
-742.771254 997.304126
-785.180849 1182.414174
-801.582481 1184.339717
-746.834680 1003.018872
-781.670463 1145.220595
-770.242057 1072.759196
-769.705212 546.431846
-814.823047 578.980365
-796.979374 392.490903
-736.853935 621.788484
-850.345625 396.989091
-780.054336 665.297173
-826.292734 349.869788
-809.173099 1673.977407
-822.030271 762.320704
-799.512534 832.928566
-832.942052 261.107167
-796.124750 837.973166
-868.492020 246.381509
-807.090845 1612.470063
-841.485775 910.159925
-849.008705 1550.928485
-849.212198 197.790201
-847.236444 947.962962
-840.402863 1454.365722
-875.914765 1029.977664
-872.241003 1399.501661
-901.865194 1113.395032
-917.155058 80.285801
-829.129936 1354.803035
-878.312905 1125.842249
-860.561840 1353.482533
-924.496276 1207.451367
-905.790730 1260.656045
-880.294154 1291.933556
-966.267117 91.935895
-897.343389 461.106276
-943.644800 383.239774
-946.879967 644.726363
-963.588789 339.928594
-988.912461 785.596757
-971.804830 850.427147
-950.885664 262.751525
-958.232310 856.161333
-995.475407 67.651036
-993.511838 946.340377
-1015.967346 645.149592
-1005.162465 539.004876
-1043.500526 963.488923
-1019.001951 223.996191
-1012.712827 1006.839340
-997.305957 1087.380645
-1066.006277 -3.518540
-1055.145134 1135.814116
-1087.938503 641.762281
-1051.189430 540.311503
-1073.943227 1212.318374
-1098.014902 165.630250
-1056.673296 1257.383621
-1045.411569 1260.942586
-1081.005207 1371.440924
-1115.887868 28.031450
-1093.864120 688.684281
-1088.480873 454.535268
-1123.644287 128.691965
-1103.323253 1378.425509
-1150.059258 -29.514857
-1141.110804 1443.991790
-1204.447034 609.789276
-1173.762119 435.250750
-1174.205230 192.137283
-1192.979576 1501.554095
-1204.447375 11.387785
-1212.950727 584.510396
-1199.551590 410.889254
-1193.672288 268.178319
-1220.505851 1539.888445
-1256.055145 348.189773
-1266.328396 248.829366
-1269.008580 24.470907
-1234.140642 281.540607
-1230.607029 922.240179
-1271.858402 635.717117
-1253.288438 902.775011
-1246.758405 1057.425786
-1231.387760 790.281865
-1338.603671 1548.499541
-1231.771243 716.666514
-1248.777234 732.341336
-1287.851179 1049.033206
-1313.599634 661.204229
-1291.984547 58.890381
-1319.556425 1558.189054
-1354.157003 1268.207817
-1356.055032 1060.426477
-1359.751724 102.600706
-1327.135143 1488.155443
-1317.554308 1299.479049
-1369.102598 1465.317435
-1375.032228 1346.250774
-1345.666104 1393.164546
-1347.811362 167.873407
-1371.571376 1012.927041
-1402.603871 209.628163
-1444.487358 318.729150
-1403.324054 992.725268
-1423.756105 307.573656
-1384.583171 376.315918
-1425.301873 440.417553
-1492.771033 962.545858
-1435.156509 442.055743
-1503.337504 521.668824
-1449.040896 589.633701
-1472.750726 846.461633
-1472.885142 660.642757
-1445.745139 840.114283
-1468.799420 741.736354
-1458.409897 757.617030
-941.982764 501.801605
-920.651276 524.190200
-916.656061 623.938144
-942.725088 640.629949
-1018.567721 550.074902
-422.741027 637.336424
-643.315250 331.183626
-792.759133 243.339067
-747.044519 244.975806
-740.320624 407.411249
-730.376411 444.241011
