17.912335 574.805813
-14.927186 634.959193
-9.572988 486.355702
-3.110998 697.571369
-64.912471 739.073454
-74.292880 808.883507
-97.204600 549.486445
-103.600062 857.754870
-126.366531 560.993003
-131.690005 637.363950
-145.692661 862.738345
-178.653267 675.656419
-222.479090 861.495901
-246.401747 743.473401
-251.692088 407.722740
-263.070039 289.076625
-246.295528 899.603371
-239.650895 960.221003
-299.766188 497.167990
-247.726113 995.191196
-260.082847 716.224060
-297.827434 1083.464082
-304.548217 321.381060
-320.077818 561.849281
-335.040165 712.445268
-362.173063 1119.321064
-337.588725 1690.216610
-362.688980 505.347678
-349.861167 315.361743
-382.394022 556.748567
-362.399167 1610.438328
-414.409996 627.235761
-375.387916 1615.909147
-388.270535 1105.084673
-397.304194 958.921056
-419.767571 452.383772
-396.253169 820.109780
-395.833146 1517.310499
-401.076246 325.109895
-433.188426 581.864085
-417.086942 1482.967926
-438.061404 858.074646
-438.500776 1028.988974
-449.043784 1131.190440
-442.319202 1416.063419
-448.850876 469.404717
-451.920710 1052.384285
-449.863126 399.843874
-462.814322 610.507422
-471.604044 1345.446475
-475.796263 876.271764
-461.731266 684.981380
-446.811194 403.686316
-472.205492 1304.295685
-502.376338 1233.742513
-503.970186 886.104003
-529.584289 610.757242
-519.761609 1215.463673
-502.165531 296.455652
-519.679527 725.276610
-492.092458 975.881545
-535.289066 1131.948733
-546.924798 1033.754909
-515.029619 166.796869
-524.989695 1092.080007
-547.778024 1544.758392
-511.799723 1048.725181
-537.978688 1494.320021
-590.164440 356.703086
-599.544600 614.693628
-539.615133 1638.817502
-583.683499 1429.245527
-590.649683 142.250803
-577.034017 762.030772
-592.899311 1362.243344
-575.671746 1682.388310
-602.882684 1300.272900
-633.651594 334.733993
-606.872051 556.995869
-615.961237 826.301272
-613.157608 1301.613005
-600.469883 131.078497
-644.762600 1748.692486
-645.036235 1232.728688
-644.530792 885.104780
-624.550450 1182.450860
-659.480798 1102.335339
-648.746319 278.930655
-644.622257 923.954163
-666.129303 1060.223095
-675.855052 528.823263
-641.310288 675.847183
-656.236200 984.857514
-656.029572 244.485874
-663.466929 1023.059359
-693.960097 152.124062
-695.993472 1764.683757
-661.981074 1617.967393
-675.964953 704.247890
-699.825418 1531.043217
-697.930163 449.162651
-676.946230 749.309982
-721.722023 1494.395704
-731.622043 166.504184
-740.337202 1741.813267
-710.214404 824.775876
-745.755093 1444.832300
-745.071993 254.568116
-739.629537 1386.766754
-747.214135 904.001554
-746.868867 373.822704
-736.918313 325.873447
-742.719241 1362.147575
-726.675560 910.382697
-753.332490 1295.703735
-768.800774 1695.333182
-757.744636 962.268919
-787.950387 1257.948928
-783.261777 1167.460222
-784.976442 1019.473735
-807.837289 1152.867553
-799.048159 1082.904714
-787.623712 521.254748
-775.322629 569.071337
-815.801298 440.697182
-794.594294 642.377271
-812.684367 355.593675
-804.246631 693.668391
-814.127182 299.575193
-796.391879 1655.492764
-803.428123 761.609135
-822.147654 817.149525
-823.317723 256.148987
-824.571502 880.551384
-859.949750 180.339830
-849.178038 1586.465852
-844.551853 920.350943
-806.452106 1521.109065
-866.380289 161.732628
-869.910210 978.529875
-864.215786 1486.315036
-862.422879 1039.391075
-886.930723 1457.688616
-879.805692 1062.223132
-879.587155 79.414266
-865.650979 1384.285995
-879.703069 1153.429230
-883.932871 1299.881646
-915.358311 1195.140969
-894.003576 1259.095424
-879.302033 1267.759330
-957.284984 53.044549
-949.417218 412.340113
-950.049232 373.265309
-957.566570 692.101298
-942.576446 344.724055
-937.897380 741.934536
-945.736547 788.076771
-981.121213 277.525004
-987.295275 887.409248
-980.119250 34.819553
-987.455545 910.147513
-993.887921 628.434215
-1025.443603 520.857196
-993.271326 959.270177
-1007.846529 201.844430
-1007.427916 1030.501443
-1024.482093 1067.969817
-1056.523515 13.653551
-1022.532550 1139.417141
-1059.150905 657.500407
-1067.288725 532.875403
-1018.777375 1163.749169
-1066.177971 167.077384
-1033.456453 1263.319378
-1055.664678 1264.992113
-1073.389485 1349.353510
-1084.570591 -20.722783
-1102.917604 610.518134
-1112.077986 440.833822
-1108.002459 170.077778
-1127.951734 1387.423344
-1152.661074 -0.067538
-1137.991606 1440.178209
-1137.355519 621.133216
-1166.935691 436.957022
-1148.199288 171.350565
-1186.048008 1482.081057
-1216.912402 25.652015
-1217.240172 588.284152
-1203.115864 443.748246
-1206.083020 210.558854
-1220.787856 1547.267869
-1235.610831 375.070701
-1232.053253 274.314446
-1258.084105 17.032811
-1227.804534 316.108282
-1220.303002 918.524944
-1243.586085 584.348599
-1258.390560 866.289650
-1258.172543 1010.928456
-1261.455787 844.877423
-1281.099655 1575.627514
-1271.041459 745.410158
-1270.602753 709.953936
-1292.888402 1041.442277
-1280.574681 654.503544
-1280.719337 61.985396
-1300.546635 1537.028429
-1308.032760 1235.961850
-1333.781455 1050.423059
-1348.715884 137.663637
-1337.229922 1467.134972
-1365.103170 1294.421245
-1337.864635 1443.789128
-1339.761954 1358.258421
-1338.365832 1354.048194
-1380.028770 174.634848
-1390.292499 996.920920
-1363.237912 248.658712
-1455.824602 253.055099
-1429.443739 950.648668
-1413.109477 349.559000
-1443.636565 402.303450
-1420.053240 431.466010
-1446.419991 937.301608
-1452.107121 500.795015
-1457.525250 548.142732
-1464.792513 576.966145
-1460.414304 893.884787
-1456.792328 669.299204
-1445.896897 855.017403
-1449.320508 723.860350
-1440.167271 777.815969
-957.986813 498.246822
-903.853232 548.836601
-890.911627 592.892917
-928.541694 682.376251
-1006.467681 598.448672
-457.855455 626.628062
-672.830794 298.260540
-762.281485 299.716436
-734.018057 236.992356
-723.113062 377.523332
-697.014425 440.231914
