585.324463 941.089990
596.695585 959.623317
600.653776 953.588925
584.605699 949.151291
526.789817 949.266312
518.385580 955.842072
514.945418 944.046464
508.376812 956.344373
507.134537 862.604352
516.744703 857.395793
508.109269 850.203506
515.339387 848.995018
515.805481 802.533871
513.349874 803.096066
515.206321 807.183388
523.330867 801.859497
514.613123 751.665450
513.380750 755.149653
507.391730 759.672218
509.363345 758.292823
449.674576 727.980503
444.784297 719.301544
448.278625 723.683027
453.110147 726.106641
378.657465 699.845889
381.611382 709.169049
372.078019 712.633895
379.937355 706.269245
325.944921 667.199671
317.867238 661.223623
327.211410 660.966110
324.095119 652.947134
232.707808 596.257292
229.309657 613.971867
228.284866 605.878410
234.884480 597.970362
194.775551 515.442281
196.862455 518.115710
191.562265 519.074929
202.596000 513.983364
191.691179 403.045371
184.949613 405.139251
192.599441 398.158770
196.340334 404.576457
230.303904 361.494255
240.160956 367.498149
237.381673 367.562939
243.926720 369.225491
246.665537 386.072983
243.162096 397.736555
248.701888 395.509701
254.932526 393.883384
295.279696 407.636513
294.690916 407.490804
285.181417 416.784875
292.920456 417.109211
338.724420 415.455349
338.846200 416.252770
337.918255 420.118074
346.606988 423.229709
357.594507 383.123970
362.553748 380.781896
364.242973 379.809139
362.712361 382.164970
375.739976 317.300109
365.280875 324.679112
375.797470 322.386866
380.573359 330.591464
382.263740 271.040168
377.453492 274.731915
391.684748 277.406585
378.662642 267.349765
406.871913 221.427254
385.286120 221.850929
405.018260 231.844986
408.246223 228.484874
408.883048 166.925085
407.114986 164.100965
402.595840 167.243282
408.002686 167.061665
419.210115 117.635903
409.140504 116.478149
407.834865 129.477941
414.136293 134.018562
446.097062 119.763986
450.485726 130.818959
441.017374 129.079380
455.110308 129.981889
443.120544 98.188320
450.162173 92.646333
432.693628 95.262376
447.853112 99.800836
427.920243 74.345004
435.450806 64.914120
430.191496 73.037186
425.648453 77.601347
462.275079 163.001168
448.656203 169.249012
461.738899 177.718330
456.437447 165.271756
465.697728 200.357871
457.177632 196.084605
456.812375 199.852091
460.833654 210.582289
472.463556 242.099764
456.797093 240.625575
462.202852 246.077726
471.551674 247.646883
478.868404 273.294146
478.712007 270.537145
486.106468 275.147252
478.213247 288.882186
499.516918 336.990193
496.900240 331.397943
486.677520 339.839081
500.730303 328.497215
505.045569 390.699760
495.211421 393.467087
506.902540 383.432682
516.940592 386.741496
534.709862 411.845356
535.170240 417.475551
534.242278 410.468219
532.275710 405.667823
560.745185 430.412660
567.096615 424.062915
564.099220 420.758476
563.828945 420.464671
602.785305 408.161417
604.054504 394.160544
596.644709 396.118044
601.996007 404.016562
629.689895 388.617807
630.398017 392.207466
635.354967 391.667945
641.848118 392.425764
632.390196 354.309459
634.277904 357.436045
630.641424 368.979959
640.316218 347.791734
628.862728 329.436837
635.484637 332.890717
641.942549 327.083651
636.748212 325.672929
634.343928 280.108057
636.025742 272.618976
645.784316 282.228380
647.341007 280.507705
647.946872 236.939911
652.124443 231.433816
641.399906 237.797675
653.127992 243.302777
692.817307 214.010385
692.989024 219.206542
678.358743 216.246728
688.756909 206.343394
689.989161 254.694738
679.889123 256.745767
692.457312 263.777037
695.102672 245.755880
692.492475 278.835200
708.235219 284.853133
703.214688 282.917145
691.974052 277.482908
703.984815 324.021606
701.069401 316.817513
695.868107 312.312401
706.652588 327.434634
709.753468 346.267979
706.947551 355.330945
709.864097 352.598072
710.554014 357.108303
722.089681 396.649384
723.064599 384.647525
720.515307 381.332297
715.609643 377.898345
767.913349 394.751172
774.526951 402.357646
773.271525 413.766239
777.872012 390.324467
823.529402 395.102525
824.801501 393.916744
821.235467 392.950377
818.575887 398.385925
862.647468 365.886289
865.500400 369.849378
870.134293 382.368795
866.481873 370.828303
881.743923 344.036239
884.500249 349.764048
873.128819 335.684867
877.330204 352.244686
895.917111 305.519795
891.954630 299.344469
903.098283 300.109726
887.932330 297.238082
904.385926 412.242101
902.559482 406.911845
903.614896 403.428751
900.424239 407.497593
880.770072 487.030512
882.439436 485.008402
879.313609 475.052254
878.966829 480.205750
841.272558 578.940472
847.255687 575.675625
845.750062 586.561595
846.250071 573.380156
803.201927 637.082230
798.497548 637.157043
803.844360 645.503972
797.240828 640.835869
685.147371 708.189014
684.651492 703.236583
680.007343 698.670098
690.534927 703.506814
639.841534 732.021837
644.225586 720.655060
642.048829 727.895210
643.456710 735.141525
610.200159 784.099634
595.723970 783.717872
602.133483 786.603067
603.367223 789.793448
595.692505 845.723615
590.955582 840.896654
583.124599 832.615760
590.842363 842.878439
598.173632 1109.150315
591.143076 1095.953894
593.437370 1100.858799
590.513547 1110.114005
596.342404 1143.908944
603.831589 1135.366288
592.182124 1145.020511
589.712913 1137.170361
533.267844 1145.547286
529.620543 1142.686209
521.223407 1142.435381
525.295475 1142.581298
512.600033 571.064229
530.886488 569.208667
520.299176 571.941779
520.500593 571.527506
489.739447 566.767650
478.993366 579.624282
476.928815 579.074775
481.008449 566.709175
470.678760 544.116703
462.982102 543.819059
462.037366 545.420677
460.336079 544.953481
484.817067 539.329794
478.410904 524.167072
483.549005 535.532167
489.818247 533.715999
514.920365 528.440229
524.390111 520.449688
516.105598 535.730317
519.202231 520.706053
538.854857 522.008079
550.779123 525.076152
558.381985 520.244200
544.434095 521.354829
569.657019 517.770190
575.110077 527.303848
580.678225 512.534102
579.359873 523.429670
617.014073 523.998077
603.673867 539.380334
611.018495 529.856313
614.185445 529.736470
630.293977 539.700722
632.196973 541.349471
639.588017 545.763231
628.164147 543.179345
602.707977 561.715069
616.054440 556.997763
605.791933 554.360167
606.738648 565.826038
564.402102 565.953839
564.413452 577.740066
556.963459 572.388270
571.753244 563.831574
431.247652 559.135845
438.986137 577.110058
438.141247 566.327636
441.353362 567.953499
218.712832 341.822298
213.518954 339.312762
224.218301 340.514180
224.695402 337.848545
211.834624 297.348204
210.821711 298.515689
212.606732 290.539867
220.112607 295.700196
650.843397 186.803268
660.661862 188.559414
653.086041 183.896669
657.320319 181.821061
688.322879 170.579653
676.063441 163.366593
683.396590 171.006113
681.763513 171.613615
655.524931 144.021764
647.758917 152.144533
664.006335 147.103858
661.955154 152.971816
674.216051 122.308802
671.803043 126.997055
682.574524 126.967984
675.792006 127.909114
648.970799 112.613687
652.708753 113.398700
663.140517 103.046265
651.443665 105.723759
653.330279 76.523342
664.234471 71.797355
656.252498 81.262358
652.276028 88.521903
665.210879 59.477181
667.182443 44.274928
662.086358 47.085735
665.380972 55.450881
