2.535201 -385.452458
29.029295 -423.210443
23.156002 -360.171524
62.049038 -328.279861
24.125933 -437.936393
28.251124 -310.151905
60.608518 -456.442699
73.601047 -290.840659
75.327712 -481.177911
93.000064 -273.666867
99.720446 -482.497347
129.865944 -269.852022
103.951429 -457.872840
106.662730 -295.988627
141.896889 -465.610586
147.904414 -288.798211
127.782560 -411.385804
181.797730 -278.927637
181.658313 -281.742277
220.661053 -304.608605
213.636180 -320.201796
245.883439 -337.611242
241.805160 -369.884249
228.584265 -407.444976
234.059133 -400.678581
246.192698 -412.720548
285.778460 -462.876753
258.092704 -485.956812
281.031171 -517.891085
281.000265 -529.102678
294.062593 -558.206052
243.241917 -580.247755
268.462266 -613.427459
306.362061 -668.286538
257.104621 -669.890382
293.227786 -715.060570
278.639117 -709.246720
284.434993 -720.687742
317.406272 -800.903715
326.895308 -811.574505
330.324488 -835.424253
338.564163 -383.328522
312.524515 -361.014556
330.360786 -430.182613
322.387171 -337.076331
321.486243 -303.560781
348.310437 -279.969438
361.801250 -263.228592
361.062336 -236.714637
372.592573 -197.532776
341.797529 -178.073464
343.829669 -157.395212
357.364189 -821.903945
357.236119 -114.995954
335.052990 -83.976437
341.708566 -86.219352
353.880010 -43.593221
396.880858 -33.160631
381.972486 -862.062538
379.937262 4.425983
416.455324 -870.122211
426.620212 -42.308806
391.900235 -59.421148
418.442878 -107.652694
379.552803 -92.037461
398.330712 -148.295052
418.493698 -182.131564
409.556432 -889.272303
418.956212 -202.544827
444.129041 -224.742339
438.656316 -254.497903
414.274708 -274.130853
436.775973 -298.220871
420.169933 -316.484265
429.406300 -339.103834
441.789434 -396.259199
457.937428 -432.768835
428.800628 -463.977432
464.321388 -485.084470
432.070085 -889.601153
455.593543 -512.961061
428.786710 -539.445190
433.115025 -555.861846
427.516736 -588.354549
447.407715 -627.188254
436.287609 -640.194674
439.756000 -651.112364
406.806605 -658.642641
454.002673 -697.760774
461.251099 -881.607040
458.704501 -709.546762
473.606892 -746.266761
427.206736 -757.827045
457.558406 -799.210211
463.330465 -835.971078
481.872095 -912.903239
465.867158 -843.448882
500.086925 -882.901774
510.922064 -797.323791
540.689806 -777.102686
545.083033 -779.382198
501.042433 -731.779699
554.991821 -692.054177
550.466762 -687.077227
549.263814 -911.480186
528.613167 -636.224775
547.649096 -617.544318
501.513123 -607.236422
543.053616 -573.255091
510.210122 -560.490280
561.560315 -530.914973
531.327564 -478.624785
523.023665 -490.478971
534.315075 -439.678614
561.577341 -414.047823
567.591499 -909.503673
565.246534 -378.721880
540.722898 -379.603150
558.173928 -333.450069
526.249920 -318.901500
585.947804 -305.950040
535.349379 -246.158741
561.928119 -219.519176
578.518383 -227.271481
533.625473 -184.937394
589.978887 -173.759581
552.804481 -158.450344
519.661476 -887.749112
569.580761 -127.257668
531.431401 -79.063614
564.578856 -42.181839
582.074218 -23.425064
621.746707 -8.176883
611.180367 -905.799330
621.445981 -31.139638
619.749104 -87.695657
614.485447 -911.869286
619.774643 -82.044582
600.178479 -102.757926
637.671988 -147.128619
615.105160 -187.469201
616.167600 -177.433083
665.770298 -906.975924
621.979640 -190.769973
665.927091 -246.408361
651.720875 -220.917804
625.012536 -257.192876
602.169778 -265.090781
653.890772 -306.989649
657.446377 -332.614265
622.167175 -898.323732
639.312615 -383.389614
648.561233 -382.477674
643.229768 -401.034020
620.433584 -428.638737
653.137201 -470.174041
681.680233 -487.560336
682.696144 -524.799157
682.064183 -910.303002
635.302356 -547.192710
680.647161 -562.531049
648.261949 -599.125627
689.206295 -588.225052
648.567607 -641.627592
680.656659 -656.912259
697.758864 -691.208261
672.334508 -705.665556
690.678675 -894.410596
699.408213 -742.081310
704.033180 -766.009235
690.773211 -791.300504
678.446270 -792.209855
713.255259 -802.438746
709.061666 -893.174159
726.359080 -834.603263
718.521812 -881.164500
730.467831 -822.233170
765.925302 -812.090052
735.170075 -759.835942
732.729308 -726.717414
765.423817 -887.997265
754.278456 -710.965767
774.748012 -695.540844
767.221330 -667.634230
747.457149 -632.169255
737.409498 -601.710374
783.561531 -586.880415
751.029333 -566.628905
831.158772 -559.348410
765.613253 -905.262469
759.660225 -522.607295
788.101030 -508.434399
751.164935 -474.943681
791.738359 -411.436297
767.808178 -422.559836
796.059905 -383.124063
812.829319 -370.306153
801.648981 -343.602818
759.811325 -290.381323
801.238669 -281.141094
780.778931 -231.721358
748.868076 -887.321464
800.076898 -231.733366
788.711965 -189.455510
798.307737 -203.363413
808.096310 -177.074038
823.606528 -96.530473
772.251421 -125.582071
807.202864 -86.867884
802.407244 -873.589300
820.454516 -43.194400
819.744001 -19.473856
826.428694 20.197018
855.014960 -873.042711
845.428242 -22.672282
858.191003 -63.752416
866.381223 -83.374028
867.412854 -859.960829
879.203335 -112.667398
845.695829 -117.553825
859.888384 -147.969286
866.325019 -186.408039
900.685610 -186.075824
862.176560 -212.803177
871.777325 -825.633802
888.060707 -239.245617
904.395020 -287.273735
876.117674 -282.533420
883.616081 -312.682446
884.683957 -344.141962
911.340420 -364.177094
866.595941 -377.929125
893.484917 -820.474695
890.723989 -406.380249
905.152204 -418.739674
913.559911 -456.608016
874.749327 -809.042665
960.678397 -794.577436
969.547383 -750.586086
945.902202 -744.178848
967.899379 -720.076599
976.930257 -433.938424
1001.480427 -465.090178
986.182983 -706.591034
965.114217 -471.491813
1002.649671 -418.382954
979.979432 -512.970288
1005.638800 -548.346429
971.010070 -679.332396
993.428057 -578.012159
986.249837 -385.834232
990.538685 -625.216719
972.577483 -645.637796
988.073351 -651.464005
968.801543 -332.663111
985.937745 -336.811404
1010.013446 -319.925088
1011.054564 -278.776023
1035.648232 -256.654158
1033.450089 -255.474734
1087.792147 -224.701851
1103.188241 -227.575914
1150.848097 -255.096032
1075.567980 -401.280262
1138.649609 -239.370861
1110.203712 -395.633715
1124.875192 -260.252486
1150.938788 -433.370399
1193.770943 -272.465152
1183.981828 -451.040186
1238.515255 -299.750132
1181.344532 -409.561752
1205.039598 -291.599295
1247.524896 -408.702026
1243.924765 -311.878358
1204.944890 -394.100247
1237.765780 -350.011698
1252.463785 -366.036404
1003.935439 -642.409350
