93.334682 245.416594
126.406532 217.010871
167.764536 201.281893
160.763334 170.919007
236.237297 143.277651
264.621947 129.444518
295.055819 136.455711
335.060234 175.401056
139.073151 256.436492
187.331436 269.862851
222.276567 264.564761
302.296333 250.926634
306.018714 229.085995
607.736756 115.364855
577.794160 99.791147
682.119869 89.353344
693.043878 98.172593
752.838997 125.187935
792.950699 151.731461
839.264476 166.201919
784.746816 188.151448
724.344745 209.454971
683.960900 208.077112
617.923331 217.366417
591.053937 200.884652
