97.733220 244.919131
122.619085 215.217048
154.724141 200.774485
185.247616 169.957834
234.927410 142.777714
257.329320 136.230731
301.996920 133.402026
328.722259 181.361580
140.938281 249.951828
182.898928 269.052924
237.789384 266.082609
280.754108 255.508431
329.393372 239.472851
604.828775 123.183480
612.111922 103.663419
660.442322 92.665765
695.606637 100.802667
760.295094 127.827401
800.221244 153.440710
837.665557 165.140974
769.761856 188.489892
705.953186 209.962672
679.508616 209.407549
625.276760 217.884991
608.281179 202.970042
