46.858973 253.213175
58.742156 247.518502
51.866819 265.540844
58.947873 285.721820
76.273194 296.079122
89.525048 311.778819
103.098305 317.412968
114.626632 295.814496
112.630224 276.465065
122.554740 261.067546
129.656768 240.303519
135.650993 211.534590
116.915641 215.181258
106.631008 188.394926
108.670078 165.397606
123.996803 156.543846
134.362605 151.797700
161.916701 150.129867
179.023375 171.419492
198.853903 178.875337
226.563500 169.676865
257.182527 170.112252
260.794390 156.228881
285.274795 144.067084
292.454667 137.052228
323.158429 134.545359
329.539161 153.125581
336.700606 182.600248
333.042750 202.282382
307.941142 207.357531
281.371145 218.465889
256.890439 222.268311
233.681315 228.199937
234.274553 256.259510
243.928103 270.297827
250.214643 301.371131
260.870209 321.504815
242.644140 347.741733
223.934882 358.007083
199.682688 358.032223
181.776911 354.475132
170.173045 337.714019
164.884475 322.182947
156.445441 300.844585
165.420927 271.393671
184.622169 271.282345
178.750038 259.691064
173.577364 243.019014
171.705507 225.852262
151.356437 216.436795
82.154586 245.353989
201.551077 141.124233
211.471645 152.745748
232.866140 139.444963
245.976892 131.639328
266.170362 103.418515
275.873710 84.086515
279.997088 68.050724
293.959296 50.448107
325.122288 33.409001
394.494617 39.850094
395.514522 58.609105
392.850608 99.094978
394.087796 124.532106
400.513269 154.260061
396.659299 191.228056
396.880272 215.245116
399.217212 237.962907
399.498946 272.821377
399.961468 301.664516
395.370230 320.969736
403.672009 341.615984
408.134787 353.737176
324.851144 300.933764
337.631613 278.391404
333.811968 268.313347
327.101273 254.555744
314.044260 251.171244
295.763543 251.046537
282.749131 248.801795
286.795715 269.716224
290.537606 283.626797
304.545227 297.309358
306.897962 308.543741
192.456311 117.420450
184.026396 88.461615
160.021063 60.655884
128.301938 61.357858
106.554505 86.651115
