48.671112 244.109267
56.253328 249.269573
55.248788 259.827547
71.126372 281.802255
79.749980 303.212580
93.625652 316.269209
99.196791 318.337171
113.332475 300.230962
109.926374 280.383164
109.218057 259.313220
119.041140 249.763804
133.104176 226.013914
111.552611 211.789940
109.037614 186.131097
113.887637 164.912678
125.951406 159.294542
145.769337 143.227881
160.621048 148.315257
169.223882 172.054658
193.763794 177.287811
224.440057 181.645169
245.974404 163.136643
264.692506 148.332617
279.486494 150.025979
299.155279 135.743557
317.412190 131.998875
331.318387 149.598142
338.791589 184.689552
313.131244 200.327917
304.319406 215.333012
283.150196 216.270139
255.903898 220.817869
240.559305 234.434945
238.695211 259.696267
247.660466 278.200090
253.891019 291.710717
253.310010 323.864378
246.847393 357.269547
218.735083 355.283173
199.606743 368.152433
185.832126 351.683683
171.189422 333.318647
157.587004 325.818864
165.956216 304.301233
159.463869 285.217610
179.542979 269.303252
185.182918 269.571829
178.089726 247.200014
167.711984 237.183159
153.512906 234.041966
89.503739 236.763171
193.732376 147.529007
216.265630 139.955051
236.814525 141.037477
248.417773 133.441116
262.908210 102.490127
270.145360 79.939962
278.498600 66.201998
305.136348 51.910192
319.156226 25.725847
387.120489 38.095958
392.193258 52.439673
400.252112 100.912375
396.448052 123.723651
404.645960 152.363292
398.053220 189.734612
400.792501 214.706140
400.955810 243.515244
397.445538 274.231883
405.988280 298.371753
404.813903 325.072661
399.303460 338.824559
402.837855 361.557019
331.244996 300.378844
344.397190 279.337182
346.194156 256.310793
331.184981 240.184526
322.825078 243.550250
298.025798 246.574480
289.338977 258.039247
275.138782 264.294564
276.946477 274.016378
301.038763 300.809337
311.852621 294.242506
195.482619 125.366522
184.171229 85.543648
166.062319 58.021741
114.576194 63.198578
102.448023 91.623661
