139.000000 1152.000000
144.000000 1142.000000
144.000000 1161.000000
152.000000 1134.000000
154.000000 1165.000000
160.000000 1173.000000
161.000000 1129.000000
168.000000 1180.000000
169.000000 1117.000000
174.000000 847.000000
174.000000 857.000000
227.028731 887.578528
174.000000 877.000000
174.000000 887.000000
174.000000 897.000000
174.000000 907.000000
175.000000 1188.000000
177.000000 1109.000000
171.558798 857.250219
179.000000 916.000000
212.937699 1095.791733
184.000000 812.000000
184.000000 822.000000
184.000000 925.000000
184.000000 935.000000
185.000000 1192.000000
187.000000 945.000000
205.432859 783.725919
189.000000 955.000000
217.528565 1099.427674
189.000000 1087.000000
194.000000 787.000000
194.000000 964.000000
194.000000 974.000000
194.000000 1067.000000
194.000000 1197.000000
166.137011 495.876289
199.000000 452.000000
199.000000 462.000000
199.000000 472.000000
199.000000 482.000000
199.000000 492.000000
199.000000 502.000000
199.000000 512.000000
199.000000 522.000000
199.000000 983.000000
200.000000 993.000000
202.000000 779.000000
202.000000 1059.000000
202.000000 1189.000000
204.000000 412.000000
204.000000 422.000000
204.000000 432.000000
204.000000 531.000000
204.000000 541.000000
204.000000 551.000000
146.165261 1021.179813
204.000000 1013.000000
204.000000 1023.000000
204.000000 1033.000000
204.000000 1043.000000
209.000000 392.000000
186.761951 485.371675
209.000000 560.000000
209.000000 570.000000
209.000000 767.000000
212.000000 1184.000000
154.968170 405.825790
214.000000 382.000000
200.798135 543.405707
266.106821 575.601421
217.000000 759.000000
219.000000 357.000000
219.000000 598.000000
219.994841 555.398150
220.000000 1175.000000
224.000000 347.000000
225.000000 617.000000
231.815637 819.404164
225.000000 1165.000000
284.407428 371.506710
229.000000 627.000000
230.000000 741.000000
233.000000 1158.000000
235.072741 341.357374
234.000000 636.000000
238.000000 734.000000
238.000000 1148.000000
239.000000 645.000000
242.000000 314.000000
182.697225 664.901184
245.000000 726.000000
245.000000 1135.000000
247.000000 304.000000
249.000000 663.000000
250.000000 855.000000
250.000000 865.000000
250.000000 875.000000
250.000000 885.000000
250.000000 895.000000
252.000000 294.000000
163.130866 714.113502
253.000000 1128.000000
254.000000 672.000000
254.000000 1192.000000
235.829812 785.399541
255.000000 845.000000
263.899132 903.718118
255.000000 914.000000
257.000000 284.000000
326.070381 1097.270150
259.000000 681.000000
259.000000 1182.000000
260.000000 825.000000
260.000000 923.000000
260.000000 933.000000
260.000000 1100.000000
260.000000 1200.000000
191.949909 766.247986
222.811057 267.241227
264.000000 690.000000
265.000000 942.000000
265.000000 952.000000
301.740220 1184.732781
268.000000 818.000000
268.000000 1093.000000
270.000000 698.000000
270.000000 961.000000
270.000000 1200.000000
272.000000 264.000000
272.000000 714.000000
272.000000 1164.000000
273.000000 808.000000
274.635116 921.719765
273.000000 1083.000000
275.000000 981.000000
275.000000 1070.000000
278.000000 705.000000
278.000000 991.000000
279.000000 252.000000
279.000000 1152.000000
280.000000 800.000000
280.000000 1001.000000
280.000000 1011.000000
280.000000 1021.000000
280.000000 1031.000000
280.000000 1041.000000
280.000000 1051.000000
280.000000 1061.000000
280.000000 1200.000000
284.000000 847.000000
284.000000 857.000000
287.020707 939.595628
284.000000 877.000000
306.295064 935.336675
284.000000 897.000000
284.000000 907.000000
284.000000 917.000000
284.000000 927.000000
324.704168 856.191725
287.000000 244.000000
287.000000 1144.000000
288.000000 793.000000
266.689603 875.060528
289.000000 837.000000
289.000000 946.000000
289.000000 956.000000
323.988598 1185.572971
290.000000 1200.000000
294.000000 785.000000
293.415676 750.402565
315.435155 1001.717268
294.000000 975.000000
294.000000 1122.000000
295.000000 236.000000
299.000000 802.000000
339.830931 984.297884
300.000000 1200.000000
281.365656 992.080325
302.000000 1114.000000
347.859094 225.262634
303.000000 780.000000
304.000000 1004.000000
304.000000 1097.000000
306.000000 1014.000000
307.000000 794.000000
309.000000 1024.000000
309.000000 1034.000000
309.000000 1044.000000
309.000000 1082.000000
310.000000 221.000000
310.000000 1202.000000
312.000000 774.000000
314.000000 1053.000000
314.000000 1063.000000
247.027110 1097.440780
315.000000 786.000000
318.000000 214.000000
320.000000 1205.000000
322.000000 770.000000
325.000000 206.000000
330.000000 1205.000000
331.000000 765.000000
333.000000 199.000000
338.000000 1198.000000
340.000000 191.000000
380.014235 1096.051862
348.000000 184.000000
353.000000 1178.000000
357.000000 179.000000
358.000000 1168.000000
360.000000 850.000000
370.067406 789.130024
360.000000 870.000000
392.284020 900.371681
392.473973 939.247899
360.000000 900.000000
360.000000 910.000000
360.000000 920.000000
360.000000 930.000000
361.070597 1127.787810
410.602895 85.308439
365.000000 840.000000
365.000000 939.000000
365.000000 949.000000
368.000000 1148.000000
370.000000 958.000000
370.000000 968.000000
373.000000 833.000000
373.000000 1138.000000
375.000000 166.000000
375.000000 977.000000
375.000000 987.000000
375.000000 1120.000000
380.000000 996.000000
380.000000 1105.000000
334.983799 146.761307
383.000000 828.000000
383.000000 1006.000000
385.000000 1016.000000
385.000000 1026.000000
349.165250 963.793767
385.000000 1085.000000
385.000000 1095.000000
389.000000 882.000000
336.540818 946.696006
455.276218 967.950884
389.000000 912.000000
389.000000 922.000000
389.000000 932.000000
389.000000 942.000000
390.000000 820.000000
390.000000 1045.000000
390.000000 1055.000000
390.000000 1065.000000
390.000000 1075.000000
392.000000 154.000000
394.000000 867.000000
394.000000 951.000000
399.000000 847.000000
368.777130 817.766569
399.000000 960.000000
399.000000 970.000000
399.000000 1197.000000
399.000000 1207.000000
400.000000 820.000000
401.000000 149.000000
402.000000 980.000000
404.000000 837.000000
404.000000 990.000000
404.000000 1187.000000
409.000000 999.000000
409.000000 1210.000000
410.000000 144.000000
410.000000 820.000000
411.000000 1009.000000
414.680929 915.400287
412.000000 1179.000000
414.000000 1019.000000
414.000000 1029.000000
414.000000 1039.000000
414.000000 1167.000000
419.000000 139.000000
408.215816 1085.477035
419.000000 1058.000000
419.000000 1152.000000
419.000000 1210.000000
415.376981 1048.117611
424.000000 1077.000000
424.000000 1087.000000
424.000000 1097.000000
424.000000 1117.000000
424.000000 1127.000000
424.000000 1137.000000
428.000000 134.000000
428.000000 1215.000000
429.000000 1106.000000
437.000000 129.000000
438.000000 1215.000000
447.000000 124.000000
448.000000 1215.000000
457.000000 119.000000
457.000000 1220.000000
461.673351 912.062050
465.000000 900.000000
465.000000 910.000000
556.489336 959.004171
465.000000 930.000000
467.000000 114.000000
362.784642 1183.665376
470.000000 870.000000
470.000000 880.000000
470.000000 939.000000
470.000000 949.000000
475.000000 958.000000
475.000000 968.000000
476.000000 1215.000000
477.000000 114.000000
479.000000 865.000000
480.000000 977.000000
480.000000 1205.000000
484.000000 987.000000
485.000000 997.000000
485.000000 1190.000000
486.000000 109.000000
487.000000 859.000000
489.000000 887.000000
489.000000 897.000000
489.000000 907.000000
489.000000 917.000000
489.000000 927.000000
439.012984 984.918953
489.000000 1007.000000
490.000000 1017.000000
490.000000 1027.000000
490.000000 1037.000000
490.000000 1175.000000
494.000000 877.000000
494.000000 946.000000
494.000000 956.000000
495.000000 1046.000000
495.000000 1056.000000
495.000000 1155.000000
495.000000 1165.000000
496.000000 105.000000
497.000000 859.000000
499.000000 965.000000
499.000000 975.000000
500.000000 1065.000000
500.000000 1075.000000
500.000000 1085.000000
500.000000 1120.000000
500.000000 1130.000000
500.000000 1140.000000
502.000000 1095.000000
504.000000 984.000000
505.000000 1105.000000
506.000000 104.000000
506.000000 994.000000
511.000000 1003.000000
515.000000 1013.000000
516.000000 100.000000
519.000000 1023.000000
519.000000 1207.000000
519.000000 1217.000000
524.000000 1032.000000
524.000000 1042.000000
524.000000 1052.000000
524.000000 1062.000000
524.000000 1072.000000
524.000000 1082.000000
524.000000 1192.000000
526.000000 99.000000
529.000000 1091.000000
529.000000 1101.000000
529.000000 1111.000000
529.000000 1121.000000
529.000000 1131.000000
529.000000 1141.000000
470.880032 1149.857101
529.000000 1161.000000
529.000000 1171.000000
529.000000 1181.000000
529.000000 1220.000000
701.471518 162.538125
539.000000 1220.000000
545.000000 94.000000
549.000000 1220.000000
555.000000 91.000000
559.000000 1220.000000
565.000000 89.000000
610.622196 933.157047
565.000000 910.000000
565.000000 920.000000
636.108917 953.966099
567.000000 940.000000
569.000000 1220.000000
570.000000 890.000000
570.000000 950.000000
575.000000 89.000000
601.267301 871.001694
575.000000 959.000000
575.000000 969.000000
579.000000 1220.000000
580.000000 978.000000
585.000000 89.000000
585.000000 875.000000
585.000000 987.000000
553.984066 1264.026403
629.243385 997.585609
593.000000 1006.000000
601.357607 52.757048
595.000000 877.000000
595.000000 1016.000000
597.000000 1214.000000
579.046001 1052.086550
628.952357 1055.460175
563.002266 1036.760787
600.000000 1056.000000
600.000000 1066.000000
600.000000 1076.000000
600.000000 1195.000000
605.000000 84.000000
605.000000 880.000000
605.000000 1085.000000
605.000000 1095.000000
605.000000 1105.000000
588.292790 1109.321315
605.000000 1125.000000
605.000000 1135.000000
605.000000 1145.000000
605.000000 1155.000000
605.000000 1165.000000
638.109056 1177.716861
605.000000 1185.000000
615.000000 84.000000
615.000000 880.000000
625.000000 84.000000
625.000000 880.000000
635.000000 84.000000
635.000000 880.000000
645.000000 84.000000
645.000000 880.000000
655.000000 84.000000
655.000000 880.000000
665.000000 84.000000
665.000000 880.000000
675.000000 84.000000
647.885185 861.882165
685.000000 84.000000
685.000000 880.000000
672.521165 941.488878
689.000000 1012.000000
689.000000 1022.000000
689.000000 1032.000000
689.000000 1042.000000
689.000000 1052.000000
689.000000 1062.000000
689.000000 1072.000000
689.000000 1082.000000
689.000000 1092.000000
689.000000 1102.000000
689.000000 1112.000000
689.000000 1122.000000
682.354267 1148.621130
689.000000 1142.000000
689.000000 1152.000000
694.000000 89.000000
694.000000 875.000000
694.000000 987.000000
694.000000 1161.000000
699.000000 967.000000
669.095048 1023.201935
699.000000 1170.000000
699.000000 1180.000000
702.000000 1190.000000
704.000000 89.000000
704.000000 875.000000
704.000000 885.000000
704.000000 952.000000
704.000000 1200.000000
709.000000 894.000000
709.000000 942.000000
710.000000 1208.000000
711.000000 904.000000
714.000000 89.000000
714.000000 914.000000
714.000000 924.000000
720.000000 1210.000000
724.000000 89.000000
640.704441 1255.049592
733.000000 94.000000
740.000000 1210.000000
743.000000 94.000000
750.000000 1210.000000
753.000000 95.000000
760.000000 1205.000000
779.457453 104.795520
765.000000 1010.000000
765.000000 1020.000000
765.000000 1030.000000
765.000000 1040.000000
765.000000 1050.000000
765.000000 1060.000000
765.000000 1070.000000
765.000000 1080.000000
765.000000 1090.000000
765.000000 1100.000000
765.000000 1110.000000
765.000000 1120.000000
712.439018 1126.787608
765.000000 1140.000000
770.000000 990.000000
826.811386 1118.708357
770.000000 1149.000000
770.000000 1159.000000
770.000000 1205.000000
772.000000 104.000000
775.000000 975.000000
759.211019 1132.127485
775.000000 1178.000000
780.000000 865.000000
780.000000 875.000000
780.000000 1205.000000
782.000000 104.000000
783.000000 968.000000
783.000000 1185.000000
784.000000 1027.000000
784.000000 1037.000000
784.000000 1047.000000
784.000000 1057.000000
784.000000 1067.000000
784.000000 1077.000000
784.000000 1087.000000
785.000000 884.000000
785.000000 894.000000
787.000000 1195.000000
788.000000 958.000000
789.000000 870.000000
789.000000 1012.000000
789.000000 1096.000000
793.914688 1076.485240
789.000000 1116.000000
790.000000 903.000000
790.000000 913.000000
790.000000 923.000000
790.000000 933.000000
790.000000 943.000000
791.000000 109.000000
794.000000 997.000000
794.000000 1125.000000
793.922563 1096.411698
798.000000 875.000000
799.000000 987.000000
733.455116 126.658683
804.000000 962.000000
804.000000 972.000000
804.000000 1143.000000
805.000000 883.000000
809.000000 893.000000
809.000000 903.000000
809.000000 913.000000
809.000000 923.000000
809.000000 933.000000
809.000000 943.000000
809.000000 953.000000
809.000000 1152.000000
810.000000 114.000000
814.000000 1161.000000
820.000000 117.000000
861.073293 1187.984617
826.000000 1178.000000
796.558579 174.807676
833.855620 1185.525923
837.000000 1195.000000
839.000000 126.000000
847.000000 1195.000000
848.000000 131.000000
857.000000 1195.000000
858.000000 135.000000
860.000000 825.000000
860.000000 1035.000000
860.000000 1045.000000
860.000000 1055.000000
860.000000 1065.000000
860.000000 1075.000000
862.000000 835.000000
865.000000 1020.000000
865.000000 1084.000000
865.000000 1094.000000
865.000000 1104.000000
867.000000 140.000000
867.000000 1195.000000
878.122591 853.635580
870.000000 842.000000
870.000000 1010.000000
870.000000 1113.000000
874.000000 852.000000
875.000000 1000.000000
877.000000 144.000000
877.000000 1195.000000
878.000000 1120.000000
879.000000 830.000000
880.000000 860.000000
880.000000 965.000000
880.000000 975.000000
880.000000 985.000000
882.000000 840.000000
882.000000 1130.000000
885.000000 869.000000
885.000000 879.000000
981.377150 952.861638
885.000000 899.000000
885.000000 909.000000
885.000000 919.000000
885.000000 929.000000
885.000000 939.000000
885.000000 949.000000
886.000000 149.000000
887.000000 1195.000000
890.000000 847.000000
890.000000 1137.000000
894.000000 156.000000
894.000000 1147.000000
897.000000 855.000000
897.000000 1195.000000
903.000000 161.000000
899.662131 1162.149147
905.000000 862.000000
906.000000 1190.000000
910.000000 169.000000
910.000000 1159.000000
912.000000 870.000000
914.000000 880.000000
915.000000 1168.000000
916.000000 1190.000000
919.000000 889.000000
919.000000 1027.000000
919.000000 1037.000000
919.000000 1047.000000
919.000000 1057.000000
980.068663 1123.717582
919.000000 1077.000000
920.000000 172.000000
923.000000 1175.000000
924.000000 898.000000
924.000000 908.000000
924.000000 992.000000
924.000000 1002.000000
924.000000 1012.000000
924.000000 1086.000000
924.000000 1096.000000
924.000000 1106.000000
924.000000 1116.000000
925.000000 918.000000
925.000000 1185.000000
928.000000 179.000000
929.000000 928.000000
929.000000 938.000000
929.000000 948.000000
929.000000 958.000000
883.488502 971.098317
828.985481 945.506772
929.000000 1125.000000
976.343539 733.553428
935.000000 1133.000000
937.000000 184.000000
937.000000 790.000000
940.000000 1142.000000
944.000000 192.000000
944.000000 775.000000
945.000000 797.000000
947.000000 1150.000000
952.000000 199.000000
952.000000 805.000000
953.000000 780.000000
955.000000 1157.000000
959.000000 207.000000
959.000000 1167.000000
960.000000 812.000000
963.000000 780.000000
967.000000 214.000000
967.000000 820.000000
967.000000 1174.000000
970.000000 788.000000
972.000000 829.000000
974.000000 222.000000
977.000000 1175.000000
979.000000 837.000000
1003.869238 685.543846
982.000000 229.000000
984.000000 846.000000
985.000000 856.000000
987.000000 800.000000
987.000000 1175.000000
989.000000 237.000000
990.000000 865.000000
995.000000 874.000000
995.000000 1030.000000
995.000000 1040.000000
995.000000 1050.000000
995.000000 1060.000000
919.776632 1037.895375
996.000000 1170.000000
1024.800685 258.092986
997.000000 804.000000
1000.000000 715.000000
1000.000000 883.000000
1000.000000 893.000000
1000.000000 903.000000
1000.000000 913.000000
1000.000000 995.000000
1000.000000 1005.000000
1000.000000 1015.000000
1000.000000 1079.000000
1000.000000 1089.000000
1000.000000 1099.000000
1001.000000 814.000000
1004.000000 252.000000
1005.000000 705.000000
1005.000000 724.000000
1005.000000 922.000000
1005.000000 932.000000
1005.000000 942.000000
1005.000000 952.000000
1033.456863 990.441184
1005.000000 972.000000
1005.000000 982.000000
1006.000000 1170.000000
1008.000000 1105.000000
1009.000000 261.000000
1009.000000 820.000000
1013.000000 698.000000
1015.000000 269.000000
1015.000000 727.000000
1015.000000 828.000000
1015.000000 1113.000000
1049.979904 1157.032216
1020.000000 278.000000
1020.000000 685.000000
1020.000000 837.000000
1020.817662 1144.916310
1023.000000 734.000000
1025.000000 1165.000000
1027.000000 845.000000
1020.087835 246.262745
1040.517058 600.861649
1029.000000 1127.000000
1032.000000 295.000000
1032.000000 739.000000
1032.000000 854.000000
1033.000000 668.000000
1034.000000 1160.000000
1037.000000 304.000000
1037.000000 1134.000000
1038.000000 658.000000
1039.000000 862.000000
1039.000000 872.000000
1040.000000 314.000000
1040.000000 1144.000000
1041.000000 744.000000
1043.000000 648.000000
1044.000000 881.000000
1044.000000 891.000000
1044.000000 1157.000000
1048.000000 320.000000
1049.000000 751.000000
1049.000000 900.000000
1050.000000 330.000000
1050.000000 630.000000
1050.000000 640.000000
1052.000000 910.000000
1054.000000 920.000000
1054.000000 930.000000
1054.000000 940.000000
1055.000000 339.000000
1055.000000 620.000000
1065.841606 692.392290
1061.604347 934.566823
1059.000000 959.000000
1059.000000 969.000000
1059.000000 979.000000
1059.000000 989.000000
1050.952971 974.188141
1059.000000 1009.000000
1060.000000 348.000000
1060.000000 610.000000
1041.574898 701.838895
1061.000000 1019.000000
1069.886306 948.302516
1065.000000 357.000000
1065.000000 367.000000
1065.000000 595.000000
1066.000000 1039.000000
1068.000000 775.000000
1069.000000 1049.000000
1070.000000 376.000000
1070.000000 386.000000
1070.000000 575.000000
1070.000000 585.000000
1074.000000 1058.000000
1075.000000 395.000000
1075.000000 405.000000
1075.000000 555.000000
1075.000000 565.000000
1075.000000 783.000000
1079.000000 1067.000000
1080.000000 414.000000
1080.000000 424.000000
1080.000000 434.000000
1080.000000 525.000000
1080.000000 535.000000
1080.000000 545.000000
1080.000000 792.000000
1084.000000 1076.000000
1085.000000 443.000000
1085.000000 453.000000
1085.000000 463.000000
1085.000000 473.000000
1085.000000 483.000000
1085.000000 493.000000
1041.530977 613.644105
1085.000000 513.000000
1085.000000 801.000000
1089.000000 1085.000000
1091.000000 809.000000
1092.000000 1095.000000
1095.000000 819.000000
1141.178664 1154.106947
1103.000000 825.000000
1104.000000 1112.000000
1107.000000 835.000000
1109.000000 1121.000000
1110.000000 845.000000
1115.000000 854.000000
1115.000000 864.000000
1116.000000 1129.000000
1120.000000 873.000000
1120.000000 883.000000
1121.000000 1138.000000
1125.000000 892.000000
1118.186355 985.328118
1130.000000 911.000000
1130.000000 921.000000
1130.000000 931.000000
1131.000000 1140.000000
1133.000000 941.000000
1135.000000 951.000000
1135.000000 961.000000
1135.000000 971.000000
1107.897977 1006.579391
1135.000000 991.000000
1135.000000 1001.000000
1135.000000 1011.000000
1111.367067 968.883747
1140.000000 1135.000000
1142.000000 1030.000000
1157.030676 1116.584931
1150.000000 1037.000000
1154.000000 1047.000000
1155.000000 1057.000000
1155.000000 1120.000000
1162.000000 1065.000000
1163.000000 1113.000000
1219.957574 1084.301755
1170.000000 1105.000000
1174.000000 1082.000000
1178.000000 1098.000000
