0.800723 17.246953
2.722859 20.950498
6.591821 16.628169
11.890513 22.261024
10.186522 17.130404
14.666700 21.836419
16.157934 16.693916
19.543198 20.620252
21.902247 15.173237
25.607952 20.935188
27.280921 18.530670
27.718317 20.917881
32.243756 20.576375
36.123445 20.007715
35.622812 23.893324
30.355489 31.208966
28.076608 26.298315
24.845903 29.819541
22.164814 26.683285
20.323675 30.773307
18.871713 26.414092
15.850397 29.363814
11.750107 26.432187
9.750545 31.580893
6.293681 27.111874
4.944146 30.740255
1.755102 32.655810
3.523946 36.983265
9.687200 35.989600
14.160341 35.803200
20.315988 35.940541
22.854221 35.514412
28.783953 38.861615
35.345197 37.878903
38.015888 33.385306
0.848714 11.166463
4.294995 9.702288
9.080304 11.099092
13.199872 13.004217
18.407145 10.906674
23.354067 12.203557
26.753303 8.974613
29.701337 9.169989
30.639740 10.648874
30.625279 13.442407
31.521844 12.821293
33.504161 11.527103
29.573465 9.246504
31.304169 6.218564
37.274487 4.376919
40.521164 7.180262
46.867676 12.782555
53.491059 7.765985
53.039715 13.256092
41.479607 40.467580
39.251745 47.722370
38.267754 52.225433
31.301847 56.482822
32.349677 59.566964
35.656086 61.998226
40.916997 59.674728
44.474481 54.256540
48.002931 49.104799
51.528728 40.020888
52.274333 38.476599
60.434960 46.162921
64.691458 53.471469
75.643469 58.001090
58.052410 8.756078
63.073043 13.893503
69.161077 7.967662
70.782869 14.994093
74.566619 10.076426
78.123933 16.787708
86.647138 17.227541
82.215152 24.095986
90.674075 23.526619
88.610679 31.254002
94.760381 34.310963
94.636601 41.159742
99.611750 46.450934
91.401098 51.361796
97.938687 53.625481
91.877378 58.950612
95.695676 62.616890
91.677026 65.450287
93.818343 72.263922
88.398208 71.508590
88.489307 78.808770
79.044758 78.284769
78.064137 83.715442
71.969949 79.073266
70.176495 85.640745
64.006810 82.733024
61.377154 87.509584
57.636832 83.178249
55.096780 87.018199
52.333782 83.788771
47.755382 86.193412
45.863064 81.871667
43.756697 85.231749
39.870901 83.633435
37.685772 87.625585
36.401621 82.174004
34.952831 85.378467
30.247607 83.598722
28.651877 87.332742
27.689364 81.370442
23.261430 85.166988
20.804360 82.405970
16.672432 80.342247
16.763641 79.259510
10.213180 75.461235
13.280013 76.223627
11.767671 71.625949
14.819460 73.816506
17.449207 75.063543
22.671787 77.443523
24.860851 78.295115
30.802977 78.104726
35.346312 77.604803
39.928042 77.033696
43.945555 77.442164
50.748304 78.027149
56.416373 76.098821
60.410496 77.455883
67.517665 73.239469
74.422329 70.076055
80.133368 63.901907
