70.670857 176.939701
67.748583 174.735873
70.949511 173.590034
76.656035 168.296626
72.106374 173.088718
66.029020 167.729906
67.934834 169.494700
65.489549 182.951947
72.024563 175.731581
69.840995 174.047352
65.626353 167.656411
65.875106 167.744877
66.364012 178.660141
66.681296 186.879151
70.465025 174.269063
69.581873 178.262425
65.494253 183.646869
71.887909 183.233095
63.835213 187.758262
70.631869 179.921779
66.659999 179.110471
77.274835 179.301759
67.906937 176.632121
66.570696 181.417291
67.985430 181.740858
68.914338 182.647141
69.695370 189.677387
70.200503 186.127720
67.404432 196.904367
68.836663 188.913750
71.010952 203.532497
66.132768 187.692764
65.327479 183.727453
63.886202 187.360759
65.733630 189.856105
75.399085 203.359975
66.567296 183.876630
68.306798 190.003953
67.077681 192.696707
72.758453 214.166991
64.689198 189.358310
68.591928 199.554538
67.104038 208.216806
67.505851 195.232549
68.812530 201.172782
69.612231 202.379426
68.316931 199.230145
69.630093 205.394072
72.666097 205.017464
68.641171 204.394357
65.621351 196.895306
71.394142 200.682249
68.229707 213.953760
79.309128 220.688575
66.789843 210.604964
73.801141 212.491122
73.350610 216.685969
68.939240 200.792321
69.384287 212.054757
67.324471 211.557223
68.255804 214.227678
70.059672 212.616772
70.838021 210.146393
66.580261 204.831349
69.479102 212.649694
77.557701 221.119921
70.283498 220.283704
72.987780 226.890443
68.834298 215.063437
72.196792 225.359629
74.965270 220.953545
70.847273 222.755071
71.264404 219.066516
78.250414 223.330912
71.708016 224.300632
78.359792 221.557183
67.956415 213.486480
67.677702 212.969372
76.046326 232.621605
70.899858 221.815623
78.659425 221.137385
76.487013 222.648437
75.209350 230.057491
73.448959 228.188386
77.375566 238.749399
83.172927 238.844146
74.931216 230.036087
74.811699 228.388368
73.385295 229.122662
74.674857 229.496395
75.779222 234.866897
79.439693 166.944213
76.648932 172.170997
86.993244 167.249107
83.335834 164.197989
79.966264 165.028705
78.843922 166.354608
70.281972 170.376438
72.794436 167.950656
77.849123 166.478342
85.759717 166.259118
68.891118 173.542232
83.374927 164.698136
86.641112 160.172077
79.266964 231.210120
76.078982 235.503023
78.415504 242.669397
78.942687 244.434641
78.352882 234.477340
79.188538 239.400791
79.438156 239.880902
79.063676 239.597281
73.439845 228.752867
88.567245 238.664614
80.878136 238.566425
78.529496 239.291536
82.871535 249.039860
85.939478 251.913155
86.982959 261.501395
87.997533 252.305512
80.249615 243.189931
83.168626 247.248647
84.717193 246.555938
84.261718 250.619318
83.290408 247.824751
82.881721 247.990641
84.591820 252.444977
81.196700 246.218141
82.519530 246.597032
81.619777 249.534264
88.574570 253.015255
83.189023 256.176645
86.185516 263.454957
83.816533 257.463387
85.269424 257.877213
85.838763 266.813352
83.627540 255.968035
84.760217 259.410031
87.972615 252.073026
88.219062 265.346133
82.783749 254.439435
89.015916 257.937310
88.064156 266.911735
83.750806 164.645921
82.142484 164.085043
84.745016 164.969635
77.341937 170.069218
88.616149 167.785704
85.902287 161.089697
84.305236 164.584202
84.322967 164.873563
84.603123 162.679586
95.814903 164.852342
84.747387 165.009666
85.111074 165.242168
86.698173 166.661890
89.050622 269.089391
87.899232 267.895881
89.582540 266.378445
89.161999 274.801163
93.537894 271.077474
85.704458 262.994032
88.538527 271.346675
87.161529 265.348882
86.075300 270.353567
85.931386 270.832603
86.026821 270.611644
94.932211 274.874626
88.017908 269.510344
89.404456 275.894592
90.046066 270.737265
86.206629 270.573080
90.546988 283.134755
88.779066 274.015849
88.070934 275.112154
90.280873 269.706769
87.288054 267.520068
91.738701 273.705061
89.730997 277.536790
96.933699 271.463983
86.875274 271.768207
89.881266 281.791093
93.350360 286.595601
94.645132 286.264838
101.681282 278.352888
95.715893 290.618377
92.268865 281.402296
101.313886 280.125552
96.038885 297.517961
94.855424 275.785336
91.768892 287.988949
89.867597 280.827476
90.258502 284.135452
89.605983 283.591776
91.020563 281.640941
107.131323 167.017818
104.050184 172.929380
99.716240 168.789084
103.913068 161.806351
94.228164 167.573723
102.856594 169.836857
101.957150 163.719781
99.801643 167.001286
99.484874 165.351639
90.892045 165.810673
94.398537 167.575709
96.925727 169.026994
96.536541 166.502980
107.773691 303.373088
101.606443 298.282878
99.741174 296.714184
99.791291 296.203848
101.034775 293.671105
107.566396 298.046258
106.370000 295.447243
95.765457 297.261635
103.649638 305.304802
101.862770 296.931808
100.769483 300.093188
97.112826 294.763195
109.959306 297.343163
104.357912 305.013482
101.295402 297.937021
100.948965 304.221144
100.905852 307.734496
105.772960 311.374806
97.021514 297.858490
104.304050 305.393190
106.724364 309.552028
95.233694 297.432526
105.284820 314.116899
102.224506 308.114779
109.026818 307.873007
107.267616 313.096874
102.929666 169.691032
100.147226 170.936203
109.990019 172.054001
100.885966 176.575128
110.337469 175.328175
105.427413 169.983379
110.716481 167.126743
100.325905 172.677314
113.615104 172.924202
109.424523 172.247319
116.115258 175.103058
110.851358 173.109141
109.318130 175.611462
104.696642 312.909568
110.126015 322.421397
110.998264 321.210887
114.399946 305.904400
108.315785 315.576334
107.601151 326.427690
117.204992 320.245102
114.913923 321.149273
116.899409 322.328695
114.054032 312.632170
108.247065 305.653050
106.929375 305.418128
117.941876 321.421568
122.371204 328.321778
123.314118 326.595914
112.224328 323.844919
117.088903 326.226418
113.203641 324.274443
108.269091 326.254140
106.114578 313.845001
113.117387 324.912299
111.828502 321.341475
117.267025 321.898354
114.030334 327.740697
105.655620 314.710620
115.057127 325.853842
107.907809 174.468628
105.844313 174.409120
105.555145 176.319357
105.657131 174.148323
102.734709 173.456735
114.147695 177.065312
102.969989 171.609116
109.103288 170.294760
117.251911 173.155455
110.896343 173.790656
121.694191 173.902952
119.742151 178.086333
116.609266 180.581333
108.298532 325.188737
112.751205 334.760985
113.369644 338.708293
116.096637 327.577834
112.254736 332.707163
123.098278 326.732715
118.203332 327.080804
112.603502 339.747305
113.778493 338.453691
112.672346 335.354555
122.333207 334.892610
109.683221 329.125505
116.608864 344.621536
112.662946 354.172772
124.220561 336.585464
112.756841 345.547152
126.515551 347.153734
116.691100 351.667185
119.340396 343.601561
117.815232 344.454263
112.349206 333.161858
112.818598 333.312981
115.372794 341.617088
116.912778 344.252659
126.915296 352.985786
115.552784 340.205153
115.570997 176.178120
116.751733 183.173219
129.199159 182.914586
126.980451 183.733596
118.653186 193.065352
115.563457 189.316165
115.117959 184.904911
116.893279 180.460158
117.539674 190.365641
114.355991 188.628409
118.587744 180.609925
117.628653 189.791727
117.478927 179.740776
117.168837 352.746907
120.147480 355.483722
113.688352 354.113667
127.833621 351.369884
116.621077 355.926142
117.430301 354.969717
119.511403 354.062317
118.831791 354.709948
127.212088 354.167644
117.688007 346.181888
116.179725 356.989753
128.345580 351.161067
118.521860 356.696305
123.472003 358.645787
113.891702 368.451598
122.799505 357.903962
123.399150 367.629687
126.150468 361.116400
122.954906 375.806925
118.201945 357.324575
118.836228 359.841229
126.525578 356.811551
119.562565 361.283585
116.298577 359.849250
116.589061 358.479604
126.107028 357.119955
125.527714 369.016656
120.439463 380.401499
113.235364 382.613988
116.970179 377.288595
115.028498 376.847043
116.620583 365.773113
118.292520 374.882113
119.408882 375.212715
118.174658 377.567415
119.892394 386.203316
125.069518 368.703719
125.250674 376.354023
119.356488 376.617817
120.179653 379.273477
120.594753 385.015653
114.488849 384.077056
125.474393 378.206532
119.157334 378.384712
118.399658 380.189731
125.020537 388.315591
120.261270 384.843091
118.037693 385.623205
125.605391 382.470879
119.855808 386.134301
126.633531 377.931505
121.203658 379.753262
116.600648 402.384600
121.343327 393.828817
119.004889 393.807723
118.350421 390.670787
124.840977 388.683351
118.193596 394.229094
120.787715 395.399381
118.912698 392.805901
117.861086 395.921372
119.363312 390.223127
121.982882 401.074341
125.579348 393.172981
119.397239 395.656051
116.633448 402.648959
126.664116 408.766810
119.081439 405.062989
110.349607 413.568545
119.005404 405.031659
121.272658 409.074582
118.459613 401.103913
123.048910 405.149976
118.341769 403.553263
122.045251 413.048990
120.023614 408.284380
116.440436 401.804840
121.852781 394.261708
122.047677 420.677938
120.554293 422.818260
117.737660 414.074643
125.384340 413.666573
109.986927 413.661551
120.068276 414.006872
118.319196 413.998292
115.887259 419.585804
121.658060 408.437369
112.799510 415.967069
112.235719 416.928717
112.471004 417.048911
121.881612 410.711675
118.193840 417.093786
116.967686 426.512565
118.987850 427.285579
124.003838 418.621433
124.859469 414.871778
114.978574 424.300936
114.589885 423.756602
117.209418 420.310015
116.158357 425.532787
120.215423 422.581330
116.352114 423.938839
114.382376 422.587164
123.030637 419.093656
120.117952 425.593871
116.468405 445.834319
113.663722 425.344818
120.734494 432.556676
117.492815 439.248207
116.338724 443.177051
115.024571 424.256621
114.797701 429.615877
120.342873 432.690205
124.437921 446.101987
120.283779 441.873650
118.282234 429.256738
115.799008 436.162739
123.088047 206.717287
116.995731 200.137245
119.390419 196.254007
118.299545 202.281091
120.431367 195.825599
127.275617 204.836487
116.731267 200.276287
120.911426 205.031928
119.682752 202.823599
124.721027 193.617257
118.015838 200.410665
121.612204 198.616206
116.943883 190.426561
123.741815 198.867722
126.263032 199.053227
119.327580 206.927668
130.336003 207.480378
123.136987 217.565717
124.437805 197.960465
120.770051 208.558480
124.084461 208.415497
123.261110 212.252233
119.114454 211.861510
119.534946 215.024191
124.542584 204.878408
116.626884 200.106981
128.278074 448.968276
121.998831 448.619562
121.973447 442.044112
128.142540 448.998158
128.890837 448.998439
116.796711 446.099785
119.718940 435.079275
125.472871 448.139135
122.373482 443.063851
123.916417 443.752036
126.946385 451.111034
125.442692 447.717308
125.987393 447.975956
127.868948 461.692648
120.507081 454.895505
120.881125 458.212806
120.206472 453.908962
129.093565 449.610718
125.378529 455.789532
122.944063 446.510749
126.052418 454.239721
119.685671 454.130944
118.265133 449.501264
122.556406 443.353607
120.349905 457.461326
121.748246 456.072819
131.317412 222.472935
123.200858 220.748048
130.003924 214.860464
116.159847 216.779267
122.713179 209.952065
126.946379 225.016292
132.855180 215.006363
125.175598 207.040956
127.249173 224.421540
132.752313 227.476888
127.004044 219.106563
115.563187 208.001738
125.662741 216.949740
130.703466 227.024518
132.736848 229.639088
131.320865 231.597549
130.286692 234.707001
119.537701 217.399333
124.182556 237.756004
124.549367 229.167777
124.878052 228.632129
126.182714 224.756949
113.457370 227.360822
121.723765 224.756668
118.067696 218.162949
123.900368 224.763444
126.621987 471.035309
125.934196 455.090925
124.275942 461.250409
125.237233 464.777529
119.772696 457.438697
121.904687 459.243822
123.010745 458.975946
119.766567 457.687388
128.611058 468.798823
129.506132 469.074798
129.733508 473.570718
127.846881 465.629166
127.541096 462.489562
129.131672 475.776582
128.905656 474.239036
128.934648 475.317458
127.609955 485.404780
129.518477 475.924713
127.143998 466.643505
128.853095 475.360526
129.010262 485.472932
126.524104 464.543789
132.902661 482.344700
133.496480 485.352451
128.067267 482.120529
131.289755 482.081483
132.151760 582.233051
137.203928 582.232576
129.310293 586.971566
126.582835 589.042572
126.649107 589.863868
130.944557 592.624015
127.374901 576.402256
125.696048 588.946670
125.617997 589.507134
136.957817 583.807236
135.505287 590.837281
129.119720 584.529963
131.509955 585.095046
132.433456 597.095541
131.309344 595.396153
131.856667 597.010860
135.548248 595.449983
136.209161 594.880081
130.248496 593.661211
134.222572 590.973201
134.585501 597.770717
130.135262 593.548794
135.221387 597.892268
132.119606 593.970022
134.187224 588.711450
132.288424 596.826708
124.376124 238.642429
130.447036 235.033163
136.275433 228.326624
129.606161 235.684427
130.876677 238.423986
127.716351 226.687692
122.919154 231.722755
137.924176 233.014978
133.190135 232.480649
127.668312 225.315748
137.326779 234.055804
129.603007 233.547341
135.824831 226.184434
136.671634 488.197458
132.939686 484.319800
126.904251 486.158650
135.671429 487.185537
132.766243 482.833427
136.473906 491.472066
138.068523 490.502288
127.555394 484.052641
128.137487 485.885659
136.764658 489.100828
130.872837 484.768187
133.030173 488.720353
126.751710 486.532615
124.477533 236.716262
123.058042 239.464683
125.781171 240.540702
124.614753 246.054865
130.977622 253.031519
120.095550 246.567998
129.082484 245.549408
132.221884 245.300559
120.817616 245.710771
131.244524 233.580004
143.790138 249.842476
130.677832 244.096621
124.537993 246.094442
132.666401 491.686861
133.997263 495.265601
137.812784 494.586244
137.884668 491.415968
131.653330 493.854859
135.729566 500.367634
137.241208 488.284154
137.012894 488.549810
133.969626 496.353909
133.588029 493.973097
132.157241 486.769344
130.767281 488.987578
133.280233 492.747106
129.818932 571.420333
133.130460 579.953942
139.530944 569.632898
130.490818 571.429202
134.278082 573.293043
128.963030 571.180860
142.518831 579.454078
135.430601 583.516939
132.687650 567.135939
144.830831 569.435322
139.127099 573.031124
130.940836 579.070764
128.026186 573.356023
136.784988 502.281894
143.724438 514.636390
135.111536 500.828503
140.078128 506.573888
138.414460 504.105847
132.569116 493.202766
142.576376 509.780117
141.776098 512.135407
137.021560 506.111996
137.019480 491.852903
135.753976 503.968059
137.189102 500.402436
142.388959 509.866035
138.767175 551.962245
145.805709 551.757505
136.892265 551.053536
143.962025 545.847137
139.178778 551.159140
141.082632 564.918925
142.585350 558.871924
146.708073 545.229029
136.694637 552.336266
139.988390 552.792405
147.428783 558.545835
143.602927 560.835378
139.171032 549.650579
141.436815 572.241650
143.655453 571.522672
146.391501 561.899303
144.135907 571.046871
138.616652 573.501685
147.124087 571.752893
148.668113 564.441781
136.668102 553.507565
136.396973 555.468443
137.897160 552.307693
134.254921 567.487377
136.220343 562.463953
147.911508 558.089012
137.685374 595.182757
138.773508 596.930349
149.677272 599.171037
134.453987 589.892538
136.675529 597.194071
133.868054 593.302078
135.217867 597.709661
146.353417 597.541843
141.507659 597.768315
133.576578 593.061420
146.550506 597.567954
141.141007 596.637218
139.559820 597.037943
137.396899 252.012369
137.757970 248.386132
138.757359 250.738608
147.137879 247.422127
138.096028 249.858247
134.738909 258.617653
140.133379 252.390723
132.654664 259.127143
138.836386 247.657452
139.352840 253.153064
137.310686 255.361115
133.240855 250.850780
142.381711 253.114643
142.400309 260.115982
140.993600 261.662051
148.095725 259.881199
141.494880 270.790828
145.109264 266.220857
140.881518 264.383716
149.798932 255.036539
148.592314 253.162560
131.324503 259.539176
144.751641 271.459526
132.373166 253.358246
138.530968 266.354095
141.263035 265.218967
141.641655 507.829624
142.245903 518.663126
135.321399 513.161332
138.212277 511.497118
132.790933 518.772894
143.473119 513.724862
133.093859 518.316186
142.231002 509.032451
140.499949 506.338936
139.006334 504.410411
135.809744 518.330797
133.306004 514.199080
141.655245 508.021792
144.518441 270.719996
147.685913 274.402964
146.550619 276.082202
147.378495 268.061710
137.225296 276.410440
141.070499 264.300088
140.898111 271.559620
143.769328 269.751089
135.971819 269.063369
145.324405 266.098555
155.297031 275.217004
141.965217 281.092723
131.905062 272.734335
139.354646 523.722188
140.504182 527.948323
140.582258 520.552104
146.098993 527.716468
139.554208 519.917696
143.562711 524.291173
151.765846 529.333646
143.405815 520.057380
144.775135 534.210018
146.392934 523.836405
144.858213 519.429820
140.057193 517.412820
146.494556 531.755759
148.649832 534.811608
144.373113 534.363549
142.689580 533.475148
141.818912 526.245314
144.745323 533.855485
139.732565 532.817057
147.295612 535.943328
143.885495 531.705558
140.744761 542.556240
144.909228 534.511078
139.834232 542.917259
148.385166 529.587066
149.301986 537.922704
141.970228 545.582152
143.174450 548.214161
146.577279 547.631319
137.276096 551.131051
137.279959 551.803423
143.392319 542.348174
146.353684 545.562730
139.926746 545.290978
141.967615 541.038453
147.451391 542.765104
140.815334 539.404506
141.992505 542.854486
142.345269 550.166345
152.152433 95.272946
152.521458 94.581013
156.532175 90.997743
158.536329 89.752006
156.954161 89.682354
156.697272 91.087903
155.811757 91.876660
157.717527 89.698276
150.215463 99.849534
151.585779 97.291252
151.586590 96.838701
152.072626 97.167993
152.650548 94.592624
149.122316 103.164531
149.803000 100.490000
154.956077 94.244954
146.590009 110.083719
149.108690 103.445772
148.085228 106.076942
149.398447 102.901639
149.817950 102.474783
149.288445 102.861722
150.077662 101.575160
148.556961 104.918703
147.687605 106.993473
160.309917 99.321606
151.288522 121.521441
148.030277 106.901283
155.441292 107.981946
154.388804 110.282260
155.550696 107.922758
149.842542 117.877626
148.149173 110.083027
145.881002 110.798995
153.630247 100.469097
153.510917 118.670362
154.404036 106.267511
148.999947 111.313994
151.033008 123.022724
147.716080 131.593526
145.301707 121.923947
153.870980 116.641914
149.301270 123.166195
145.223916 128.328678
145.584442 126.842245
149.929836 125.075526
155.454523 116.004631
144.011735 125.037801
158.197546 121.545934
153.024571 123.322849
151.164908 121.071664
144.511252 128.904874
150.422874 130.789031
144.247202 136.872963
147.985982 133.886418
149.198988 142.199571
145.480493 128.942988
150.814539 120.924618
149.058770 132.345045
148.064575 132.838080
151.141841 120.456350
146.500368 127.549917
154.013122 129.970826
159.979774 129.039440
149.898776 133.067167
149.558789 142.471597
145.785800 150.693697
149.879824 142.048055
149.412110 141.664591
146.338329 152.907736
158.726909 135.909886
144.198268 151.016039
148.868311 136.423665
145.244865 139.604161
142.270595 152.003341
151.679724 138.727521
140.719829 145.892046
156.832916 149.914192
150.181378 141.647437
149.397896 143.925174
153.971437 141.651943
147.026878 142.567293
151.124554 148.997903
143.710999 146.059267
158.038738 160.310222
142.416576 154.555545
156.632093 143.750741
154.227519 150.788163
145.766655 152.141184
144.795249 152.227962
147.109630 144.425985
146.231264 165.096557
155.438892 166.670752
142.194817 166.307256
146.747891 169.500137
153.338354 152.866372
138.362778 161.628501
141.816744 164.447360
139.796939 168.505283
159.778110 164.362619
142.821506 160.250048
160.851449 164.046316
150.739453 167.043906
145.118401 168.382915
137.322181 285.515814
159.248629 276.446579
151.192595 285.331951
152.409696 287.085376
150.885151 285.566820
152.123449 284.267674
149.481198 279.080867
146.063621 287.920692
156.185893 273.951465
147.600934 276.302382
143.615533 286.081061
155.430829 289.244109
147.170856 282.249828
144.205648 595.692332
151.113863 598.557213
149.805825 597.377084
146.002505 597.628128
149.853486 592.948079
158.339788 599.000936
154.195716 597.259398
154.286802 598.560359
149.271295 598.795978
150.484146 598.974263
149.191956 598.770173
149.453320 598.672960
149.728937 598.987644
153.716205 280.697905
142.787380 290.082508
152.901505 294.188903
148.754189 290.076413
153.704266 288.084729
154.767531 294.825205
154.053437 291.359705
142.139306 296.185452
162.911873 292.036854
154.777214 294.588369
154.607327 289.326429
155.777512 295.266216
150.912215 290.298081
153.087600 169.685650
158.350603 169.380212
154.118104 178.916561
152.392843 170.590082
160.199066 165.296517
149.626201 170.293094
154.257479 171.416527
153.625879 171.356631
143.805971 164.438574
151.394281 166.841528
152.954566 163.271498
153.207149 171.790776
162.461562 162.990118
158.881291 86.661601
158.798051 87.130060
153.558001 93.648839
156.048365 91.312395
163.637460 84.380580
161.195667 87.822672
161.156294 87.669646
160.683036 85.300554
167.974632 80.963603
159.833337 86.296646
161.057338 86.606997
158.920857 86.689612
159.047588 86.525554
159.204579 178.627997
159.108799 180.518924
157.673969 176.391941
161.905238 191.105145
160.742109 178.047870
167.865468 173.999030
154.416912 183.098569
153.948685 177.027591
159.790885 182.817275
158.459353 189.155410
155.980870 177.820211
168.738924 171.457717
158.630902 179.970979
156.338933 196.618491
164.566530 192.885075
167.275273 184.835548
165.922904 189.658350
160.584881 188.909980
159.442953 181.756298
156.954032 189.349665
158.319861 189.516721
166.080846 187.515152
154.411604 182.306876
157.360159 197.244540
164.507015 190.281059
158.001495 189.770772
163.792999 205.943145
155.886943 195.325069
160.470236 192.741317
161.554776 198.349741
155.886463 202.788154
158.919259 200.807887
160.796827 200.412211
159.747447 201.080852
155.631977 197.154957
160.520202 200.093939
152.493502 196.437377
159.143767 204.566380
163.610087 198.939234
157.164819 217.783713
152.280989 210.241558
160.375407 219.468098
159.061143 210.064481
168.212700 216.092127
157.492934 212.029012
155.725090 210.789520
148.745852 207.922430
159.609658 209.297936
165.566199 204.094362
164.009880 198.977062
159.304092 209.748501
157.884758 211.166371
160.424159 220.054063
156.238030 211.875491
169.904150 214.579120
164.773793 223.319342
164.033293 220.854615
160.903861 221.181516
164.556201 229.395508
156.887935 223.107654
162.502547 227.892554
152.074441 218.784911
159.304817 218.849567
170.489156 218.814949
167.716916 219.529933
162.804695 229.050505
160.020840 230.243591
166.158843 228.329319
160.753686 217.819107
159.127675 230.941382
158.373439 231.760804
151.287329 229.669729
168.733752 234.566825
151.600883 222.964553
157.086492 230.228709
155.115853 232.177234
161.251677 231.103210
158.628217 235.245650
167.190378 244.051242
151.828093 247.132071
167.270147 240.306445
155.479385 237.841399
155.182750 230.848138
161.531057 245.601769
164.322053 233.025145
147.852368 245.031192
166.126155 247.203493
154.911305 240.126076
159.510529 240.073528
151.074226 241.374517
164.281458 246.727795
159.848718 597.750079
158.614080 599.450777
158.030795 598.167249
166.194123 601.702924
157.648868 599.329275
149.466384 598.888223
154.251021 598.328528
161.666049 598.716904
158.387177 599.272144
165.013559 601.291640
158.961173 599.467836
158.090391 599.362561
156.489081 598.648691
158.911884 302.585514
157.842600 296.757650
160.474704 299.315717
156.689590 295.577097
161.380163 296.204424
161.397872 291.601265
161.874790 297.203437
157.695024 302.322012
154.667208 294.342542
162.278950 293.840111
162.793057 298.443054
160.884850 297.767084
159.739201 295.468429
166.926768 243.966536
173.301981 255.582652
156.524966 254.597148
159.024923 242.834211
153.460209 251.700488
161.727017 256.352187
162.626043 248.768212
157.903280 243.106956
167.886888 245.889034
164.843919 258.532492
166.430709 245.683613
168.882344 246.945653
156.167263 256.167719
159.465155 249.321946
164.983683 253.543964
165.203577 255.497631
162.441495 259.576735
168.077033 257.490715
152.920251 259.712284
164.097718 258.999844
153.148023 253.881989
171.379730 254.832027
166.142561 270.240707
158.894761 257.806591
167.266023 261.191430
161.849436 259.325258
172.679282 80.589851
166.390276 81.216719
166.814115 80.556359
165.473920 80.606796
165.607830 80.840058
164.709503 80.510237
165.087313 80.659336
164.934854 80.602267
163.684015 80.485132
161.934619 84.715983
165.458921 80.800298
163.897947 81.237926
174.729081 80.757118
164.798154 270.703801
155.733674 267.689775
166.951590 269.854847
164.666218 270.943607
155.658251 273.557771
165.538770 270.021371
168.195144 273.352059
162.622098 259.383009
167.170492 272.296800
155.988341 273.505653
164.140733 270.992150
158.500205 266.937587
158.750573 263.542875
167.158945 275.400937
169.098989 284.140192
167.044704 274.058785
172.395072 280.961775
171.446437 285.616718
176.455953 268.769785
169.528664 279.019010
160.618282 284.686166
161.286627 272.152822
168.467204 279.741623
172.136811 283.950154
167.627154 279.876473
168.632641 279.975174
168.245670 286.126445
170.450951 285.386543
165.281920 292.249619
166.634957 287.358072
171.366563 285.632984
174.961828 278.151648
166.514786 279.862495
167.514215 286.696573
172.085781 284.287282
172.936242 276.475232
177.687977 288.354033
171.995196 281.528245
173.141581 281.621738
168.760252 596.714782
163.290645 600.371418
161.841900 598.349364
157.835692 598.168009
172.819848 600.220713
173.937880 599.669315
169.222825 594.308031
163.587272 598.493458
163.005683 600.752462
175.129094 596.929434
173.204907 598.329046
170.597532 597.543943
170.504464 601.057267
175.194785 83.957318
178.617835 80.636612
173.266089 84.794793
179.258685 80.809141
176.545621 80.781072
186.477310 81.245579
175.423631 81.434915
186.040503 84.576210
169.105691 82.120764
173.500830 85.174306
172.731185 82.687803
176.718818 80.721484
174.726511 81.082421
179.067830 599.982742
188.817924 600.029148
189.316854 601.134994
190.972576 600.365863
171.782326 600.478430
175.056019 599.217927
183.536332 599.863473
179.517320 600.593958
179.178984 600.138500
180.999065 600.563109
178.840375 600.087595
171.824539 600.093132
177.023472 596.485465
175.393007 84.120867
183.540483 81.371801
178.751075 82.604804
191.907231 88.310943
188.913959 80.602622
183.777119 81.657554
193.401836 88.027470
191.850213 80.315552
179.171013 81.195633
180.524214 80.996231
185.130542 80.871492
177.545920 80.736328
182.141448 84.055425
181.903542 600.456263
185.106960 600.316680
189.638454 600.550652
191.382737 593.793758
181.739236 599.541814
196.653052 602.485511
194.419179 591.107776
180.423725 598.819313
187.388205 600.750069
190.455481 600.763825
194.724435 602.382755
196.599161 600.997465
191.681523 600.957703
194.367782 87.988403
186.219688 81.086320
185.226327 86.381671
193.856202 87.857352
191.280008 91.837380
196.376285 88.191180
191.698963 84.445778
186.704056 83.559372
193.131657 87.167962
187.546091 85.436225
198.357367 88.657984
201.593361 93.788574
192.139748 87.183046
190.737555 600.558610
196.831369 603.931474
197.561763 599.424525
199.140475 596.938119
203.791357 607.798922
207.769083 600.906484
198.304551 600.247939
201.527293 600.518552
201.575801 602.284229
208.781681 600.079164
194.075049 591.017640
190.622220 598.507810
192.449088 594.307368
206.075618 91.566679
206.159088 90.328946
206.506022 89.748018
198.867783 92.226058
190.026546 90.071357
204.965791 90.662166
197.164015 96.200498
194.481561 91.209368
200.579006 93.654733
207.383534 89.088683
199.150862 99.448131
203.503611 91.364100
202.277906 95.743921
204.713283 101.471441
195.219465 106.569868
203.753426 101.913238
205.786057 104.427423
203.413687 99.726005
202.769958 104.112060
204.138702 101.955035
202.629366 112.585632
193.532337 100.289767
195.166452 106.447556
210.085466 103.976877
205.121342 100.310990
195.606098 105.923494
198.778852 118.042193
213.059530 113.349367
208.915283 105.090962
208.187146 116.485684
211.206136 119.872784
208.567578 104.767320
204.987992 111.878628
204.939144 110.075510
201.845655 111.236380
198.925598 111.378231
199.989863 116.761360
197.593866 108.474329
208.321760 111.074700
203.931810 126.434982
210.596999 118.993138
203.857565 123.848164
212.403691 117.565372
210.142039 121.203238
198.840479 124.411539
199.672313 124.242362
198.439199 116.406846
201.532744 111.381688
216.011054 119.562888
198.998142 126.320816
205.230770 122.270303
204.478246 122.900281
217.419686 132.603057
209.970070 132.376829
196.827478 138.620430
200.729124 129.809259
196.863170 122.179411
207.029951 142.470905
205.040051 122.295311
202.925715 129.621431
200.331079 141.085748
207.427016 135.313454
200.744113 126.182438
206.539533 136.301693
205.303832 140.864635
201.560053 144.443549
206.569209 141.773928
207.534420 142.425396
205.324125 143.171629
201.083399 149.445347
206.929478 142.134122
212.271851 148.085221
200.132491 134.762374
204.623905 140.797375
200.947694 149.774096
205.081901 146.977251
204.826528 140.976335
206.015893 140.322204
204.695855 606.471350
207.922842 601.534118
209.229099 600.496266
209.706935 600.445209
203.372172 608.373364
206.191148 604.875136
200.122783 599.590461
213.675505 600.451115
206.191922 602.616901
204.509436 606.891083
205.032712 599.941187
209.506375 599.941718
210.571063 599.083836
217.861955 159.779993
209.954504 151.974705
204.543455 159.618828
197.678785 146.961786
198.715237 151.156243
210.337080 147.124068
211.843217 155.749830
206.085831 147.732310
214.077395 155.395735
215.067491 150.795509
210.000092 151.965938
212.360065 143.586110
207.511902 141.993345
209.769050 160.363368
210.784820 163.753256
210.546807 160.802263
220.941183 161.586245
213.623972 160.604962
207.067100 157.767126
209.181357 160.238288
210.195002 160.625148
203.366554 151.941507
204.464661 170.751632
217.076510 167.497453
219.604680 158.570514
215.057075 162.589767
214.693105 173.085088
209.005192 179.176714
212.983463 172.369349
218.648628 172.360383
216.638338 173.218569
210.266075 160.598455
209.453935 172.762937
212.072859 177.023954
209.618086 160.037848
210.030553 160.425079
205.100431 169.464479
218.097276 174.144593
209.801439 160.107938
215.545119 173.779591
213.996864 175.707423
206.152292 183.303952
200.432831 183.969010
210.340866 181.619658
210.699398 192.161443
205.971168 182.094892
211.354151 182.615326
210.939673 190.479316
215.244155 184.025579
209.747342 175.711748
216.902259 183.536402
214.630478 178.211196
217.883111 197.500786
208.305540 200.154824
211.224217 184.329447
215.054002 192.836385
216.092037 193.430768
217.948242 187.894340
210.338860 192.940645
214.032314 191.563640
210.862123 192.946128
220.546355 184.067630
219.085749 188.922981
213.939538 191.588947
215.998000 199.255726
214.712126 189.931543
217.602131 204.699910
226.140354 208.572347
219.037124 204.069833
209.179081 195.109125
211.771687 211.279293
224.418350 204.374895
219.817056 209.739849
208.905592 202.073057
218.705957 207.028490
209.113916 203.856493
212.917334 206.463287
215.313919 191.318507
215.991517 221.116078
210.419564 216.606433
221.457200 205.896740
215.709339 202.991226
216.797508 211.772934
225.978908 214.615222
219.145322 220.072116
221.075660 207.000569
220.569809 221.126020
212.074928 217.780280
219.103769 212.723026
225.592291 219.551887
208.283160 209.111892
216.386899 601.195655
219.305554 600.475287
218.728922 600.457755
215.285632 600.030092
219.126853 600.446958
207.122795 600.961594
222.242112 601.966894
227.224931 601.061834
222.930627 600.877877
217.197599 600.228353
216.920966 600.216059
218.476933 600.419489
217.364807 600.409094
209.481663 221.432698
219.017024 229.005278
217.756588 220.537880
219.459716 220.406591
227.705977 221.614271
222.816033 218.874466
216.983621 218.139951
210.817817 226.762542
220.716437 222.175904
212.911978 216.922491
217.983019 219.597778
221.288365 221.006818
224.550326 228.773301
222.087104 235.364557
221.219864 238.355052
218.313830 231.339047
216.395389 228.078933
222.703491 227.192452
221.744320 228.147075
225.090561 224.044243
218.283729 235.691816
225.451630 235.519965
223.274245 233.686058
220.742335 224.726372
230.313550 236.877686
218.612909 233.753388
222.561010 237.769270
229.620164 234.683286
225.795892 242.600210
229.605483 232.023314
223.455866 234.111908
216.992751 247.522466
218.013622 237.337861
225.930101 247.143815
220.147443 235.709096
225.079737 233.858726
226.456884 241.486269
229.325448 243.496160
233.536504 232.609834
223.675275 250.934849
223.325502 249.890413
223.267487 249.709019
223.774851 249.448477
220.704920 247.796280
229.828157 243.012799
227.168326 246.229401
222.912207 249.656303
229.515892 244.138469
219.121705 244.925740
226.469659 243.752605
223.468978 249.090346
225.254524 245.944258
219.981248 600.922335
235.869513 602.492089
235.240027 600.995351
228.712560 600.916800
227.554283 600.937793
228.592911 600.922529
229.654591 601.027145
223.604955 601.206711
232.104089 601.791117
227.650266 600.777770
227.743395 600.846802
228.402352 600.809330
217.633547 600.138996
229.577756 79.824374
235.158219 75.712234
236.294447 74.678820
231.214811 75.968134
242.984528 62.754353
232.907030 78.536500
234.538122 73.572239
233.413407 74.300106
236.729816 67.177726
240.774571 61.555710
235.696331 69.272910
229.315408 76.455727
237.135000 72.940825
237.868987 86.839575
238.160324 88.766243
242.667185 83.247670
233.952184 85.524386
227.365729 75.381859
234.709920 80.384232
243.436252 73.535688
233.511226 85.820085
239.075059 78.907427
231.447719 79.724670
232.071846 79.190346
227.980454 93.542900
242.557212 76.162999
237.531477 87.949373
237.973414 87.955494
235.616311 98.356476
231.783032 92.419586
236.303949 91.363501
234.888689 93.689717
239.527606 99.269340
233.970074 93.125836
233.728135 83.898486
236.587908 94.310164
235.527756 97.350149
231.241205 94.756019
240.551660 91.830570
243.468988 107.960211
240.508464 99.986948
233.029575 102.749990
234.213986 100.401929
230.280819 101.566101
236.405780 102.824763
238.360766 94.602663
239.837134 106.993721
233.250249 100.410107
235.022216 101.440658
229.515246 104.910692
234.127369 100.714470
229.952085 100.199434
241.052969 115.888057
245.226608 106.241367
238.927418 104.309046
232.962578 115.466630
231.059773 119.088831
234.183667 123.627020
222.947006 115.466920
234.681437 119.886875
242.728971 107.297068
238.347992 101.978169
240.300697 112.167610
238.335936 103.993769
238.126030 114.054493
241.330654 116.004414
233.816957 123.927813
234.093293 123.441657
236.759467 124.452590
231.998775 134.378424
230.063588 121.175510
230.363544 127.037013
233.233712 107.168909
237.748968 111.932235
230.068264 118.293590
226.038643 121.765824
240.442014 128.748149
234.077957 125.542457
232.633334 134.426157
241.601636 128.293955
235.366461 130.173058
234.706169 130.471356
232.401102 136.678789
231.451002 143.194471
232.709939 134.127046
234.530703 133.645260
235.561108 133.351639
237.790032 134.025395
240.149256 139.437685
223.164928 134.512699
230.818978 129.786292
238.066274 144.526296
222.975963 141.084556
237.970065 146.279693
227.483711 151.861577
233.022551 132.940986
237.777733 140.600877
236.052267 145.311667
232.343907 147.186955
237.076355 142.182478
236.597155 145.069995
231.577189 143.219338
238.965839 138.232327
232.262330 154.296983
233.727499 157.205757
236.330196 149.550956
233.578683 161.196283
230.230781 157.466879
237.017827 144.455528
233.510545 154.257358
236.460043 159.303865
234.582777 153.317263
221.953545 153.333264
238.778274 158.338821
241.202228 156.247758
235.386697 155.102322
234.725658 164.560052
244.002743 157.647234
238.519908 173.960721
227.365138 171.988416
233.282885 171.275372
234.571949 165.298444
233.996705 164.769427
238.421979 172.737596
233.763181 162.852909
229.826778 163.785456
235.484348 174.454488
232.342923 163.218064
233.849200 162.928955
236.042771 164.132852
241.286992 180.635793
231.859903 172.523746
241.998567 174.221955
235.106088 174.029376
239.968587 175.479609
233.288984 171.882282
235.761220 173.282740
234.436120 170.627282
240.025529 175.790255
238.365611 168.871981
223.923627 171.035322
238.549937 163.440729
232.808242 168.907747
237.739732 184.481758
227.530852 171.746413
234.761751 182.454076
240.760371 183.215051
243.822632 180.070709
237.896195 186.543107
239.948771 187.685874
230.804078 188.002698
231.416739 190.727789
231.708303 189.749081
228.409722 177.065937
234.969622 182.615602
236.039407 192.296252
233.038173 192.877291
234.523946 203.617884
243.302358 189.457763
234.453228 191.307885
238.660611 188.731568
233.827512 191.323412
234.444981 191.512326
231.206747 179.181572
232.144547 188.949324
226.083656 187.389444
237.302405 194.774809
226.314840 196.300534
233.268061 204.313495
228.480042 210.029728
223.325566 207.804370
231.159590 208.251862
233.787387 199.854852
232.825599 204.337260
231.279473 207.443878
231.994640 212.783396
233.793727 205.232219
223.980325 208.447685
236.628271 212.317010
240.069686 190.112795
230.671831 211.301821
234.701022 197.645435
234.489258 211.907653
233.414285 210.263867
230.841268 218.131978
234.915973 205.668979
237.420666 224.079503
230.711127 209.700570
232.385060 211.960358
229.797422 208.387615
228.287635 213.780710
231.405899 219.229629
245.603040 213.246516
229.370225 216.020740
226.449877 212.079473
234.981606 226.812906
231.942098 222.728930
240.257154 229.279119
234.360233 223.110499
235.339630 213.010535
237.219221 212.135740
233.176780 221.537857
236.816556 228.135729
232.289993 222.971301
235.371817 223.083093
230.837854 226.381188
232.668864 217.180517
238.557408 215.544439
233.123912 223.990384
233.296552 231.184136
233.838640 231.921073
233.666339 232.006700
230.196278 226.393035
233.961584 231.989748
235.499255 235.915055
229.139630 231.877675
233.276051 235.034744
236.600219 228.711098
234.787187 222.788703
242.531997 230.624018
232.974829 229.306481
230.881227 245.719161
229.787889 244.845362
231.010550 244.826026
231.754245 244.998410
232.033744 244.543158
222.978147 248.402569
231.874345 244.853794
245.343832 240.467863
231.573080 245.134790
232.058184 244.038636
228.182753 244.713583
232.985091 240.883850
228.184399 246.272899
240.272187 59.317152
236.199135 65.073254
242.961071 60.709960
238.709110 59.716914
243.104113 59.113155
240.901383 59.217901
245.565106 55.099747
234.707900 60.917652
240.061611 60.850298
240.204972 62.699802
241.227860 58.701998
240.261013 64.398090
235.882568 68.823525
235.773578 602.516241
243.201239 601.577745
238.666890 602.144108
242.919426 601.668647
235.472139 601.800933
250.399364 599.914340
237.408475 601.110847
234.344580 601.091361
242.982908 600.296030
246.207082 600.124853
238.821892 601.434755
240.638142 601.162686
242.636670 601.690616
242.919430 56.993158
247.326721 52.800647
251.561544 49.491256
247.132463 53.404115
248.529130 52.396290
249.221155 52.035558
257.331332 49.079308
247.465616 52.688832
248.785763 51.621793
257.486350 46.810756
257.245118 50.825698
251.640207 50.029493
248.649454 51.710533
249.341747 600.177991
258.092924 598.517337
249.990201 600.112625
242.619782 601.548084
256.697860 599.049982
248.564037 600.515297
245.254266 600.960537
239.552547 602.098247
253.256409 600.525106
242.399512 600.715677
244.705289 600.668893
251.796190 599.912355
238.769902 602.047572
258.366767 50.422562
251.427692 51.051948
254.683924 51.824018
250.228899 51.149370
258.327899 43.738411
264.958099 51.130822
250.832189 52.210820
249.923271 53.677210
247.481932 52.740249
259.354179 42.028797
258.967059 43.221798
256.536714 50.667439
255.191082 51.123418
270.191158 600.508775
267.156638 599.951933
265.199550 599.724250
253.509455 600.208662
263.141607 598.832743
269.416368 600.368839
264.259045 599.588107
257.347898 598.594688
266.019965 599.789221
258.142533 598.842031
267.375871 599.574828
259.544242 598.779591
258.883808 599.548881
272.536842 52.907255
263.722589 48.344775
267.099052 49.704002
274.272913 48.034806
262.410006 47.507756
264.352034 48.102749
263.901728 51.176607
262.903178 50.933779
274.804547 48.373324
263.595668 49.477611
266.153249 47.802554
263.325688 50.328097
262.522398 50.910716
273.699096 601.267920
265.465692 599.805804
276.608900 601.237865
263.291465 598.921045
273.893222 600.630176
270.065039 600.359192
272.544816 600.480839
273.119359 600.039886
268.625172 600.230273
267.402836 599.928300
277.312512 600.718708
267.039272 599.075251
270.900184 600.529572
278.623318 51.079015
280.506608 53.214662
283.688346 56.298798
264.968985 49.759660
267.744532 48.309250
282.488590 55.017554
276.149340 47.138986
281.639682 54.442182
278.214452 52.620424
283.789451 56.805124
275.561159 47.089829
266.495403 48.958785
278.950954 52.208093
285.426113 598.767162
273.851559 600.889322
286.337935 599.100382
274.331329 601.033769
283.144408 599.353826
276.070919 600.923304
289.880892 598.119059
279.650529 599.946878
281.021101 599.661177
277.836311 600.429877
282.482351 599.805174
277.147067 600.190055
276.849232 601.277108
282.996870 58.980751
276.153239 48.378287
277.377839 58.376704
283.903058 56.750925
278.423704 52.887078
282.137984 57.474669
286.821635 62.138095
284.010512 56.861372
288.479463 62.888032
290.149811 65.621874
285.151056 57.229164
278.948453 54.918834
284.344912 57.859241
286.947647 597.813214
297.935956 596.481909
298.125519 596.424475
298.087997 595.658347
289.947081 598.494450
281.033805 599.508669
295.787333 597.562424
286.803444 599.144263
286.680269 599.262168
286.348455 598.471768
289.410749 598.589284
300.005312 597.251889
289.333012 598.602565
290.754102 66.228168
292.498120 68.925029
285.295873 58.359590
294.433400 73.115619
291.650300 67.695353
296.218215 73.683405
290.601321 66.077027
290.802335 66.347556
287.093797 61.655421
288.942273 64.186033
290.121151 65.554193
288.511519 63.561942
288.646489 63.855531
288.238801 154.427710
301.157155 148.777582
289.400555 149.690536
282.922780 149.999353
291.127980 148.606421
284.311605 147.990326
292.724119 147.540922
281.151377 155.697290
291.725034 148.475308
285.831949 149.656453
293.399309 161.520469
290.056392 148.800959
296.375412 142.963700
291.721612 159.621026
289.310571 156.692154
284.265317 155.963066
284.966106 164.292720
288.926594 153.113558
286.781196 152.935499
298.389650 158.115124
297.099585 159.776176
294.354004 163.646845
297.981965 160.937691
292.670388 165.986933
289.380792 156.608870
278.354925 158.452535
293.608043 73.824392
295.173474 74.357994
291.870270 67.634435
291.781878 67.339428
297.063566 78.112088
298.830508 81.165999
293.369050 70.756777
296.153083 75.374558
294.684526 74.052992
294.526834 72.844910
291.813799 67.462743
296.931710 80.770750
294.413235 74.326154
299.045382 89.131175
294.649575 75.198367
290.080916 84.338341
302.424554 91.753779
291.570685 77.985017
296.641665 75.146866
303.366595 80.655656
295.782665 80.257964
293.612753 76.079868
299.188100 94.559044
288.076876 86.255731
295.050313 83.386707
299.160442 79.150742
295.210503 94.922737
300.904124 93.287062
294.917242 94.074946
295.534347 102.461858
304.010010 91.413484
295.497614 89.693482
290.329030 104.504639
291.363054 85.196832
295.090382 92.924274
293.357242 94.055985
288.248229 94.334337
299.556370 102.325657
297.482448 90.337365
295.176977 102.983259
296.236136 102.220988
305.786891 108.859319
296.137373 113.387706
292.524155 114.045618
292.358986 101.356805
297.343952 99.751789
293.165994 97.187201
298.705954 92.401339
302.333863 108.092090
307.076428 105.526769
290.536378 92.914011
299.212627 97.433128
296.297896 107.124542
303.006214 110.313568
289.065878 115.601601
298.697991 112.869343
295.577827 113.341876
305.293316 111.289299
295.629331 115.051030
295.544740 113.371765
291.245578 122.112130
301.093349 109.991223
292.388681 112.832929
288.049929 112.901857
295.626670 112.828384
289.862116 120.886862
297.741012 128.582826
305.865684 119.154211
296.201160 134.055102
294.661377 126.641321
285.245002 120.696958
291.380979 122.837023
296.409141 127.272609
306.061030 128.367189
294.511671 123.676935
298.540364 118.196813
295.925478 120.133075
291.400690 123.084228
296.367278 132.779485
296.022203 133.550117
294.739976 130.740805
296.918246 130.829277
292.397461 143.419802
300.642953 134.128250
303.784616 139.659162
293.936244 144.613717
297.622227 134.678122
302.339828 123.921244
295.429099 132.086154
298.277486 137.941746
296.016915 138.477976
295.332862 172.292922
306.821287 164.999609
301.642053 166.221759
301.859861 168.458796
301.481969 175.411561
296.672875 162.365618
294.650425 174.223706
297.610455 168.471482
295.004605 170.305153
294.805268 167.204445
298.482257 167.631093
290.887968 160.889234
298.283484 176.999714
290.767411 184.546592
306.319665 175.487010
295.050146 176.216218
290.037365 177.627721
291.233024 177.207779
287.732327 187.854517
295.065041 179.041530
290.172020 186.564909
297.578514 181.840656
298.455237 186.892721
301.393153 176.990302
292.634127 174.341979
295.559191 184.289240
292.199206 193.792255
303.885808 181.394761
300.024757 188.714315
300.443508 196.196094
299.567380 195.877636
301.849357 196.080926
293.743891 186.913856
290.207819 187.541486
289.037720 187.480366
292.441638 195.602655
296.307777 180.800894
302.611353 192.570796
297.515249 188.579742
300.739009 195.266610
295.585883 188.920342
294.561518 198.851749
291.159656 200.758398
306.017535 203.782750
294.079423 208.681452
297.317299 199.345720
282.506153 198.588054
291.646134 203.701255
290.055891 191.803135
295.495445 200.153657
283.832974 198.593340
299.511922 197.643162
292.680980 210.258970
286.833435 201.566547
303.736444 207.107619
287.588300 203.370028
294.966088 208.106347
291.082142 205.687729
294.186240 208.641454
294.463483 208.456763
294.677148 208.598207
301.587837 217.010043
298.446513 202.275344
301.232007 214.172096
304.916211 208.649562
293.504452 215.355760
292.528489 210.734544
293.763449 220.593767
300.981060 208.266486
292.630556 222.180407
295.194230 219.068652
298.444928 218.140629
293.963272 222.186742
291.761205 214.662741
296.413588 218.622124
291.329746 227.435435
294.800155 218.947522
294.935491 219.098088
294.608850 238.861975
292.590770 233.855617
295.954793 218.411435
299.802107 229.129501
294.046935 225.590919
305.165833 229.990798
300.268606 223.515251
294.238263 226.400131
294.472063 220.947224
298.083581 241.213281
295.808475 239.591180
296.633406 228.998308
297.144270 226.380050
293.577553 239.500646
295.557438 246.354998
291.777261 244.780566
304.488755 233.698639
304.035944 238.576508
294.348943 239.906917
292.437607 245.503394
305.771445 240.735701
296.536041 243.579420
292.278971 245.070387
295.763392 242.173879
291.727756 244.646509
299.409728 240.933131
292.445549 241.071910
296.973578 248.604257
294.133275 245.695397
293.366626 249.094157
296.587208 243.157705
299.577337 250.122129
295.984907 247.746263
293.465147 242.518936
302.720109 248.867358
296.048782 247.770376
291.934241 244.706125
292.548491 245.750576
299.846485 244.568062
303.794640 257.905344
305.498669 253.461161
296.043555 257.187020
303.337468 259.106760
299.364917 257.585753
297.294238 262.675386
300.748747 253.204130
296.812237 254.676115
296.336726 259.678013
295.889682 248.916368
294.946335 261.988912
293.672617 250.895281
293.425691 247.556192
295.320547 597.886311
304.093996 593.499210
299.324897 596.610029
303.973376 592.792255
309.836211 597.247803
299.718474 597.653743
289.097444 598.851348
306.778949 591.845429
301.077222 595.673348
308.685461 597.050873
303.242588 595.270107
294.980747 597.166646
298.762003 596.546450
298.994425 256.052968
295.760459 263.499787
302.956093 260.888251
309.020946 263.034858
309.377228 267.109941
305.439988 261.317214
302.308276 257.020828
309.170538 259.418494
315.016900 264.213861
308.764096 258.336623
312.061843 257.636943
296.337517 261.426990
304.571531 259.427274
308.414457 237.275885
306.391041 245.301189
307.270109 244.053761
298.758396 242.436026
308.470018 237.040859
306.173850 238.593595
307.345395 236.408611
302.884865 243.653623
306.797187 239.912634
298.632952 241.417170
306.709538 230.994771
310.897283 233.211526
297.422284 236.270114
308.394158 244.168552
314.367541 241.848877
318.093343 243.878036
310.484451 245.523046
312.897902 244.820653
303.256691 246.606665
309.957661 256.424081
304.776245 244.958406
308.075559 242.508907
305.640805 243.889963
312.970210 245.189947
299.820780 252.643080
312.947313 249.084130
310.912950 597.062371
306.354185 597.294891
309.065678 592.285323
303.473473 597.098872
303.375967 594.918546
313.366538 587.371574
308.976187 596.934418
306.391143 596.465731
310.485803 596.637332
309.376806 595.382569
309.294177 595.979254
310.234230 597.155247
313.049566 597.688320
311.560201 578.946581
308.479675 587.326642
308.049761 594.897324
311.178520 579.339907
311.810693 583.364066
311.457850 583.249505
302.446964 593.440874
303.032279 592.126306
313.808423 582.752636
311.210193 584.416531
316.021353 577.077762
310.658826 586.126131
315.115335 575.572168
313.401110 212.044816
325.893849 212.227506
320.394919 223.762817
307.537458 220.893276
313.868300 216.345999
319.068686 208.572555
308.652571 212.324979
314.334517 216.267672
313.287361 221.090333
315.983093 207.007580
301.867690 216.670178
307.832246 218.137678
314.956673 214.636577
308.420608 229.396406
318.745969 236.498213
310.637424 222.685762
311.597967 224.397799
313.880636 226.861295
322.591509 225.860817
314.892895 234.498525
317.949933 225.585834
320.573461 221.768552
306.798304 228.444658
303.693143 228.313416
316.626783 231.695273
315.017649 230.642838
314.218478 577.786897
313.007189 577.354053
309.158787 582.061662
314.270588 577.442589
315.163517 580.401722
313.061543 577.703231
316.576201 575.092084
312.637858 576.151369
319.247339 577.784039
316.161882 574.785349
315.480759 575.831096
314.142602 575.755027
317.788886 575.437815
324.500405 185.202291
320.966812 192.952215
313.005651 205.166918
325.601664 205.147945
319.846224 197.336759
330.559034 195.129341
316.772387 198.970639
310.274528 195.957594
317.607619 206.520389
317.017294 204.002800
322.109466 206.651942
322.990765 202.603112
319.307017 198.641229
319.418529 206.210874
311.493228 213.232178
317.711438 212.340956
309.619864 208.788396
322.322863 205.818454
326.132347 204.736936
317.598660 200.846335
311.391764 209.937732
325.731961 211.413596
324.731621 200.671098
324.864428 202.773647
318.482689 201.510110
322.952229 200.316359
320.339371 570.215835
320.686312 569.753261
316.470854 573.853911
322.986259 567.794962
322.239623 568.780646
322.106638 570.227213
320.705092 570.144267
324.116671 566.702529
326.125972 564.939520
326.970410 564.827557
318.632658 572.604505
322.815585 567.957729
325.728793 565.076052
328.526846 105.957765
325.001883 114.575671
327.505856 110.795054
318.070187 108.244276
321.469268 110.958233
327.394794 109.388842
325.066578 122.229453
323.102910 118.493533
320.290526 112.733269
324.601398 122.434677
329.502415 109.717095
323.989437 111.792265
326.121077 108.405153
320.653147 122.669387
321.570581 117.743549
321.103699 122.839357
325.568827 124.547586
322.864047 120.165734
329.682296 121.316597
325.154812 122.736733
324.321850 120.696624
330.029085 111.761590
324.301336 121.614466
316.548815 122.352350
326.034375 120.066611
320.706805 122.245396
328.048755 127.313354
321.538030 120.971692
323.064262 130.952256
320.219876 137.374923
331.107714 128.652405
321.215290 133.564463
323.519998 131.092602
321.266638 133.857758
316.807771 123.950799
327.096155 127.838047
315.211130 124.207459
326.256397 121.732825
324.309937 124.327104
326.436557 139.516667
327.105527 152.831646
315.814779 137.581441
328.894660 141.539143
315.770025 141.436121
324.419507 141.890849
323.336813 151.464816
325.668809 141.914092
317.856239 131.379577
332.296010 140.312231
313.963133 148.101560
329.112573 137.923811
330.901123 144.316823
323.225017 160.924633
328.712075 158.510011
330.285196 156.883837
324.224917 153.637605
321.340933 155.105120
320.706230 155.003366
327.070861 153.122212
322.464512 145.060945
324.199506 151.946352
325.055733 145.588660
328.316489 155.159786
327.346788 150.315761
319.950228 147.730908
319.094615 163.375320
313.415448 159.192364
329.823686 158.580559
324.455581 162.218536
315.766774 160.866635
322.162493 162.256998
322.198406 174.257589
324.488773 162.291528
324.200473 153.883294
322.913875 157.152097
326.061406 152.630957
327.764056 165.272338
330.069090 162.298612
323.117090 172.748251
315.539394 166.704899
330.171769 176.277819
317.879182 161.652250
321.445639 170.976822
323.142461 180.031525
325.502842 162.061447
316.249917 162.181516
315.391621 175.862336
325.661652 164.874266
324.676747 174.106615
323.815537 171.021701
327.066032 167.802019
322.925487 180.226876
324.644059 179.868106
326.518545 178.694290
330.593854 182.338121
323.560513 179.018194
326.063317 180.210205
320.230654 186.191475
324.229930 179.733782
323.588587 193.024667
313.407424 181.980630
326.305434 181.943232
317.794910 179.740453
322.790362 181.295680
326.720002 89.706799
328.801079 98.796590
334.108265 98.520339
326.008880 102.351688
323.544739 105.102628
335.461578 93.605830
324.824396 103.907672
329.397868 96.783108
328.306118 98.993494
328.234409 100.102990
328.296139 91.539646
327.525201 96.622083
334.718619 98.459209
330.443581 561.189669
334.077546 560.122442
334.044862 560.493924
330.651950 561.062917
332.968057 560.574950
328.955410 562.323651
335.940677 557.648423
336.365638 559.390960
331.484534 561.021420
336.082548 557.058825
328.281249 562.811435
326.057883 564.808783
329.300575 562.036775
328.325063 91.364801
334.044704 85.865859
332.279522 91.922061
347.343034 93.869800
347.557152 88.091137
337.267131 90.514766
338.570077 91.826289
340.207229 90.300315
325.754104 89.839183
334.712125 91.569800
345.513785 87.386726
340.863097 87.798597
336.326505 89.462007
342.278424 554.303968
345.528527 557.808348
339.634692 555.312023
340.817579 555.381443
340.039356 554.666874
335.519428 557.479031
339.035126 557.230207
334.839642 558.145156
335.093777 558.586132
345.308437 552.550854
350.489149 553.082193
338.984077 559.269912
345.129934 552.013845
347.926767 86.993791
347.240345 88.911821
347.976343 86.870636
341.712620 91.859953
342.867157 86.433847
347.355199 86.580643
354.662660 85.598525
335.975882 84.513579
345.883086 93.900769
342.147410 90.659448
346.902907 87.054611
339.896265 91.519029
350.894614 89.621306
340.213110 559.177767
349.093186 554.709457
349.603459 554.376344
345.311159 552.049439
348.704949 554.939265
340.307874 560.515176
342.257924 561.649512
349.515315 554.488268
353.385433 551.235912
348.135060 552.251334
348.660069 554.771306
343.871458 560.298226
351.534085 553.199202
354.735448 85.605396
347.237615 87.659828
353.631490 87.158034
355.741005 87.273741
363.191496 90.396889
353.439568 85.731168
360.069535 89.381681
361.941512 89.936808
354.641136 85.587137
357.588068 89.484491
354.795147 85.995266
352.866784 85.695248
352.778248 85.604967
356.056684 549.367500
355.802664 549.221329
358.556938 546.646761
356.668075 549.115532
352.015491 552.541822
357.657226 547.486165
355.965947 549.547792
354.703792 550.459103
357.385019 548.174429
356.675453 549.063339
352.739338 552.141882
357.540266 547.695573
357.341077 548.116870
369.909733 326.892929
362.279891 341.012429
360.405787 325.451091
362.137722 341.415137
367.467869 340.697559
357.525662 331.652897
365.489710 327.743716
361.673313 326.530785
365.513314 338.478898
361.526349 326.587294
364.959810 331.844675
353.969697 334.885356
360.116422 330.047865
355.860526 341.791950
356.940966 339.924943
358.356247 343.745796
356.653034 339.476132
352.219033 335.808458
359.432117 338.752024
361.646119 341.031728
358.641652 341.829865
363.737488 341.009513
363.694665 340.406344
358.493270 342.384656
360.556697 340.596354
355.820163 333.968727
364.234635 344.210389
362.815015 354.059637
365.148135 359.423155
358.675288 346.172899
365.448805 347.551889
356.194847 339.871187
357.565377 340.073764
357.376756 349.576923
359.515507 345.303256
358.055640 342.346672
361.449658 349.227563
356.538732 338.679947
356.059783 344.867220
367.022759 93.131501
362.782958 91.022106
365.541253 91.626792
362.713957 90.291876
354.332640 85.669278
365.725897 92.224331
365.137870 90.963461
362.922276 90.844433
364.851774 90.981899
366.890086 93.082450
357.664986 92.573186
357.727066 89.759873
370.854923 99.849544
365.724047 254.877988
364.997221 255.564215
360.780836 260.057203
365.395992 266.348536
365.472584 251.847376
363.324389 255.632346
367.321170 248.426012
372.199946 259.606424
365.528312 252.554416
369.099080 264.199666
359.554772 259.426178
373.966256 248.547070
372.883610 259.544661
369.480443 254.826878
360.512753 258.306512
371.687173 260.102422
362.392940 268.508468
370.366065 268.997459
364.917700 268.457459
365.638482 264.507501
368.979308 261.350145
364.530548 265.119369
368.878291 272.244263
357.437300 260.215918
370.107664 264.050891
367.083933 270.723766
355.391691 268.852304
371.343493 266.177521
362.973926 266.605029
367.503738 271.229991
357.754440 276.275542
371.699894 284.418030
359.135315 263.161642
357.946681 267.922252
356.609386 269.695545
365.631102 272.915832
371.152251 267.299674
366.968095 271.325739
370.791084 274.315962
356.146551 281.129003
370.831803 290.515420
363.954598 282.421695
365.098018 284.708323
357.788408 278.331316
370.953686 281.235791
366.076331 285.671116
364.274602 284.797206
372.240176 289.015927
364.972093 284.695590
364.636353 292.164601
373.188698 291.391681
360.217505 277.006959
370.598423 293.680720
368.152447 293.642120
362.868666 304.904621
358.932190 298.391443
371.745329 290.559616
371.724481 288.819534
363.745869 297.115216
364.606017 294.142424
365.818109 292.404784
363.728134 301.283684
362.410170 295.025556
356.803040 293.906733
375.252787 297.163920
362.712078 306.085618
364.580849 309.449863
357.407893 299.259787
364.359992 304.788731
364.133521 299.388441
367.033574 304.796934
363.824367 304.472362
357.404655 295.931908
365.366245 305.488776
364.954263 313.874210
355.975712 304.406746
375.419733 307.822034
369.074949 299.047001
363.145671 320.777558
361.476688 318.574959
368.084474 317.415144
373.062387 307.112913
365.468722 315.821472
363.663045 318.259902
367.588515 323.895677
359.444731 320.453222
362.965590 309.175323
367.940922 319.224830
360.206085 303.461728
371.709156 323.377401
369.842040 309.789277
368.317477 357.482786
365.325608 358.679797
361.275770 354.671972
358.777780 348.759174
368.378188 360.712448
364.849237 359.186022
370.462209 363.632661
362.643342 355.715394
370.227304 364.166469
362.563684 359.705520
354.243390 352.713382
370.426352 367.913456
369.625186 352.130300
363.370622 376.937479
365.097545 368.257587
373.479824 374.892301
370.448682 374.898648
375.785464 373.430067
356.097457 370.648792
363.733650 378.392632
362.242236 372.886855
370.613096 378.074624
359.006635 379.739132
371.736523 368.552728
364.321547 367.998174
364.240783 368.112001
365.867141 537.979834
362.201045 540.328747
366.142472 538.589513
366.745158 538.297403
366.221406 537.037121
363.837170 539.733838
362.429010 541.835896
364.718116 538.637604
363.107761 540.452942
361.594068 541.414238
365.803109 538.599777
357.594575 545.323351
364.379912 539.348242
364.377446 239.640785
368.506253 235.474325
375.225868 226.509809
369.942276 235.447921
374.039394 241.505896
373.627999 242.962564
372.992660 229.323388
369.210762 232.583175
366.978637 242.302044
365.799761 238.021018
380.133252 234.248136
367.006635 238.401267
367.353008 230.685277
365.984467 247.111537
370.035089 250.222176
377.069076 239.449471
369.873520 245.283018
370.442757 245.731254
369.891935 245.280181
378.021175 242.466856
380.134083 245.311807
368.966712 245.170363
371.826970 250.481650
372.457379 243.464813
377.088588 242.249806
372.702009 252.868869
368.802548 102.666358
373.822358 101.819316
364.937735 90.784177
369.203592 98.426877
372.865266 101.514956
368.360643 95.234671
368.369290 93.765630
369.223439 96.953698
368.169057 94.647703
369.136435 96.945666
372.804421 101.074553
362.241758 92.042996
373.231442 102.630999
372.861945 532.052856
374.514098 530.687313
372.551790 532.272547
378.732338 527.237648
379.724893 525.908460
374.676570 528.961082
373.114936 531.077545
372.167790 532.861625
369.895661 533.904747
363.823622 539.147553
375.369914 529.650201
377.147855 528.853285
378.918303 526.431938
371.680747 172.373178
370.521183 172.959237
368.520927 179.359946
375.320191 179.761763
374.963981 179.375860
372.806990 169.681397
379.308412 176.657980
376.530973 180.165060
374.848844 179.978737
375.655572 179.494900
374.948255 167.737700
372.861200 178.674265
373.078419 186.892029
374.252354 193.592696
378.668054 196.659403
371.060231 196.932927
375.035169 183.488655
380.552604 184.961698
373.485513 196.785760
372.275838 181.291686
382.379736 191.302951
375.171673 177.579491
374.433229 189.763258
368.697934 186.651908
382.225986 190.573645
382.107846 192.967646
382.518639 198.965983
380.729624 199.477453
376.158824 200.042940
372.427633 206.134810
377.107710 208.282973
377.980511 199.353884
375.855580 201.413054
372.445831 198.207227
374.365400 202.009170
377.243558 206.849041
372.166365 189.531083
371.301769 202.511906
367.789418 208.689034
369.300769 205.723295
381.532671 199.418752
374.915626 209.999358
379.640254 202.403078
374.932999 209.681742
364.599371 209.530792
374.399443 201.831770
375.710550 210.113481
378.818201 209.600987
371.171401 207.872706
369.844072 210.678424
375.025197 209.829565
375.584087 211.819023
373.553887 215.343665
377.111464 229.040162
374.681569 220.402746
381.734501 221.711763
379.763400 223.422630
370.645316 211.349750
375.425314 221.190220
374.143030 222.350704
375.616538 220.612685
373.629116 216.531471
384.570435 215.190681
379.868832 214.421151
374.377228 216.547516
377.235536 374.498727
370.637826 365.338879
373.355169 371.723691
375.913764 381.407951
368.844720 363.364081
383.311927 377.574238
372.955344 374.042144
368.544605 370.527668
375.676279 373.635751
365.349948 365.484727
372.676820 369.896495
375.929917 376.944050
374.742237 372.809137
369.351447 111.866919
373.556887 105.837184
373.861982 102.730053
375.908415 112.259858
376.946885 106.955632
381.209897 109.481103
377.507747 107.239547
374.002060 103.744134
383.904715 111.619465
384.125982 111.513493
369.417350 100.344858
369.621016 114.037794
372.640422 100.188513
371.979161 380.483007
379.054930 378.604559
378.718297 382.850604
371.369447 374.725214
384.592996 385.656549
372.252089 379.750736
379.179971 380.894870
380.622057 381.187118
381.343909 386.566178
382.476694 375.124826
383.447592 384.238293
377.550679 384.317233
378.947421 381.688457
377.709216 114.881759
381.217323 115.748673
385.525257 115.721925
376.949962 115.290840
377.456344 118.780319
376.093870 108.065745
385.254817 116.290059
384.622905 112.501759
374.568101 111.648754
381.105027 123.533886
385.147554 114.336212
383.519428 114.223787
375.210914 106.149086
379.085310 125.327863
376.117169 120.355191
382.338235 135.907821
386.188620 130.028633
379.815162 125.757239
385.267064 115.938212
388.311994 135.181945
379.312040 131.053580
379.736850 117.540078
382.470365 124.537669
378.269584 119.486325
377.538357 126.804044
380.929947 130.652527
379.241743 132.160703
376.301153 130.800671
373.973238 135.550044
378.638279 143.641724
382.176871 129.997826
381.020445 141.889684
380.535353 129.322485
377.663952 143.022156
376.613166 135.283966
387.563924 137.669384
382.820824 131.487072
376.321302 130.515443
386.515615 133.438956
382.736125 144.799238
388.068057 139.308327
383.491758 148.675816
369.757582 148.134924
382.615145 142.684910
386.718158 147.123331
380.160485 150.016539
371.706899 147.566614
376.604451 142.831886
384.337566 146.656987
379.495032 146.277623
381.393578 144.940160
381.737168 143.491338
386.990664 162.874154
376.022108 162.317741
375.728466 164.670276
376.097329 160.107803
368.428581 159.933503
376.039106 159.541429
380.149537 154.941317
379.983782 143.460142
378.425840 151.445968
380.041605 154.849020
382.894352 147.945988
383.125335 153.014894
381.308511 162.629173
381.241884 159.775311
379.780029 165.795423
371.843223 171.115567
380.509968 166.102184
382.831230 166.148603
386.454703 162.418230
381.975900 167.773247
375.242095 165.359967
379.866439 152.740516
382.006236 152.226886
379.845193 165.110395
384.018615 167.943434
373.016082 165.250528
376.383649 529.585390
378.692530 526.547604
380.263852 525.424505
371.696652 532.412225
374.817623 529.809932
371.831471 532.164113
370.958460 532.928177
380.253837 525.466306
380.731947 524.964231
377.139843 528.099368
379.881832 525.899611
377.664068 528.128999
380.237833 525.462709
394.730501 391.837403
383.605807 387.446101
387.652152 387.576703
385.110954 386.300774
376.939587 382.491389
384.160602 387.291700
382.102630 386.634180
383.010793 387.394176
391.201939 386.043269
389.975288 387.618604
378.489144 388.877568
388.771758 386.790861
388.168787 386.999830
381.602437 524.167099
390.013021 513.372276
391.106023 511.261342
390.107229 511.028623
387.186201 515.556069
386.319416 518.188547
382.692213 523.015612
391.784304 511.111106
384.566026 520.827070
382.785799 522.892762
384.163727 521.321587
387.110232 517.764875
380.177357 524.794000
399.681367 502.146135
397.495083 507.662873
395.346654 508.769687
397.586816 507.225513
398.523950 506.730549
399.224693 506.406473
387.851860 515.280245
388.876294 515.967922
387.095939 515.897420
393.275955 510.501572
398.988690 506.691299
390.689316 511.025627
389.484469 511.997114
403.608631 378.675389
396.683536 386.847588
394.753159 388.902567
387.917031 383.507112
395.320045 387.573410
407.453472 393.624731
387.945726 387.801362
392.101526 385.318730
395.856832 397.450841
392.698132 383.939163
393.483967 388.944035
395.961653 386.936821
397.366437 379.463785
404.706177 374.698366
411.322585 377.428434
402.145556 378.925290
403.381868 376.117375
403.079034 378.846912
396.017006 377.547506
402.966766 374.350151
393.825245 376.287748
400.374980 380.373568
393.621404 380.606230
403.381412 375.808872
409.039443 382.574437
409.628564 374.568887
401.311838 503.492960
398.895196 505.705524
400.915614 502.718530
401.168854 503.687034
402.947484 499.323733
401.242990 503.313286
399.362702 505.642531
404.350183 497.446329
398.039912 505.054039
403.925383 496.031323
397.265704 506.663088
400.893518 503.480981
403.625933 498.781776
405.227245 373.684459
411.076882 374.320934
417.679744 370.609350
414.862369 375.079784
399.970604 376.246032
420.035236 374.034109
407.976403 376.967598
411.131131 366.604799
411.374228 371.695120
403.551333 375.278560
405.638076 379.977037
402.869180 379.118259
410.052209 375.811813
405.761690 494.780658
411.845652 482.629000
404.556523 496.969512
412.760242 482.043203
408.469444 488.683582
406.949996 485.767209
411.847206 482.825977
411.171265 482.914660
404.560306 489.811912
407.403414 485.978116
405.837949 494.244574
410.520714 484.785966
413.354824 480.878242
419.209232 359.930785
411.815082 368.922211
410.872326 367.386969
412.571832 365.638175
415.984185 363.107016
418.438778 365.343312
411.566703 366.489744
419.361219 360.090257
421.047601 358.078871
414.282470 367.333785
420.634990 359.149119
421.858098 357.857612
408.283508 370.024332
407.410071 483.981230
412.730660 482.597966
414.577246 478.903720
416.411150 478.503827
410.590690 484.793687
411.569301 484.558015
412.591773 482.973099
415.971462 478.926238
418.392286 474.584014
411.626243 480.489933
418.646138 475.414293
405.171431 479.716654
421.060998 473.182841
423.687384 354.673729
416.073532 362.107493
421.950232 356.328721
431.165874 345.817333
421.943780 356.426599
423.577442 354.576612
417.676109 362.127636
415.236661 364.035240
423.482515 352.260070
426.427437 350.688117
424.359032 355.191875
423.324406 354.806974
423.527827 354.501707
418.502892 475.776856
420.771108 473.932711
423.618503 469.837564
418.191295 477.333408
417.599822 476.322810
419.100404 476.316145
420.578620 473.728291
421.352739 472.871027
424.243455 469.375480
421.149673 469.587948
415.543342 478.923343
416.632494 476.838028
422.609984 471.165014
431.182847 344.493989
431.293455 345.432470
430.687762 342.402344
428.932469 348.420162
439.195250 338.257312
430.329258 346.210267
428.272361 339.615797
430.593938 346.276910
428.945061 348.368732
427.672671 345.263254
428.917190 345.849044
425.751552 339.682535
431.358803 343.705553
434.054353 451.504066
433.615676 455.541684
434.899904 454.642336
432.682476 455.417638
421.602574 471.289749
436.542658 452.237492
426.010673 466.738630
426.829529 464.319343
425.541936 467.535265
426.292433 465.867995
431.334421 458.401895
434.997404 451.619154
430.365239 460.036634
434.181182 342.076527
438.922503 339.019878
437.298146 339.870279
437.995459 338.931967
432.133942 338.055259
439.404646 338.362833
435.296297 339.229392
442.612606 335.745316
432.065413 345.522697
437.880486 339.682884
433.356848 339.193402
436.488801 338.167211
433.594780 343.458340
436.877790 450.907994
436.623124 449.167583
436.184612 452.079296
430.900587 459.944268
437.162287 450.397766
437.879985 449.858735
435.499360 450.537940
434.675939 453.649406
431.620365 458.553331
433.382465 455.525880
436.157366 451.987508
431.190595 458.715100
433.142767 445.794047
438.981041 442.191780
428.846876 441.123372
443.172922 432.352634
439.435747 446.958408
436.619126 436.996476
440.494998 438.916439
445.571247 434.586653
439.155307 446.646526
441.230581 444.408283
439.212152 439.409290
443.146931 441.319116
439.986618 439.779292
442.184385 442.946106
446.803269 332.449171
448.757427 330.603690
441.315242 336.288448
440.749117 336.194986
447.625201 331.724077
445.692563 332.998720
451.172116 329.183915
445.491073 333.381643
449.500432 330.346572
453.837936 327.015014
452.052945 329.531346
437.952870 338.145937
446.711757 332.528033
450.656599 428.695537
445.314798 433.376387
442.365529 438.458891
447.547991 432.103211
450.619465 428.069957
446.140575 434.731442
449.488345 430.148630
454.440172 423.474419
444.756974 433.103143
447.425123 432.503834
447.654630 433.628791
444.159530 432.399709
446.609352 432.357710
454.681789 325.306317
454.277818 327.161685
455.988157 325.684754
442.235540 323.200161
457.282300 326.467501
453.136420 327.702566
452.296554 327.381034
455.488027 323.853948
450.027022 329.860137
459.734104 326.010486
462.536510 321.146093
454.883965 324.235874
457.749171 323.127040
453.056924 424.347279
448.181796 431.395538
454.458922 423.062072
447.815072 431.345090
457.579901 420.322440
455.427570 422.545337
451.789290 423.959434
449.597011 427.939163
457.229494 419.918818
446.506131 425.864775
455.536651 422.475652
449.185578 413.507400
446.296052 425.274496
458.575685 410.992109
464.595969 408.521626
453.632676 413.552418
451.057454 416.412018
463.125668 407.677593
467.373069 402.097153
448.190042 411.590844
463.155021 408.954564
458.499869 417.757849
454.767410 413.695429
459.068263 410.138954
461.981203 411.752839
454.467901 413.076435
469.203740 320.839018
470.750986 326.053657
467.424068 315.783302
465.216717 315.806603
473.987368 315.852139
455.796043 322.218907
462.743952 317.761442
462.193284 318.343604
457.987604 322.313609
465.066450 317.851036
466.695110 317.135844
470.869106 313.599460
467.112565 316.282840
466.956967 405.371195
468.688355 402.543324
469.545252 400.936065
467.861745 401.677841
469.170097 399.321655
464.624378 408.369467
460.495120 411.397235
461.729396 405.075482
467.396747 402.460521
466.726018 405.882283
466.341173 405.158246
469.067093 401.783279
466.846176 401.997431
475.669885 310.556253
474.841539 309.007086
482.473440 311.508304
481.931698 318.594687
463.371001 317.260650
467.096984 315.461186
470.531097 313.662309
473.094525 311.852244
467.970563 313.357515
466.491423 317.715833
474.730541 309.599811
474.857508 310.119049
473.701243 311.728409
478.536422 381.989081
471.969630 394.718700
474.261119 388.489321
477.097251 382.841174
480.786524 382.995285
467.313907 385.393381
466.809867 397.563741
474.019274 385.913053
470.803243 386.874680
472.789887 389.851794
474.440366 388.502627
477.914981 381.070763
478.170754 384.858950
488.533606 307.568873
479.853296 310.167721
487.405689 309.130003
481.255022 313.681427
475.974948 309.937281
486.549215 307.960979
478.174288 309.957958
490.641438 304.958275
477.393115 311.038858
476.409300 309.898257
483.902587 312.963182
472.908251 312.028559
477.486996 310.355741
478.752791 375.944923
482.473076 381.150791
481.282332 380.833043
483.897252 380.393295
485.809081 380.671715
485.875318 380.761769
481.961145 382.752347
483.756129 381.036046
485.350845 380.803769
482.970786 378.712328
476.773483 387.051502
484.973741 373.636373
482.805059 379.690781
490.465397 365.958986
491.069627 366.262813
489.787100 366.607945
486.471337 365.400758
484.260556 378.630266
487.853908 371.210862
484.855607 380.681828
486.461491 365.931267
484.249754 375.083900
487.421384 368.304701
478.749059 379.395908
485.818149 372.086600
479.067239 380.483666
489.729101 302.696836
490.664310 304.436194
484.131529 312.111761
484.235149 309.554865
486.797908 302.639227
495.475997 304.803836
488.081327 305.832786
490.484478 304.018183
479.657606 309.346137
476.882114 303.649932
494.487645 304.665925
490.929856 311.936313
485.699645 311.257667
493.739751 362.424544
490.338648 364.162226
495.138618 360.770321
491.482545 365.396539
497.637591 359.100194
502.043326 355.096918
485.253389 358.499585
496.342713 360.827322
500.288916 357.940982
494.577478 362.464754
496.068604 355.080897
496.931842 360.231640
493.227728 363.316205
501.432720 303.778651
488.343328 307.266861
504.630535 304.920689
495.220674 305.802201
499.890481 304.443917
501.031976 304.488998
492.521974 303.198775
502.191522 304.558018
501.129213 304.531126
488.334512 300.424857
488.628374 309.663744
498.507472 304.314290
497.347691 305.114884
502.115084 355.222390
507.845317 349.195794
508.290732 350.426580
506.681503 352.398648
503.238859 354.213909
501.607451 356.690704
498.338100 356.833043
495.824633 357.443581
504.391141 353.061865
494.145471 360.112096
497.096954 360.653849
497.589818 361.072743
495.169861 359.519938
508.934871 305.344150
505.800351 304.064550
509.423941 305.401922
508.478574 305.020904
513.384193 306.226007
507.775133 304.561747
509.088513 304.943807
515.493046 308.924530
510.211194 304.981773
501.904963 304.347444
513.920881 309.694509
500.225494 304.405834
506.120006 304.148064
506.664877 349.813002
506.244860 348.606550
507.283150 337.530039
512.263322 347.306386
502.976610 353.381921
512.778880 347.127861
511.178830 348.557886
512.994232 345.176474
513.669831 346.017131
514.514774 341.426221
506.624480 350.005789
516.461129 343.668386
519.989198 339.731316
513.483830 308.455642
517.901216 308.197189
520.873714 310.554593
515.636360 309.952429
514.181706 309.001187
517.470908 306.522615
522.055943 311.827390
520.775319 310.881835
518.119114 309.417678
523.809218 313.012091
516.935668 306.210101
519.061280 317.575806
516.350607 305.190749
517.538267 343.112626
521.837167 337.482746
517.903491 342.636110
516.409350 343.661413
520.610830 339.556996
518.090486 338.733165
522.003864 338.483067
519.178209 341.305981
518.745685 341.910432
515.498423 345.400393
516.851861 344.019661
523.053026 336.642317
515.894444 345.064502
518.243454 309.732359
524.850075 316.321720
525.431009 315.784411
532.600138 322.965958
526.051891 317.085027
524.857590 314.844455
521.443752 311.145410
525.198331 316.239671
525.445890 319.424787
523.058044 313.954556
522.707033 311.591997
525.559313 316.397045
528.640362 319.264785
522.892028 314.109095
530.511022 328.963174
530.444199 327.332567
531.645020 322.931144
524.152597 327.078697
531.093616 328.465606
524.960708 315.920763
519.687980 326.635885
525.860501 320.732739
529.935798 323.797326
523.756693 322.696307
530.275275 321.129749
521.478031 323.972973
524.332100 335.665220
527.470860 330.990664
530.295404 324.720604
530.662419 325.103125
528.077406 331.001343
533.294081 322.995437
529.578994 329.603204
527.526653 331.533351
524.372468 331.879570
526.218657 324.722260
526.307529 332.396709
525.028356 328.724057
524.744670 334.958964
