75.595074 178.096743
75.381503 178.512818
75.155474 178.777641
74.393623 180.823474
77.330242 178.320270
74.884814 180.902168
72.662243 186.033522
72.258380 188.984518
72.792143 188.263812
72.472751 188.843370
68.334416 198.746780
71.195901 195.444382
67.331342 201.172063
68.958211 198.661603
70.074400 194.549035
69.895983 195.458728
70.198405 196.508639
75.582997 199.607523
71.335438 204.403873
66.694913 200.362521
70.171978 207.407476
71.752185 207.630345
73.465681 210.889654
75.646179 214.870744
75.393676 212.246503
78.480588 220.273686
75.151096 229.342568
75.230449 224.693681
75.035631 222.170731
76.901505 221.727032
79.684445 235.141259
75.214164 229.949254
75.227279 230.220124
75.206465 230.143635
76.094210 230.940248
79.993698 169.042803
80.212699 169.764906
82.767772 168.768158
79.432608 169.863936
80.193715 170.800534
80.443946 236.990729
79.557029 242.764140
86.577110 243.018993
81.692182 238.442211
80.159432 238.129648
83.311676 252.064022
82.023841 253.391487
82.602481 253.546836
83.562539 253.429186
83.632054 256.684087
82.610332 255.388845
85.318303 264.100854
82.178448 252.479933
83.732140 260.865725
83.626331 260.348151
90.782086 167.411414
92.871619 167.645629
79.240047 170.259573
90.211528 168.579160
90.370537 167.354207
88.353812 270.407533
85.054936 262.479574
91.222881 275.808664
90.996575 273.274702
89.806024 273.246409
96.753046 282.067532
87.742881 270.999654
88.287806 272.858210
88.970173 275.835107
92.063988 278.309503
94.644389 287.502499
100.765915 282.985337
96.344344 288.005909
95.800203 287.966376
99.687020 291.161955
91.417053 166.978781
90.418079 168.350662
95.332724 167.720537
100.898794 164.296072
99.833758 166.006497
100.994706 294.971018
102.339780 300.243195
99.569416 293.848869
98.407857 290.800451
99.403258 291.813827
106.826753 306.393678
113.530330 308.083610
105.620565 303.009860
105.853175 304.682409
113.236046 302.906126
113.046373 168.752582
111.772222 171.163057
111.913178 170.215434
106.349126 171.231620
115.600624 165.997342
111.725211 317.062562
111.567396 315.896402
112.309298 317.982442
111.164497 313.225889
113.779979 321.939466
111.347225 316.798229
114.627556 323.560672
114.767245 333.116420
114.351179 323.371270
113.439058 323.275234
112.926820 184.425497
113.512260 170.045835
113.981932 177.923039
118.153665 182.258881
106.393817 170.378374
114.866095 335.276687
114.678104 333.322471
113.534711 326.595363
114.586645 332.999248
114.634625 336.882524
115.708151 350.095273
115.706632 349.546197
114.995129 341.431845
115.846450 351.547224
115.716380 350.278077
117.607369 182.364515
122.144934 194.329373
110.406181 186.396308
117.399268 194.118870
117.439229 187.887446
116.372209 357.115410
117.023025 363.846487
115.484758 347.503501
115.835185 351.533221
116.048380 353.673862
117.271925 366.230408
116.561073 360.032292
117.213317 365.954370
116.611322 364.343438
117.109289 364.333066
118.993291 385.349570
118.772460 381.602121
117.121189 365.892434
119.077842 384.916635
118.558601 379.084377
118.247215 376.269793
115.216973 393.809649
118.783164 389.445001
118.939084 386.605291
118.716843 380.906296
119.327107 390.473705
118.104286 391.764619
119.091039 397.639324
119.028471 395.298155
119.763209 391.553626
120.703340 409.980521
117.968514 410.884648
119.021222 407.625466
118.898529 406.521073
119.144025 403.001021
119.665330 424.136696
120.221178 409.364125
116.300204 418.554417
119.134914 412.476388
120.627058 420.028572
116.242444 418.330503
117.601614 421.575801
115.819395 416.662887
119.834971 424.833247
115.418040 417.048965
120.941716 433.924766
119.949903 428.649102
119.975740 426.937713
121.597218 436.050796
120.816400 431.806599
128.301313 194.043449
112.057663 201.130267
120.273006 195.708601
126.181834 196.189439
127.251274 200.171831
119.031569 198.394272
117.803284 206.620648
120.722692 198.663155
123.359702 205.863512
120.475596 202.904941
123.885184 450.111750
122.229372 443.318257
123.047500 446.030365
122.958449 445.413646
122.663144 443.813852
124.786282 455.674261
124.320146 455.295850
124.154292 452.681369
124.271695 454.297721
124.635075 453.615735
122.209078 219.135224
115.523736 217.547469
124.824479 210.361777
129.270344 220.136390
123.596408 223.908478
133.353274 222.438467
127.484844 231.515034
117.686986 223.242071
132.437905 225.988899
120.862868 220.964259
126.316015 461.943777
125.267162 456.766038
126.065685 460.117986
128.330209 469.185129
127.045872 464.242639
129.084161 472.447255
128.626544 470.458118
131.176946 481.183508
131.442186 482.300186
129.044383 472.424155
126.302483 588.232083
126.042589 588.455841
130.500609 582.781458
123.876983 588.268334
130.284626 582.573458
131.715000 592.503262
131.532075 592.539967
132.494361 592.425050
128.189961 587.764473
135.926259 593.232081
131.446442 228.811112
130.681080 234.000229
129.991453 232.754302
126.388906 229.793278
125.886316 229.890380
131.666128 483.268330
132.977373 488.544588
133.309778 489.444609
134.856631 493.330395
132.178220 484.784464
132.363594 247.813573
137.257199 242.374516
130.766258 245.077274
125.576936 247.957037
128.606572 239.021593
135.881118 499.303209
136.056162 499.673512
132.089893 484.975043
133.948862 491.050581
131.755372 483.596156
139.565266 573.556683
142.341102 574.864916
140.902698 570.646630
140.232472 571.213396
132.805874 576.892196
140.043204 511.336313
137.189930 504.378475
135.181943 495.683245
137.508382 505.457165
144.715485 506.026194
138.797187 551.929580
135.726011 556.191013
137.893984 549.617755
137.966974 549.695017
138.887800 551.831113
139.436923 559.325127
144.871373 565.007841
145.704479 562.853976
136.618173 562.065352
139.275399 563.531229
142.770048 595.126889
142.127534 593.801473
139.524001 594.139332
142.646032 594.763529
140.482956 594.497137
147.774424 255.281641
138.216846 251.558756
144.693518 252.387780
143.491964 253.552210
132.937128 251.082496
141.293403 261.156873
139.062023 258.828022
138.934639 258.413037
139.972236 259.036870
139.290119 259.489883
139.799435 514.211753
139.078518 514.789234
141.729872 520.206150
137.863463 509.175455
138.219470 509.566857
148.691889 274.380858
145.371251 270.040333
146.409393 269.738788
144.800792 273.094335
144.461029 265.460929
139.679858 518.521667
141.545106 529.861664
141.173056 530.696063
140.009632 528.021686
142.642741 534.532130
142.710689 535.824585
138.144997 537.759842
144.801203 539.852507
139.887009 537.229501
146.469331 542.092730
144.266344 542.989102
144.193351 543.204633
146.493123 542.880646
142.614140 543.281179
138.821727 550.265054
152.882656 96.272545
155.824215 92.797631
153.346408 96.209017
151.513113 97.940515
155.827064 92.679552
152.222878 97.430393
146.373155 108.201486
148.724386 103.900164
149.865044 102.360142
148.747323 103.757947
148.173105 114.800214
144.970597 108.657512
148.130631 118.853784
149.087954 118.969869
149.023156 110.981243
152.153067 122.869464
147.609821 112.845385
152.929867 126.279722
142.516423 127.887440
150.113606 122.544678
150.940308 140.893541
151.982875 122.245985
148.182109 133.500447
148.060836 126.438677
145.096203 131.509023
148.098625 138.386883
149.609786 144.616934
148.321879 142.075648
151.084974 141.410571
148.555739 141.039429
148.906692 152.163774
148.097009 150.884552
152.379310 156.462661
148.954581 152.140672
148.137826 155.083616
144.486998 163.804218
148.077081 161.280317
150.942258 156.194389
140.682027 164.868705
143.787780 164.834610
149.402008 270.974775
149.823309 280.838356
142.175447 284.644866
148.815626 279.513464
147.498062 280.765762
146.091853 595.765048
154.061485 596.793729
142.563253 594.816790
152.139824 596.655120
151.162163 595.812740
151.915072 289.260494
155.955925 293.476944
154.140680 289.667424
156.381105 295.308922
153.367552 290.083841
153.096846 179.091738
144.670418 168.382599
154.009943 179.651625
149.158037 163.322937
152.352252 175.685125
155.829247 92.700264
160.191003 91.150180
158.973467 91.956541
156.059220 93.482320
164.374304 88.961758
159.059653 189.003767
161.276562 189.558586
159.167203 181.336688
165.722428 175.278509
158.705748 182.288742
166.660505 190.555718
162.649979 189.354713
153.295785 182.585597
157.314900 189.905852
159.006910 185.888136
154.272959 200.392047
163.573868 204.974427
161.653812 206.422424
162.644257 197.797240
149.756117 200.911909
160.015732 209.467245
159.956688 206.608007
159.836336 209.248931
156.900494 213.246501
155.639108 202.595560
157.396651 216.507451
155.937738 221.059774
156.486151 218.327175
156.821427 218.774180
158.689279 212.345836
155.129423 223.771130
155.593415 224.903027
156.501253 221.851459
159.041410 241.113491
155.695417 221.772770
154.907313 242.093137
158.514234 238.771910
153.622733 245.838446
154.739760 234.348172
159.802796 241.826088
150.948150 596.520794
155.246211 596.819913
166.753720 597.688649
157.226462 596.852381
150.884615 596.668134
155.780639 295.247305
153.700972 301.464602
156.030560 293.907268
152.518235 300.170066
157.560616 294.547097
160.481387 249.892613
163.530652 259.203773
160.430083 249.944636
159.748481 244.832824
159.837829 249.607546
164.481232 263.900332
161.945272 257.361413
160.992329 265.673126
165.823847 265.905464
164.645636 266.736245
168.155590 87.500114
164.902398 88.842341
164.753824 88.782183
168.360894 87.647291
167.196735 87.740488
163.845361 268.676775
164.289227 264.435144
172.026893 268.642277
165.506325 267.794784
159.082162 272.766025
169.655725 280.636997
166.269803 282.904536
167.983069 267.932930
174.225152 280.460379
169.260969 275.961017
165.897728 280.096674
170.877161 281.609094
164.581222 288.576760
166.947439 284.420740
174.782026 280.616813
167.598937 597.776934
170.671820 598.082147
163.010087 596.229280
163.858508 597.361585
169.057341 597.948055
180.601957 85.251362
168.990187 87.335166
177.191156 86.765609
177.261697 87.784410
178.145699 85.855681
172.110255 598.116082
177.354239 598.243683
176.903459 598.016095
182.356027 598.275061
180.137878 598.306163
185.242279 89.032086
177.729917 85.701345
184.666210 88.456532
184.564696 88.493092
182.411389 87.289977
181.814527 598.326186
187.613540 598.329768
189.320314 598.477457
186.865087 598.447996
190.076650 598.438910
187.136669 89.997611
198.741014 94.685696
191.115326 91.389811
196.124197 93.448992
197.855968 93.721309
195.745744 597.128351
199.260385 597.438675
193.549428 596.885030
203.611068 598.177765
199.888635 598.143317
200.378661 96.073746
200.582716 95.614225
206.945217 95.022242
192.336612 92.426355
207.396607 97.494270
200.737504 98.262353
207.710762 106.878823
207.835573 100.995838
204.519465 100.717088
202.113630 97.158914
204.017049 112.627591
207.211943 116.764333
209.750516 115.073068
203.953183 110.410439
205.219582 116.984809
204.548472 122.456334
204.595596 121.438289
202.629654 120.953994
205.138133 124.269009
206.833834 114.929692
202.818670 135.148056
204.230650 132.993100
211.647318 137.358188
203.349847 130.245060
206.378379 136.946600
205.602775 142.655151
197.184403 146.474957
200.696813 143.969848
205.273529 143.137448
206.528753 144.313941
204.879400 598.174689
202.230456 598.174290
211.679580 597.670273
207.032131 594.926589
199.370851 598.092245
206.787331 146.707310
203.466989 154.666929
214.813879 151.285283
211.979334 159.296082
203.547506 151.432044
209.924759 162.781450
211.152376 162.311542
216.310020 163.923000
214.485861 164.122576
219.345994 158.745128
203.672077 168.495106
208.166799 171.811976
212.425758 180.166846
213.197811 164.658641
207.685549 171.369534
214.066681 182.312018
210.686559 179.772645
210.431953 180.754935
217.833848 177.236713
210.267100 181.954352
213.257942 187.511209
213.141291 188.766771
218.419150 191.319366
218.269152 187.831092
211.830399 190.683906
213.938448 202.440850
217.527427 207.564150
216.559018 200.851808
206.481256 196.768735
207.217485 208.215746
213.960905 210.913343
219.698115 211.418956
214.639691 215.047397
217.568524 216.968206
216.734454 214.941952
218.994579 598.305865
222.365030 598.381154
216.644935 598.215745
217.816226 597.669416
216.752311 598.118979
221.982403 224.317881
222.279497 216.241328
217.362173 214.795449
217.545346 217.002766
218.490517 230.506799
221.648511 232.244265
221.548533 232.435141
214.477193 229.599359
217.630349 225.721432
220.756382 233.258417
228.938934 239.613091
222.691419 243.557016
224.900469 239.341607
221.258172 247.726827
224.833284 233.449450
222.370500 247.404068
226.477956 249.022372
226.856772 240.265229
220.161545 248.985375
222.320287 247.643313
229.369129 598.565833
224.209625 598.477632
224.483035 598.510965
229.392633 598.607570
232.196301 598.600646
235.676864 76.890533
237.915747 78.006464
239.323623 71.823732
229.563390 79.113080
237.992678 76.232262
237.142280 87.029516
240.598122 87.463111
240.464282 80.413220
232.604203 90.919650
235.257247 84.059039
232.358570 100.047643
235.196581 90.929809
228.351043 95.098575
226.712919 96.206726
232.014436 88.723742
234.043114 102.821149
232.281141 102.677966
236.198125 106.822136
235.780734 97.081484
233.226685 101.609282
234.261958 122.043197
227.058701 114.598073
234.202233 109.641565
235.563505 112.591940
230.010426 105.429979
224.775545 125.078099
232.542999 122.667967
234.048041 121.785367
232.394810 122.156434
234.614399 121.407801
233.194412 136.225055
233.445582 132.770039
230.289327 131.726365
234.162918 138.285137
232.624426 126.722148
224.962911 140.159302
233.996461 141.672321
234.348235 141.241148
236.176493 142.633297
243.749026 142.825716
234.791968 155.832131
234.564975 157.129559
234.707057 155.841723
233.923033 143.958329
236.467344 149.759904
234.296503 168.235531
236.417883 153.342780
232.102928 158.075215
234.344672 161.735704
229.670110 152.187778
229.989871 167.922499
234.357602 171.336888
233.611349 168.451295
233.009802 168.823063
236.213283 167.843316
235.913950 190.341835
233.883036 186.901371
235.284076 174.335688
236.072534 179.541041
232.412520 190.001888
234.041154 191.465529
233.307029 197.323217
236.851995 198.494124
231.521308 190.557518
232.609581 189.383552
233.984870 201.810175
224.787388 201.347016
237.264093 199.559375
235.065115 198.103086
241.284724 201.976145
235.696050 209.113795
241.000065 212.264634
233.818290 210.914898
232.953053 219.632210
233.692957 210.784238
235.258570 228.876804
234.741216 222.261208
242.744360 220.442299
236.669468 226.694300
232.573569 224.706755
231.063641 233.614306
234.200490 235.115594
233.999339 231.929259
238.648147 228.692417
240.305685 223.953566
229.410515 242.463807
233.262579 241.778744
224.514305 244.219248
233.680702 241.332449
235.115094 242.109254
249.624652 55.211867
241.219060 66.628966
244.727568 61.313895
245.151721 61.118724
243.703492 66.033423
238.805954 598.441325
236.218814 598.505017
237.335287 598.493363
236.503366 598.445249
241.247313 598.415119
252.018012 55.512604
250.549317 53.618279
249.159325 55.992988
254.101053 55.930709
250.769302 53.164914
242.393348 598.368495
250.195245 598.009790
249.249227 598.001770
248.932394 598.084954
255.700103 597.723712
260.292530 54.517442
254.053024 54.565745
256.737694 54.432599
250.450125 53.689721
257.709598 54.285148
264.788932 597.672909
257.626198 596.425668
255.800844 597.505397
259.238968 597.590038
259.636583 597.369665
261.658248 54.237891
268.178794 55.241878
266.078117 54.759941
267.251211 54.697326
264.389304 55.318943
261.487858 597.815965
270.195490 598.112506
269.045392 597.710326
263.818970 597.442945
268.841861 597.795886
270.513895 55.558485
275.964701 58.612603
273.051507 57.003100
270.943852 55.738024
272.667608 56.511354
283.874505 597.314107
276.966579 597.405569
284.548907 595.735900
279.482498 597.754394
287.696850 597.247433
281.113165 63.244415
283.435633 64.434222
281.672703 62.115119
275.494039 58.494568
281.646436 62.538185
288.664466 597.316619
293.816162 598.410633
295.496785 600.997758
289.999657 598.780489
286.189077 597.668666
286.283266 65.226843
287.639287 65.591124
282.451627 66.673552
286.269107 66.746053
281.481204 62.873421
289.238018 148.137181
292.672461 150.234829
293.194883 151.274751
285.662819 146.488995
292.329337 147.937515
292.165273 161.300188
294.001482 164.491102
295.591174 166.962818
292.922976 162.627358
295.554101 168.020491
294.574908 76.549378
294.825046 77.485965
294.071845 75.308682
289.620368 77.596900
293.718706 74.836134
296.440189 83.520346
297.968876 87.912613
297.534307 91.447002
299.740941 83.428087
296.766803 80.521888
298.953807 95.467397
299.870115 96.840853
295.426075 95.998662
295.917313 95.686182
295.017480 96.843751
294.229393 103.076933
293.450302 107.132025
288.606421 110.111575
287.094582 105.950890
289.977960 101.158417
304.824694 112.986681
301.739744 114.986351
296.129577 114.876992
287.088933 114.402377
291.306138 112.312959
297.476436 123.648009
294.529266 116.350795
299.051611 118.552849
291.669878 118.445079
299.712117 115.692689
298.000585 136.721513
295.427144 142.418465
295.646798 133.307436
297.378682 124.939302
296.297280 132.346696
297.398228 169.690237
292.923915 162.669717
296.027632 169.577336
295.792645 167.991935
294.272529 164.147912
287.379905 177.532384
297.353240 180.680524
284.868152 175.927235
296.334429 175.576815
295.758967 182.956439
298.730076 199.387929
296.140643 181.138137
290.047469 195.096704
296.481487 194.100200
301.259667 189.654555
298.325878 199.711251
296.474608 201.713062
295.107158 199.377054
292.368139 198.752054
294.412301 198.562143
297.203887 203.664304
293.486649 206.145062
288.590989 203.900717
289.805693 201.146873
287.110982 214.089883
299.532972 214.898167
296.073394 217.426850
304.010813 222.593522
287.980903 215.757742
291.717416 219.269930
295.442618 230.609471
295.920970 226.446783
296.670232 224.331731
296.781353 226.944877
289.981275 226.218049
289.064673 231.932349
298.392604 241.159387
288.987202 239.748275
294.572862 235.858826
294.637750 238.060984
296.919529 245.308852
293.046583 247.939020
297.730800 239.591786
295.632325 236.195772
292.471442 241.522663
302.199814 260.020320
289.286617 252.601233
299.069258 257.802612
298.685506 255.249018
294.635650 254.812840
296.598036 600.789532
298.367708 598.771199
301.650933 594.993535
300.036609 598.461363
299.176863 593.719576
302.214969 260.831343
302.682744 257.594446
310.484710 258.859637
304.054607 263.320455
303.280616 261.605200
302.226236 231.817972
306.840262 228.342565
309.624748 235.555044
310.361171 232.612312
310.145130 233.095371
309.491009 244.942988
309.737865 244.510891
316.780555 243.486419
305.857955 242.434266
309.576309 243.963230
310.639770 598.512389
305.720086 595.686948
316.500698 599.524437
312.114992 598.261712
317.018384 599.481730
313.810136 583.422610
309.709806 587.586060
313.489410 583.110051
310.021739 585.994598
314.550019 590.780540
311.189183 223.330560
314.842198 217.457269
316.140352 225.591499
305.372446 214.516055
318.637628 224.191931
310.490996 224.854389
319.340906 227.870399
311.644425 231.878954
311.470351 228.953675
315.340056 225.015651
319.328720 572.810909
315.631699 576.492700
316.399332 576.293743
316.233326 576.134566
316.099552 576.496793
319.515045 205.151006
321.248752 195.816282
321.105974 196.977235
322.245598 201.107998
319.055418 196.684435
310.075345 205.701484
319.510424 206.555536
322.417631 203.872613
319.534919 210.004263
319.784739 203.037079
318.388118 572.260981
329.094657 565.244633
326.242322 567.473137
327.137891 566.458833
326.043377 569.927376
321.109565 116.082968
326.501401 106.337449
325.112877 114.475584
321.156909 115.999330
320.884226 115.495398
328.899234 115.006611
326.294339 115.327266
324.402546 118.975531
326.166203 114.917142
331.741615 113.984433
326.505571 128.440851
316.676605 133.432464
326.091806 131.489661
324.807266 136.002747
324.708292 135.857819
318.858341 145.790692
324.489062 138.336733
323.831841 140.828905
322.162551 149.289610
315.361141 142.605968
318.806360 146.016725
319.673200 151.192737
321.104509 152.129318
324.593110 148.913502
319.627805 157.654265
315.550814 155.233793
325.266974 160.839293
323.228213 161.277380
324.644171 160.867515
324.901977 157.964693
325.668807 163.394827
323.344223 175.910706
319.920839 164.592045
323.661755 174.051112
316.323737 177.834092
322.873917 182.792670
322.618524 188.457893
322.777413 177.404431
323.504393 176.675662
323.212745 177.419136
334.643241 91.538997
329.564286 101.327285
329.079080 96.953196
329.692887 97.760562
329.671758 100.643771
339.436267 559.321532
337.888451 559.899096
327.141099 566.555299
336.691611 561.371424
331.765661 563.534763
338.009577 89.465998
337.771523 89.974015
337.510630 89.858141
334.845129 87.804767
340.909139 88.841673
340.229202 559.046702
340.710722 558.278072
333.379666 562.664739
333.830360 562.300598
341.133977 558.167432
354.737480 89.780100
343.961542 89.999644
346.511474 89.866510
349.011149 89.392507
342.709851 88.831432
345.475342 555.698656
348.279931 553.586934
348.907088 552.577375
343.018128 558.136450
349.525665 552.824204
361.155328 92.821833
357.067677 90.453653
356.823015 90.622422
354.527209 89.855561
354.904659 89.628078
356.641086 547.835804
356.498365 547.934791
359.442295 545.253798
350.514503 552.148678
358.186678 545.955443
362.032558 334.624737
363.730593 322.804188
361.567912 338.775428
362.223129 333.626209
363.150262 324.174373
361.185091 345.589169
361.565704 338.876424
361.431927 340.365584
361.104708 342.049334
361.545819 342.644547
360.116808 347.132703
358.869384 349.207638
361.242131 346.907080
360.046043 347.826269
356.242931 350.470690
358.759258 91.979334
364.660354 95.243905
357.792330 90.563610
368.624224 98.335766
357.908193 90.748245
366.530049 250.071780
367.678359 247.985486
364.939364 262.981750
367.095038 255.869730
366.861090 255.818113
364.301694 259.168747
358.104661 261.032206
363.982912 264.639281
369.126779 265.268661
365.995531 263.275941
369.548381 284.150165
370.370677 269.416351
362.836873 274.488239
363.603014 278.025167
364.992740 282.016093
365.210439 284.579435
363.034008 289.755795
364.046845 281.053600
364.451127 282.990691
368.169804 290.697502
366.227947 294.136660
366.340911 294.374118
366.284649 293.310784
362.367611 288.365335
366.407341 294.714013
370.126944 306.773732
371.326973 305.339600
364.654002 306.487600
364.579775 307.947039
364.093996 312.252006
370.124381 306.868928
364.723109 322.216665
363.828751 321.599256
364.384103 311.054252
364.448174 315.024387
366.059861 355.912344
364.693351 358.311551
363.542835 354.880464
367.607099 358.703763
364.356561 360.183455
361.758721 365.993698
366.764090 371.237912
361.083079 366.359232
365.769862 364.860088
367.989957 370.797888
362.408813 542.482984
368.171698 536.825052
363.254194 541.650475
364.723315 540.168693
359.802128 544.907115
375.868576 227.755500
370.918104 237.462621
372.790778 233.712795
374.307411 229.903356
373.659727 231.274781
368.186960 242.374281
368.173941 244.630490
369.620865 242.079801
369.458563 247.412402
367.009764 253.525544
371.828334 98.963699
372.301676 104.236560
373.170067 99.744532
371.494206 98.731610
373.920669 102.457583
372.558183 532.446537
372.883750 532.202734
372.651847 532.435857
368.549677 536.322439
370.735650 534.301267
377.460750 176.644982
370.390442 177.921348
377.147053 181.488994
373.751124 180.854829
381.064431 177.084276
375.307093 192.266936
379.118699 188.123489
375.725504 186.883210
377.397590 183.866027
374.746831 188.878096
372.378385 211.552815
368.096910 195.951442
375.759875 207.142063
373.886181 194.418617
369.212051 203.217215
371.975761 216.527853
372.251151 215.274161
376.596290 212.129573
376.980335 213.194343
376.996282 216.272200
374.945264 227.935676
379.962233 223.602630
365.815582 221.830521
369.717218 218.435487
376.837432 213.370108
372.918570 370.611223
378.982179 378.784329
368.688596 381.382406
369.594185 373.640105
371.011756 370.706382
372.164671 105.031820
373.773663 101.254384
373.652692 100.242840
373.888201 102.725169
374.601248 107.931709
386.368846 381.749961
379.035050 380.405608
377.386254 380.677085
378.412219 380.646922
385.024055 382.477432
373.411297 111.982183
377.630425 121.926212
374.798187 115.613226
374.383226 110.935425
378.377494 119.451753
374.011044 121.484377
379.560795 126.642607
380.712118 130.317127
378.505496 124.075171
379.066465 126.333721
378.481805 141.416356
376.132341 138.007982
377.837040 136.191993
372.500397 132.076733
379.015410 144.642373
380.645247 149.011796
375.742436 143.280620
382.940569 153.804614
378.939423 145.241433
378.969595 147.026773
380.665634 152.335395
379.800233 159.034971
370.472837 155.146307
381.759143 153.697493
381.684568 149.491776
379.224390 164.824821
388.687820 168.578063
388.623476 168.453506
383.041547 172.706195
378.327155 172.539489
382.689557 522.597007
374.769227 530.381116
379.622755 525.640178
379.481955 525.763009
383.968744 521.212056
385.913855 387.626716
390.545716 392.094417
387.304073 395.284596
382.369097 381.271635
395.909377 391.284090
388.320279 516.891628
386.984084 518.258188
386.658067 518.495456
383.157766 522.130467
391.265740 513.368055
399.245047 504.898652
392.659665 512.206479
394.004168 510.473069
393.212540 511.682341
394.335036 510.372483
387.957058 385.123852
397.648940 385.010893
407.173785 388.911045
387.594825 389.092342
396.464531 385.626926
401.816379 378.685438
392.951928 380.269393
398.488558 385.571362
401.379038 381.757100
406.506380 376.252248
405.140432 497.710815
402.624379 501.321112
402.752920 501.232876
396.808408 507.640064
402.551204 501.397681
418.072882 373.768553
412.541549 366.149256
417.301639 373.071870
410.108356 368.482091
416.859007 366.221182
408.185362 493.299793
412.631855 486.233045
410.964976 489.065625
413.898737 484.146779
410.190249 490.282271
416.379445 362.541243
411.668076 365.956250
416.556011 362.936549
414.128973 368.363962
410.380910 365.634529
415.603452 481.475843
416.737279 479.517374
413.405455 485.090558
416.035512 480.768155
411.031446 488.874974
425.023621 352.944025
422.337463 354.405461
422.263810 346.117033
420.431708 357.554575
423.625983 350.386683
421.286512 471.525733
421.733154 470.554513
425.501791 464.166336
422.136613 469.994924
421.206600 471.723286
428.286155 347.465345
426.357235 349.903864
435.343182 341.544283
429.467500 345.081595
427.841772 347.048783
427.940330 458.639716
430.541616 453.494490
428.176526 455.508065
425.683224 463.705568
427.668864 458.962287
434.215486 341.760663
434.833054 341.729932
437.977236 340.069726
439.062743 339.228780
440.998094 339.487231
434.599763 448.229866
438.171660 444.107621
437.268126 445.680398
429.661971 453.982312
438.855244 442.812112
437.486608 443.791918
434.351311 438.250800
440.026059 441.042775
437.393853 442.432913
439.502674 439.697028
452.705994 329.325779
448.628359 330.789637
449.336829 337.498925
446.317784 336.263082
445.069298 331.329971
445.478889 434.425846
445.565953 434.210834
445.791149 433.449109
446.851433 432.130439
452.191698 423.520405
453.138680 316.637589
453.558528 320.753448
454.914406 324.469116
452.194102 323.986046
453.054047 322.503718
452.803997 423.411380
454.827936 420.277670
453.796821 421.956552
455.135622 419.677238
451.301780 424.373418
462.456227 408.688869
460.186327 412.282246
461.251991 410.540907
458.739815 414.336573
456.165796 418.394377
466.178194 320.298091
464.272872 320.231128
455.361667 319.090672
460.335197 320.461921
462.430378 319.720745
467.541842 400.611450
467.424159 401.060726
466.867086 401.894095
464.132265 405.277744
467.387870 400.910746
473.118299 317.796629
475.573574 315.472522
473.698425 315.985793
469.617534 317.158722
474.805791 316.579246
472.623280 389.835756
476.220789 383.327328
473.823998 382.323750
477.242030 383.925199
474.604891 386.099904
475.427237 314.647699
475.785380 319.182854
484.850573 311.859161
480.118034 316.464238
481.885977 313.021471
485.218168 375.559244
483.944484 376.779728
483.230291 377.851989
479.682222 381.084458
478.996851 383.501487
484.556301 376.512941
489.525799 370.637280
486.534395 374.111644
487.160227 372.756122
487.785609 372.451874
490.070122 309.227721
483.413209 312.071082
484.934510 310.791626
486.963754 310.323534
497.424084 305.800526
493.202580 365.181803
492.870181 365.748675
494.146462 363.378988
494.786806 362.725019
489.878652 369.907731
497.057754 307.394951
495.471300 307.088519
501.312716 303.877473
498.698896 306.465610
496.532292 300.467583
505.111715 353.933636
501.451406 356.438631
495.310202 358.233679
502.201180 356.862030
504.582087 354.488933
506.248792 305.764664
512.072276 309.771978
505.639409 305.781713
512.743829 310.255507
508.309879 307.010980
514.087620 345.134861
512.162416 348.418472
512.771460 346.648167
508.962945 349.841117
513.694223 344.720050
512.832878 315.778618
513.104516 310.969649
509.370183 308.134924
514.522450 311.839384
514.338068 311.487617
521.894262 342.368845
520.955087 344.009481
521.381596 343.553489
520.830480 344.401298
523.845978 337.728894
521.560362 318.473577
517.740620 314.989764
521.828339 318.852010
526.314280 322.341406
522.787606 319.585576
529.861635 324.868799
529.725177 325.115801
528.349899 328.339838
529.538163 325.308359
526.339921 322.463270
524.616867 333.836138
523.412417 339.244524
526.934229 331.572645
526.341085 332.456670
527.865044 329.552481
