-151.742770 -297.425524
-131.083361 -302.801406
-99.686516 -298.995208
-80.142091 -299.741222
-79.560443 -276.510006
-79.863538 -249.812277
-65.120201 -244.073093
-46.616918 -250.301466
-47.660863 -280.866738
-19.801064 -280.993388
4.103171 -274.883155
32.439360 -276.915022
54.039317 -280.195310
71.592812 -275.872401
83.378732 -256.637063
101.842705 -258.194750
116.491973 -258.167547
121.422964 -273.805621
121.806567 -299.206051
133.013760 -304.911939
166.318438 -309.690091
192.333899 -303.869865
176.160856 -285.830557
181.238632 -267.279524
-148.281406 -277.877975
-146.768913 -245.152254
-153.825098 -238.528421
-156.940193 -204.105395
-161.044156 -192.006065
-164.250263 -156.418724
-165.571857 -137.623787
-176.256180 -118.194198
-175.463577 -105.409083
-175.113041 -88.546671
-176.171254 -63.776660
-178.737802 -44.670603
-177.901662 -17.365295
-182.825271 2.620167
-177.841508 28.099528
-177.627479 47.193495
-180.978755 79.503201
-167.649246 81.790282
-140.882825 99.452039
-119.767674 100.159455
-98.345017 100.234597
-80.640670 95.023854
-53.777268 93.765676
-35.026751 96.480467
-10.430960 101.552328
12.950460 83.029228
31.796769 93.656450
61.420847 93.548134
84.162432 96.990007
107.392910 94.769960
129.031657 99.403521
162.892313 86.997407
180.462114 90.835914
198.544652 89.331728
221.009533 74.981631
214.618499 56.342059
221.667905 26.189629
216.390882 8.875110
221.525928 -14.716457
218.144484 -29.408870
219.969130 -60.373867
220.925984 -83.006504
185.868574 -247.497951
195.442084 -224.551737
191.344178 -196.740472
201.765300 -178.428627
204.698404 -158.993189
205.266056 -126.167491
210.508812 -109.506415
-148.008690 -351.682607
-124.500475 -356.322469
-108.365341 -355.821407
-83.839972 -352.458587
-88.989506 -367.424894
-88.245657 -398.931987
-66.951172 -401.272225
-39.382278 -404.768966
-40.368122 -374.455790
-21.328765 -370.706354
-2.184474 -377.485276
22.217205 -376.149705
52.521023 -373.839956
77.517269 -375.041851
76.664924 -402.709855
94.233440 -393.955790
106.614008 -407.593102
118.858261 -379.191892
125.766038 -368.214629
123.469945 -355.317830
139.705669 -352.930493
152.466542 -358.967843
173.427265 -353.159125
181.292929 -347.727606
181.261677 -407.440333
181.338059 -387.562725
181.669145 -362.525051
-151.262042 -410.621538
-148.612561 -376.559339
-175.768611 -425.191659
-162.714680 -416.088786
-203.117254 -424.854191
-215.334326 -403.429490
-225.964619 -388.125801
-242.394823 -371.491493
-246.981622 -354.619629
-256.031528 -340.143342
-270.165032 -327.501697
-273.643224 -298.604847
-268.156680 -279.042839
-269.734608 -284.609578
-270.528279 -256.700218
-267.400824 -239.622488
-266.721646 -219.830879
-259.879788 -206.844236
-248.529137 -194.345755
-249.538263 -188.109354
-259.605078 -169.111006
-258.613673 -135.750183
-262.936589 -103.352856
-263.639216 -85.931630
-262.466581 -65.884399
-271.337760 -44.683134
-274.097195 -25.004748
-263.888840 -2.515426
-264.650231 30.885539
-263.403884 51.959815
-258.883444 69.112056
-262.169450 102.718196
-262.489735 124.405278
-270.478372 152.573527
-285.834615 150.872780
-304.645043 147.556772
-318.943261 156.939147
-332.713252 158.846959
-335.398946 180.443438
-348.614133 190.459799
-348.584295 223.393017
-349.437635 244.714554
-346.798233 258.155725
-348.701540 275.759095
-350.310564 294.650931
-350.498362 319.748416
-357.795531 336.845520
-350.778514 351.220417
-355.551949 373.054433
-348.986253 394.723634
-339.760895 424.222433
-331.936471 434.843183
-319.635968 435.105028
-295.347481 430.049185
-279.886748 433.983601
-247.805259 434.900492
-225.116050 430.531178
-202.062687 438.801859
-180.196782 441.759904
-161.226349 433.033864
-141.997904 432.995453
-118.038706 432.378362
-96.322084 431.058815
-71.301379 424.821554
-55.555642 430.399091
-30.644992 435.146135
-2.663351 441.407829
12.884288 434.893634
43.222142 434.100989
53.213971 435.976415
84.465308 437.916895
111.109311 436.754513
132.920653 428.678396
162.632548 434.980070
195.898654 426.445928
204.664324 428.947006
231.442925 431.078805
252.101098 431.369291
279.936327 427.487554
297.300192 429.726979
324.014751 431.693161
344.704145 434.246578
363.214435 430.439606
381.596414 427.528091
379.279500 403.352286
299.851137 146.443701
327.382957 136.211717
357.771771 135.020131
368.039056 158.057720
374.016137 167.202156
389.897824 194.018322
394.250675 224.421685
386.364573 244.180061
388.775543 255.398108
397.105608 282.512690
390.949027 307.453502
392.646899 323.316301
390.578930 349.005494
399.707478 380.781440
285.409396 -194.593315
285.409583 -181.266079
291.512102 -156.466736
288.422727 -148.569453
295.709760 -115.120529
303.282692 -99.973625
302.489998 -84.648479
304.067463 -58.910338
307.349963 -33.490611
304.719775 -3.076379
299.897867 20.944757
295.571194 36.744224
300.296379 64.791619
303.220201 83.569348
305.001739 105.559853
296.736223 118.091409
193.877827 -416.076514
214.296624 -425.728928
235.487490 -427.219869
254.568436 -413.486202
254.511242 -397.603083
275.497607 -381.349286
280.805391 -351.761508
295.611245 -326.419028
301.028773 -314.060905
308.984715 -301.414889
295.449746 -269.801089
298.614269 -256.622249
306.561213 -239.750358
299.195269 -222.792415
-275.541350 234.925591
-261.196791 226.888899
-241.340058 232.331968
-219.391434 229.929171
-191.666988 242.160634
-175.515575 259.035331
-168.740151 281.386519
-187.539444 301.934084
-188.483621 323.322640
-210.365299 329.039082
-230.494304 341.284150
-253.074934 333.246451
-273.848002 332.847398
-294.633362 322.667450
-304.966306 295.985649
-301.956605 267.680844
-292.210832 248.060888
223.040993 275.252944
226.234639 244.275940
245.617795 223.869087
219.386844 286.790909
221.868379 313.723829
240.538534 332.829790
271.524092 335.578813
292.419890 330.101905
316.079453 331.459026
329.068895 307.666318
346.015135 285.789242
342.668902 260.348202
322.420773 230.645387
305.637478 229.099068
276.529885 220.603481
