-140.185304 -295.533590
-116.141653 -300.252544
-103.701990 -308.414258
-89.602529 -316.854801
-85.508050 -279.113475
-80.346697 -257.202269
-62.794074 -253.219674
-51.331277 -248.902329
-43.219965 -279.490435
-23.789111 -271.014407
4.580480 -277.613345
31.434186 -278.976508
59.522362 -271.968477
73.760838 -277.421978
81.527823 -254.997287
96.501433 -259.706403
112.604097 -257.156868
112.286389 -267.721202
115.287556 -314.853013
134.305166 -297.719115
155.660817 -323.070749
183.411217 -311.508772
184.383793 -274.332017
181.379090 -264.302464
-147.672257 -266.867640
-147.454922 -238.809647
-152.102878 -232.879876
-158.224868 -199.517372
-177.175829 -199.856278
-161.119701 -154.355404
-180.179177 -132.937542
-170.370072 -126.617783
-176.435127 -108.962279
-169.448169 -83.796249
-173.449595 -59.534061
-185.180929 -45.544129
-173.057524 -9.614700
-179.576925 13.350813
-187.108765 29.455018
-174.734553 46.435848
-175.250548 89.100213
-154.998190 92.788589
-139.563973 90.766599
-121.561330 91.415667
-95.131800 114.354143
-75.712451 90.103009
-58.866393 76.207592
-42.740035 92.519611
-12.160522 100.296205
19.540283 73.307704
50.809000 82.158972
54.397543 93.486856
104.019525 102.012952
121.565994 99.724814
128.310302 91.887924
156.307389 89.502946
177.585506 69.164984
199.735714 102.704492
220.710026 92.254565
208.957094 58.235569
211.894920 39.232616
221.725019 18.467090
197.631423 -18.938168
217.803552 -15.040646
221.964416 -56.983867
220.851617 -87.455825
196.458631 -243.503717
202.940320 -204.488952
203.647301 -182.070804
202.022362 -178.078222
208.873230 -155.420614
213.393913 -133.563199
210.511871 -102.176213
-152.181107 -358.531345
-124.813087 -355.063003
-99.024435 -358.503065
-86.439310 -348.715156
-94.779975 -370.746001
-109.708461 -404.136672
-72.309793 -411.679775
-41.336820 -386.472507
-43.450637 -370.825709
-13.647265 -369.022504
-1.957793 -370.813009
14.515459 -374.515317
48.955546 -376.320300
78.892771 -369.507335
83.348676 -412.323450
93.393421 -413.717402
107.039466 -403.034870
112.173467 -387.422393
127.222380 -369.523563
111.615337 -354.784881
120.449122 -326.563414
145.686285 -336.226443
171.547903 -361.375764
189.799794 -353.554370
177.730472 -389.151060
172.273156 -384.875694
172.423070 -375.685250
-143.334609 -402.318175
-174.166098 -358.459485
-176.458411 -420.877920
-165.677993 -423.661046
-185.725401 -431.248971
-238.085786 -410.819934
-237.124714 -390.957009
-244.934587 -371.718930
-256.460870 -338.983222
-267.745376 -336.758614
-279.234934 -316.957978
-262.488298 -315.887926
-269.006398 -290.895230
-247.533600 -279.613394
-272.109711 -253.198540
-254.431954 -234.956086
-267.526324 -221.992685
-262.846168 -211.348291
-248.416687 -196.232296
-261.177267 -191.148855
-261.458609 -154.056364
-268.103251 -135.318779
-271.252205 -89.427291
-273.743163 -77.372733
-268.489468 -78.847757
-271.187493 -45.401934
-267.479461 -31.577103
-277.349557 9.044010
-270.144103 21.589535
-262.374615 57.769292
-273.552691 78.940901
-265.355220 102.391721
-266.487265 106.704297
-270.625772 155.309810
-273.503555 151.698850
-316.259820 148.476635
-322.330931 152.628430
-325.511558 154.171935
-348.522754 182.535068
-352.173586 199.291936
-340.026066 229.336506
-368.734389 240.426785
-351.368251 254.694544
-361.401524 280.685156
-357.356757 289.817029
-344.016945 326.077136
-357.862595 348.993938
-350.582857 351.636227
-340.893123 376.125201
-355.130266 402.198606
-354.492753 411.612080
-343.307959 445.267068
-313.186895 441.789246
-287.018347 423.139645
-270.641314 431.503420
-242.107754 438.802675
-226.860859 430.155055
-196.099236 423.984166
-174.785082 432.397897
-160.052930 454.210393
-142.531327 414.669699
-109.691224 440.528898
-100.871379 440.563453
-71.857457 428.662603
-50.212447 428.683465
-30.528563 432.066503
0.512080 421.167665
9.882672 431.980199
48.548432 444.323207
58.241879 430.778692
74.790875 418.194260
97.751546 434.367295
153.530894 439.208114
161.124032 431.561991
181.887518 436.828497
212.754646 434.168252
237.587511 408.449864
249.117324 436.514658
271.554896 455.270541
306.863274 429.771167
319.294066 446.736950
344.458472 420.556249
355.149895 437.280092
378.748237 426.885743
376.008132 391.606523
308.873080 153.582888
322.744780 138.957348
355.456564 133.666363
360.234077 151.297275
392.621207 176.916349
382.382052 200.563297
390.253326 216.582078
383.233418 231.479781
383.078540 260.524770
406.286542 292.909328
388.794655 293.834850
393.459857 324.762159
387.099698 339.199572
399.162251 386.591289
287.818430 -200.491022
286.268140 -176.307621
299.729881 -145.875233
292.501188 -141.988527
296.929629 -117.841130
291.837937 -104.412427
293.859225 -81.264311
299.296514 -43.614926
294.204618 -34.706747
316.797962 -1.383458
312.390791 2.020086
300.209128 25.902233
304.310173 61.976007
304.264839 85.927830
301.323258 107.241551
300.244272 119.239054
192.125304 -406.730513
216.304717 -438.802061
231.735829 -414.445711
240.134932 -428.492289
252.951526 -394.877384
264.288154 -379.001241
283.601033 -361.207496
286.709476 -335.931490
300.569370 -316.784681
305.922133 -298.880927
295.942636 -283.924293
303.264357 -262.250247
296.146339 -238.021863
301.634490 -219.110756
-271.527064 233.190951
-254.560222 234.985128
-248.312971 228.929836
-215.223340 213.217149
-189.749050 230.403659
-188.004808 257.617236
-167.466184 298.318298
-181.720732 299.563469
-182.239040 320.247766
-218.175560 328.144200
-220.706060 351.473752
-246.977530 336.264273
-268.572073 334.883617
-289.071937 310.306005
-310.031482 282.705092
-290.649589 265.700032
-300.193145 253.945819
219.241826 256.481799
230.041265 230.562685
251.945191 232.762168
210.974690 300.216323
224.734629 305.500331
240.093858 317.241752
292.094445 335.390559
277.525773 324.769607
332.119204 309.937705
338.117304 317.964596
358.763970 278.568736
346.500466 269.951097
320.605851 249.653581
304.969573 222.770695
277.855746 223.138290
