44.030599 180.878233
43.535302 176.783035
48.779126 680.335969
49.211546 686.258414
42.267064 109.383633
44.670930 114.936470
55.418061 744.833807
57.936131 747.737661
64.365569 73.923585
62.172422 73.447763
61.362813 639.606235
57.117365 637.343016
68.305431 196.981572
69.507287 186.592181
80.291124 620.859640
86.791558 610.921260
93.401542 221.342395
84.916822 214.017496
96.585203 779.977090
96.425338 780.149022
98.786616 45.470211
98.644149 52.446335
122.829624 799.768733
116.013449 795.043062
112.055867 582.730247
115.759251 583.583442
123.040540 231.796188
130.341935 235.933618
135.794416 821.841902
138.872473 819.077506
140.613397 251.967783
141.931692 256.899973
138.865135 47.575939
145.111258 41.720588
157.213020 568.755080
152.296165 563.254416
165.598460 384.635666
163.346895 383.876468
165.411600 826.588449
166.254755 828.361330
166.983293 60.911690
162.687816 62.992816
175.235475 274.166399
174.121622 274.455290
185.384332 532.384734
194.321414 523.788129
188.676333 348.987387
188.208554 346.497910
191.677974 428.318118
193.155579 427.982636
188.624935 91.413774
188.490393 85.540301
189.353172 314.663512
186.337266 313.490104
199.350803 500.945752
196.277132 493.971508
219.724158 452.453097
214.931744 449.366604
213.859956 101.933468
217.157914 109.965816
222.866371 838.308646
221.482161 842.943070
235.552754 129.502897
225.655842 136.563233
243.639621 988.200758
246.235585 986.615315
242.449727 968.791410
246.533775 968.448655
243.594578 863.764098
253.773186 857.439073
248.407722 930.592120
242.714362 937.263155
251.739548 1033.238020
256.845244 1030.961720
259.612948 1081.264042
242.839169 1082.157385
252.987957 1117.219291
252.331708 1114.006122
250.633450 181.385443
256.838288 178.551324
271.500576 828.855034
267.807230 822.461350
259.001689 887.249508
265.096567 884.563694
277.151487 768.902161
271.968720 772.340580
269.230694 802.421021
268.218202 796.494079
268.429540 1146.604235
275.550255 1152.929641
276.543710 746.361145
275.735331 749.015683
288.213593 713.209172
281.483550 707.212749
282.636730 378.651929
284.943241 369.600489
283.258034 406.600474
286.788380 411.398823
296.014683 204.249068
295.307775 212.840045
290.447106 680.091800
296.276115 672.132074
290.845352 444.736141
290.796124 439.657417
295.927280 639.461923
293.000092 641.263082
296.456442 333.051878
305.871441 334.677784
302.180575 585.001659
308.354320 583.152528
312.871459 531.944389
308.191367 536.832942
314.374576 1173.086171
313.828141 1179.970612
304.540403 616.168153
302.862587 613.624485
308.781493 229.936416
305.737562 219.010960
314.584711 555.011878
318.769685 546.571259
330.189482 329.065891
329.152101 330.622318
338.737909 452.835973
341.837498 455.465496
353.147652 361.338696
346.423541 360.441955
339.212879 236.432961
355.232633 233.468686
353.631568 424.707740
354.240029 426.286756
358.603697 1185.590186
350.334056 1180.763464
360.565437 384.275335
355.110269 385.117394
383.987367 1166.221517
383.998872 1162.547022
389.196608 254.149142
397.568414 253.738109
435.961259 1149.354671
423.227166 1152.180608
450.342376 257.090417
445.648719 249.076994
452.505217 1183.723405
453.714423 1177.851827
474.495720 238.814596
483.243269 244.483917
483.366488 1183.734702
491.501253 1188.105465
506.262334 355.374352
505.847982 357.187845
509.050635 390.395563
509.965692 383.582407
522.888927 429.989130
509.474927 427.081929
514.205352 1172.977452
523.112305 1175.271896
528.723595 233.672859
523.579022 236.398153
543.349682 571.530406
532.312394 574.723997
530.738948 540.459417
544.748206 539.148619
531.453950 614.510978
543.497201 626.686344
532.636948 318.117177
548.310937 317.407025
543.613009 448.335510
538.372052 453.990439
542.455652 1158.237295
535.205034 1157.088407
541.490961 689.140375
540.012859 684.222994
542.155144 654.570224
550.382873 659.795102
550.317113 211.765280
561.602890 222.917213
564.687111 730.735975
552.942067 729.706458
561.558677 1127.232101
564.849549 1131.819214
572.026579 773.556745
569.091506 773.887008
560.420916 197.200249
578.394298 194.358263
574.573528 799.093901
578.848022 800.984717
568.346673 335.928728
570.223158 340.042528
584.991163 1074.011434
580.239207 1081.952273
580.076703 1112.608278
578.162945 1102.659538
577.410118 428.200974
577.537000 425.283622
577.571684 834.309947
575.707527 832.023932
573.468038 1038.385464
573.020076 1033.634613
585.901808 378.938019
586.681043 378.076699
579.284337 877.272473
586.532441 871.058812
591.204952 904.152166
588.428665 908.990197
581.758851 942.505807
584.768136 942.660937
584.953282 162.822004
587.938225 160.253980
589.536169 1004.684059
591.691845 997.793491
608.791973 135.597665
606.769916 140.095188
603.712187 857.817358
608.821838 846.016100
630.554725 85.605246
635.025478 86.412900
635.482100 480.739841
643.604989 483.857206
642.254048 851.408411
633.646926 848.631653
635.097765 453.506992
644.173876 455.315722
639.211322 62.421463
649.232414 58.959669
655.716665 523.536088
658.569345 531.367338
655.434412 328.782113
657.430452 321.609486
660.305271 432.616417
671.723812 423.935733
664.769582 833.955369
667.255150 837.223295
666.771957 275.451134
669.170586 278.447320
668.466820 354.312208
670.982413 350.117661
670.967248 42.981308
678.617124 51.835703
677.150493 400.628480
675.499926 393.505982
683.786129 559.821104
684.209668 560.269771
707.066910 244.689166
703.179184 249.795963
710.382693 41.358576
705.135741 39.924530
715.298375 586.917706
711.961047 593.728754
728.700796 810.447603
722.067124 815.265294
732.101348 216.230651
730.492355 220.782346
739.613800 618.567583
736.246967 612.841592
746.504737 45.580195
739.037265 43.851327
758.776520 801.479415
757.998596 800.651844
759.837370 200.931067
764.541778 203.808554
775.906225 642.929772
772.747224 647.026076
781.454910 71.659036
784.198741 73.192884
795.189015 183.099303
786.917116 183.353708
788.958162 670.640147
799.195354 663.266464
805.752209 767.934884
794.770951 760.772572
804.830684 142.374968
814.893145 136.497132
822.934435 730.133975
813.086389 732.124263
807.214918 700.509252
814.198384 695.762064
819.776294 100.406835
808.061566 113.045575
