454.198792 852.369849
453.756643 859.778554
454.033517 853.647268
454.942155 849.891596
455.429567 849.093249
457.047746 850.023424
454.530816 851.687423
456.800431 847.426353
453.721703 861.865817
453.862667 861.983127
454.537619 862.152259
453.857265 861.588665
453.663138 861.746005
453.692210 861.731583
454.631746 858.817024
455.118318 867.841449
454.269172 865.467036
455.822933 873.343259
454.823311 869.269305
454.983904 870.660344
454.941907 870.464953
454.387990 864.382655
455.259398 871.556358
455.431837 872.251688
457.499694 844.851765
459.494525 842.068297
459.114501 842.265510
458.353684 843.132265
460.014579 841.633218
458.658759 841.977992
459.066516 842.281236
463.731744 839.618889
456.563844 874.659004
459.079566 881.087368
458.003351 879.234249
459.275228 880.860266
459.227748 884.098555
458.110024 880.551987
459.266994 880.692608
457.728444 881.221845
459.054379 890.459390
460.149297 891.072708
460.987346 890.809820
458.125007 889.107238
459.132364 890.546096
460.786353 887.708113
460.502768 887.054791
459.534281 891.017115
463.966736 895.996855
463.058531 893.576334
462.879816 898.598664
462.680926 898.199171
463.114115 897.692031
462.379404 897.367053
462.743103 900.620394
465.651529 894.074572
464.294186 904.608534
463.616601 904.838517
465.180171 916.764516
464.144792 908.144731
464.086026 908.452472
463.181113 901.535617
463.951164 908.219459
464.389987 911.184825
465.061999 916.755619
465.432060 920.662091
466.905128 926.684183
465.464729 920.627548
465.228206 918.785860
465.468945 920.381799
464.418148 911.959670
465.002597 916.154528
463.864087 838.508205
470.375862 832.056054
466.439731 836.166231
467.165433 837.653932
471.832070 830.821452
462.252493 839.955448
466.995921 836.334406
472.355154 830.212191
466.254649 923.979803
467.216222 927.265332
468.525534 930.392279
467.012419 927.012339
467.298175 927.925329
467.712989 928.968767
467.861591 929.496649
466.646515 925.670066
471.399692 939.473335
471.781697 940.511887
469.276828 933.497484
471.329162 939.400789
473.257481 944.075734
470.818369 937.988210
472.722847 942.642645
471.164458 938.723209
477.126938 953.381421
475.925043 950.601184
475.582391 949.728335
472.658900 942.718965
477.212165 953.095818
474.744938 947.864034
474.349327 946.897991
473.571762 945.003997
474.613371 827.243814
473.399154 828.830926
478.024970 823.104209
473.047432 829.448445
478.562888 822.128556
478.302284 822.694730
475.196403 826.441106
476.419083 825.014761
480.879466 961.155838
478.878675 957.005655
477.096384 953.269647
478.479430 955.981444
482.428224 964.015411
476.401950 951.730442
481.017253 961.478908
479.454844 957.714837
478.808390 822.295592
482.005314 820.033070
484.057838 814.453501
483.343531 817.458889
483.183057 816.937111
484.049196 818.842118
481.912189 819.241532
480.708960 819.202318
486.351418 969.681755
483.860896 967.420093
484.186811 967.463889
484.028137 967.766782
487.421186 970.467069
483.540889 966.754467
484.832922 968.704571
484.205940 968.113618
483.806355 812.186242
484.840588 813.322694
483.495152 812.404776
485.999397 812.238372
485.277924 811.559476
487.010034 810.579337
491.994448 807.283463
487.909802 809.885049
489.189729 973.321483
489.544874 974.007951
485.882945 970.141053
484.753459 968.684810
493.951321 978.369291
489.967086 974.595502
491.082532 975.726872
486.406469 970.760893
495.378348 493.371454
496.536492 497.306129
494.242469 492.651011
496.589597 489.547073
495.822417 490.405420
493.978560 492.577403
494.876011 492.143186
494.892839 495.884875
495.415273 498.415828
497.010183 497.161466
495.044809 500.591235
496.647705 497.758665
496.253496 500.877854
495.288951 500.203401
494.164032 502.294566
496.700802 497.697058
490.034396 510.685482
495.141947 513.585693
491.612809 508.105554
490.716957 510.542796
493.465293 508.422146
490.935258 509.853877
489.964205 510.712993
495.484412 509.557570
493.457525 518.512443
493.914456 520.579045
494.374895 518.769541
494.334010 519.027281
492.408217 514.518999
493.434006 523.590751
493.253343 523.235424
493.390174 521.289139
492.591731 536.402865
491.366389 528.960757
492.684568 530.504281
492.611051 531.599683
492.333881 535.432740
493.096685 526.595791
492.864696 527.664739
492.487269 531.307791
492.908229 542.656772
495.236744 545.919696
492.290026 541.978224
491.836571 542.810109
489.721664 548.774995
494.390650 544.957590
491.761799 540.494794
494.606890 544.405304
495.900108 550.102644
496.846596 556.092688
490.134152 551.024992
494.101550 552.952303
496.172947 551.246035
496.389981 554.879280
491.262286 550.946214
490.724675 551.064820
491.996895 557.682777
496.128403 565.814029
496.239989 562.351200
492.897968 563.439728
494.608360 563.308264
495.052200 565.208371
496.130625 565.255113
493.084317 563.543661
494.528135 565.338410
492.807590 570.697617
495.920592 575.653742
496.436819 566.584826
498.242487 569.216718
493.607699 570.590079
495.486012 565.676343
495.242092 574.750837
495.070980 580.977254
493.435898 574.601215
495.434957 588.919185
492.856627 583.080864
496.541418 584.066079
492.390989 581.700589
496.075449 581.133964
496.239682 582.149138
496.515298 596.182666
493.209250 587.736504
493.369602 587.151053
493.138185 585.905230
496.500891 593.059911
495.644175 591.714028
494.265510 593.115177
493.247160 586.536001
502.179129 801.091735
495.821792 804.602064
495.835308 804.574057
496.507180 804.182591
496.183047 804.325914
496.486676 804.576399
494.543108 805.481544
498.224793 803.456289
496.305407 981.954731
500.026766 984.605110
495.664108 980.939885
493.586628 978.576317
496.018883 981.089417
496.124988 981.593233
496.345594 982.046877
496.212519 981.784348
501.701822 481.009100
500.247316 482.512553
500.983242 481.602990
503.054227 476.523492
501.634298 480.963549
498.928966 484.831880
501.197235 481.188697
500.295693 482.520859
497.139145 602.184015
498.520703 602.046654
501.047528 599.633649
498.315718 604.505361
496.592110 606.454658
499.397586 601.723344
496.446440 599.933016
503.307181 600.675585
500.559452 610.458097
501.721991 607.382353
497.806196 611.535143
494.290657 614.343539
500.316106 608.790764
500.100357 610.441156
498.935804 612.307979
501.368184 611.908206
501.469276 621.189967
499.137887 623.429630
501.172697 622.448815
500.010618 622.170776
504.356816 625.913491
494.960572 615.249941
502.549367 621.761094
500.294253 621.232949
499.052450 628.644246
499.107483 626.178851
499.779104 631.496644
499.676027 630.336705
499.916327 631.364986
499.710851 632.173775
498.553982 626.771215
503.670173 638.739864
504.488198 473.694686
504.700250 472.773877
502.692189 477.372840
504.261384 475.065295
504.739036 472.807616
502.236214 478.272595
504.507670 473.144011
505.301044 472.729269
500.248933 634.750590
501.655746 635.392419
502.083922 641.450912
506.833025 641.491235
507.948495 643.077774
503.575474 637.780232
501.211678 639.145473
507.232469 642.905369
505.898664 651.806044
502.823147 642.114270
504.865908 648.589869
504.782481 648.736187
506.673968 653.719515
507.207229 654.120609
506.994446 654.324603
504.787874 648.511785
506.971961 993.845941
505.662591 990.917442
503.908206 981.732077
500.364013 983.696039
505.463031 990.771845
504.251519 987.720084
504.777554 990.010099
505.187916 990.490227
505.654317 799.099827
500.300002 802.784369
505.416069 799.441241
504.612244 799.727845
504.418568 799.853154
506.890223 798.475386
502.974730 800.815260
510.737306 796.457663
509.156379 998.488404
509.196142 998.444094
512.253136 1002.749209
510.000622 999.718026
506.646407 994.260324
510.693427 999.341259
510.733713 1000.736233
508.705789 997.687196
509.082496 658.237741
511.134442 661.764459
506.190075 652.468871
509.893315 659.488219
509.992705 659.824451
509.388526 658.631873
510.099684 660.089376
510.130059 659.477336
514.610550 462.449925
515.089957 462.252375
515.920559 460.954316
513.197908 464.399316
511.113163 467.201971
515.946265 460.923443
516.327219 460.691712
510.467045 467.120527
511.530514 796.253717
514.431715 793.800078
517.440921 791.914549
511.024189 795.916423
515.489222 793.187892
520.140828 791.058570
516.006138 792.350507
514.510313 793.921954
516.416179 670.600170
514.415864 666.935386
514.343987 666.942532
513.107568 663.945002
516.306794 666.350910
516.572052 671.344877
512.826782 664.619725
514.864345 667.493968
515.407747 1007.400817
515.801017 1007.638227
513.336636 1004.421222
515.302999 1006.808388
516.476685 1008.969357
515.103739 1006.903973
512.969506 1003.918974
514.224490 1005.674782
519.914880 1014.121770
520.794451 1015.429599
520.473208 1014.956099
524.205288 1020.548699
519.871803 1013.997913
519.623687 1013.682228
521.317984 1016.123698
521.094595 1015.687410
525.834168 456.359700
524.336144 456.886843
518.999289 459.623872
525.850489 456.138989
526.069521 456.548901
524.111862 457.087510
526.325070 455.899276
520.343151 459.122697
516.899610 670.813777
520.094955 675.450896
521.110982 676.551466
518.089790 680.470304
527.123557 680.492578
520.171338 674.407900
523.475319 678.292157
519.144173 677.240206
522.502156 789.367928
523.288532 785.054424
523.922915 787.095115
524.316002 786.543346
523.391461 788.690589
521.901777 789.152516
528.172358 790.069544
522.349937 788.848045
526.889536 1024.508380
528.803727 1027.146874
525.685729 1022.845367
529.238026 1027.656348
526.602388 1024.164705
524.155793 1020.476038
528.980186 1027.377049
525.824627 1023.046176
538.731271 449.716415
536.463343 451.151741
531.236991 453.428867
531.967934 453.133588
531.577810 453.255846
531.758443 453.099659
530.970224 453.596368
532.025983 453.129401
531.748978 683.090152
528.066598 681.025144
531.759147 682.640701
529.987387 681.819803
533.068803 682.933248
526.435594 680.086991
526.436140 680.654788
533.783555 684.448356
532.586412 790.478695
532.973604 789.009654
532.140781 788.954813
531.374576 791.129003
532.990597 789.032058
532.366057 789.315753
536.760006 790.219243
532.310320 789.191227
535.750518 1036.077288
532.848307 1032.183656
530.107753 1028.801249
533.489006 1033.087717
532.057051 1031.260450
533.481049 1033.058508
532.692688 1032.083797
533.651538 1033.280925
536.740084 685.530873
535.836743 685.330302
534.369049 684.780251
534.417908 683.924330
534.333633 684.769195
541.133107 687.081336
535.721898 685.306677
538.910671 686.310424
538.285398 1039.398740
537.907956 1038.903019
539.843216 1041.323106
539.199922 1040.546515
541.260655 1043.273594
537.449915 1038.233313
538.967785 1040.213538
536.394441 1036.889994
539.604349 449.887643
541.506874 449.992616
542.777412 450.598397
538.439034 450.019255
537.716233 450.326259
545.561260 448.540607
544.682844 448.780738
537.014907 451.619061
540.596679 790.917832
540.546608 791.606762
542.608088 791.565606
543.888729 791.877481
545.944579 792.312730
544.713315 792.030438
547.043600 792.637206
547.207880 792.772899
542.453885 1044.649892
544.832615 1047.583944
548.851319 1052.687124
543.927382 1046.447085
546.164457 1049.267745
546.492134 1049.593961
544.812541 1047.609644
545.580274 1048.520033
549.797016 690.394049
546.863345 689.558729
550.371747 690.639888
548.998820 689.531028
549.894507 690.740459
551.538896 690.389679
551.522699 691.351009
548.111154 690.039924
552.448069 444.771826
551.653592 445.147461
551.703750 445.099916
549.837011 445.940439
552.082286 444.920098
551.826937 445.031408
548.589866 446.211400
549.329413 446.506803
555.317611 795.172200
549.260035 793.236291
553.114218 794.298402
553.211577 794.350145
549.157015 793.938766
548.357354 793.069291
552.999863 794.272747
555.144522 794.969327
554.143773 1059.980351
555.144609 1060.073036
556.118901 1060.880679
554.001540 1059.463749
551.795632 1056.469340
552.672046 1057.395519
548.879070 1052.781610
548.441348 1052.203552
558.378926 1066.456063
557.324233 1064.632256
556.682349 1063.862027
557.158357 1064.557635
556.366394 1063.330137
558.336412 1066.419006
559.904489 1068.881244
554.041401 1059.873894
561.989535 695.421539
554.989737 690.831225
556.921080 692.722220
558.335094 693.643905
559.002936 694.180746
561.794452 695.392410
560.139211 693.983714
556.746019 693.077751
565.030412 438.841773
565.755527 440.457474
563.194117 440.279684
558.425997 442.951971
564.635265 440.370353
565.087944 440.567815
564.122615 442.455524
562.315490 440.853524
562.306084 797.702278
564.096437 799.317569
559.532864 796.647635
568.018568 797.640587
566.251738 798.113897
564.873151 798.735577
564.853331 797.889087
562.107409 797.934965
564.057336 1074.798176
563.104731 1073.835447
563.537657 1074.450622
566.194088 1078.508265
561.316585 1071.096849
563.000956 1073.626302
562.056486 1072.213892
562.563104 1073.015013
571.098403 698.602299
566.975808 697.747388
566.926769 697.696440
567.448924 698.114522
570.115560 698.295573
572.616045 699.219172
566.567370 697.354765
567.611354 698.281527
568.663526 1082.297274
568.535974 1082.112100
569.037427 1082.475597
569.591633 1083.615226
568.900414 1082.489160
569.720600 1083.792444
568.274806 1081.669186
568.583961 1082.191405
572.625813 805.796443
571.791919 805.479665
569.731122 804.234644
570.908922 804.329833
568.640979 802.284718
566.337784 803.699596
570.898703 804.512900
576.591809 808.236307
577.188752 433.287111
579.604247 432.524606
569.927148 436.495341
572.942324 434.839782
574.557964 434.014893
570.652039 436.502646
572.691124 435.009840
575.028069 433.939816
574.223381 1090.926796
576.883346 1093.120471
573.298727 1089.147117
574.176400 1090.891790
570.380655 1084.810014
577.606314 1094.151268
573.876043 1088.246130
574.190429 1090.921402
578.051399 698.877471
571.908909 697.509446
578.555360 698.959366
577.816102 698.720895
575.385467 699.197600
570.497138 698.069173
580.618821 701.853149
581.769005 700.397144
581.077485 1098.120527
577.706427 1094.475375
576.003414 1092.705765
576.384610 1093.096342
581.078899 1098.238256
583.750596 1100.180761
579.765243 1096.743906
582.337421 1099.281436
578.904602 809.713832
575.818811 807.650991
578.859462 809.744987
581.645338 811.144563
576.890576 807.992873
579.105460 810.073899
574.078087 806.469939
580.726108 810.735573
581.002300 431.427528
588.284876 428.690760
586.498200 427.975658
579.019840 431.715937
587.921498 427.311936
581.741815 430.729556
582.641499 430.564776
583.435733 432.334173
589.744933 700.469129
585.075015 700.900729
587.016717 700.468650
587.437618 700.518926
587.485069 700.946673
582.005515 703.524924
584.932425 700.582180
587.064950 700.324674
591.247654 816.460919
586.257148 813.832813
582.102174 811.707269
588.862962 815.902787
587.294037 814.634195
588.454402 815.526512
590.038989 816.523400
587.735889 814.990397
591.048829 1105.186455
592.113206 1105.659816
589.367005 1104.289212
587.979326 1101.869922
587.634895 1103.117239
586.799972 1102.581175
589.027107 1103.960782
592.393477 1105.598802
588.669883 426.205944
592.008764 425.737236
596.034292 429.341859
591.127247 423.774633
586.537719 428.280056
590.370577 421.844398
591.279128 422.628584
592.422166 420.815042
595.048537 821.166137
594.565085 820.321178
595.618256 819.851467
596.090851 821.847267
599.472969 822.860060
596.413662 821.578460
600.040221 818.157711
598.573071 824.338368
595.580653 700.251608
601.980250 700.170683
595.224924 701.001473
603.792811 701.157023
597.764335 700.386115
595.176082 700.636656
595.364810 699.501342
598.571063 700.610115
598.194815 1108.085828
598.008379 1108.205503
599.473843 1108.545284
595.616435 1106.964777
596.833019 1107.902207
597.322551 1108.218411
597.409326 1108.240896
601.601695 1108.826309
602.689563 432.592217
597.036723 429.043180
605.133318 433.982009
602.696843 432.176112
603.057881 433.354180
600.194789 431.004617
603.034013 432.982417
602.478976 432.187674
599.739518 825.066425
603.554836 829.116112
602.964957 828.959067
607.718832 833.544656
605.553420 831.092328
601.286260 826.305005
607.429898 832.208499
609.630809 833.609473
606.358262 700.088447
611.964611 703.347108
611.173826 698.541626
603.821331 702.368336
605.589888 700.236234
607.000500 700.312990
612.726869 700.605551
606.820556 700.238738
614.138606 1109.878121
606.176786 1109.069114
611.483043 1109.661832
604.491707 1109.082740
609.861943 1109.493132
602.257967 1108.772443
603.407907 1109.018370
603.782383 1108.984803
604.457716 433.814744
610.890869 437.514246
609.529360 436.855807
608.516291 436.271126
610.776945 438.210465
609.303824 436.832820
613.038957 439.195829
608.336397 436.333041
610.441157 836.904464
612.920119 839.257171
613.337667 839.604773
606.626167 832.677957
610.518780 836.961200
612.894901 839.328068
610.034290 836.365333
611.377432 837.784869
614.905042 702.605587
615.539140 702.575778
616.701069 703.489710
616.177333 694.762238
613.397893 702.246607
615.804568 701.588233
618.577612 705.637743
616.544764 703.553761
617.100804 1110.131072
616.288528 1110.052560
616.161735 1110.038609
617.004957 1110.118027
618.134939 1110.236630
622.374467 1110.685028
616.946158 1110.188415
612.301514 1109.768603
615.282794 440.779525
616.553714 443.160014
613.073642 439.197633
612.748052 439.065019
616.310201 441.165042
616.743443 441.317050
617.308514 441.829345
616.395843 444.330993
619.086145 842.904961
623.042585 849.798606
620.148029 844.408836
623.773500 848.532613
613.548643 839.746832
624.105566 848.024614
621.205298 842.190579
614.421517 840.350678
620.767037 267.556582
620.800682 271.331237
620.399205 269.680917
621.531765 266.577616
620.145294 272.633088
621.388881 267.110346
620.710427 268.331586
620.867211 267.586159
621.107329 280.545055
618.853687 279.740893
620.888504 278.277988
621.747396 276.522198
620.046293 272.386093
618.600468 279.790923
620.513699 276.704919
619.544139 274.672452
618.642133 283.431648
618.916384 281.431940
619.271638 280.499902
617.830399 287.544984
618.130955 288.386113
622.127646 292.669360
618.270892 286.015213
619.848896 279.852898
623.247966 302.768286
618.662020 298.778835
618.207991 291.977354
622.822816 296.399296
619.154086 297.593933
618.431353 295.888856
619.112920 297.680231
623.618774 295.401666
619.705189 307.877344
624.396543 311.562094
616.936161 312.090133
617.173845 307.971120
622.026936 309.968532
621.238450 309.172454
624.019352 307.421412
618.362441 300.541808
622.996792 854.779563
624.322749 855.176945
622.432564 855.059439
622.213677 854.767930
626.736514 852.831719
621.596097 859.820579
623.215144 854.912248
621.909736 853.775077
626.501932 257.327404
626.124930 257.464859
627.686581 256.268401
625.456267 261.219403
625.808805 257.630753
625.174719 260.206621
623.359237 264.183027
623.851515 262.748286
623.754780 316.032808
629.332961 312.033300
624.164324 318.875010
625.972439 312.145506
625.141752 314.230160
622.723406 317.962274
623.810662 315.905044
623.358141 312.094815
622.846710 326.161810
627.266549 327.481044
623.937907 329.047306
623.414850 327.443292
622.644981 324.370382
626.385748 332.598919
624.374802 328.660726
625.167778 331.188001
623.599190 330.403176
624.504295 334.568633
624.946336 337.012328
624.682377 335.706720
627.424215 337.961257
624.604756 335.175981
624.491960 333.222448
623.091928 329.291732
622.001192 709.365074
619.515371 706.346396
621.541273 708.867770
622.613648 710.666020
620.054591 708.103927
623.139975 711.787569
620.919591 711.248524
621.905930 709.189249
625.878847 443.928632
625.915294 446.741025
625.159446 447.352982
619.999619 443.586005
625.538780 447.568510
622.615710 446.067518
629.644546 450.216968
627.049555 449.190780
626.966415 1111.129837
628.427269 1111.287629
627.478033 1111.252696
627.498475 1111.107865
629.661716 1111.152279
625.875333 1111.099408
625.826518 1111.092925
630.949229 1111.345963
624.865834 343.479479
628.016301 350.042985
626.965926 346.940658
630.219991 353.167372
627.190680 345.456443
624.959609 340.877103
627.982163 349.071677
631.921381 349.786286
626.362000 349.154504
626.065723 354.183987
627.745779 349.324784
632.506165 359.079576
627.258190 357.720594
623.921822 358.673058
630.261595 356.532476
630.903757 359.605467
626.690236 718.352704
626.901335 718.999241
627.080247 719.533761
623.355935 712.886213
625.725599 718.189387
626.721288 718.357373
625.222209 717.972062
625.454735 716.362589
629.994561 730.688438
627.924873 731.921259
630.656262 731.305885
624.802269 722.198087
630.637193 730.558937
630.263856 730.406544
627.800263 724.906545
628.600442 728.615245
629.885109 737.577209
629.777879 735.614993
628.552734 736.789545
623.932950 732.341092
629.315489 737.639751
628.014876 738.763337
630.683122 737.625753
626.164980 732.869095
629.732396 862.053950
632.294988 859.956016
632.028002 861.361266
628.807926 859.520380
628.508260 861.817540
631.629226 856.858064
625.860480 860.598316
636.096481 862.391970
633.257056 250.217436
632.677393 250.772966
635.391265 249.685972
630.901543 252.521737
630.416238 252.902366
630.022874 254.100811
633.456322 250.641268
632.636550 250.662290
633.280213 454.581420
633.306686 454.602538
632.616883 453.887258
638.317964 457.224793
633.570803 454.724410
637.915416 458.360755
635.538420 455.318274
635.486930 455.552981
633.968717 364.216074
630.781404 361.520562
634.962877 365.742685
634.062794 363.714177
632.079980 362.926577
632.917896 360.040430
632.934526 359.652476
633.339295 364.434292
632.496997 747.077560
631.690353 744.864592
634.854968 753.370944
631.307314 746.237362
633.842587 751.064984
631.651772 745.597559
632.186051 746.329200
630.724552 741.173781
634.794168 753.846160
634.679224 753.805776
635.065412 757.837736
630.588006 757.643114
632.794965 756.157983
635.983495 758.420997
635.132106 754.795210
635.791907 757.257184
634.987678 764.215721
632.597488 761.326566
634.866539 765.812268
634.126069 763.971879
632.951172 765.541403
634.466534 762.282359
634.313691 766.973117
634.837832 763.058552
627.699232 776.696126
626.912814 775.844857
629.937669 781.512189
634.523324 778.385873
634.089077 778.834782
631.680637 776.185383
635.396313 784.239542
635.258335 781.133578
633.693523 787.816303
633.139113 783.045014
633.375161 786.512011
635.473502 790.494286
635.707305 794.316933
628.457002 786.520038
634.655381 786.885415
634.615471 786.750103
634.977669 798.349587
636.017881 796.131860
633.099800 799.580658
637.287259 797.299958
634.436414 795.965535
638.757881 796.151219
630.337466 797.133629
630.896469 801.803039
636.346540 807.704721
634.966980 805.232030
634.896839 802.739641
635.864692 806.550027
633.124819 802.265873
635.116374 799.685057
636.357905 810.656624
633.321693 799.046243
631.114506 818.125408
628.953477 813.931251
636.449555 821.143976
636.639461 816.762221
635.091365 817.302437
631.401979 818.554777
632.154792 820.230855
636.363909 819.088942
632.874382 819.492609
634.719394 824.867900
629.399073 830.542192
636.633843 821.122888
632.425752 830.563544
634.459749 826.412764
634.875303 821.621179
633.789177 831.509559
631.890971 837.929050
633.238975 833.565607
638.314664 840.361889
637.976544 832.292358
629.894063 839.862861
630.226865 840.149687
634.773568 841.813594
636.961544 838.339317
630.620176 847.613815
637.098910 842.805339
630.217404 841.661689
635.157571 848.911922
633.863915 844.567162
630.733167 843.210722
634.243881 845.946641
635.646259 854.365937
634.885549 862.967847
635.328005 863.713541
638.022356 869.901444
638.601906 869.157753
637.965608 869.341205
637.509029 869.153720
641.235124 875.079493
638.826122 873.615750
636.062140 1111.429231
641.406678 1111.148716
635.452921 1111.518948
642.641173 1110.674451
635.023823 1110.681002
638.919814 1111.343503
640.109443 1111.251817
635.192855 1111.495014
639.152804 372.776889
641.206598 377.765824
638.711902 371.735383
637.931317 369.710432
638.669838 372.816830
636.951848 370.276110
637.575000 370.760152
639.302550 373.470609
634.957633 857.922016
637.327645 864.170420
635.531802 860.019120
634.543132 851.687359
632.194831 853.360006
635.807399 853.736050
634.759490 851.115671
636.342769 856.657933
642.164155 459.458333
641.753882 462.730726
643.465368 465.464307
641.391618 461.683343
640.443559 459.260214
640.894352 460.003250
643.869641 457.919802
642.998075 462.013802
640.274462 244.962224
637.429677 247.341739
644.299534 241.895746
641.722749 243.896531
641.399022 244.047210
637.137872 247.868437
643.151329 242.743692
645.434358 241.113460
644.574085 382.759871
643.633163 378.606884
644.781745 385.004869
642.846664 388.442739
645.472800 382.323916
642.696529 378.830502
643.672979 381.460642
643.971198 381.789284
643.016649 878.537053
641.606754 876.948980
642.941717 877.769976
643.294885 878.513731
645.415627 892.933047
642.593413 876.982198
642.590316 877.610966
642.166149 876.233936
650.014495 1110.384783
647.985886 1110.467716
649.868300 1110.213346
649.014732 1110.397715
651.286223 1109.750629
649.604021 1110.558823
651.964541 1109.556140
641.902068 1110.938705
649.909494 464.664669
650.207551 470.576620
646.060315 466.494263
649.228958 468.122549
649.762405 467.555774
649.503679 469.806490
649.984210 468.800330
649.086560 469.356518
647.300574 239.930761
652.246023 236.538810
645.775008 240.848035
646.029563 240.684654
651.076793 237.235976
648.705274 238.880423
644.574119 241.689832
646.616409 240.312074
652.160686 389.794812
651.597227 389.913298
654.282358 394.530731
653.394080 389.838710
649.471875 385.575128
651.060541 389.689835
647.340336 393.223127
649.256760 391.566665
654.811487 482.383653
651.141757 473.415953
654.922734 482.944594
655.797700 484.364090
652.816440 476.389736
651.982435 474.593212
651.794761 475.984900
653.004512 476.644178
655.975945 488.982406
658.342023 493.138086
656.979410 489.459695
655.725049 484.104407
656.916723 487.883628
657.984439 491.193063
659.150697 493.776170
656.656368 488.165435
657.562238 1109.815825
658.993559 1109.922671
654.603730 1108.582132
651.509362 1110.433311
656.872287 1110.220701
661.481101 1109.986368
657.433426 1110.030635
659.144288 1109.965907
663.421068 229.632576
655.877357 234.199430
655.089361 234.613497
663.453825 229.557069
663.273134 229.254790
654.413008 235.081122
659.072671 231.803669
660.895067 229.047823
659.907110 499.812944
661.571074 503.977493
664.373231 502.388694
659.158521 493.993785
660.439314 499.387239
657.561883 497.188071
662.932211 500.546735
660.408899 496.644426
658.269689 503.146898
659.548948 503.772161
657.887670 501.925517
661.553688 504.240841
657.774672 503.241438
657.174246 502.990274
652.169053 501.124397
661.430171 504.428487
667.155138 391.814223
662.252268 390.105802
662.935514 390.460529
662.276008 390.160585
668.142474 392.158496
660.777592 390.006095
658.784673 388.715211
658.172922 388.946131
669.195051 1109.978652
668.954429 1109.933090
668.045788 1109.972224
665.190736 1109.763189
660.615992 1110.021628
669.122409 1109.994456
668.493471 1109.980342
661.006831 1109.701997
668.011288 227.209776
669.929702 226.264996
666.034986 227.738414
666.156767 227.809659
663.277217 229.577566
667.944700 227.191924
667.943026 227.063821
668.361293 227.011732
675.547938 507.773809
676.889855 507.766844
668.990166 506.775825
677.307162 508.078385
668.820875 506.774926
670.613547 506.379027
666.130692 505.742614
664.835786 504.278006
673.585816 395.524511
668.277277 390.705729
669.989230 395.219560
668.720079 392.131915
671.330455 392.724091
669.814751 392.866623
669.383325 393.254415
675.458897 393.918231
680.781559 1109.777343
678.750625 1109.782442
678.109274 1109.786540
676.544987 1109.802540
681.731414 1109.797104
676.536658 1109.801537
679.133318 1109.805888
677.102609 1109.788396
676.947266 222.862755
678.778668 222.081421
681.012805 221.115491
676.791270 222.948909
679.039012 221.943665
680.429800 221.752009
675.526444 223.521774
682.641620 220.363502
680.469092 508.318699
682.493877 508.137115
678.972566 508.187421
680.347933 506.415664
680.059678 508.310738
676.488459 507.815309
678.689496 508.208653
679.550809 508.250546
682.328849 392.858783
681.651834 392.563219
682.327704 392.249959
686.580832 392.137279
683.239011 392.178917
680.962512 392.301937
678.922641 391.813281
688.836545 392.371214
686.810450 1109.593616
685.527741 1109.892260
686.930713 1109.946548
684.044003 1109.837532
686.613032 1109.871460
687.672864 1109.843912
687.030573 1109.947100
685.092826 1109.878753
690.050314 217.671310
690.929855 217.737559
693.853118 215.853400
695.505229 215.782909
691.472367 216.936695
688.734601 218.078892
686.122593 219.081915
688.843418 218.054390
688.992632 507.878105
687.369094 508.135460
692.288401 508.117795
694.638131 507.987641
690.850769 507.950423
689.405145 508.170968
691.471409 508.041706
689.769823 507.688355
696.317903 390.191074
690.706554 391.746979
694.357727 391.251922
691.547528 391.727958
691.091731 391.624529
686.386529 391.872055
696.437534 391.537952
688.059847 392.149128
693.688753 1109.702030
697.095000 1109.691079
694.878111 1109.633580
694.677821 1109.455724
696.990708 1109.736857
690.045001 1109.790996
697.073567 1109.708557
692.158368 1109.737569
697.801261 214.801058
694.497951 215.720155
698.780686 214.599761
700.120213 214.501111
697.836814 214.806425
704.893840 213.175010
701.774050 214.342017
694.006137 215.792624
698.307293 507.924126
699.158823 508.126943
702.481941 507.203155
699.797133 508.064821
699.087726 508.195033
698.997703 508.174351
702.341898 507.121949
700.547992 508.079564
700.313468 390.196568
707.187673 389.739459
701.734587 390.138124
699.465478 390.621097
703.573072 390.133127
705.457367 390.590838
701.729059 390.135148
707.135801 389.263726
703.726385 1108.653297
710.323975 1107.689672
706.574702 1108.155551
706.103271 1108.314756
710.288259 1107.711687
699.790938 1109.207498
708.740036 1107.874744
709.627204 1107.371418
709.193747 213.579387
707.957745 213.464910
705.955834 213.181212
709.009737 213.353098
705.298177 212.500196
705.080041 213.969706
714.115038 211.450190
707.972729 213.437367
710.253878 507.983283
710.905814 507.994311
709.504695 508.045292
714.582965 507.915898
707.906648 507.786582
711.076498 507.403949
707.359613 508.110270
708.595849 508.063972
711.296133 394.088432
711.334959 390.215909
712.639989 393.756369
711.107758 390.022332
711.473870 390.724005
710.329588 385.123309
712.386578 393.179394
714.231083 395.826095
715.777338 1106.822980
718.880985 1106.127890
712.356154 1107.386102
717.303882 1106.520455
715.319498 1106.911278
718.527766 1106.262902
715.830317 1106.781244
716.377765 1106.715314
714.614917 212.705284
720.274596 212.355191
721.173953 212.799491
719.540377 212.993606
719.622696 212.874991
714.199207 213.389975
714.649755 210.896389
720.587796 212.956465
714.843791 396.680762
714.585025 396.221427
712.342007 393.729885
715.845143 398.823162
716.511820 400.419347
715.966352 400.179697
716.222172 399.534440
716.322199 402.432466
718.429824 409.087095
718.347415 406.465833
720.802706 412.531989
719.780135 411.535136
719.051358 408.409722
722.130821 415.494978
717.766450 404.282522
718.792009 407.780259
719.168376 509.617032
720.408644 506.635393
721.370318 505.240151
717.891349 508.767989
720.437240 506.841592
723.359032 502.628123
718.960117 507.412648
719.034748 509.554371
722.030846 415.004505
724.773685 421.752823
723.403887 418.337269
724.084237 419.859113
722.386213 416.734242
723.022624 417.387349
719.677800 414.371960
723.466015 418.567258
722.506104 1105.236947
723.894723 1105.177976
726.102396 1104.589151
723.358972 1105.287351
720.842672 1105.716648
724.898889 1104.938147
722.122689 1105.547659
727.011520 1104.436098
727.984886 211.781195
727.574253 212.466518
726.795702 212.650917
728.666159 212.482793
726.745038 212.467874
729.432127 212.300547
732.659505 212.069913
727.933868 212.507435
726.980922 427.298337
727.191804 428.165666
728.171727 432.073365
726.516085 425.896553
728.280030 432.166759
726.766515 426.767113
725.544139 425.304001
726.422439 425.857057
728.863512 436.075512
729.127198 436.953008
729.123803 436.936785
730.058398 438.991947
729.131967 436.934412
729.541652 437.960509
729.731380 440.069526
729.266792 437.743986
727.844088 497.998175
726.270529 500.048908
726.503508 499.961724
728.493161 496.781739
726.842674 499.524488
723.228483 501.295436
725.032973 500.613168
726.278443 500.207066
731.823124 447.620852
730.361721 441.940098
731.604677 446.965242
730.858569 444.591006
731.530202 442.874049
730.050946 443.291904
731.131001 446.735019
731.424556 446.142990
734.444750 460.579230
733.364423 456.579497
736.838478 460.559836
731.509018 457.120237
729.514643 463.178953
733.161632 456.426455
733.400093 456.940507
732.606311 458.756881
733.592691 490.408030
733.402454 490.983015
734.249105 489.432790
734.208951 489.985443
733.929465 490.174846
732.332095 492.287637
732.558713 491.920283
733.950733 490.605704
735.694419 1102.420494
740.143278 1100.185722
736.555500 1102.062410
735.429326 1102.450662
739.279928 1100.235766
736.592233 1101.973680
739.462233 1100.694280
734.924604 1102.609867
738.415795 212.877572
737.702442 213.124416
737.384501 212.790633
738.343569 213.081040
737.612223 207.339952
741.315803 212.268314
741.526897 213.148030
741.434006 209.486579
740.881816 101.739083
741.845358 101.361115
741.663520 100.100004
740.825791 102.865522
739.665095 104.956448
738.282478 109.282423
740.907421 101.604454
739.607532 104.882915
738.079234 110.304784
739.589942 111.375575
742.639199 117.416856
736.724616 109.836282
738.434059 112.945071
741.343929 111.613594
741.766451 114.600695
739.768684 110.286895
738.280797 190.285910
738.445559 187.654794
739.765203 187.656862
739.920780 185.953451
741.860232 185.262829
738.390979 186.403882
742.204358 183.062703
742.919051 180.401104
740.243779 201.333517
738.572695 202.271421
740.454762 198.776631
740.106182 196.457237
739.634861 199.519754
739.862249 197.610642
740.088879 192.821688
738.569901 199.754512
741.648195 466.161918
733.095114 460.834954
737.965421 462.637632
738.267515 464.550313
738.676208 466.105333
738.902122 464.375564
738.478233 462.501622
738.086235 460.303909
739.696612 482.396212
740.780173 481.107058
739.557252 482.532557
734.220888 487.246989
739.406616 482.442284
740.721806 479.818940
739.727828 482.352723
740.382828 476.421236
746.461140 90.367301
743.487592 97.149939
745.759062 94.856320
746.586140 89.595091
747.484827 88.118602
747.446636 87.587955
744.620135 94.526419
743.249596 97.833265
743.738370 119.639509
744.789271 118.722124
746.466462 124.187728
744.962775 123.787326
744.666653 121.371241
745.553604 121.414698
748.322652 123.292239
744.042574 119.539010
742.803475 177.945250
741.942775 179.998952
744.903377 172.373547
743.195050 181.028727
741.556632 176.354898
742.720740 178.591144
743.858169 176.122097
742.541722 182.461103
744.143673 1097.993602
747.991228 1095.186674
744.615339 1097.968274
743.587325 1098.572657
743.050752 1098.895303
742.512497 1099.207726
747.920649 1095.985740
743.175039 1098.657250
744.712465 471.504281
748.623013 471.005795
743.731292 474.705104
747.885735 470.673513
751.972600 465.502655
750.808891 473.964699
748.523271 471.178787
748.145147 470.384027
749.155211 82.054749
748.067332 83.731822
747.470691 84.280592
751.361033 80.401529
750.019994 81.507121
749.148890 82.067392
748.603202 83.909462
750.486878 81.278555
749.086964 129.817353
749.202223 120.456165
749.284727 134.412074
750.815956 136.202840
748.073321 122.702531
749.690156 134.792315
753.655295 127.263593
748.658073 134.881006
745.831501 145.473873
749.701914 136.103669
750.682983 137.768969
749.058846 142.140209
747.634841 140.719827
746.164819 139.690886
749.284463 139.014710
749.251412 137.712413
745.719581 146.266306
746.847164 150.155493
746.739964 143.086380
749.288879 150.126911
748.846610 150.307349
749.119095 149.520927
745.663972 147.248443
748.319390 151.103591
749.828832 162.282158
745.919294 163.628983
747.426743 152.242042
747.563150 158.435636
749.207605 161.501973
748.308579 160.321261
747.860125 154.458548
748.607923 160.186464
754.084605 1092.337211
756.479545 1090.736799
751.847209 1093.720646
750.713742 1094.230127
756.494264 1090.813376
750.614236 1094.340433
753.092747 1092.889279
751.051561 1094.006666
755.220233 76.913371
757.463933 75.179252
757.495703 74.952542
757.531574 75.140413
756.688492 75.823007
757.569028 75.125661
758.208924 75.327887
754.766343 77.284354
761.728316 1086.327456
760.164082 1086.877306
761.240624 1086.613551
759.886327 1086.905156
761.469216 1086.425138
762.120558 1086.066411
757.059471 1090.269480
757.042243 1089.841152
764.890330 71.269192
761.731908 72.824721
761.943675 72.730311
762.732804 72.283345
769.502629 69.256137
765.806327 70.973681
768.990929 69.515929
766.524051 70.534742
774.011668 1072.690576
771.382316 1074.278819
770.586216 1075.444317
772.307484 1077.326259
772.191690 1072.011415
772.700903 1073.633101
771.774980 1074.182113
768.963394 1077.441015
776.107123 66.336991
775.563741 66.205258
778.350453 66.864891
774.959220 66.793024
772.888039 68.024474
776.655164 66.494197
775.869002 66.364807
775.685916 66.467355
772.763684 1069.540241
777.308274 1065.604726
780.725340 1062.922409
776.657513 1066.828311
775.004988 1069.472108
778.227104 1064.615351
773.374412 1069.514286
775.238277 1068.047669
782.735181 1061.231053
780.047060 1062.871204
781.209680 1062.100046
786.488453 1061.492166
780.863938 1063.360576
786.398860 1057.849767
783.397673 1060.934004
781.453188 1061.689625
782.601859 66.960731
782.970841 67.410163
783.611334 66.814381
785.706418 66.570715
783.731855 66.547343
783.982018 66.985823
786.124242 66.574815
786.590831 66.699957
790.396106 1048.959927
790.327657 1049.288882
794.391447 1047.249250
792.283489 1046.548833
788.221823 1052.915491
790.059335 1050.120176
792.720159 1046.762039
789.826195 1051.113871
796.326576 66.247411
794.491420 66.568431
791.377504 66.392761
797.581474 66.787856
793.178080 66.468536
795.325040 66.500670
793.290991 66.387929
794.910904 66.267829
795.703459 1040.467609
795.258315 1041.655987
794.342816 1043.217804
798.936568 1041.012691
795.803183 1040.225622
795.551994 1041.123680
795.522392 1043.123759
795.997723 1040.843359
801.811593 1036.868823
800.790222 1038.658090
802.050705 1036.954615
802.743834 1037.368065
801.847394 1036.325722
808.052625 1040.329382
803.993009 1038.551515
798.683996 1032.975677
805.836723 65.974555
805.348327 66.048987
802.819536 66.396282
804.246785 66.029532
804.609204 65.930250
809.700263 67.184004
806.779745 66.704560
804.937998 66.396145
812.208794 1042.811575
812.165795 1042.819750
811.644394 1043.555987
808.721674 1041.789143
808.478895 1041.177944
812.126900 1042.652715
813.156702 1046.038618
812.033403 1042.373380
813.470395 68.654769
814.399733 68.770027
813.622740 68.847232
813.161944 68.120458
812.723550 68.190201
810.534029 67.490895
810.946963 67.559542
820.028526 72.902222
820.517230 1054.687335
815.424702 1048.111291
817.813045 1049.897968
816.591572 1048.615982
817.511307 1048.036487
816.761631 1049.244147
817.967301 1050.122494
818.401544 1051.194007
819.405418 1057.970807
824.825497 1059.151516
822.402967 1058.442231
816.502651 1057.853035
821.419782 1057.041995
820.880862 1056.870574
816.851840 1050.670995
825.403259 1059.101760
822.270152 74.091356
822.214824 74.128172
823.325067 74.665632
821.026533 73.549096
820.536061 73.305615
820.172888 73.330817
819.882416 73.145199
825.069535 75.552058
828.626586 1064.549518
830.748860 1065.463489
831.206532 1065.200287
823.224292 1062.119434
823.613187 1059.804594
822.043124 1063.400308
829.326302 1064.434516
828.918282 1065.038830
837.923307 81.317864
839.222079 81.541239
831.361231 78.948283
831.790525 78.923752
832.286782 79.209075
833.049607 79.914944
836.158138 81.195945
834.644516 81.049613
835.642486 1070.263521
836.109132 1069.572907
838.989000 1068.223339
836.856003 1068.916545
835.020648 1068.000857
839.502369 1068.787262
835.772911 1070.221634
836.172564 1069.759923
844.360162 84.712700
842.145372 83.554049
841.578836 83.110933
842.165189 84.622493
836.092210 81.579003
841.706105 83.177521
838.828013 81.565390
834.890745 85.613836
850.412370 1067.956975
849.577010 1067.989539
846.919732 1068.000716
847.591953 1067.498713
845.925216 1066.474280
842.540999 1068.465771
845.493289 1067.098579
853.005059 1068.496063
849.611380 87.544002
856.047994 90.307134
847.367525 86.857699
853.856053 89.307276
846.060263 86.985389
845.000743 85.265808
852.214299 88.734606
856.367935 90.408290
854.328422 1068.119668
857.152414 1069.849065
857.207110 1069.921112
855.806028 1069.244275
857.377711 1070.023664
861.105155 1067.022381
857.074733 1068.704037
857.299581 1069.967689
862.777431 93.149867
860.403113 91.934500
860.100411 91.867401
864.273006 93.645303
860.960039 92.162307
860.647860 92.067843
863.465264 93.333894
858.753176 91.174467
866.264420 1065.683379
867.598064 1065.302713
866.187216 1065.322001
861.513337 1066.686448
866.598115 1065.723889
861.530805 1066.677362
864.369859 1066.144856
862.376869 1067.244027
867.488325 95.115972
873.614670 98.036746
868.364021 95.339700
869.001405 96.032348
870.812060 96.746311
868.900812 95.875318
868.045965 95.087313
873.812627 97.591015
872.838914 1065.186607
873.900544 1064.962541
875.104335 1064.954465
872.196029 1065.118456
878.893646 1064.783336
879.223037 1064.805688
871.623749 1065.085978
876.921520 1064.908906
876.406983 101.308607
878.920075 99.325322
871.966345 97.212217
874.198427 97.941895
878.597825 99.638736
879.004443 99.399261
882.236954 99.392872
882.322606 99.977402
884.597039 1064.739874
890.627780 1064.461263
889.864906 1064.482716
880.379541 1064.754395
888.493914 1064.602456
886.221783 1064.711493
886.222388 1064.716028
884.943877 1064.744400
889.543920 99.796081
888.573766 99.773124
883.233159 99.744509
888.754102 99.738584
889.185039 99.703923
888.780728 99.658595
890.000698 100.416156
890.138185 100.228740
892.053127 1064.360150
896.653144 1063.967785
897.718440 1063.704480
894.651830 1063.908529
898.882579 1063.706593
891.054375 1064.458446
895.973462 1063.857488
893.478546 1063.969998
897.824910 100.575459
897.075074 101.080724
898.953154 101.050885
896.460026 100.785366
899.813745 101.089183
899.308646 101.091389
904.090771 101.605848
892.960861 100.244413
903.959350 1063.135871
912.019459 1062.408786
910.782421 1062.550513
904.692771 1063.082577
910.327504 1062.565581
899.283005 1063.690112
905.043477 1063.086830
905.867564 1063.039384
917.079218 103.079424
910.698860 102.239295
904.709812 101.609738
904.887104 101.672515
905.648560 101.643105
907.254152 101.974289
912.780588 102.496015
913.551959 102.415387
912.557144 1062.376603
915.474895 1062.035745
916.545922 1061.911078
910.679954 1062.556992
914.685098 1062.100453
915.719253 1062.020278
914.139246 1062.250637
915.377096 1062.041307
914.904103 102.564853
918.679449 102.961560
914.303815 102.536639
913.402234 102.497627
919.565797 102.491084
920.030947 103.353556
919.547180 103.336401
922.372750 104.123692
925.057618 1060.880269
923.408367 1061.079754
924.403760 1060.980646
931.301911 1060.198736
929.573986 1060.362334
925.303435 1060.855223
925.235007 1060.867730
929.787918 1060.358986
935.503415 106.224614
923.169023 103.957072
929.311911 104.933697
931.481472 105.378743
923.075033 103.947045
932.653065 105.569811
936.041087 106.403325
928.778726 104.800784
928.388661 1060.512318
936.328796 1059.734782
934.040788 1060.203250
934.802263 1059.902613
937.136858 1059.737855
935.848070 1059.729122
935.236782 1059.774437
930.931541 1060.398110
941.730850 107.974907
940.165229 109.264128
944.225337 108.657487
935.896246 106.745688
931.496525 105.587596
937.115311 106.583411
936.153118 106.907996
937.970964 107.323734
947.467013 1059.626060
945.048330 1059.558418
946.394486 1059.563885
944.998842 1059.735230
946.401882 1059.553821
947.758866 1059.587004
944.630095 1059.561241
945.042887 1059.556756
952.552482 109.110843
948.823685 109.073572
947.446136 109.021457
946.184616 109.015498
943.969375 108.768805
945.904028 109.034957
943.034843 108.515919
942.760727 108.680310
950.599150 1059.683806
954.629314 1059.847477
953.849701 1059.800754
957.120237 1060.149259
957.977072 1059.981628
949.912401 1059.675024
954.613980 1059.859671
957.844630 1059.961995
964.094027 108.975777
959.779425 109.009550
954.560664 109.095166
953.218715 109.098820
959.451852 108.913057
959.506072 109.012351
958.542896 109.044662
957.377594 109.038140
964.335010 1060.684170
966.820274 1060.913737
967.166185 1060.790609
965.396036 1060.723016
967.547050 1060.937437
968.727370 1060.959370
963.675940 1060.624129
966.675138 1060.572722
967.967502 108.965603
972.767261 108.806259
969.910028 108.877725
969.256349 108.960133
974.860216 108.768051
967.188468 108.967374
968.749254 108.971550
967.649679 108.973983
971.001897 1060.878547
972.858405 1060.661291
967.809287 1060.860720
973.614930 1060.737487
975.642940 1060.671121
974.867455 1060.694200
969.190163 1060.953731
969.845903 1060.893113
978.459928 108.798368
979.064492 108.826381
982.021395 108.912388
974.468266 108.686975
973.384059 108.836547
978.023295 108.378536
979.429197 108.867591
982.566389 109.090738
983.465849 1060.341150
985.714234 1060.222327
978.585405 1060.524428
979.903489 1060.448559
985.663910 1060.198074
987.130447 1060.132242
984.655166 1060.166290
980.927266 1060.430817
984.657936 109.344830
986.050262 109.369897
986.638094 109.445061
991.826855 109.850898
991.993063 109.848387
992.457923 109.780619
989.985170 109.714547
982.218571 109.025761
998.788774 1059.764896
992.251446 1060.007484
995.612439 1059.915436
987.947130 1060.139610
997.195148 1059.856714
999.356964 1059.797662
997.280881 1059.858383
995.698788 1059.911961
997.329311 109.295419
997.771745 109.372038
998.260056 109.438384
999.381026 109.453452
999.897360 109.708145
998.197121 109.439099
999.153039 109.565484
999.621350 109.752327
1005.227097 1059.557766
1009.255176 1059.320789
1006.214017 1059.500981
1005.245346 1059.661586
1008.086110 1059.392226
1008.808497 1059.382293
1004.967507 1059.577543
1001.455675 1059.699872
1011.166400 108.313535
1010.315993 107.527640
1006.509145 108.007674
1006.679527 108.355424
1004.883337 108.396607
1001.528503 109.080503
1010.044827 108.174164
1010.692837 107.855201
1010.022686 1059.301596
1019.099918 1059.068746
1014.430836 1059.058027
1014.161176 1059.066366
1015.098435 1059.102647
1019.981303 1059.141573
1015.751716 1059.047884
1016.447813 1059.062371
1022.816861 101.263041
1017.292757 104.078620
1014.987344 105.122938
1015.588229 104.872804
1017.710651 104.049656
1016.532458 104.517066
1015.968999 104.935017
1015.550177 104.897330
1028.100317 1059.380222
1025.080819 1059.139282
1027.239964 1059.387311
1020.022253 1059.235237
1028.258746 1059.047204
1024.620302 1059.091299
1024.095589 1059.220937
1028.033043 1058.880713
1024.292723 100.122639
1023.015064 100.809092
1029.615071 99.327447
1025.732672 98.652840
1025.137531 98.813316
1028.787011 99.103761
1026.185854 99.246929
1025.155031 99.687243
1035.642756 1060.093443
1032.606207 1059.686714
1036.883837 1060.246153
1034.357676 1059.641396
1035.304238 1059.172987
1038.581569 1058.517206
1035.193143 1058.876062
1028.804395 1059.345185
1034.475755 99.366879
1035.980967 98.793611
1042.422004 99.415631
1040.460295 98.431230
1039.127473 98.596307
1040.205093 98.376214
1038.117209 99.210558
1030.089062 99.769565
1040.907247 1059.033129
1037.739745 1059.480962
1046.627001 1058.272272
1043.174026 1058.713202
1043.431755 1059.134079
1044.894506 1058.996267
1044.315920 1058.592171
1045.579500 1056.031793
1045.840320 98.372991
1039.579069 99.804883
1046.742604 97.932181
1049.953975 98.055537
1046.370845 98.342327
1047.485328 96.625337
1046.402155 98.358240
1046.431804 100.332789
1052.468360 94.132962
1054.368906 92.848987
1054.423659 92.832369
1059.639655 90.061828
1054.265730 92.902167
1053.055447 93.897184
1049.756566 95.847802
1059.152869 90.366785
1055.773731 1060.070051
1059.545825 1060.480298
1057.890297 1060.103603
1054.102736 1059.957957
1053.693079 1059.998267
1052.094228 1060.002954
1048.692603 1059.044847
1054.630404 1059.965094
1064.018796 87.594505
1066.653973 87.328511
1064.131168 87.583446
1062.679906 88.475395
1060.759910 89.441763
1070.571815 86.745900
1066.335606 87.533512
1068.167897 86.738058
1064.740069 1061.047634
1065.278730 1061.273097
1065.135588 1061.128241
1063.736040 1060.878810
1064.190504 1061.470694
1064.148110 1061.020914
1070.010106 1062.541373
1062.431805 1060.721853
1073.157853 85.205513
1076.228018 87.716788
1072.552952 85.658168
1074.308720 85.098159
1074.208592 84.391888
1073.497706 85.186884
1080.699047 81.559145
1076.667600 85.001372
1080.151960 1064.132722
1074.469076 1064.421812
1072.958127 1064.000337
1071.239721 1062.931068
1072.888200 1063.882439
1073.103586 1063.909538
1073.817928 1063.604644
1073.695880 1063.558296
1083.831022 79.233883
1086.392111 80.252045
1085.511451 80.028972
1079.367753 82.365334
1082.976405 79.472614
1088.455450 80.095003
1082.665569 80.469014
1081.230672 81.781981
1079.277318 1064.252840
1084.725956 1064.890517
1086.124010 1063.944932
1083.985502 1064.828890
1087.235860 1064.221479
1087.507070 1066.755654
1088.684658 1067.280510
1081.558234 1064.217924
1090.916538 80.540359
1092.499582 80.600090
1093.829349 80.872186
1091.501354 80.418795
1087.120814 80.512576
1094.792528 81.214354
1090.012420 82.582645
1088.600683 80.034005
1098.571626 1071.242754
1092.998456 1070.138236
1089.169005 1068.411477
1094.749639 1071.617361
1092.886027 1070.091051
1090.424670 1069.091751
1092.972948 1070.137919
1088.983579 1067.720845
1103.806804 1080.206169
1098.194243 1075.575728
1100.276808 1077.351267
1098.143996 1076.127702
1104.292561 1079.139613
1100.445694 1077.466958
1103.835194 1078.118874
1099.821196 1077.060038
1103.311662 83.475066
1099.729905 82.261299
1106.760004 85.526427
1105.604095 84.349967
1103.354867 83.360719
1098.340339 81.881512
1101.931479 82.869270
1098.193816 82.021147
1105.064831 429.654312
1104.029699 428.102436
1109.528302 428.336088
1104.700004 428.866868
1108.438903 434.309926
1109.030920 434.467960
1101.809741 435.158294
1101.907111 434.953543
1109.345761 436.470056
1107.536695 446.898682
1105.437990 440.763628
1104.340738 440.876307
1108.491327 446.358531
1106.340448 433.571718
1107.784764 442.299884
1109.159516 435.570637
1104.887437 449.374298
1106.928556 452.337670
1105.122934 452.044622
1106.346868 453.763760
1110.209557 452.637004
1105.848938 453.127758
1104.253549 451.299079
1104.747325 450.835330
1103.565515 1079.887263
1110.935964 1085.766975
1108.274570 1083.390856
1110.116758 1082.924134
1111.169038 1086.598884
1111.544908 1086.591627
1111.583185 1084.519022
1111.834093 1081.292724
1107.361875 452.497714
1110.555399 452.480622
1109.872184 458.266484
1110.097021 459.031148
1109.963976 458.998954
1108.809710 456.245995
1110.009782 453.125758
1111.502283 461.812118
1109.946001 87.333604
1111.451242 86.538067
1111.666949 86.451084
1109.778552 86.006451
1111.495633 86.865272
1110.796268 87.932235
1111.709267 86.471449
1111.931907 89.236055
1112.426792 421.321744
1113.748098 422.004148
1113.136926 423.150042
1111.531528 423.173086
1113.942518 420.700381
1108.301161 427.270101
1108.894455 426.369873
1113.621970 424.040408
1112.404945 463.161378
1115.581947 470.766406
1113.193553 466.910180
1115.669731 471.030792
1111.795728 462.928352
1113.177743 465.490366
1113.625915 466.962595
1114.381540 468.278158
1116.934555 1091.796509
1116.546356 1092.186016
1115.886006 1091.498427
1116.232930 1091.843632
1116.104246 1091.470671
1114.670536 1089.477911
1112.720848 1087.634978
1120.607076 1095.564282
1114.718620 94.370943
1115.577250 97.523105
1112.107277 90.950243
1116.775841 99.281080
1114.354847 94.693745
1115.301011 96.234449
1114.817024 95.168412
1112.311563 93.156277
1118.061499 102.140954
1120.798054 107.500824
1117.861441 101.840833
1119.642147 105.236324
1119.348802 104.586592
1116.769737 100.162581
1119.904166 105.815474
1119.888137 105.865848
1117.310646 412.874404
1116.781867 416.339228
1123.516113 411.577252
1117.385828 408.979717
1122.476268 414.180445
1120.277793 414.047969
1118.115408 416.215144
1117.890507 417.561960
1118.426008 479.414749
1119.635480 478.754255
1123.473142 483.622158
1119.323463 477.490210
1117.403495 475.231107
1116.067648 471.832379
1118.052448 476.052667
1119.749221 478.294943
1122.601493 481.576204
1121.868725 481.162852
1119.961222 491.896036
1118.804682 485.660514
1119.718076 499.086647
1117.897627 482.312734
1119.544452 496.483416
1123.368510 490.915868
1126.415370 1101.444215
1123.994828 1099.074091
1123.257470 1098.248705
1125.582445 1100.329336
1123.504506 1098.538426
1126.951990 1100.915704
1126.600890 1100.548599
1124.520148 1098.695139
1123.869236 113.263744
1124.348564 113.989073
1126.275804 116.723049
1124.758772 114.152763
1124.883107 115.264115
1122.470435 110.650900
1122.752357 111.185355
1127.225097 118.579618
1128.986372 405.021920
1126.868444 407.151781
1128.789912 402.770648
1127.001233 401.847325
1129.009475 403.432630
1123.533198 409.074708
1126.803943 407.768104
1131.630671 404.622364
1131.012130 126.261674
1129.599194 122.378698
1129.574523 122.783231
1127.387952 118.652686
1129.629147 122.662042
1131.493406 127.602899
1130.834547 125.726926
1129.689401 122.518287
1128.213047 487.741350
1130.044010 487.943362
1124.850909 488.089236
1134.936386 487.278199
1127.850207 487.593829
1124.893200 485.142569
1135.123699 485.153320
1125.218664 485.843348
1132.543736 1107.658482
1135.814778 1111.485295
1129.153581 1104.176370
1131.160683 1106.241732
1131.261573 1106.327162
1128.124356 1102.843321
1132.328062 1107.328925
1127.433011 1102.288383
1133.620626 133.159382
1133.473613 136.335193
1131.003916 126.317692
1133.305998 131.746305
1131.897929 131.377029
1135.955767 138.757374
1136.114668 137.453068
1134.709762 136.187265
1136.862507 142.364848
1138.360124 147.903559
1131.047536 134.527623
1138.560784 143.976260
1137.301050 141.509698
1134.997188 139.035095
1133.852873 137.769728
1135.278292 140.310108
1134.869926 1110.484252
1140.933168 1116.195278
1137.559974 1113.267183
1137.299054 1113.011835
1134.963322 1110.573979
1140.059997 1115.525067
1137.885155 1113.504965
1135.424049 1111.539906
1131.201100 406.158573
1140.464682 404.296583
1136.075158 403.639127
1138.543115 403.703104
1130.573387 403.924873
1136.741274 402.734717
1138.312613 400.197657
1137.504653 404.114047
1138.890648 148.529335
1138.427635 147.658139
1142.581443 152.069472
1140.627463 151.749691
1139.216794 149.206032
1138.322742 147.837463
1141.036479 151.884684
1139.672522 149.744419
1138.851195 487.800593
1136.582118 487.430934
1138.282449 487.703537
1140.909114 487.069233
1138.988856 480.001344
1138.878216 487.456547
1136.652609 486.963423
1143.692372 484.850188
1145.157227 1119.771283
1143.781670 1119.078949
1143.953433 1119.270318
1142.511373 1117.741679
1140.570526 1116.130508
1145.771115 1119.999428
1142.686417 1117.242960
1145.167282 1119.788506
1147.385294 403.890049
1148.796547 403.485045
1149.010298 403.415956
1148.083244 403.667200
1144.965736 403.303661
1148.041656 403.129258
1153.616380 402.590263
1145.105733 402.078401
1142.826719 152.417667
1151.486024 155.749629
1149.198519 154.645939
1144.011323 151.869060
1150.647284 155.445443
1146.414214 153.690698
1148.641029 154.432267
1143.824611 151.963391
1150.104134 491.453553
1145.800293 489.660040
1151.281920 491.612025
1150.124279 491.386737
1154.630215 492.680993
1151.447578 490.940945
1147.845462 490.162520
1150.666589 491.515821
1159.805981 1127.644092
1154.666812 1124.886019
1160.082268 1127.776961
1153.302661 1124.035195
1154.606016 1124.874570
1153.774135 1124.394676
1156.279149 1125.711366
1150.756602 1122.773623
1157.907583 161.216788
1159.229129 163.044717
1152.858853 156.975259
1153.872309 156.796555
1157.661544 160.981419
1160.027307 163.500487
1154.609825 157.761034
1153.059236 156.115970
1156.740956 399.066769
1160.092816 403.183665
1152.060487 401.826392
1160.348652 395.357763
1160.309418 399.436814
1160.426202 396.933090
1163.888343 398.822380
1161.527357 400.619032
1155.141276 492.620550
1159.856208 493.382718
1158.278076 493.412975
1159.441494 493.373638
1161.753814 493.599720
1163.147681 493.688175
1162.734735 493.757526
1157.514010 493.537344
1162.665407 1129.142926
1162.730408 1129.201501
1159.927310 1127.201788
1165.794286 1130.449364
1162.597458 1128.971426
1163.014834 1129.326000
1162.321559 1128.933445
1167.420345 1131.152580
1164.897085 168.404937
1161.711492 165.633789
1164.892917 168.487230
1160.473745 165.665340
1166.416580 169.961997
1167.482546 171.185464
1165.140272 168.639615
1166.556640 170.311822
1166.782055 398.094815
1168.669957 396.560542
1167.572537 397.156251
1168.268633 396.877866
1166.693565 396.921455
1164.424682 398.882396
1168.085858 396.397128
1171.428936 395.582966
1168.816218 495.611406
1163.627851 493.387218
1164.231200 493.982475
1173.856496 497.417892
1172.438390 496.594264
1170.613830 495.114537
1170.049923 493.168351
1169.967010 493.145084
1176.696684 1134.866112
1171.706351 1132.957866
1170.502045 1132.493932
1168.503559 1131.440729
1167.280900 1131.062482
1176.523142 1134.819808
1173.828766 1133.717459
1172.304159 1133.218119
1169.834302 174.502268
1170.446638 176.555888
1170.520020 176.743551
1168.370142 172.410562
1168.386815 174.179486
1172.152851 181.220370
1170.086733 174.874394
1169.547866 173.907352
1174.311120 191.366204
1173.314320 183.559677
1171.537242 181.061471
1174.189495 191.157335
1174.067075 190.638984
1173.098109 187.616234
1170.931937 181.917334
1174.587386 191.213282
1174.008114 190.680647
1175.975155 194.749692
1176.468375 195.516154
1178.524935 198.673408
1176.444725 195.501219
1174.988770 192.830284
1179.595053 200.341836
1178.288645 197.619933
1181.263457 392.286845
1177.072490 393.746916
1178.667116 393.308064
1175.980884 394.665798
1177.819237 394.866203
1177.272628 392.954028
1176.540646 393.281238
1179.648790 393.495990
1181.731791 494.758098
1180.749712 494.677329
1181.329253 494.757145
1178.826236 494.779280
1173.406943 493.557779
1175.559835 496.002837
1178.925771 494.928760
1176.849489 494.769979
1179.299221 199.753987
1180.423432 201.694734
1180.609748 201.932864
1180.821848 201.991136
1180.721469 201.908132
1183.603351 203.940716
1183.797278 204.812751
1184.058783 203.711615
1182.957583 1136.138545
1176.787047 1134.774017
1185.814325 1137.141685
1181.935332 1135.895157
1184.112739 1136.514141
1181.585192 1135.646097
1180.554305 1135.198182
1181.925718 1135.910832
1189.066861 390.339993
1186.106721 392.594807
1193.754963 386.751990
1188.613264 391.585508
1191.112139 393.388984
1191.216196 388.878514
1193.885653 386.626580
1183.932222 392.193852
1186.698308 206.790436
1190.016137 209.475440
1188.430666 208.371039
1189.019241 209.027587
1188.806514 208.902936
1188.741185 208.266430
1189.095307 208.564971
1193.145417 212.492705
1189.130630 493.386524
1185.282570 493.649941
1192.638206 495.890426
1187.277191 492.873955
1191.357518 494.324236
1186.828044 494.787392
1192.142542 494.716507
1187.574332 496.254898
1192.068934 1138.823179
1191.637387 1138.555329
1192.381507 1138.899057
1188.786519 1138.015739
1188.954394 1138.089751
1193.003090 1139.028613
1193.280850 1139.092630
1187.342094 1137.371661
1197.306938 216.250751
1196.238785 215.186757
1196.748679 215.257394
1196.511143 215.460942
1195.480115 214.472478
1197.250804 216.347229
1199.919466 218.917328
1196.336563 215.294990
1195.231913 385.687819
1196.496610 383.118656
1195.599212 384.105041
1198.019710 383.239881
1197.075241 384.387598
1196.587260 384.782236
1196.691309 384.565650
1199.357115 382.645225
1195.023598 488.478642
1191.365100 486.589201
1196.898860 491.457604
1194.893359 491.839653
1197.134505 492.509303
1192.864714 491.076747
1194.916228 490.496210
1197.343437 490.670868
1202.005886 1140.854500
1201.513793 1140.636377
1201.504850 1140.208227
1205.574329 1141.317645
1204.894381 1141.314298
1195.864603 1139.605609
1199.542201 1140.205443
1202.796388 1140.742537
1202.289455 221.908481
1205.124156 222.870820
1207.556796 223.574128
1202.079462 221.875946
1204.637318 222.483238
1204.627567 222.347114
1209.490151 225.013545
1203.649030 222.246004
1200.632050 382.165576
1205.006143 378.361712
1207.321783 376.122293
1205.707285 378.678458
1204.922389 378.790123
1205.355000 378.332147
1200.838026 381.718065
1210.152846 378.157369
1208.762443 491.311524
1211.426958 492.484777
1207.992620 491.150058
1206.818309 491.132862
1207.744010 491.113225
1209.457145 491.512182
1209.075046 491.526939
1209.251817 491.486913
1208.386872 376.631853
1212.444967 367.635582
1210.033296 371.553241
1209.364007 372.453802
1206.036259 375.418498
1210.540942 370.050726
1211.475077 372.021847
1212.009616 370.550406
1215.789777 1143.655166
1210.799821 1142.841733
1214.461152 1143.540042
1210.656497 1142.886364
1211.343285 1143.017839
1213.329966 1142.909335
1208.311714 1142.332757
1213.480858 1142.852263
1213.491818 227.650931
1214.059395 227.792311
1213.637146 227.723249
1209.502034 225.012284
1214.722699 228.398769
1216.042884 229.095346
1213.193708 227.482048
1214.643252 228.983586
1216.216415 248.702267
1216.693474 250.440863
1216.943699 251.322337
1216.162114 248.210372
1217.060569 251.465842
1214.259344 239.383951
1216.064082 249.612845
1216.906430 251.328647
1216.923005 358.208364
1216.758509 358.515443
1215.325567 361.167590
1217.622377 357.200116
1217.816520 356.665799
1219.167486 354.172275
1215.635486 360.267048
1216.943190 358.172675
1218.685986 494.918868
1217.393056 494.508382
1217.246830 500.918583
1216.462466 494.397464
1217.219565 491.282397
1215.334532 495.167654
1220.148604 495.316081
1216.514343 494.209588
1221.389399 259.018533
1222.087712 254.292114
1220.280572 258.617105
1220.794236 259.616327
1220.290372 258.660579
1219.808425 256.263792
1220.315690 258.685417
1221.941917 256.242084
1219.386701 354.079677
1222.998824 347.214784
1221.116640 354.094018
1222.969892 350.911629
1220.735940 351.336748
1221.253769 352.649575
1223.820637 353.542538
1220.883110 348.529302
1214.600654 1143.578079
1227.296447 1145.018766
1225.791209 1144.944232
1227.395932 1145.026592
1221.080439 1144.503557
1221.187414 1144.528750
1226.681761 1144.962199
1225.816548 1144.964776
1218.018099 232.815291
1219.239370 233.925012
1220.349562 236.862735
1220.792265 237.130277
1220.236760 236.059283
1219.115650 233.604259
1218.503705 233.016089
1221.100508 238.064174
1223.741296 505.465521
1223.380697 505.001704
1221.791697 501.607622
1223.326980 504.717404
1224.818979 507.697262
1224.566249 507.237450
1222.002939 502.618171
1218.510619 498.662901
1225.282150 247.783024
1223.703599 249.942861
1224.248397 245.756438
1224.912921 247.507444
1225.748676 247.619969
1222.446508 242.609255
1225.437835 247.483278
1223.953557 245.109457
1224.393693 267.460196
1224.535975 267.953073
1223.459501 265.767283
1225.152183 268.864974
1225.048432 268.926258
1227.639246 273.976803
1229.145896 276.307727
1223.132433 263.637285
1224.825588 338.656325
1226.338918 339.762397
1224.954211 341.360103
1224.467464 345.921015
1226.230460 340.171454
1224.595670 340.636078
1225.249837 343.630353
1225.348560 342.378235
1225.311921 508.760953
1227.863890 516.528180
1226.810124 512.895840
1224.887540 507.816002
1226.296777 511.350049
1226.406819 512.390577
1227.584861 516.030223
1226.960486 513.207084
1229.728438 277.195960
1229.679423 277.416512
1228.262705 274.232689
1229.085649 279.974670
1229.648400 277.493555
1225.766487 272.174260
1229.120076 282.616242
1226.626483 274.661352
1226.731654 286.778937
1231.378372 285.783552
1229.025153 290.505703
1227.783675 293.536328
1229.302834 290.414260
1232.053009 291.424053
1226.274464 280.431878
1232.192481 287.389582
1232.494301 295.290780
1232.232636 300.827071
1233.441924 294.895319
1227.581245 295.674850
1230.120861 293.757895
1225.231351 291.855808
1232.997733 294.314228
1226.481177 292.505592
1231.745543 312.740457
1229.950280 306.200698
1229.790118 307.842215
1231.381889 305.008807
1230.044592 307.259710
1228.408281 311.517415
1229.980067 307.974633
1229.246211 309.271825
1230.495138 315.301559
1229.015655 323.039639
1230.782166 314.566450
1230.159995 316.310426
1228.904197 320.495823
1228.744618 323.948031
1228.783825 317.973878
1229.005606 322.813288
1227.464793 331.885025
1227.972069 329.347235
1227.319516 331.932441
1228.624671 325.574711
1228.602096 325.581756
1227.858015 329.732502
1228.110668 328.672041
1229.838702 318.397575
1227.394078 519.660588
1229.089635 522.453409
1228.855176 521.257568
1229.503784 522.872067
1230.168214 523.899608
1229.798913 527.920753
1229.990280 524.514996
1228.774693 519.813968
1233.092461 535.621007
1231.211976 530.200475
1228.043886 529.120127
1230.725053 528.148336
1231.559076 532.974582
1228.851832 528.992718
1231.159049 530.868082
1231.425572 531.065143
1229.941585 1144.729287
1231.383845 1144.624270
1233.767940 1144.423890
1230.453708 1144.707362
1234.910479 1144.025704
1229.084842 1144.809064
1229.507060 1144.608714
1234.538053 1144.147958
1238.009082 543.179039
1233.740092 536.020988
1235.921342 539.966862
1233.468176 535.409377
1234.390804 536.845175
1235.523836 539.113804
1233.055198 534.493912
1233.931472 535.752215
1245.446064 550.613098
1238.000353 542.548294
1236.261926 541.544490
1239.994023 545.396697
1241.750428 547.136379
1241.022948 546.471908
1243.165887 548.641253
1242.663981 548.122226
1244.240456 1142.694966
1241.532180 1144.938618
1240.943551 1144.476886
1240.087380 1144.538794
1245.015488 1142.694507
1244.935821 1142.949438
1240.950555 1144.289893
1241.678142 1144.968781
1244.416664 549.686965
1249.353073 553.225354
1248.695558 552.398806
1252.006469 555.714393
1250.104195 554.462459
1248.703900 552.896620
1247.256135 551.833008
1247.141724 551.873175
1250.712708 1137.420744
1251.852135 1140.085081
1243.860234 1143.399085
1254.044301 1138.234106
1247.280429 1141.776294
1252.211124 1139.931697
1248.342989 1141.460916
1245.651376 1142.137075
1258.349641 559.851464
1257.565910 559.331786
1259.622476 560.565931
1256.963509 558.739875
1254.801063 558.148577
1257.002600 558.684891
1253.742500 558.231814
1256.843768 558.979355
1260.133382 1135.528971
1265.172936 1132.593953
1255.038496 1138.261842
1261.021773 1135.037654
1256.031987 1136.920264
1259.326130 1135.855696
1254.156675 1138.542779
1255.213495 1137.825519
1265.029836 563.383081
1266.745459 565.344578
1262.776196 562.457401
1263.940225 563.025148
1266.281732 565.248546
1260.130736 560.968723
1268.987728 567.476491
1264.932871 563.887980
1269.933487 1129.760636
1267.555532 1131.100905
1269.221332 1129.934016
1269.611951 1129.963047
1274.536264 1126.724359
1270.374733 1129.343425
1275.000547 1126.421063
1275.068799 1126.326389
1275.785779 573.697774
1276.046255 574.180861
1276.175998 574.352083
1275.588724 572.934209
1277.766627 575.831461
1277.877302 575.884639
1276.685696 574.343052
1270.785023 568.871598
1276.925701 1125.094618
1279.613265 1123.159074
1277.856620 1124.467048
1278.227955 1124.229350
1273.058723 1127.703784
1282.106139 1121.324943
1280.041912 1122.897477
1276.621638 1124.890982
1282.189201 577.469644
1280.557885 575.945868
1283.367627 578.741700
1282.389568 577.972965
1284.509542 579.403003
1280.329095 576.882819
1282.050894 577.292229
1282.852119 578.096559
1286.931288 1117.623556
1284.715713 1119.159588
1288.241799 1116.423150
1286.175410 1118.151671
1287.326577 1117.292982
1286.618449 1117.853585
1285.798060 1118.535026
1283.426688 1120.217461
1290.090027 583.549628
1293.615621 586.121313
1286.804592 580.959767
1290.684987 583.961862
1288.884529 582.712015
1289.475572 583.086629
1286.824548 581.128915
1289.532140 583.139064
1292.383593 1112.460570
1289.732037 1114.829473
1293.457267 1110.414019
1293.558477 1111.640034
1294.928972 1109.821683
1293.853105 1110.706022
1293.050066 1112.046384
1295.156110 1109.466260
1298.179000 589.637580
1299.012611 590.380364
1294.429944 586.755455
1298.998964 590.276188
1295.237760 587.356723
1295.497383 587.704187
1294.588908 586.893741
1298.859278 590.312433
1301.663271 1103.357372
1300.154675 1104.698532
1302.872298 1102.327348
1306.311364 1099.386498
1299.291978 1105.577537
1301.557568 1103.458918
1298.443914 1106.440787
1302.756386 1102.502970
1311.374076 601.240020
1307.212169 597.507575
1305.807179 595.700823
1306.300935 596.050761
1309.546407 599.419981
1307.363430 597.419923
1306.311460 596.087932
1305.482224 595.432957
1306.837252 1098.848356
1310.605533 1095.505117
1310.467062 1095.679394
1310.964499 1095.145438
1307.954541 1097.889046
1311.051465 1094.800707
1313.300545 1092.574576
1307.884096 1098.001237
1312.252282 602.193525
1317.686060 608.480815
1316.499029 607.098984
1312.881728 603.017786
1313.157788 603.188882
1312.967885 602.992088
1313.203354 603.601214
1317.467054 608.257802
1316.919925 1088.219822
1314.291202 1091.476430
1317.359211 1088.074665
1317.433624 1088.010692
1319.344538 1085.081735
1312.916068 1093.038360
1316.068502 1089.041019
1318.416499 1086.394533
1324.723444 616.367320
1319.988358 611.497053
1320.785197 612.156247
1319.061179 610.346813
1319.121415 610.380952
1320.102294 611.325229
1319.964760 611.484200
1319.222560 610.470820
1325.507992 1076.006959
1325.749760 1075.667269
1323.039998 1079.609860
1326.892592 1074.128308
1322.656472 1079.746645
1327.472251 1073.399648
1326.228366 1074.979918
1326.906854 1074.074112
1327.814879 619.705901
1326.980577 619.065146
1328.914098 620.987364
1324.958751 616.658799
1327.344136 619.129251
1326.977838 618.784385
1325.436255 617.140049
1327.197143 618.966245
1330.738655 623.094559
1332.009339 624.550017
1328.734640 620.791611
1328.518009 620.531450
1333.277069 625.989105
1330.071519 622.320884
1332.107298 624.608091
1333.295523 626.009305
1334.435208 1063.781232
1331.631445 1067.728269
1330.559425 1069.229395
1331.672888 1067.646875
1335.704454 1061.996896
1332.387865 1066.663059
1332.571258 1066.411480
1331.928999 1067.289406
1341.645253 1054.141408
1337.994758 1058.869891
1341.253505 1054.647956
1339.528821 1056.913580
1337.135507 1060.029096
1335.970074 1061.625393
1338.836697 1057.772812
1337.736397 1059.218954
1341.102064 634.483467
1336.075197 629.054270
1340.248322 633.643591
1343.039269 636.397299
1339.798459 633.056494
1340.525783 633.893817
1339.841701 633.197874
1345.434529 638.754198
1343.203841 1051.931480
1347.439397 1046.747678
1342.581544 1052.914701
1346.126558 1048.429355
1344.242730 1050.797874
1345.940220 1048.649809
1343.166638 1052.198615
1344.001372 1051.113689
1347.310159 640.713788
1347.652592 640.966462
1347.099237 640.396907
1346.349553 639.636867
1347.319791 640.606941
1344.988735 638.308939
1345.731158 639.032709
1347.714780 641.010311
1349.920494 1043.847863
1351.571876 1041.666921
1350.021337 1043.731839
1352.538062 1039.955032
1350.704337 1042.754368
1350.333326 1043.348282
1350.469860 1043.168477
1351.538358 1041.714153
1351.537445 646.079154
1354.950140 648.363553
1351.359869 645.074795
1354.822561 648.191835
1354.610983 647.997973
1354.696764 648.078930
1355.579946 648.929877
1351.765993 645.156273
1354.939167 1035.852605
1356.040146 1033.948847
1356.991861 1031.626069
1358.849596 1028.895630
1356.990972 1032.256489
1358.536691 1029.574998
1356.640384 1032.768654
1353.416052 1038.441784
1364.326385 657.625362
1359.675311 652.822034
1360.335215 653.485908
1359.048671 652.231476
1364.084219 657.319499
1360.183776 653.528801
1362.942793 656.142318
1363.564789 656.965452
1361.805372 1023.766871
1360.133932 1026.741938
1362.864834 1021.797184
1358.998702 1028.762545
1360.268807 1026.294352
1362.639451 1022.248256
1361.399652 1024.522666
1360.781035 1025.400512
1364.891960 1018.054595
1367.524327 1013.070716
1368.921204 1010.393221
1369.629680 1008.961472
1367.370561 1012.912109
1368.444407 1011.315784
1367.171238 1013.749106
1368.358023 1011.441951
1371.559766 665.389540
1369.341105 662.930397
1369.819976 663.457784
1369.287916 662.871338
1370.930033 664.611691
1367.803911 661.370941
1371.221322 665.091442
1368.771303 662.522706
1374.075813 803.517518
1374.941605 800.727791
1376.612182 800.390432
1377.277793 800.010756
1369.935794 796.511652
1370.031589 802.074827
1368.927716 801.262451
1375.146675 796.750148
1376.435717 814.372271
1376.161487 811.321756
1375.924399 811.823264
1375.918427 812.564944
1376.989438 811.489534
1376.757446 810.203454
1376.630809 816.038021
1375.520594 812.374415
1375.728873 821.184434
1375.724964 821.949193
1377.589975 822.512013
1375.008187 815.602175
1376.228100 815.648158
1374.422623 822.106090
1375.793389 820.999246
1374.563793 815.182097
1377.573502 834.020054
1374.082394 825.302364
1375.280908 833.654011
1377.477467 829.384621
1374.335872 823.204432
1374.187891 832.510022
1374.889055 833.296797
1374.723743 833.195120
1376.585316 993.802833
1374.406147 999.822786
1374.747657 998.685233
1374.419296 999.794277
1371.841589 1004.639482
1375.836897 995.563259
1374.559896 998.287430
1374.730738 998.381250
1377.293730 672.903113
1376.254546 671.527538
1372.865090 667.217027
1378.602703 674.816988
1379.124170 675.513895
1374.528187 669.581921
1376.490710 671.765964
1374.062662 668.629939
1380.254591 782.762494
1380.594013 776.182310
1379.740359 784.773939
1379.775030 784.579235
1378.823510 788.978517
1379.867370 784.270868
1379.866629 784.255611
1380.514194 782.438066
1382.196431 842.772031
1382.391519 843.666219
1377.837034 836.766121
1382.642731 844.282558
1382.804292 844.162621
1382.108361 843.201324
1381.755668 842.819633
1378.105428 837.368541
1379.543912 985.133732
1382.926625 978.164394
1380.629070 980.500436
1380.265251 982.368087
1379.917660 982.379887
1381.125666 978.095085
1381.648164 980.700836
1381.265160 980.840193
1375.916912 994.767767
1378.218581 989.007975
1378.787523 987.317710
1379.270933 986.351676
1377.355389 991.675183
1378.353732 986.807666
1377.928635 988.270807
1377.116446 992.364161
1383.748330 683.073480
1381.032466 679.096450
1384.233453 684.127728
1379.996052 676.958806
1381.211581 678.946135
1382.045738 680.140349
1381.669162 679.521735
1382.326217 681.076443
1382.500421 775.820040
1385.625205 771.186867
1384.933692 772.597109
1384.102676 773.962215
1387.278960 768.455875
1383.076252 775.367292
1382.111645 776.695344
1382.838220 776.623414
1384.580410 847.175632
1381.613873 842.625462
1386.370425 849.689542
1386.549785 850.022204
1387.507892 852.405201
1385.575738 847.925032
1384.825838 846.973692
1385.243665 847.707632
1389.376207 695.671779
1387.312181 690.895204
1387.257354 690.748447
1388.981321 694.874484
1389.288423 695.601174
1386.032583 688.042855
1383.694854 682.957234
1387.029487 690.497665
1388.677635 968.504131
1388.108588 969.251692
1387.859992 970.114258
1386.441288 973.097519
1386.629153 972.903264
1388.455951 969.145974
1387.941191 970.333970
1384.910465 973.758965
1389.956322 697.125657
1390.348217 701.384702
1391.334456 700.677196
1389.692362 697.527929
1391.291320 700.512404
1390.009963 697.469386
1390.230586 698.074237
1390.887427 699.744646
1389.024649 765.258130
1388.115164 766.920200
1389.967333 762.548898
1389.326105 764.540779
1391.795647 758.367737
1388.083787 767.002948
1388.882631 765.528391
1388.902434 765.687292
1389.798572 856.478793
1390.167761 857.249535
1387.716419 852.786655
1386.926320 850.994593
1388.861758 855.215438
1389.928659 856.844747
1391.272745 859.170533
1389.896828 856.798282
1390.000869 963.487750
1391.275723 960.182737
1389.809246 965.736940
1390.636676 962.053261
1391.973954 957.526462
1389.815148 965.906691
1388.924904 967.905214
1389.589235 966.156687
1398.344516 871.266518
1395.194544 867.431259
1399.437317 872.460159
1392.301110 861.043079
1394.569824 864.844678
1394.649637 865.394704
1395.603171 867.675088
1394.021854 864.002482
1391.229069 704.283171
1392.845643 706.532919
1391.771814 714.151223
1395.036488 707.628400
1393.114874 715.383056
1394.600965 707.887881
1395.372854 707.992600
1391.868808 701.926018
1396.556662 717.866409
1394.804192 717.823728
1396.177249 716.628897
1393.933685 719.761934
1393.361252 716.704726
1391.365031 716.552715
1396.414429 718.806547
1392.132680 717.164904
1390.666640 761.069316
1392.446448 754.313432
1394.720336 750.706127
1395.064769 752.733353
1392.672004 756.530720
1393.571601 754.159830
1391.470066 759.283831
1393.252669 756.779706
1394.479963 949.295545
1392.276072 955.079133
1392.581694 947.596208
1393.541486 948.837300
1392.122663 952.262837
1392.627411 954.999965
1395.681846 945.288092
1393.432893 952.164095
1396.323956 869.557818
1398.080421 871.175022
1397.433238 876.158829
1398.043735 876.181149
1399.158229 873.024261
1397.867223 876.449855
1404.005710 878.924073
1401.454161 873.994825
1399.619256 735.170724
1397.280916 728.858697
1397.491163 726.919268
1398.978274 732.242492
1397.452000 731.260732
1395.835108 724.061161
1397.193388 725.036302
1398.079713 728.749778
1399.953063 737.325233
1400.468216 739.885305
1399.636228 737.191135
1399.647545 734.575488
1401.048787 742.978840
1400.567164 740.251773
1399.818440 735.496725
1396.011699 742.973504
1401.790773 884.691996
1401.430374 883.585309
1401.302105 881.566858
1400.726034 882.171193
1403.544227 879.515125
1400.376553 881.579840
1401.486140 884.171378
1399.867993 879.756769
1398.234673 937.457536
1400.208306 931.020266
1400.216104 932.557690
1399.528122 934.906645
1399.380453 935.296480
1399.175361 935.564048
1399.747982 934.471332
1399.794359 934.269775
1402.447439 888.458120
1406.634567 895.509065
1407.424469 892.741531
1407.059991 896.459752
1403.170345 900.714551
1403.955752 895.507419
1407.178409 892.662263
1405.019943 895.804142
1405.909858 903.502305
1406.519018 898.131157
1405.216862 903.500149
1403.667165 910.987052
1405.925720 906.003216
1405.060464 897.843757
1403.586351 900.779550
1405.359293 907.698141
1403.911481 914.317689
1404.726712 911.347348
1401.274982 917.493164
1404.003929 918.978571
1404.166070 916.216743
1404.157217 919.929580
1405.473149 907.374286
1403.393027 920.926221
1402.864103 925.031162
1403.423049 921.345241
1402.689601 925.302254
1402.733274 920.934715
1403.815403 920.867912
1402.818749 924.973985
1403.084298 920.692923
1402.277401 926.048206
