454.597172 862.452383
458.299507 853.645269
458.676599 854.596941
458.151450 857.371177
457.684133 853.839289
458.831932 851.388739
460.487607 845.613484
457.732650 849.486652
452.761685 865.074629
455.569791 860.206570
454.351934 867.659631
454.604183 862.180384
454.319034 862.603069
454.210677 863.059442
456.303591 862.833598
453.057508 865.065319
456.824122 874.864402
458.275553 878.647187
459.189838 863.997052
455.953976 871.788312
454.883826 868.813872
455.417886 868.992406
455.449135 869.664275
456.632286 874.795348
464.214989 836.919403
460.836451 849.519777
461.371814 840.536195
461.777765 838.449291
458.907136 848.819778
460.906029 843.184881
460.982885 841.918084
460.491280 846.162173
462.281475 888.851171
460.610085 888.647039
459.994970 883.050658
458.876978 880.401341
459.826082 882.262018
457.990593 879.341583
458.691079 879.757466
458.377863 882.808975
459.080564 881.111135
459.755611 889.788379
460.423904 884.687997
460.023650 890.007656
461.227484 892.969828
460.685844 889.884029
460.212890 891.107483
459.923292 885.642426
459.730842 904.540864
464.344424 893.651669
460.430516 905.948195
465.950020 897.225553
461.734819 898.793820
462.831298 897.574830
470.175055 897.172969
465.604916 895.008979
460.618786 905.187053
462.997317 910.638904
464.398317 912.048147
465.409315 902.916964
463.361704 912.104739
461.578165 908.092326
466.885392 916.170912
461.576349 901.070375
463.353579 912.727720
464.995507 920.353144
463.471053 916.809681
468.549030 916.454881
469.312824 920.478034
463.484705 911.886734
464.659908 919.579301
466.625148 925.112379
462.726306 838.386263
468.850915 834.502854
470.646365 833.232047
460.088355 839.463860
467.554963 834.601760
466.524517 835.784868
468.908235 833.979140
459.924376 839.460375
469.561772 934.075573
470.019601 935.764923
469.971813 933.608888
468.113907 929.911967
470.461854 936.859147
467.887235 929.002754
469.881028 927.662347
466.432144 921.847802
469.672380 934.948033
469.435175 934.435885
470.433020 937.370378
471.162592 939.418225
470.221071 936.903856
472.744316 942.054940
473.163777 944.181747
471.234772 939.496425
476.769847 951.599198
476.716929 951.343914
477.186341 952.413795
475.336353 948.849741
472.946882 943.714849
472.564316 942.883698
475.312679 948.793773
473.750858 945.436405
471.974287 831.277577
471.995342 831.352326
475.280995 827.345339
478.878849 823.620078
475.594147 826.843680
476.040541 826.392836
475.628241 826.381016
481.734133 821.097826
478.963574 955.781567
481.524005 960.281840
480.361965 958.412181
477.871667 953.713854
483.277310 963.529171
482.774490 961.873508
476.163151 950.467164
480.576017 958.760992
482.061454 819.724038
487.913865 813.160591
483.649686 817.555796
477.537315 825.139966
488.433515 812.306388
486.914745 814.441843
482.190743 820.782370
479.758575 822.639447
486.290003 968.621287
486.805571 969.067040
487.932194 970.878860
484.355331 965.945206
485.563173 967.681121
485.141155 965.123244
485.129643 966.803683
484.322865 965.914323
488.169531 812.555910
495.343999 806.731519
485.766360 815.153703
491.300446 809.760676
489.116157 811.719314
491.534253 809.506227
486.046768 814.926897
491.013675 810.357459
496.341320 982.060147
495.030426 980.041739
493.228352 978.017777
494.116452 979.181901
489.565631 973.406910
484.679103 966.461233
490.093197 974.238239
490.612994 974.845255
494.884788 498.958526
497.575424 493.030864
498.411203 492.763481
497.739590 490.439064
495.032646 500.433144
497.610788 490.993250
497.149262 492.693359
499.207060 489.910148
492.805889 503.688051
495.599637 499.394413
492.655137 505.872617
493.306750 503.015737
495.639558 496.823027
493.594857 502.301953
497.544085 513.000979
497.795544 497.500793
495.402775 516.025022
491.931441 512.784260
496.836151 516.457388
491.800421 512.121017
495.038951 502.658162
496.537579 519.062722
490.874378 516.508257
494.726533 514.856356
499.602684 525.584263
495.862573 525.564686
490.617085 515.472638
494.889759 529.141399
494.452998 531.705642
500.058618 527.407644
494.345632 531.994477
496.786991 528.648603
491.750001 534.361350
494.433667 532.136294
496.242780 531.093517
491.456130 529.527574
492.395337 534.002116
495.145035 536.269472
492.817017 535.176173
495.077531 534.217919
493.968067 545.941794
495.213309 535.680084
492.347749 539.779697
494.926148 543.200900
494.812057 551.305066
493.041269 540.729321
492.371142 537.004748
493.800449 541.899188
493.760158 545.906065
494.152596 544.630471
494.724012 543.764133
495.421230 555.220394
496.426751 561.773160
493.159309 541.728032
495.132321 554.995574
494.577428 548.819441
496.028570 561.875001
496.061834 562.679548
495.343147 562.910442
494.050733 567.246013
495.830224 559.857663
496.054575 568.169226
496.047928 561.711410
493.716173 568.583131
490.321841 571.187640
494.955080 570.744933
497.561743 575.137498
496.931473 572.253599
496.733501 570.780389
492.634557 568.545411
497.452683 576.372687
497.867360 575.718850
492.763955 575.783321
492.279095 572.703971
496.986477 574.375786
493.824298 581.724180
495.932150 580.578933
495.378310 587.775286
496.529573 579.694355
494.322131 581.173435
495.586455 591.212881
495.922124 587.018751
497.331872 594.227058
496.525926 595.311052
495.607002 590.925895
497.799442 593.662091
496.258657 591.701978
496.515446 595.920217
491.631406 809.469303
492.224306 808.933881
496.432390 806.354890
502.228476 800.860737
496.390034 805.573616
497.553842 804.713342
496.786704 805.243113
502.241785 800.913319
499.977506 986.732504
501.548479 988.461909
501.011085 988.716239
496.883471 982.539286
500.218363 985.185967
498.277987 983.104688
498.812635 984.318155
500.979795 985.841774
499.234133 486.795936
502.524411 484.116186
500.999649 483.401765
499.160826 487.459442
504.729811 476.841714
503.545445 485.790264
499.302212 486.535161
502.566908 480.986347
498.741378 599.823282
497.484287 602.901058
499.138326 600.667828
497.644526 597.841576
495.976902 602.305954
498.732828 600.722447
495.917003 601.541054
498.496708 598.643275
498.560006 611.561320
502.137977 620.146828
496.364715 610.888990
496.313749 606.647525
496.394890 610.675373
496.453881 610.640269
498.417126 609.222356
498.616909 613.003008
504.129017 626.603184
500.337258 622.644487
500.569201 619.239078
502.990908 625.113799
496.880601 612.557561
503.053182 626.096822
498.068604 613.752507
501.417599 620.839118
502.811372 635.602805
498.754779 622.668411
501.276299 635.173075
499.783567 629.034111
499.325998 630.495588
502.299821 638.233982
499.761037 630.787745
499.087731 626.022889
508.703483 471.360927
511.169814 468.703653
506.239045 474.627824
511.892513 466.860196
505.654937 475.684847
501.239162 482.754904
508.026786 472.550894
502.905801 479.851196
502.783452 640.640189
502.417516 636.715823
504.747062 646.777520
503.546240 641.880250
503.988782 638.680169
503.526106 641.069923
501.500978 634.505829
501.144143 634.782219
503.212783 642.329200
504.868583 648.297518
507.070724 653.243036
505.337819 650.284734
505.830800 650.554156
504.534770 646.147747
504.937657 651.327893
503.411165 643.450119
501.910514 989.913202
502.418030 989.786521
503.407862 991.441411
506.868876 998.750978
503.421333 991.483236
505.985421 997.059412
504.579411 994.041656
502.650708 989.946243
504.981805 798.940562
509.619968 794.952695
506.833048 794.080013
506.351947 799.094216
500.489730 802.436168
497.995111 804.330272
505.769329 799.082662
510.081029 797.664575
508.757088 1001.462864
507.251672 999.927696
507.382365 999.975784
510.663725 1004.378310
507.261266 999.912518
505.695869 996.652444
507.981328 1000.823125
510.299689 1003.818454
508.038793 657.327331
506.483378 665.901075
505.122607 650.162844
506.607348 657.127936
508.724577 658.173495
509.532194 656.607297
508.425240 659.092949
505.650131 661.757474
513.380609 465.220035
514.393114 463.689088
516.151975 462.678125
511.249295 467.846039
514.208135 464.029385
513.914421 464.242364
511.919894 466.754538
519.902592 460.591661
521.496936 792.102699
515.038763 794.444115
516.798624 793.278960
511.437073 795.843949
515.310014 794.229480
512.707310 795.310292
519.007592 792.685349
520.995324 792.496518
506.754434 663.564299
513.942551 665.818685
518.360355 669.717478
511.029123 663.679918
520.502135 670.145959
514.455919 665.937113
513.211944 664.635465
516.561951 667.441791
517.032559 1012.379683
513.205580 1007.703155
513.503778 1007.874913
510.492482 1004.138169
515.700715 1011.048524
514.375716 1009.069643
515.138816 1010.023720
512.614245 1005.601250
518.301346 1013.857084
520.598485 1017.267663
521.536133 1018.225666
516.310776 1012.045168
522.449458 1019.765872
516.820967 1012.681237
520.341027 1016.713462
518.702382 1014.350244
522.487065 459.397963
519.151036 461.032066
526.165874 457.894541
514.519752 463.569865
530.768040 455.248217
520.585464 460.473102
520.302190 460.462542
519.468756 460.802013
522.649327 672.468285
520.463633 671.255450
517.404952 668.446516
524.685699 673.879684
517.417513 669.422316
526.784270 675.180062
516.765049 667.626930
521.472064 671.968360
520.216575 792.308786
524.039668 791.485295
530.151557 790.516287
524.412033 793.057296
530.301243 790.524892
522.483162 792.107678
525.904518 791.104437
523.140460 792.844650
528.050896 1026.525236
528.673735 1027.402676
524.915928 1022.628373
530.756567 1030.305978
527.204959 1025.404806
528.287089 1026.781158
524.185094 1021.592760
527.024538 1025.199115
535.349386 452.462608
527.250866 457.115883
535.681303 451.821393
532.069104 453.967709
531.973940 454.615796
532.193210 454.178353
531.676370 455.578329
535.068073 452.202070
530.364478 676.999680
531.521648 678.898304
533.720119 681.666301
525.735633 674.453512
532.862276 680.089390
532.045728 679.334001
529.208614 676.752839
531.487394 678.746873
532.044316 790.465531
532.623000 790.557546
529.962003 791.024592
525.320136 791.238265
536.546318 791.133475
534.886588 791.076277
540.747374 791.617604
533.803542 790.716689
535.779583 1037.218132
533.635445 1034.496072
539.237115 1041.156793
533.564700 1034.358623
531.283471 1031.100342
533.914480 1034.914249
530.828566 1030.491957
534.488474 1035.167476
542.065772 688.565105
539.734789 686.344969
543.966520 691.059723
542.198588 688.753936
547.920311 691.100992
536.574035 683.422831
539.014047 685.521032
539.828495 686.415286
539.296816 1041.516076
542.156787 1045.094929
542.286887 1045.302217
535.083976 1036.248996
540.217675 1042.688433
538.656491 1040.757812
543.541276 1046.147683
543.850177 1047.148699
537.289650 449.679186
540.634333 446.647282
547.149849 447.241416
542.282619 449.785289
544.878429 455.534312
542.382074 452.835399
538.193467 448.881297
546.307252 447.037628
541.320442 791.943530
542.125909 791.816502
550.224354 794.545347
544.227249 792.372972
542.716229 791.952564
538.322392 791.241847
549.190937 794.845340
542.693602 791.871548
545.895374 1048.747754
547.674925 1050.820854
544.969643 1048.454372
549.919772 1054.265743
547.435301 1051.413069
545.889198 1049.303177
545.160646 1047.869631
546.516172 1049.404380
552.403965 693.609014
543.498682 689.720247
556.792016 695.038665
542.532613 688.999827
547.211704 698.362341
548.422758 692.164150
542.428405 689.032547
548.508393 700.076007
560.422199 441.872240
555.785894 448.579818
551.995028 445.093138
552.013190 446.334050
559.542799 441.278058
556.133007 442.675375
546.535657 446.827449
547.137575 449.398883
561.062131 796.633564
549.634981 795.324249
547.083377 793.471106
552.968973 795.031777
549.692516 794.187864
554.984450 795.510936
553.479515 795.155809
559.289372 796.568972
554.339442 1059.452852
555.739651 1061.139784
550.136959 1053.847474
549.703889 1053.206752
552.032202 1056.576726
549.109259 1052.447933
552.309441 1057.193382
551.272232 1055.823698
558.164959 1064.377116
556.262262 1062.170702
559.361279 1065.371387
560.289684 1067.879061
554.701758 1060.472532
558.975626 1065.894563
557.241915 1063.442569
557.188971 1063.485709
559.273479 694.915633
558.952367 694.051711
558.559737 694.245864
549.232682 695.165334
559.740016 695.212792
554.609607 694.985265
560.482986 695.391203
563.968040 698.996969
561.765281 439.647400
565.202964 437.562681
562.554836 439.294351
562.975707 438.939498
561.945385 439.955443
559.075713 441.632375
565.937212 437.195856
563.796448 438.840307
564.165859 796.081651
558.282278 796.231115
562.443427 797.369490
564.831409 796.779256
560.718033 796.953991
568.312926 795.004916
570.545935 803.355856
561.462508 797.678876
563.444670 1073.120738
567.323553 1078.458468
564.287903 1073.682178
562.647489 1071.358936
563.829096 1073.362938
565.815289 1076.808177
564.047760 1073.826020
559.511160 1066.470129
568.743346 699.630670
565.205689 698.330600
569.975218 701.857289
566.240936 698.880195
572.132544 699.722729
569.223610 700.788059
573.296684 704.395512
567.887690 699.092932
570.189886 1083.530485
565.984645 1076.844552
572.836077 1087.724695
563.994025 1073.957971
571.489797 1085.543951
568.526329 1080.751517
573.320762 1086.279954
572.067422 1085.726430
569.090637 800.852180
578.570574 807.583747
570.449756 802.183429
572.871606 803.241090
578.908660 804.156498
571.343671 803.573912
572.567836 802.776926
567.406540 799.511574
569.925119 435.360604
571.412812 434.703704
578.271637 430.538398
573.046420 434.137740
565.100797 437.690198
571.941889 434.391347
563.342395 438.773842
573.737536 433.318836
574.467805 1090.368269
576.719525 1092.950596
579.889774 1095.901814
575.808999 1089.261301
574.365744 1089.535961
573.018241 1087.480085
574.195263 1087.739466
573.717530 1089.286047
572.333654 700.792883
573.089264 703.114590
581.321374 703.894943
572.960765 703.836511
574.467003 706.632930
576.340213 702.771206
575.284895 701.034723
586.752585 701.568836
584.872476 1100.807324
575.916268 1091.600365
574.346939 1090.266265
576.404841 1091.589316
576.367239 1091.576381
586.720081 1100.780617
582.811446 1098.314695
584.190367 1099.970915
571.485805 803.297314
580.875381 808.593881
577.765135 808.265538
572.819202 805.072395
580.197187 808.876842
572.866219 808.734501
584.743106 811.447661
583.560164 812.107151
577.647702 431.421930
581.079872 430.110844
577.435553 431.509235
578.952902 430.140107
583.846946 428.526819
588.494474 429.927992
581.326794 427.931888
589.171846 427.906278
592.628034 701.693951
587.159739 701.048564
587.256997 701.574319
590.099844 702.729042
592.209836 702.834457
594.963557 701.983951
589.321319 701.734818
582.029809 704.572202
588.685579 814.739137
591.737464 815.068564
587.997377 814.430917
588.369740 814.594279
588.279905 814.305663
589.714699 816.485149
593.901353 818.018847
593.359370 818.283490
587.354854 1102.510650
585.380247 1101.257309
590.425710 1103.894982
585.027090 1098.546727
582.926603 1098.658299
592.420687 1104.387643
588.411641 1103.067672
587.899235 1102.340016
600.704866 426.079382
589.851408 427.780645
593.332489 427.764073
589.797732 427.903589
597.645933 427.453022
585.992313 427.392776
590.244220 428.365773
583.870944 428.682751
597.712191 821.785430
598.002166 823.055060
593.077870 820.074202
597.784836 822.640589
598.918575 823.804369
599.063792 823.379869
596.387595 821.516016
595.332930 820.814735
587.327114 701.525968
603.859589 701.724390
599.252647 701.774254
597.644557 701.821393
594.114968 702.363061
591.323430 701.620575
597.159048 701.807388
596.578178 701.715513
596.858411 1106.190330
596.979517 1106.170821
592.971978 1104.702025
599.498589 1106.490826
601.792311 1105.994647
603.471840 1107.536916
600.292155 1106.977161
594.487573 1105.430876
605.244699 423.916296
606.648744 427.426182
603.535879 429.084679
600.666604 428.983433
600.355482 430.361572
601.634621 428.354240
604.915024 428.940371
605.949770 425.939556
604.024257 826.789602
604.543634 828.777625
601.712746 825.220941
603.587602 824.343970
603.178318 827.278751
605.680897 830.543833
605.489265 828.207239
608.595090 834.252501
608.942491 701.879165
605.676909 701.420906
605.991695 701.519316
611.577478 701.167560
604.743615 701.537125
607.305236 705.122190
605.917722 701.407549
612.416788 701.965370
607.048344 1108.431817
613.148806 1108.105627
612.561311 1108.504186
607.200310 1108.446503
602.208445 1106.667687
603.630771 1107.646473
609.956774 1108.415437
610.979777 1107.944067
616.554628 436.486127
612.782908 436.924820
608.216310 433.091006
607.169284 430.488413
614.929358 428.839930
608.870982 429.850079
603.019080 429.828794
602.422391 431.865005
610.140615 833.450031
612.754209 836.753459
613.811944 837.833614
613.962211 837.054420
610.724983 831.149455
612.328704 836.991459
607.277775 831.508217
608.839213 835.029009
614.044571 702.886935
618.855851 703.693667
615.192173 703.094123
618.923926 703.234944
615.421606 702.614966
622.677977 703.102688
620.456999 702.998305
613.875255 702.725319
621.871838 1109.252141
617.227107 1108.753622
610.123313 1108.260362
619.159937 1106.386405
623.603670 1109.183064
614.300617 1107.935157
618.524057 1109.060837
613.546433 1108.078141
624.600196 447.022748
617.563818 438.938888
621.969580 442.896789
617.374573 439.598303
613.421120 436.688076
613.686703 434.579029
620.296443 442.067889
613.351423 436.077325
621.333668 840.389815
620.664139 844.037292
619.499401 843.678977
615.875870 839.976727
622.604875 846.834487
620.596181 846.458995
616.798922 840.238036
619.324635 843.302256
625.624763 262.354265
620.259236 273.402748
623.995606 269.550373
621.937360 268.406050
623.562881 265.135002
621.194421 271.361942
622.803898 266.479713
621.493969 270.018984
619.730848 274.704033
623.689284 268.142160
620.671348 274.519599
619.027577 283.149785
620.289801 278.790041
619.321315 276.400177
620.455602 272.987953
619.012898 276.576375
619.538288 287.845945
618.695548 290.842515
620.438711 279.063146
618.325231 294.065768
620.001296 284.643747
618.884433 290.466070
621.161894 285.338421
625.426766 280.462125
618.090571 294.644114
620.475622 301.620437
622.848863 306.430589
624.340835 290.920736
621.213955 304.785254
622.674450 297.987851
621.563825 295.899589
617.634241 298.319049
620.534059 303.360566
618.172573 303.693462
621.937710 305.598715
617.249819 297.930417
619.740261 306.968107
619.614741 306.637315
620.446285 307.150742
618.868555 305.861361
624.458105 857.444898
622.705880 852.041669
625.026092 858.955763
623.230553 854.437425
626.612555 860.684302
621.480039 847.967170
625.439935 859.150834
623.010161 855.768079
631.526146 252.063985
627.005687 258.622767
631.339337 252.126935
625.355104 261.893906
632.105435 251.478257
628.717523 256.194055
626.926395 258.880480
626.554744 262.285637
624.062529 311.137740
621.251165 311.446801
622.890408 315.281396
625.775419 328.539639
625.078618 317.872829
621.818330 315.133939
624.562113 311.497349
621.432093 306.379658
625.056029 335.617666
626.613141 333.110503
624.682989 334.840598
621.979282 334.285335
618.353857 330.345288
620.405136 332.325045
621.329489 331.035170
619.647449 317.754950
623.983620 336.451463
626.122293 334.542949
623.114484 336.036280
618.248648 331.127211
618.760103 333.075055
623.721057 336.192087
620.140859 332.270238
625.899904 337.661114
625.111147 701.570949
615.096927 704.262110
626.625100 711.939698
622.461907 707.217829
622.947261 711.615802
616.772964 704.361365
618.971351 705.572740
626.175335 709.278454
622.980225 444.392403
628.278915 450.661625
621.611258 443.605200
632.818940 454.748946
625.653550 448.001802
626.197245 448.554366
624.570129 447.388555
624.077287 445.881180
626.997610 1109.899091
625.480512 1109.545468
626.473254 1109.849122
626.892982 1109.510472
627.369177 1109.793959
631.349215 1109.447956
633.360051 1109.260128
626.573829 1109.638971
620.130427 345.982210
629.518962 350.044654
628.974302 346.598910
628.138121 346.336724
629.645525 346.501184
625.426870 337.794002
621.055343 341.982221
628.743021 355.322813
629.557015 356.929703
627.810159 354.433036
626.497980 351.317394
628.714993 355.204094
630.961770 363.447039
628.592381 356.958168
623.801678 350.076585
629.121731 353.212368
625.984201 710.531383
627.593701 716.040813
627.569587 717.317621
627.032152 714.646397
627.967640 717.700642
631.227237 724.908503
626.590541 714.422383
623.080641 714.276214
622.922519 729.439920
629.404714 726.170729
629.860323 722.416590
631.182240 724.897419
631.464871 733.459753
629.752777 729.422553
626.115087 733.263357
628.380512 728.670491
631.372267 741.177018
630.647815 740.025752
629.460752 737.066261
625.590943 734.578152
629.408711 733.469208
628.537244 738.505137
623.871035 734.215660
626.883753 732.139478
632.200000 862.926494
629.697647 861.870867
635.230984 866.336280
625.607303 861.994213
633.999730 867.065172
619.135954 859.410244
625.239505 858.867826
628.447517 860.362596
633.087340 250.690674
631.545881 251.983010
629.806569 254.437685
628.349187 256.497480
633.045478 251.229698
632.134290 251.892506
637.324630 247.234677
639.067101 247.373939
637.801111 460.812435
633.819764 457.763577
635.141829 459.416194
637.582249 455.126680
634.919325 459.386671
632.598527 455.492057
644.397304 457.119002
631.692886 453.546667
633.616748 367.253895
631.944506 364.240847
629.265675 367.566525
634.888997 369.186308
636.000553 369.610602
635.429743 369.096589
631.049141 361.735832
638.397591 371.281512
633.046597 749.298049
630.169343 737.581467
629.489788 741.417954
629.194468 751.934172
631.552085 742.628210
632.534869 745.571873
634.291884 754.299871
630.065225 740.764024
634.319105 754.725225
634.051310 755.619709
632.471824 763.414173
634.448197 754.524158
633.838387 755.811422
627.809488 747.367456
629.044641 757.764467
634.664804 756.691580
638.748687 774.955358
636.487664 767.956718
637.124449 769.446954
624.261353 761.440087
637.074074 769.654032
633.188532 762.904564
637.167177 770.684841
635.325619 768.300735
632.130972 779.643112
634.705690 777.365470
634.512051 775.352094
635.016251 777.238891
635.320774 778.350858
628.717665 779.802791
638.355603 777.572637
627.944180 775.785542
635.301376 788.132169
635.316717 793.064744
639.836314 791.873092
640.709392 792.266289
633.312347 786.423430
627.214110 785.817609
641.034899 791.586994
639.674896 785.222447
627.548087 801.806834
632.583235 789.119441
641.029323 791.849955
632.533705 796.903335
630.121317 787.544047
632.434408 791.731236
633.398283 801.191321
626.008832 801.561303
637.157580 799.051448
633.079127 804.047716
634.750556 803.964946
636.994721 802.754554
635.342652 796.179743
631.196826 802.693329
631.760017 803.389803
630.122839 803.171844
634.481038 814.034741
631.068532 807.589897
631.709392 804.464952
634.740414 816.609777
629.164235 823.789741
635.275927 822.615082
635.750345 809.268902
633.251732 814.573391
633.816171 830.287855
634.114856 823.662619
633.510649 827.848230
631.243312 822.127901
633.762135 826.199908
632.002662 825.706824
635.427344 823.003304
628.147264 824.018132
634.001570 836.912878
633.969493 824.762085
633.659433 833.551408
626.871622 835.901500
634.897941 836.607153
628.075848 840.189196
636.110239 841.223138
633.614379 842.748997
635.537195 853.776511
633.667917 847.407015
627.719438 840.626315
633.922429 847.253068
632.049141 847.514061
636.181365 845.778253
635.879316 839.966584
635.684131 853.333104
638.839480 872.003664
629.313858 874.604977
630.254322 862.575042
641.085506 874.740167
636.674771 872.232723
635.490723 870.204745
630.340058 871.728198
632.077267 865.256158
635.061679 1109.601089
632.362165 1109.853089
633.391004 1109.839082
631.742525 1109.515589
636.400305 1108.915448
638.356603 1109.187774
631.753098 1109.449646
636.913681 1109.341168
643.122445 374.253816
639.474580 372.503925
644.819073 381.710700
634.712280 368.041890
632.364555 368.488478
638.699094 371.982309
638.884153 372.141533
634.808446 371.786787
638.649705 856.049798
638.720297 857.654058
631.364950 859.177189
640.252754 859.905483
639.553968 861.270408
640.581493 855.913895
634.076226 848.498065
637.996039 854.835787
641.158263 464.191832
641.998405 465.067580
641.857750 465.987247
636.975723 460.862225
637.900225 458.943710
638.904651 463.012246
639.716989 462.793234
639.788630 462.767033
643.192254 243.918843
637.933972 247.302873
642.269351 243.856644
640.148013 247.615250
645.321101 241.316358
641.503574 244.107517
639.427502 246.724604
636.488250 247.871046
642.828676 383.558233
636.843446 386.372252
640.687366 375.079779
650.308865 386.386975
642.278181 384.593214
643.525061 383.463613
647.073752 386.161947
644.808515 379.110768
649.439179 878.536948
638.946507 873.143780
648.797764 880.817529
648.115941 877.293088
638.959553 873.208868
644.205819 875.508708
637.692080 872.079785
643.260950 878.156913
649.463952 1110.093541
645.820231 1108.893300
645.332180 1108.722759
649.311337 1108.000221
647.174888 1107.801051
643.905288 1107.514735
642.626887 1109.098409
644.016201 1109.535272
645.123946 468.221884
651.470880 473.972055
644.691842 467.197345
647.030426 470.332311
641.965681 465.027147
640.641495 464.046601
646.391790 470.303463
643.406807 468.377961
651.402319 237.120797
647.538921 239.937143
655.720255 233.908692
650.558707 238.139595
643.715171 243.120063
652.984945 236.040950
642.721351 243.192254
654.654721 234.692545
652.836314 393.647730
654.565914 387.283855
644.717321 387.887658
652.078610 396.784400
649.194439 395.287602
650.546962 390.787639
658.123902 390.391698
652.738027 389.130647
656.739435 482.660638
654.442436 479.074222
658.047581 478.315721
651.030344 474.824951
649.294971 474.770853
652.452619 485.221771
651.885361 478.236504
651.975333 475.944740
654.670565 490.880663
655.839928 493.051757
656.523363 490.277622
657.118320 492.694488
659.626422 498.602594
657.214955 479.885759
659.864154 497.468620
654.982150 479.141721
655.679990 1110.390442
656.828956 1110.625633
663.552426 1110.494804
658.246677 1110.208178
660.126283 1110.435628
656.041873 1109.949521
658.224713 1110.766205
654.781132 1110.329751
661.729345 229.377401
660.905541 230.020281
660.540565 230.477770
664.212957 227.542666
666.034070 226.250918
668.419578 228.305947
664.733556 227.228077
656.107046 233.896751
660.486517 499.338574
661.467598 495.130435
660.445378 501.509972
663.903219 505.805576
654.816186 490.717071
660.066475 499.330641
658.738861 499.459897
656.358389 494.242452
661.964483 507.677865
657.558002 499.134722
662.340478 508.238981
659.965072 508.084028
659.477091 506.293959
660.677925 507.904886
661.349162 508.051103
656.013507 509.206581
658.420999 390.154156
666.538075 395.445455
667.624732 392.418841
663.656024 389.962698
653.322421 387.906371
664.600818 392.553126
662.890703 390.092471
661.627909 390.360664
665.173719 1111.416635
666.942805 1111.002053
666.292457 1111.358008
673.008019 1111.041102
660.004451 1110.383284
666.003338 1111.032993
666.054636 1111.422677
666.777181 1111.078283
672.074135 225.546831
668.591794 230.094581
665.477434 226.679269
668.925794 227.086274
674.826034 225.153843
669.683498 226.127251
661.874191 229.256299
676.438169 224.175774
676.710819 506.719954
672.876633 508.799891
671.361979 509.004050
668.962776 506.726820
674.500939 508.716039
667.597848 505.310248
661.684066 508.219316
670.469178 508.117075
681.498412 389.674770
664.275317 390.704850
668.349643 390.965864
673.179229 391.256651
667.563982 390.651136
675.190440 390.129956
672.920241 391.733523
671.103756 390.752485
676.541901 1110.858592
681.888436 1110.580274
674.521008 1111.085915
682.237428 1110.557744
677.490352 1110.923230
676.298753 1110.850258
681.865806 1110.335563
678.568461 1110.881609
686.821451 219.578682
683.959749 220.791387
674.663804 224.421779
676.998705 223.385582
682.445782 221.444436
683.964803 221.369359
686.749631 219.919927
677.083990 223.416794
671.373084 508.869676
674.818391 508.649297
679.852339 508.335781
681.112492 508.070679
680.572359 508.012978
674.260150 508.431646
671.815373 508.936117
675.182929 507.750090
683.827147 389.508450
675.045234 391.057187
687.952700 390.371185
684.478526 389.659192
678.825280 390.340011
681.855834 389.709867
682.408772 389.564612
691.158036 390.074093
690.129029 1110.281450
685.334400 1111.184015
688.588632 1110.436955
683.875805 1111.034608
686.219319 1111.196057
692.537460 1110.266279
685.992598 1111.178119
689.061903 1110.897502
687.301575 219.517113
680.571309 222.193973
689.874745 218.457780
689.092335 218.830800
686.693186 219.760404
685.559022 220.109172
692.237142 217.783794
686.402071 219.826255
689.956315 507.826507
692.377034 507.962435
686.297571 507.694372
695.313053 507.696449
696.563369 508.699611
690.308288 508.133815
692.451703 504.130674
690.603199 507.624585
691.732108 393.554938
692.040497 390.085713
691.976038 390.067859
685.298678 389.442133
700.051221 391.634431
686.034473 389.499946
694.015745 390.371758
692.841646 391.881810
690.579935 1110.964748
698.476393 1110.104243
698.022564 1110.155406
701.900261 1109.006731
696.932391 1110.132176
693.922828 1110.561355
690.115305 1110.979104
695.070159 1109.225017
698.103319 216.381667
703.712286 211.246284
696.478980 216.712721
700.370387 216.107998
696.049049 215.900185
699.150899 216.051223
697.979120 215.559831
701.822911 215.909489
700.688360 508.465098
695.471920 508.442815
696.740902 508.190524
704.785723 508.772904
699.808138 508.560703
704.147307 507.844891
705.602803 508.605258
705.501687 508.075246
707.529375 393.627082
703.178805 391.948473
702.859808 392.101562
702.322829 392.164750
699.285808 391.108170
697.874896 390.968192
693.637530 391.015506
699.542955 391.132187
705.515289 1109.013494
702.545123 1109.520915
704.514533 1109.261693
709.251815 1108.140039
714.925727 1106.487718
707.766212 1108.522919
708.538118 1108.193790
701.336158 1109.622523
707.953251 214.878596
711.293818 214.355525
715.949150 212.254246
700.706901 214.667256
710.610874 213.617448
708.167185 215.756200
700.428697 216.129800
703.346175 215.492900
713.248349 508.936538
712.621585 508.410626
708.171254 508.446910
707.919429 508.951944
715.282384 509.123838
714.251036 507.105564
713.538435 506.837349
716.539060 506.739594
719.377755 391.316355
710.666719 392.241486
719.856289 385.625716
706.390374 386.059755
715.087843 380.946434
710.970136 397.572693
719.451258 386.002902
712.214075 390.481595
718.721037 1105.685109
719.275919 1105.554418
713.793505 1106.958031
716.351661 1106.145833
716.614474 1106.021183
718.555764 1105.212097
719.591073 1104.319242
712.530039 1106.823268
722.279493 212.334085
724.832114 212.841896
709.560656 215.229234
715.377709 215.477525
718.240961 214.711948
713.969865 215.160776
720.304091 213.511399
722.252149 213.791114
718.999869 399.807364
717.955758 401.340638
713.310474 395.273468
718.658649 402.983523
714.550058 392.867120
714.642170 399.771405
719.172048 398.637857
718.953423 398.499597
715.794698 400.572569
718.728568 404.277481
719.734694 407.448279
716.356309 402.929604
721.726276 412.920029
720.534088 408.844292
722.195534 414.313491
719.166666 405.270796
719.278183 507.588543
719.383411 507.087534
722.187998 505.322543
715.557207 509.042899
722.068012 505.450000
720.832717 506.382390
724.040355 503.076337
718.569570 511.639142
720.411975 410.571940
723.740684 417.525355
723.463637 416.596376
721.568472 412.661957
723.909893 418.642220
721.783070 414.773047
723.609062 420.794580
724.134228 417.698961
720.263502 1105.561972
724.621167 1104.509664
723.089153 1105.001163
718.049654 1105.422962
723.465908 1104.902196
728.423635 1103.857944
723.926221 1104.751434
728.724471 1103.758521
729.355435 214.756822
732.805705 206.549779
729.831061 211.027195
729.085930 214.825487
724.669531 213.997918
727.851282 213.374725
732.204038 209.174725
729.941334 214.128987
726.802151 422.683468
727.700470 427.496690
727.492910 425.570612
727.702119 426.312046
726.396569 434.399092
727.029840 425.004323
728.608184 430.682013
727.251839 423.846600
726.323586 436.528373
728.096834 437.632523
729.816668 441.726454
722.759491 435.769094
729.878457 438.166408
731.913931 445.104888
732.334414 446.341031
727.710516 436.235233
731.147968 496.284340
724.376149 502.820701
726.425933 499.354574
725.268560 502.175524
728.850595 498.469836
732.087252 491.972272
731.255552 495.951587
724.354277 503.292307
730.967602 444.763746
732.724842 447.514639
734.233819 454.396744
733.602095 448.081818
734.782543 453.598243
733.832252 448.245621
730.197542 442.416010
731.472748 444.832452
733.960466 453.717731
736.661159 460.684675
734.294197 454.782399
734.437443 453.453124
733.640785 451.750558
735.325232 456.774522
734.952731 455.153195
733.929452 452.850102
728.773502 487.652104
730.757734 496.548134
731.190082 495.702578
730.966335 495.991376
727.908950 491.579262
729.490583 489.103567
732.076937 491.055750
734.858465 483.354842
738.248237 1101.057119
736.009159 1101.910135
735.671698 1102.189304
736.253747 1101.998508
731.685433 1102.329239
734.423394 1102.086172
736.040318 1101.921917
734.943488 1102.355954
732.217925 208.589856
739.109153 203.944573
731.521233 211.437702
733.949562 209.678256
734.202877 208.748596
734.178525 209.502214
733.480579 207.387775
729.764760 213.329594
739.081491 105.588736
739.718870 103.995262
736.495307 107.555652
736.807679 109.098644
745.865442 99.755206
738.003798 109.294880
745.344991 97.528005
734.831783 107.295608
742.793720 108.840247
740.998958 112.254090
741.169106 110.574899
738.461503 108.801423
744.888305 108.194866
740.363400 110.744569
739.237914 107.628839
742.255752 108.740922
738.772166 189.118460
739.369924 187.381556
739.893871 186.179903
737.197045 193.288571
739.360168 187.515586
738.510541 189.141329
739.485677 182.613519
740.127527 186.618297
734.500548 203.961495
738.216228 191.683300
733.871750 198.102870
737.485537 198.010943
736.928694 198.437968
736.877481 195.763722
737.970319 193.977561
736.472002 201.318367
736.286956 460.273513
738.113555 465.430200
739.563455 465.576589
738.804310 463.352453
739.340646 462.467679
737.046047 460.261647
739.293777 465.222832
736.652295 475.538479
736.253037 480.728594
740.468594 473.803445
735.972383 484.564260
733.989497 484.045474
737.584675 479.290048
742.151988 474.742541
739.456332 474.860847
736.781835 478.240093
750.543811 86.158589
745.456040 92.590237
744.714529 94.042661
748.018578 96.997301
745.125496 95.994990
746.194492 94.036769
745.969490 92.311380
743.526409 95.856426
744.381891 118.401698
743.425192 119.247317
749.317468 114.219744
745.778783 116.121857
744.143016 116.759795
750.190277 125.080457
748.658604 120.973694
745.025651 120.926387
740.481752 173.909596
742.056725 177.590914
744.055727 166.766669
743.466943 173.557031
741.452305 170.586225
743.031349 175.882589
743.914975 170.627963
741.755843 181.527807
744.194055 1098.300966
748.705753 1095.983285
745.621685 1096.947674
743.204775 1098.871006
740.078933 1100.665003
739.067855 1100.359922
745.339299 1097.770636
746.407030 1097.225879
746.304545 471.048777
750.205395 474.474902
746.667461 470.763151
743.183721 473.693187
746.526100 471.934173
739.805084 473.072347
747.391313 472.260435
750.725518 475.296496
749.985202 82.032686
753.126648 80.733129
753.401740 81.974787
751.497560 86.067273
749.587804 86.279668
749.978644 82.456806
749.766552 83.062778
749.527140 84.687212
746.123891 129.482714
745.231235 128.583931
747.562506 132.161177
751.976781 126.628455
744.811378 125.719636
747.195742 124.843419
753.643209 128.808801
747.942843 131.350226
746.961151 139.948286
745.022944 138.513365
748.597269 138.601511
748.536414 138.797616
748.834422 136.552160
754.307825 131.537263
754.898583 135.839847
750.285326 138.183258
749.423873 145.478746
748.849127 148.463266
745.275151 147.395240
755.513876 142.680411
747.563174 150.553589
747.599373 149.401711
744.127834 147.540905
744.790963 143.768413
748.143912 161.360456
754.369953 155.809517
745.464098 160.741044
746.682808 160.550011
743.890585 161.796533
748.037328 158.013507
752.100281 152.696525
751.684929 148.871577
746.884991 1096.939512
745.819159 1096.937779
754.806404 1092.504617
758.073180 1090.607528
749.308707 1094.382387
753.605228 1092.976100
748.459998 1096.158856
746.435763 1097.053082
758.887784 76.042431
759.515655 75.556158
762.955124 74.448112
762.624650 73.502885
763.675661 72.647159
758.493972 76.615148
753.991201 81.199875
762.370606 73.526537
760.924532 1088.846649
761.002742 1088.736678
760.415095 1086.917102
758.925649 1090.044788
756.817109 1091.318972
764.744473 1083.270192
762.637951 1087.574587
759.681454 1089.216110
767.430478 70.876744
771.189593 68.257657
769.742409 68.833419
770.409915 68.495876
769.128288 69.325800
768.153606 69.859412
769.827051 70.366742
772.692891 67.915039
772.655750 1074.396657
777.141338 1070.978977
777.136479 1069.060368
771.416389 1074.731177
771.512399 1074.904621
765.910016 1081.265546
766.304385 1080.549864
770.768659 1075.474041
770.463950 68.689991
776.344569 67.188209
779.978335 66.021430
771.000084 68.629817
768.678897 69.555759
781.787701 65.591076
770.458246 68.571333
776.556341 66.925220
778.573441 1065.313416
771.892292 1073.554321
778.701587 1065.951931
780.126448 1064.933026
779.030934 1065.718669
777.156639 1067.781327
777.627135 1066.629922
776.351657 1068.337048
787.801072 1056.792538
783.746186 1060.260873
781.964593 1063.498637
786.287054 1057.709443
781.139548 1065.184013
783.460011 1060.415354
788.837834 1058.593939
789.458963 1061.549654
789.443950 64.812687
787.601417 64.944982
788.468409 65.217110
784.783086 65.220414
780.709897 65.930067
788.707617 65.122979
793.252998 64.964622
781.950666 65.592477
791.017397 1049.208020
791.843052 1047.902979
786.193105 1056.808617
784.386030 1058.548457
793.796200 1045.373987
786.421804 1055.613803
793.127235 1046.649085
789.013630 1051.661843
790.406216 64.768277
788.261374 64.775968
787.669043 65.469127
795.745307 65.392366
796.033430 65.719692
794.667239 66.270989
801.150999 67.744049
793.307079 65.072077
796.673525 1042.358155
793.653022 1045.528546
797.027870 1041.851622
794.640195 1044.481719
795.878932 1043.005373
797.953933 1041.396932
797.264197 1041.749890
796.260010 1042.782397
803.121048 1041.139195
805.255452 1040.903785
803.673003 1041.242168
796.030361 1042.342647
797.816463 1041.665551
807.290163 1039.519788
809.128843 1041.916753
804.513314 1041.435042
805.655037 68.023297
796.872635 65.415476
806.292436 68.247187
801.673155 65.978955
803.801694 66.541319
798.311305 65.692447
803.407581 66.270025
803.228747 66.227071
810.038941 1040.916244
811.267522 1042.321719
811.636352 1042.920556
816.024626 1047.466037
809.451604 1041.052795
804.631880 1042.868962
819.335643 1047.909199
804.100188 1041.438862
806.054800 68.708097
804.877090 67.937709
807.813391 69.281787
814.616285 74.820139
812.791435 72.546358
812.856597 72.366011
816.058481 73.762193
811.069416 72.449303
823.477174 1057.200705
817.861757 1051.092485
814.079305 1048.055905
818.259477 1051.577166
817.232487 1050.974200
811.161968 1042.815599
814.182921 1049.141514
817.522213 1050.547355
822.714342 1062.781557
821.074231 1061.798807
824.869081 1059.254844
813.881983 1058.891099
825.670056 1062.127328
818.695398 1052.282297
821.949576 1054.925426
816.162783 1061.372306
821.185775 76.985119
820.959858 76.828313
821.016417 77.242258
815.115586 75.397142
818.801404 75.812813
822.719502 81.793717
812.894744 75.923121
818.770040 75.515285
821.095390 1061.511159
835.737616 1068.338505
821.338854 1056.636190
826.763454 1063.552995
830.876899 1063.663222
827.007171 1064.345852
826.925797 1064.181960
833.436114 1066.978559
831.840221 81.766925
831.175178 82.068285
828.275926 80.602297
833.288550 82.109171
827.147725 81.246477
826.471903 79.121924
825.782123 80.198800
825.391374 79.090707
840.173922 1069.741419
837.032922 1068.652465
836.178822 1068.321604
836.083791 1068.408456
842.537952 1070.621305
836.281106 1068.029281
838.727475 1069.281120
840.096206 1069.817776
833.141929 83.456264
838.765134 84.819952
832.100360 82.387472
844.902753 87.336170
837.304147 83.568935
846.031529 88.696386
838.336950 84.479263
841.072301 85.712000
842.064756 1070.507544
849.046013 1067.860522
849.996158 1068.320103
840.184095 1069.107301
843.724085 1067.672314
848.084319 1068.461890
843.767220 1069.813427
845.960563 1068.777557
856.820690 92.008967
850.416316 90.423390
850.313510 90.759122
849.794988 90.007790
845.876807 88.157048
849.003263 94.100850
850.626971 90.388785
854.634091 93.125106
853.721507 1067.094660
854.554127 1066.545684
851.236675 1067.548878
857.128079 1067.218760
858.519013 1065.871778
861.417641 1065.722622
855.694231 1066.972787
855.845019 1066.751269
856.841752 93.416060
855.627808 93.369116
859.573981 93.100935
860.868800 93.627513
866.606959 94.973625
857.456852 92.035090
859.587041 93.048350
863.212007 94.082350
873.356148 1065.449381
866.617513 1065.298710
860.846108 1064.625313
861.464251 1064.434245
859.630742 1065.212117
857.224841 1066.048388
870.550665 1065.656601
860.735142 1064.692407
873.292700 96.311062
866.488142 94.685703
874.691570 96.644652
870.223521 95.651346
869.028137 95.672736
871.900212 96.072343
867.805286 95.216806
874.744605 96.491748
878.594131 1065.644978
873.686645 1065.411660
875.355701 1065.617267
883.974227 1065.480189
874.842351 1065.757209
882.329607 1065.604717
879.178450 1065.470715
872.819456 1065.699869
872.578456 96.176264
875.391263 96.772951
875.316674 96.822354
879.040216 97.777582
873.211562 96.316134
879.109960 97.795009
879.477324 97.637767
885.444125 98.639608
884.919321 1065.681018
884.908087 1065.673811
894.403549 1064.856494
885.154159 1065.572874
883.645348 1065.645837
885.697740 1065.608092
888.733213 1065.311213
892.326891 1065.032133
883.953606 98.265930
882.292301 98.185679
895.899976 100.317543
893.927336 99.738785
888.169138 98.952918
897.907420 100.600278
881.966893 98.163795
886.764443 98.706559
901.385549 1064.248509
900.876219 1064.296178
898.493260 1064.392924
890.995728 1065.090427
902.614441 1064.090247
902.168296 1064.169103
898.553116 1064.373133
895.583036 1064.729268
904.626240 102.121060
895.990559 100.437053
896.065811 100.323842
892.149879 99.608863
897.551906 100.813072
898.769560 100.131805
895.234334 100.193681
908.447729 102.785008
903.162567 1064.092735
910.435080 1063.227255
909.857892 1063.353680
904.504155 1063.925354
904.211560 1063.992082
902.236350 1064.196102
909.811568 1063.087806
902.221163 1064.202097
909.181078 103.161415
913.671268 104.225362
907.469923 102.855510
910.139839 103.333291
905.941625 102.182022
902.343958 101.653768
913.543632 104.406938
908.333901 102.465875
913.090370 1062.965790
918.782759 1062.064852
919.146546 1062.004750
912.502376 1063.031188
915.666730 1062.631302
919.520256 1061.977425
919.642361 1061.946692
915.085457 1062.718947
913.016345 104.284281
914.651567 103.687755
927.112533 104.432194
919.148550 104.123231
920.521877 104.584236
927.728457 104.347905
923.800610 104.353598
919.013560 104.134677
927.777906 1060.377343
932.256814 1059.725292
917.949612 1062.120591
922.355282 1061.450125
925.736827 1060.718247
925.846912 1060.712404
923.370520 1061.216301
924.493819 1060.957838
935.991461 107.035899
920.774494 104.470567
932.365332 105.955577
926.170281 104.525622
928.895559 104.878816
929.330844 105.061095
928.208745 104.467291
928.173635 105.177334
937.323832 1059.052528
927.250900 1060.591610
935.626954 1059.497702
935.759009 1058.922729
928.850437 1060.204860
936.671953 1059.254823
939.718549 1059.130739
935.385886 1059.142947
931.378306 105.775503
938.120292 107.781695
938.752641 106.765754
937.829750 107.564060
937.481448 107.536934
938.187700 107.862991
938.133352 107.811251
928.764466 105.055142
944.987912 1058.846621
945.840639 1058.606334
946.675584 1059.180938
946.446462 1058.559025
939.140206 1058.944133
948.452977 1059.362031
940.541801 1058.936995
942.199868 1059.233249
943.550430 108.043432
947.957791 108.384304
944.065224 108.053392
947.636831 108.215127
948.122407 108.387580
950.264139 107.931919
953.302839 108.129337
950.149508 108.257957
959.730985 1059.008768
949.925644 1058.986467
947.031942 1058.588640
964.004767 1059.238057
957.440480 1058.903211
959.657874 1059.089709
945.963589 1058.634017
955.657742 1058.878344
963.792482 108.073227
955.607681 107.662458
956.413849 107.535196
964.800302 108.335672
953.994347 108.122158
954.099873 107.994986
962.402306 108.169894
959.274461 108.031468
964.243998 1059.239023
973.107067 1059.808573
964.053908 1059.355082
963.401787 1059.130326
960.410598 1059.015445
968.952796 1059.572066
968.984740 1059.558365
958.278272 1059.249308
974.294021 108.781382
974.114763 109.251735
968.257743 108.467750
966.261202 108.299074
963.955471 108.095955
974.131969 108.927594
964.339164 108.347821
971.275078 108.686932
975.013162 1059.916483
969.138878 1059.587949
970.781107 1059.507124
975.542826 1059.821148
982.678891 1059.712289
975.720292 1059.892559
977.185656 1059.759780
975.112616 1059.916765
982.757711 109.792854
978.281568 109.406690
969.187229 108.510116
973.015267 108.915424
971.296996 108.691723
983.303312 109.905268
968.895039 108.479374
980.690427 109.582236
986.373016 1059.771509
984.810950 1059.769045
983.664801 1059.823512
982.071243 1059.688808
991.988857 1059.812874
983.917557 1059.760292
986.842333 1059.847621
983.654047 1059.782220
991.648266 110.955618
994.522108 111.429028
983.512189 109.883967
987.769757 110.450944
984.052789 109.944092
988.271593 110.613446
991.558798 111.031038
993.475533 111.589355
986.129786 1059.817112
989.849921 1059.690765
992.049157 1059.402664
1001.622682 1060.006870
992.773492 1059.861143
1002.624442 1060.011668
996.088270 1059.931770
995.427999 1059.792952
1003.411778 112.584437
991.756898 110.779260
994.594863 112.023496
996.291366 111.129520
998.208197 109.830962
1007.105847 108.931963
1002.214228 113.813909
1004.078059 114.609917
1002.028961 1059.963465
1007.103475 1059.885422
1003.180077 1059.989514
1008.355808 1059.783973
998.864421 1059.993103
1005.081757 1059.951222
1008.989260 1059.896259
998.232573 1059.753803
1007.724470 109.244801
1004.986000 115.510975
1007.037603 108.262325
1007.031535 109.104082
1008.485985 108.942060
1005.243173 108.418424
1016.284691 105.247437
1007.236639 110.824149
1018.476424 1059.557319
1006.870913 1059.911240
1014.094168 1059.730444
1014.871685 1059.726689
1006.967328 1059.938204
1014.261664 1059.587002
1014.742613 1059.618362
1015.427952 1059.660781
1022.938379 103.427167
1018.380151 104.614544
1018.076924 104.551341
1011.216583 107.505083
1016.842357 106.576912
1021.240713 104.232699
1017.232030 104.853043
1011.257406 108.110264
1024.860748 1059.358759
1021.642741 1058.836180
1026.162171 1059.165960
1024.026367 1059.098576
1032.302971 1058.811797
1026.912533 1059.020300
1022.594325 1059.398344
1024.230240 1059.374154
1030.931370 100.146237
1026.243166 101.572950
1027.876752 101.013741
1027.516282 101.128683
1030.667552 101.248762
1025.921709 101.718601
1029.045888 100.848609
1027.572392 101.255094
1036.564342 1058.833929
1034.299518 1058.760684
1039.883997 1055.750967
1032.415277 1058.995848
1036.508678 1057.960239
1029.411966 1058.570941
1032.175564 1058.742503
1043.061840 1056.765453
1029.543381 100.541819
1033.010650 99.734610
1027.423050 101.142983
1039.085016 99.150833
1034.522248 100.124008
1038.810724 99.644389
1030.924683 100.138112
1038.186646 100.804703
1046.579353 1057.596265
1040.905994 1058.255968
1046.098528 1058.878828
1053.377735 1059.105263
1043.792757 1052.457317
1039.085641 1058.063530
1046.202237 1058.323780
1044.665654 1058.138090
1042.407151 98.006456
1038.424971 100.336544
1044.301978 97.028935
1038.707330 99.220332
1042.206228 97.707373
1043.770114 96.895074
1038.404921 100.410991
1039.120909 99.531879
1059.732299 90.869360
1052.111067 93.388173
1054.597361 93.268896
1052.639008 93.241219
1056.193279 91.958424
1062.139598 89.022998
1061.448711 89.548446
1053.661834 92.978452
1047.362010 1057.275076
1055.625790 1059.652004
1060.009033 1061.104396
1054.946547 1059.316858
1052.954859 1058.983657
1055.723702 1059.451331
1054.803195 1059.149639
1054.598211 1059.579286
1071.100636 87.608963
1057.043579 91.372952
1057.437438 91.309391
1059.581843 90.929027
1067.094081 87.382273
1061.740846 89.199275
1064.170767 88.288095
1063.080316 88.645627
1064.605064 1061.519834
1060.305510 1060.963400
1064.344194 1061.698056
1060.379961 1061.124926
1064.393348 1061.617690
1071.331596 1062.968396
1060.536347 1059.970332
1060.373083 1060.599178
1070.915140 86.230927
1077.019566 85.727496
1066.434292 87.690801
1074.811047 85.685638
1074.153249 85.047294
1075.159391 89.351679
1073.243237 86.183978
1079.469632 83.368315
1077.403076 1064.215580
1079.422323 1064.067358
1073.491549 1063.698351
1075.301926 1064.585568
1073.602287 1063.691641
1075.682901 1065.369389
1074.455022 1064.021025
1080.425792 1063.082749
1080.379451 85.129153
1080.171349 83.690863
1090.685668 83.070657
1076.548043 84.603655
1082.736907 82.034651
1087.145493 77.885987
1083.732794 81.129175
1086.607465 77.977968
1088.863396 1067.429234
1076.495199 1064.764793
1086.129884 1065.998211
1090.702797 1069.184048
1081.657823 1064.569628
1083.424388 1064.162296
1086.658240 1062.146761
1084.112598 1064.711054
1087.059670 79.781576
1093.962371 85.529988
1090.420251 82.453942
1086.040811 82.490031
1085.602878 78.644142
1098.047867 84.552250
1093.624750 84.186652
1085.555027 77.693324
1088.013213 1066.462998
1093.471493 1071.559148
1097.912285 1073.285967
1097.925878 1071.622178
1086.434049 1066.343945
1095.492143 1073.998349
1099.498529 1071.757112
1093.583351 1071.142151
1099.561457 1076.560451
1101.970208 1079.213413
1095.713668 1073.109816
1095.247840 1073.426440
1099.867121 1076.811061
1102.995017 1079.543846
1105.041268 1082.260330
1104.673268 1081.825612
1098.965786 85.325631
1096.495602 85.277739
1106.345472 88.716933
1106.200190 88.481377
1099.300187 85.187961
1104.706986 87.811251
1099.243345 85.148279
1102.914319 87.341050
1098.507290 435.876253
1104.251866 429.453553
1095.666463 430.118221
1110.117515 434.379359
1102.706813 430.084592
1105.829800 429.090687
1100.366019 432.651294
1108.603158 437.494852
1103.703183 449.775703
1104.903687 440.383325
1104.352437 441.883337
1108.105482 439.261915
1097.110908 438.444696
1108.417274 438.028609
1100.995328 438.359226
1109.400594 439.635296
1105.700455 452.147306
1107.899311 456.001593
1106.113038 452.804541
1104.835699 451.027004
1103.375662 447.165690
1108.169655 447.907295
1108.556468 449.961408
1109.473857 449.523618
1103.010096 1080.292437
1107.806337 1085.127425
1105.391201 1082.612925
1108.349752 1085.676204
1100.946271 1078.224753
1103.170429 1080.447102
1109.237383 1086.620764
1110.243381 1087.896260
1112.222910 459.924114
1113.058337 461.236914
1106.623710 454.763615
1111.979968 453.603798
1115.343618 466.478815
1110.396873 458.396750
1112.988633 462.063920
1111.052745 459.829887
1110.414955 90.955374
1110.257417 90.772405
1107.716203 90.141853
1110.245892 90.765063
1110.338784 91.117710
1111.918306 92.753535
1107.718517 90.461128
1108.548876 89.748246
1114.047805 421.480927
1112.333616 422.989487
1112.322392 423.029669
1111.190514 424.998641
1114.321814 422.118006
1107.808914 427.192250
1114.167154 426.869791
1111.639412 423.636625
1115.938309 467.723420
1115.113685 467.326237
1111.263905 462.146598
1116.885580 468.580274
1114.570453 468.523267
1119.466601 472.187663
1115.101757 466.912401
1117.214111 477.746468
1112.097655 1089.726993
1115.631756 1093.365940
1118.282046 1096.130519
1116.455175 1094.686445
1112.098441 1089.688822
1115.005858 1092.960402
1118.677553 1097.396384
1116.471269 1094.663639
1116.775247 99.229233
1117.879562 100.232221
1112.946513 94.753933
1116.065530 98.251263
1115.228531 96.923669
1118.300357 100.780609
1115.202715 96.824245
1110.004556 91.271009
1119.209333 102.757908
1120.580859 105.183478
1116.338025 99.393426
1118.168019 100.721998
1120.871353 105.926466
1117.646995 100.679345
1117.951380 100.547575
1122.406646 109.301378
1119.995919 415.937805
1124.895990 412.141852
1122.665622 413.950054
1120.456150 415.472431
1116.267503 419.454765
1124.809177 411.918057
1117.774499 417.654971
1122.675736 413.026620
1118.153837 481.153564
1119.358326 471.444348
1119.280438 471.449166
1126.722337 483.702164
1123.592510 481.189989
1117.502680 469.666769
1121.690765 477.468135
1120.088938 482.388219
1120.083475 486.825852
1121.812302 486.761344
1110.632903 488.856863
1120.012958 486.858744
1113.614684 481.867997
1117.059606 485.232589
1122.165806 487.821697
1120.077728 486.881487
1128.662317 1105.766767
1122.694173 1100.587767
1126.996118 1104.297356
1117.619120 1095.660117
1125.480448 1103.199971
1122.852664 1100.837718
1121.532355 1098.909749
1124.451584 1102.263291
1125.885191 114.639874
1124.361775 111.991078
1125.055609 113.317091
1126.647719 116.048082
1126.530316 115.866260
1126.519203 115.686766
1125.067507 113.296041
1125.642481 114.230383
1129.059029 409.472805
1131.529022 397.329920
1121.927112 413.890253
1120.953598 415.037728
1127.357768 410.119240
1131.450869 403.580901
1129.203845 408.733027
1125.076315 412.742189
1129.844495 125.702438
1127.116999 117.299704
1129.898075 125.446627
1127.132423 122.843805
1127.857593 120.185306
1127.649690 119.054993
1129.947631 124.858572
1127.131426 118.290603
1130.259731 489.537598
1131.608456 490.297389
1134.850185 489.844100
1128.022739 485.715436
1134.614472 490.450114
1130.282779 487.797426
1128.210391 489.435709
1127.612478 489.564780
1124.955877 1102.606581
1132.119132 1108.094918
1132.759757 1108.561130
1135.042320 1110.118527
1130.980076 1107.436372
1131.287890 1107.790628
1126.673725 1104.285927
1132.090715 1108.820576
1134.931734 141.275879
1133.521137 135.946944
1131.331651 133.183188
1132.083766 132.378771
1127.415477 133.351600
1129.106797 133.958780
1133.712975 135.286300
1128.746909 133.766905
1135.175150 142.215652
1135.545940 143.056247
1132.733698 139.630891
1139.718949 143.776032
1136.965736 142.568582
1136.655708 143.595731
1136.284607 143.834900
1136.277667 145.865013
1135.107094 1112.211440
1140.318035 1116.065818
1143.196742 1118.279471
1138.548035 1114.182853
1138.837655 1114.447149
1133.972517 1111.006749
1136.186258 1113.057949
1139.292361 1115.002957
1139.976210 403.821149
1142.653325 403.366201
1135.090037 406.378460
1135.867011 404.908040
1131.994641 410.331889
1131.586419 407.055942
1129.206042 408.360606
1135.404803 402.559231
1136.126925 146.935146
1140.268182 151.858415
1135.855902 144.509770
1146.684009 154.440828
1143.207129 152.873418
1142.687259 149.529462
1135.610973 148.036847
1140.148838 148.896690
1132.236175 490.473206
1132.440581 490.420944
1146.905912 491.402763
1140.263733 490.236088
1136.634336 489.004658
1139.820433 488.011362
1134.189124 490.524224
1137.923193 490.493204
1144.590027 1119.473125
1144.994279 1119.556906
1152.096707 1124.184950
1144.433788 1119.354148
1140.284774 1115.499618
1145.527079 1119.985316
1147.084833 1121.201349
1142.728305 1117.963220
1144.486263 403.084384
1153.011915 402.112350
1150.103095 403.286317
1149.070734 401.410836
1148.639461 397.416578
1139.708139 404.169717
1149.410551 402.019485
1147.775772 401.846622
1151.983391 159.288667
1151.710239 157.698986
1150.328010 156.868449
1149.555548 156.104690
1148.896741 155.826922
1145.083384 152.533056
1145.376073 154.111294
1145.034174 152.401750
1146.195133 491.770916
1147.760101 491.848998
1148.829165 492.010614
1147.432672 491.833336
1158.079726 493.362831
1150.889160 492.278239
1144.312666 491.071429
1147.170678 491.764015
1157.270611 1126.891691
1152.343541 1125.099269
1154.589746 1125.371703
1154.662344 1125.212770
1151.157316 1122.354216
1157.677329 1126.785398
1152.684856 1124.257935
1146.964615 1121.136874
1157.183021 163.197969
1150.424033 156.756732
1154.892971 163.014185
1159.383173 164.462644
1156.812100 160.523175
1156.221575 163.420370
1159.822631 165.612353
1158.890567 165.314758
1155.816502 399.785397
1156.410254 401.037290
1157.203298 405.161686
1156.410026 401.036936
1163.329495 398.850184
1150.970656 399.937454
1157.012960 402.328410
1155.928178 400.021284
1159.192743 493.474326
1159.799397 493.580374
1157.862118 493.310441
1156.734945 493.085171
1157.270548 493.271194
1165.655895 494.122621
1160.027801 492.889136
1155.354888 492.638904
1161.437998 1128.063044
1164.380369 1129.392688
1159.717655 1127.731380
1163.727607 1129.133031
1167.504801 1130.416155
1171.740545 1131.489589
1156.043731 1126.287859
1163.063390 1128.913031
1165.157870 172.011810
1163.370042 169.112958
1165.089955 170.390080
1162.389068 168.007504
1166.187032 171.348970
1161.902262 167.478942
1168.366654 176.459135
1159.215038 165.440091
1167.860033 397.192831
1166.234372 397.498291
1168.919804 396.258955
1168.398771 396.364830
1164.602966 398.275491
1170.049013 395.820825
1173.363304 395.913293
1167.630275 397.112649
1169.323670 494.757939
1170.597973 494.624358
1169.294980 494.662896
1172.002454 493.534847
1167.653360 494.441340
1166.100200 494.283735
1169.256191 494.811393
1172.002667 494.043713
1172.109800 1131.461704
1174.474158 1132.386923
1173.990534 1131.736447
1178.447225 1134.141807
1171.126481 1131.656711
1174.492215 1132.638691
1174.672734 1132.841014
1173.687796 1132.342566
1165.785447 172.986510
1167.525581 173.191773
1171.593720 180.936446
1166.211106 171.371999
1169.553313 176.254415
1170.222893 177.304976
1171.816126 181.972593
1170.049743 177.695239
1173.623793 187.554286
1171.028128 183.982745
1169.994953 177.284078
1174.013848 187.615199
1171.180655 185.624078
1170.248032 177.663880
1173.923219 188.089608
1173.407268 185.219696
1171.328270 185.517459
1181.811045 202.961345
1179.271255 202.195899
1175.496779 190.813906
1177.980265 196.245616
1171.466843 187.630811
1171.386035 185.461592
1179.037736 201.011920
1180.618446 393.211608
1181.200011 394.972727
1175.521149 394.713743
1182.795836 389.376687
1175.669440 395.072525
1180.723650 392.685638
1179.262998 393.181480
1178.777661 394.134814
1181.673725 492.193025
1179.181601 492.998629
1179.079106 495.628008
1180.153539 495.611573
1179.465801 493.266911
1176.470955 493.812891
1181.042261 492.428396
1177.979007 494.306250
1180.821511 203.213048
1176.371492 202.035071
1180.709090 203.095665
1179.502153 202.327511
1179.114131 202.060821
1173.578433 200.313546
1185.289251 206.150244
1180.573048 202.620557
1184.267487 1135.860518
1182.648364 1135.317504
1179.353532 1134.390366
1182.811174 1135.445216
1183.276425 1135.554680
1180.403137 1134.756244
1182.237846 1135.061214
1180.766386 1134.878631
1188.018526 391.656897
1185.178752 390.412204
1191.674243 391.928811
1193.226741 385.428492
1191.819258 388.649431
1191.418751 398.007026
1189.027004 394.175961
1188.193670 396.207604
1186.201210 205.869348
1188.646947 208.780452
1192.456040 211.892685
1184.483861 205.735937
1195.219378 214.035497
1188.505833 208.579174
1186.472221 206.620461
1186.488566 207.114622
1185.706200 497.534816
1189.134705 492.869749
1187.237783 498.292624
1195.544376 490.276370
1184.979122 495.835901
1185.798098 493.771285
1188.489105 493.596724
1185.409433 492.532313
1192.829815 1138.241313
1195.294395 1138.822336
1192.748154 1137.833487
1196.348406 1139.101845
1193.642565 1138.475040
1189.885126 1137.276006
1196.344039 1138.898905
1198.831161 1138.539914
1196.249633 215.214337
1196.735238 217.188570
1195.947149 214.826698
1191.161167 210.715294
1192.759435 210.876475
1201.683492 220.046092
1196.440093 215.513584
1190.264401 210.179989
1196.229697 384.311594
1197.910135 383.026379
1195.773677 384.125409
1197.215810 384.016210
1201.091461 382.464632
1199.949791 381.744911
1201.668932 381.003221
1199.303016 381.677038
1206.177383 491.795438
1199.869389 485.544565
1197.007322 491.068153
1204.436730 488.444944
1205.639775 491.852642
1204.961910 488.562672
1199.806969 488.750448
1197.443779 494.559920
1198.304705 1139.523958
1205.200589 1140.940357
1197.199017 1139.347104
1203.168580 1140.298997
1200.809724 1140.087500
1203.180637 1139.771416
1194.394359 1138.369302
1208.584704 1137.622474
1204.041299 222.124405
1205.331367 223.365248
1201.165941 219.958490
1206.583159 224.619635
1209.653023 227.598870
1203.633328 221.736468
1207.490785 225.631236
1202.473411 220.929482
1202.407486 380.741160
1204.878496 384.260271
1200.323310 385.455011
1206.291406 377.245847
1209.256915 383.048795
1206.512690 390.779286
1203.064972 380.765207
1210.430412 372.097805
1205.621722 491.189572
1212.816521 492.333941
1205.539664 489.033083
1203.977657 488.412370
1205.466178 490.509016
1203.941034 487.836620
1209.948093 490.595794
1204.767412 488.437926
1209.657102 369.399376
1210.476974 366.060932
1209.417757 369.773167
1212.631322 362.281646
1206.592553 373.479619
1211.271744 366.385697
1204.123921 378.609174
1209.512004 370.601933
1207.126515 1141.183409
1211.325857 1142.128384
1210.426994 1141.755460
1207.127736 1140.667946
1215.401872 1142.852772
1211.445383 1142.147505
1215.003009 1142.805453
1208.356644 1141.433473
1212.298208 229.930838
1211.617152 229.293236
1216.333804 236.779467
1217.017275 236.254850
1213.145673 232.893601
1208.005982 225.894635
1209.266524 227.006772
1212.138419 229.718979
1215.034051 248.655778
1216.084926 250.400969
1214.704839 246.565856
1216.207053 250.738247
1220.184063 249.996466
1215.140183 248.250003
1218.663521 249.367300
1220.980760 257.270613
1211.917559 362.178188
1213.364080 359.222374
1217.037384 352.406675
1210.971948 366.058498
1213.751732 358.600413
1213.922804 362.359386
1211.408589 364.488159
1212.297798 361.909721
1216.370007 494.964803
1212.086006 493.163069
1225.025382 500.840631
1213.733263 492.458839
1221.851884 497.471979
1215.852786 492.394247
1212.757045 491.935218
1219.717621 491.947446
1224.051120 264.201958
1221.052285 260.902543
1217.070130 252.572030
1219.232814 257.068861
1218.446097 262.373398
1221.846357 250.816748
1219.121380 262.590342
1218.964417 254.548118
1218.743382 349.411401
1219.190445 348.664061
1215.210637 352.806515
1214.314837 356.983481
1217.621762 349.558719
1219.031381 349.201881
1216.037854 352.744908
1221.577791 344.588778
1219.015282 1143.437656
1216.350753 1142.813318
1220.294869 1143.548371
1220.502021 1143.663994
1218.969657 1141.784478
1221.140434 1143.648497
1221.236683 1143.658277
1221.626591 1143.457163
1219.910070 241.507045
1219.181280 240.828227
1216.672054 239.803699
1218.742340 239.340628
1214.440089 236.285968
1217.205445 238.260942
1216.765691 236.400050
1216.801958 236.087188
1229.463230 503.845149
1223.389188 503.153007
1223.097681 499.836445
1228.158803 500.238870
1223.186409 502.152998
1227.245906 501.712431
1218.751952 494.452857
1221.819535 502.587106
1222.929409 248.750049
1222.007100 247.271790
1219.398621 246.844627
1219.965509 242.975827
1223.582343 246.876539
1228.025921 251.185816
1225.849232 250.039018
1228.798737 250.576769
1225.514391 269.451997
1224.091364 269.301237
1229.676900 275.614725
1219.094071 263.144824
1221.640388 263.691982
1224.790901 267.968242
1224.818534 268.118314
1224.719013 268.050595
1224.310289 339.774017
1223.575838 340.807200
1224.544894 339.241921
1226.352591 334.637473
1223.504055 341.039551
1224.255509 339.885760
1224.457803 339.361208
1223.121704 339.025645
1230.330563 509.739718
1229.700219 515.372052
1227.721349 515.508422
1228.696184 511.320582
1227.627057 514.141260
1228.291990 512.588824
1230.431267 503.633867
1225.611108 505.775133
1227.735596 273.079618
1229.591315 273.574572
1230.245314 277.123970
1228.640734 274.813295
1225.506902 269.395262
1230.780693 280.476256
1227.674763 273.023605
1225.863798 270.795914
1233.919138 288.685840
1233.411134 288.866835
1233.527117 288.394498
1229.138663 286.987844
1226.203208 295.895137
1232.805274 289.519200
1228.346589 284.668853
1229.896757 287.666162
1227.338318 298.854618
1226.345332 297.038468
1229.739810 296.803448
1224.062322 305.914204
1233.286001 300.971020
1227.221519 292.894675
1230.079386 301.889373
1234.180076 289.319554
1233.002000 303.409516
1230.668863 305.908415
1229.295688 311.286419
1233.459512 305.679262
1230.437418 307.292204
1227.547645 304.598019
1231.703004 303.855835
1224.254577 305.856257
1231.062221 306.439823
1232.416605 322.114945
1235.599996 325.354509
1229.207159 319.356803
1229.059969 314.827201
1233.173181 319.257141
1225.838741 327.750405
1226.380722 313.128446
1228.345972 323.327303
1231.466149 326.478953
1228.203857 317.377567
1236.656264 325.382760
1234.320257 326.919495
1232.112793 324.228103
1229.866646 329.148812
1231.344714 326.068960
1228.639803 520.382103
1229.722098 520.967544
1230.238429 517.987208
1228.728414 520.956421
1228.383063 518.863080
1230.664682 518.261846
1229.386419 514.859895
1228.816181 520.531931
1230.111510 530.863346
1232.078169 533.594104
1230.509164 525.089099
1230.754362 531.561755
1229.272702 523.636478
1230.199339 530.884914
1230.418899 531.232438
1230.766085 530.906504
1236.358323 1143.231786
1232.652485 1142.926509
1221.934852 1143.220244
1235.208445 1143.537356
1230.188677 1143.145897
1221.094663 1143.716400
1231.822143 1142.748267
1234.168303 1143.219472
1234.335114 540.923281
1237.981171 544.027578
1237.739232 543.914652
1233.955023 540.419824
1236.951387 543.468310
1236.641746 540.010614
1235.056640 541.558940
1235.044095 541.451372
1244.881560 550.223679
1237.359462 542.778188
1239.814120 545.430886
1241.720487 546.924360
1240.636967 546.485575
1241.304599 547.575443
1239.704180 547.230476
1243.653853 549.655099
1237.568894 1142.821257
1235.823621 1143.367684
1239.787938 1142.472873
1242.519996 1142.171456
1237.604759 1141.733563
1247.375481 1140.701850
1244.177070 1141.635141
1239.173474 1142.135387
1253.453060 558.715989
1251.182556 556.316487
1250.294569 555.431357
1251.159029 556.449997
1252.965964 558.181049
1248.198719 552.789619
1249.659837 553.854906
1251.244210 554.329587
1249.319145 1139.742441
1247.262332 1140.762989
1245.406937 1141.479743
1248.681584 1140.145301
1244.282244 1141.764176
1252.795277 1137.504688
1256.598826 1134.854172
1244.646822 1141.731695
1262.471245 562.286928
1257.927376 562.244211
1252.026616 555.440740
1259.753118 562.127293
1256.571720 558.800705
1259.228486 560.115004
1250.447203 554.624081
1253.220133 558.407025
1263.620430 1131.336850
1257.614642 1133.545456
1257.232661 1134.246212
1257.107015 1134.338061
1263.719606 1131.196310
1255.819219 1135.755138
1260.228409 1132.898188
1264.519126 1130.871237
1270.765935 569.380032
1266.834244 566.050315
1267.100339 566.813583
1266.627393 565.670784
1260.788246 562.972944
1262.122742 562.075765
1267.490532 567.492088
1263.400214 562.981918
1273.420066 1125.993713
1269.138396 1128.010282
1275.907146 1124.697358
1266.248081 1129.628141
1271.148850 1127.228452
1270.364450 1127.519806
1262.490910 1132.006949
1270.886128 1127.301056
1274.974334 572.374566
1274.143288 571.818763
1274.362655 571.973290
1278.920894 575.337436
1270.665495 569.225118
1272.576838 570.711943
1281.409397 577.197527
1277.235929 573.978147
1276.808343 1124.246935
1279.199936 1122.864550
1280.955428 1121.886572
1278.681355 1123.221125
1287.700980 1117.965955
1285.999464 1119.046610
1279.917918 1122.587476
1280.190668 1122.420753
1285.739006 580.665184
1277.931508 574.674853
1281.619747 577.379541
1285.643184 580.395379
1290.497471 583.878531
1285.896775 580.666943
1280.998660 576.867376
1280.020334 576.174014
1283.801772 1120.319168
1285.170765 1119.465796
1285.327876 1119.438178
1288.778258 1117.134012
1285.860172 1119.121895
1294.824403 1113.271092
1290.449061 1116.246627
1288.095957 1117.703145
1288.666338 582.822312
1290.329830 583.799225
1290.856639 584.383973
1285.545922 580.510854
1290.257564 583.672246
1291.447854 584.993760
1292.966483 585.684026
1286.870156 581.527557
1302.852602 1106.128931
1298.086121 1110.136093
1298.957361 1111.281742
1293.379248 1114.209417
1297.586154 1111.456007
1299.010266 1110.899258
1293.832360 1114.165719
1295.422036 1112.723325
1296.923612 588.413049
1297.251226 588.770573
1297.834576 589.110114
1302.917334 593.558266
1300.554075 591.279040
1296.472416 588.053884
1291.929660 585.028783
1294.979453 586.992319
1299.144913 1110.782713
1305.767938 1103.189934
1303.200131 1105.767096
1298.717168 1111.797075
1304.884945 1103.851647
1303.485645 1105.518346
1302.816164 1106.382257
1304.418457 1104.681243
1313.228364 602.745730
1309.606593 599.605399
1303.735953 593.878755
1307.999499 597.824496
1298.922637 589.948132
1306.726680 596.597936
1304.425871 594.504837
1302.370535 592.787291
1309.560082 1099.026230
1308.516654 1100.226146
1309.372123 1099.343935
1315.087206 1091.682881
1310.328656 1098.230467
1310.229977 1098.373506
1312.692855 1095.025113
1309.784959 1098.239104
1316.681869 606.673980
1314.049689 603.606530
1316.870472 607.027675
1314.942187 604.494853
1313.314887 602.795088
1314.413895 604.605680
1318.143765 608.494907
1314.423533 603.885702
1311.351714 1096.913931
1313.992030 1093.176064
1312.162691 1094.146930
1318.486072 1086.927577
1317.204545 1088.585347
1317.949668 1087.723123
1310.601357 1097.693052
1318.562402 1086.787109
1322.278176 613.801339
1320.435639 611.395167
1314.982860 606.143494
1326.342107 618.300411
1318.408812 608.879882
1317.765969 608.116210
1317.360749 607.975755
1321.975164 613.572738
1328.998886 1071.782975
1328.896725 1072.192580
1327.002160 1074.556367
1327.416341 1074.412011
1325.072358 1077.528106
1330.083024 1068.585528
1324.984333 1077.734295
1323.175591 1079.954499
1329.424615 621.690228
1323.275296 614.983875
1322.085021 613.683765
1320.628752 611.604635
1323.534683 614.936528
1326.795976 618.633056
1328.630816 620.841198
1326.424316 618.325195
1332.158928 624.812781
1328.148761 620.338399
1330.774041 623.249946
1335.700467 628.796396
1333.714524 626.549467
1329.924106 622.300651
1337.426849 630.619084
1333.118912 625.890978
1331.959105 1066.996127
1332.784467 1066.375963
1333.114194 1066.009464
1330.702544 1069.762299
1332.060570 1067.664942
1329.646090 1071.282958
1332.179432 1067.583259
1328.374111 1073.067027
1341.369985 1052.078393
1335.806377 1060.901628
1336.234082 1060.956067
1336.087858 1059.530098
1335.328775 1062.910628
1337.829007 1056.434708
1337.708626 1056.882966
1334.047534 1064.210440
1340.400951 634.072398
1338.694165 632.236456
1337.794082 631.203106
1346.003672 639.868118
1339.253284 632.855485
1339.318248 632.905948
1340.611726 634.317799
1340.237709 633.919313
1341.169321 1051.936375
1336.602976 1047.886721
1348.154207 1046.975263
1342.954045 1049.955554
1345.032184 1049.653308
1337.821728 1053.117652
1348.589583 1046.351520
1340.016061 1053.190495
1344.838900 638.577582
1349.544409 643.458695
1346.615115 640.410409
1348.576790 642.342587
1341.898444 635.608599
1347.603336 641.296990
1347.357090 641.036779
1347.357288 641.219743
1356.526062 1034.063256
1352.047808 1040.207075
1348.904937 1045.589294
1347.655721 1047.214476
1352.348873 1040.270822
1348.429162 1045.593491
1352.798603 1039.570287
1347.977073 1047.083157
1355.992880 650.683218
1358.037828 652.472849
1356.226081 650.823819
1347.219990 641.035286
1353.044195 647.544997
1348.650590 642.654633
1357.705255 651.953549
1353.352801 647.873082
1357.430941 1032.624976
1357.836954 1031.843272
1356.122033 1034.570219
1359.718161 1028.855208
1353.741036 1036.109777
1355.419646 1035.202876
1359.348767 1029.349938
1355.718722 1035.211711
1362.462541 656.421989
1359.392080 653.587866
1359.319314 654.190279
1362.838620 656.831864
1361.377477 655.461457
1360.482873 654.444919
1357.710839 652.251402
1363.161807 657.066700
1364.777008 1020.150750
1363.123566 1023.260991
1363.291411 1022.966593
1363.097897 1023.295226
1362.705946 1023.808871
1363.236769 1023.032701
1360.078382 1027.997783
1362.720270 1023.773304
1370.225377 1009.981732
1369.322029 1011.801329
1369.349841 1011.717909
1369.937250 1010.489126
1369.190104 1011.424198
1369.038317 1012.342369
1368.898459 1012.672807
1367.778466 1014.732050
1363.737936 658.068842
1365.080585 659.424790
1364.571936 658.722436
1372.089914 667.989363
1367.607348 662.228177
1370.618122 666.369997
1373.237995 669.933923
1365.082691 659.154463
1376.143430 798.208320
1375.899015 804.734868
1375.094832 802.412528
1373.997787 799.180179
1377.004443 790.816140
1373.760140 798.728430
1375.169919 800.603278
1374.055458 799.302017
1375.098929 804.115968
1373.619883 817.887368
1374.005633 811.727365
1377.372173 812.170276
1375.431779 810.729876
1375.727507 809.230788
1375.357412 803.138100
1373.604518 812.343427
1374.684947 820.351528
1374.673501 820.247360
1375.080501 822.481225
1379.032553 815.954040
1374.789395 819.547337
1375.227629 819.374206
1379.288893 823.787065
1381.223838 816.708584
1376.402117 832.012959
1378.573158 837.380988
1376.111717 831.295198
1376.491030 832.207371
1377.760206 834.274542
1376.076315 830.346541
1376.206021 831.502911
1377.880392 835.764942
1375.872614 996.146645
1373.591341 1001.675333
1377.949581 991.157232
1378.228075 990.577562
1373.801470 1001.117345
1373.731698 1001.501292
1374.342422 999.190646
1375.774665 996.541293
1374.678784 670.002328
1375.723018 671.003636
1376.302343 671.696462
1373.722837 669.342565
1374.039032 671.645910
1374.356749 672.488199
1375.860504 671.098713
1371.974300 667.707295
1379.939804 783.610941
1384.481258 776.690230
1375.750367 792.926615
1379.897551 784.855918
1382.471693 783.118017
1379.265515 784.765219
1379.776527 783.481595
1377.391899 784.089502
1379.373675 838.336395
1379.491660 838.803978
1379.679006 834.790893
1378.865790 838.555834
1377.609858 835.087814
1376.572242 832.155008
1379.440548 838.711633
1379.640068 839.127988
1383.094480 974.389751
1383.411399 977.666751
1378.081299 990.153818
1379.477432 986.560430
1381.169687 981.436806
1379.146805 987.183698
1380.651957 982.818013
1381.661214 980.238744
1379.864324 985.351718
1378.919317 988.859716
1376.881337 993.869086
1379.240887 987.950648
1380.294945 983.933762
1380.992707 983.452187
1379.852904 985.303324
1376.549796 994.726520
1382.062325 680.887391
1381.837144 679.247147
1381.933111 679.695506
1381.682078 678.967511
1386.273272 689.102999
1380.195593 677.131326
1381.588589 678.721064
1385.664756 688.500443
1379.891316 782.897770
1382.149156 772.016220
1387.287778 774.852101
1383.157472 770.097374
1388.237970 765.617501
1381.928508 771.214181
1388.256281 774.863687
1388.161357 774.869573
1384.741160 851.324686
1382.761712 847.416537
1384.215949 850.370931
1382.928465 849.476378
1381.963295 846.923134
1381.525299 845.318789
1385.785881 853.356193
1382.792368 849.171816
1386.703079 689.914992
1388.462741 698.369916
1387.386173 693.448405
1384.147683 684.767188
1387.972630 697.139853
1386.660706 689.662785
1386.947806 689.722522
1386.646944 690.151259
1388.256831 966.951992
1388.518189 964.638729
1382.691825 979.601764
1386.399997 971.314779
1387.480251 968.030842
1385.891916 971.919931
1383.693877 975.754660
1383.398324 978.069023
1388.547601 699.329496
1382.421804 701.007254
1382.979957 703.023611
1389.970389 706.383964
1387.481393 694.179425
1387.371189 703.845880
1388.144914 702.600825
1386.554594 695.773793
1388.185670 760.783296
1383.288032 770.390393
1389.058657 760.359923
1389.158615 759.804015
1389.790140 758.361840
1388.202201 761.097656
1387.693755 762.627990
1391.099450 757.542206
1390.467203 858.041399
1385.036213 853.253491
1389.520533 866.407799
1384.979422 851.798932
1386.890389 854.630147
1384.150497 850.616730
1388.025804 857.345952
1390.913315 861.141200
1388.051597 965.657470
1388.207469 966.037552
1390.152679 962.033395
1387.168072 967.902584
1391.133971 960.085155
1389.118709 964.956552
1389.040520 964.955124
1391.796000 957.888884
1389.117246 866.043618
1392.880891 870.330802
1397.335479 873.647151
1394.601309 871.445804
1390.592787 867.715200
1391.945460 866.912598
1392.160050 870.781567
1394.673674 871.732259
1392.196526 710.934983
1391.970098 709.776925
1390.967104 709.090349
1392.539658 710.808767
1390.773809 707.614927
1389.595888 706.830534
1386.729355 703.587692
1390.576783 707.111241
1397.443953 723.588734
1394.556733 723.949656
1394.297432 718.096495
1393.859558 717.292547
1394.781405 719.908612
1398.396521 726.432623
1396.904568 725.090274
1394.701064 718.308026
1392.105685 755.032781
1393.564739 752.890988
1393.316860 753.247777
1391.873841 755.110510
1394.938895 749.116544
1392.859593 754.145522
1388.571388 759.656086
1393.026733 753.546755
1395.424920 948.830342
1395.320301 949.592124
1394.705347 949.563116
1395.107791 949.227698
1396.799627 946.368374
1395.798750 949.163770
1395.951087 948.645188
1395.038374 950.805436
1398.589027 876.137958
1395.991646 874.772467
1395.844568 870.940876
1402.255649 884.587829
1398.577658 876.099717
1397.658618 874.349710
1397.562326 874.241397
1400.425550 881.191648
1399.419188 728.211855
1397.076684 723.786848
1400.417510 731.380749
1395.930125 720.344151
1400.803189 729.718006
1399.412978 728.159934
1401.487404 730.315800
1397.634252 729.464353
1396.370163 736.696169
1397.371752 742.344872
1400.507509 731.216685
1395.028924 741.020666
1395.382738 744.008509
1396.880948 737.647780
1398.484063 736.445923
1395.687974 733.203676
1399.694337 879.936890
1402.633386 885.446257
1402.120925 884.564948
1403.989414 889.040522
1401.360786 885.346182
1401.511558 884.082933
1403.949764 891.230226
1401.559882 884.582062
1402.657236 932.904699
1398.352155 938.614137
1401.066392 933.842616
1400.767024 934.728279
1403.660830 929.010448
1403.382117 930.954991
1400.878414 935.848684
1401.840497 934.487382
1404.634003 894.908736
1404.348468 894.483096
1409.226475 898.661777
1404.298187 894.781821
1403.609479 887.661138
1401.550867 889.706135
1403.853544 899.228411
1404.419098 896.240421
1404.855449 902.509564
1407.525287 905.216810
1409.670867 900.673638
1406.598314 904.888361
1410.897078 899.557075
1402.275837 897.559888
1404.834443 904.849415
1406.400371 905.686377
1401.477278 904.243350
1405.271911 915.915521
1405.442081 911.895843
1404.557003 917.178662
1405.661759 909.445382
1407.469840 905.293505
1404.580742 913.588658
1404.965904 917.981131
1403.068960 926.802989
1404.285795 925.442025
1403.336594 925.994227
1402.274374 927.862602
1404.512588 923.290863
1403.862638 927.582014
1401.413928 926.661607
1402.168574 932.515563
