86.82205 141.84507
82.53454 135.77110
79.67620 132.19818
70.74389 117.54919
89.32309 124.33774
98.96999 128.26796
102.54291 128.98255
105.75854 130.05442
95.39706 152.20655
101.47103 159.70969
103.25750 162.21074
108.97417 170.07117
112.90439 174.35868
168.64200 152.56384
170.42846 152.92113
189.00766 159.70969
192.22330 160.42427
206.51499 165.78366
221.16398 167.21283
220.80668 152.20655
219.73481 102.18562
219.73481 93.61060
219.02022 87.53663
219.02022 82.53454
218.30564 65.74180
217.59105 47.16259
217.23376 33.58548
217.23376 29.29797
234.38379 34.65736
237.95672 40.01675
241.17235 45.01884
244.03069 48.59176
254.03488 62.88346
267.61199 83.24912
280.47451 101.82833
288.69224 113.97627
291.55057 117.54919
307.27144 141.48778
312.98812 137.20027
322.63501 123.26587
330.85273 110.76063
333.35378 107.18771
335.14024 104.32937
343.71526 92.53872
346.57360 87.17934
349.78923 82.53454
351.57569 80.39078
354.79132 76.10327
380.87367 37.51570
393.02161 18.93650
395.52265 15.36357
398.73829 11.43336
400.16745 12.14794
400.16745 20.00837
399.81016 27.51151
399.81016 35.72924
399.45287 38.58758
398.73829 70.38660
398.73829 73.24494
398.38099 80.39078
398.02370 90.39497
397.66641 104.32937
397.66641 109.68876
397.30912 113.97627
397.30912 129.69713
401.23933 169.35658
409.09976 166.49824
428.39355 159.70969
441.25608 155.06489
448.75922 152.56384
453.76131 150.42009
459.47799 148.63363
474.84156 143.27424
484.48845 139.70132
487.34679 138.62944
504.49683 132.55547
510.57080 130.41172
547.72920 117.19190
544.87086 122.55128
542.72711 125.05233
530.22188 140.77319
520.21769 154.70760
495.92181 185.79203
486.27492 198.65456
483.77387 201.51290
466.62384 223.30773
464.12279 227.23795
453.76131 240.81506
453.40402 246.53174
478.41448 253.32029
488.41867 256.53592
498.78015 260.10885
508.78434 262.60989
514.14372 264.39635
524.50520 267.25469
535.22397 270.47032
542.36982 272.61408
537.01043 311.91624
524.86249 315.13187
514.50101 318.34750
507.71246 320.49126
488.06138 326.20793
484.84575 326.92252
476.98531 329.42357
451.97485 339.78504
466.62384 359.07883
468.41030 361.22259
472.69781 366.58197
486.27492 383.73201
490.91972 390.52056
496.99369 398.38099
511.99997 417.31749
515.93018 422.31958
525.93437 435.89669
540.94065 463.40820
537.01043 461.97903
523.79061 456.97694
516.28748 454.83319
511.99997 453.04673
505.92600 450.90297
494.13535 446.25817
487.34679 444.47171
480.20095 441.61337
439.82691 426.96438
435.89669 425.89251
430.89460 424.46334
426.96438 422.67687
420.17583 420.53312
416.24561 418.74666
396.23724 417.31749
396.23724 423.74875
396.59453 426.60709
396.59453 434.82481
396.59453 443.39983
396.59453 447.33005
397.66641 476.62802
397.66641 484.48845
398.02370 498.06556
398.73829 514.50101
399.45287 535.58126
399.45287 543.08440
399.81016 551.30213
399.45287 556.30422
399.81016 559.16256
400.16745 563.45007
400.16745 566.66570
385.87576 553.80317
373.01323 533.79480
366.58197 524.50520
362.29446 518.43123
358.36425 511.99997
355.50591 508.42704
346.93089 495.92181
332.28190 474.84156
316.20375 451.26026
303.69851 447.33005
301.19747 450.54568
294.05162 461.26445
280.83180 480.55824
277.97346 484.84575
272.97137 492.34889
262.25260 508.06975
257.96509 514.14372
254.74946 518.43123
242.60152 536.65314
239.02860 542.01253
227.23795 559.87714
220.09210 569.88133
216.51918 574.16884
216.87647 556.30422
217.23376 548.80108
217.94835 533.08022
218.66293 509.49892
218.66293 506.99787
218.66293 498.06556
219.37752 473.41239
219.73481 465.90925
220.09210 457.69153
220.09210 441.25608
180.07535 426.24980
147.91904 438.04045
129.69713 444.11442
120.05024 447.68734
114.69085 448.75922
111.11793 450.54568
97.54082 455.54777
93.96789 456.61965
83.60641 460.54987
68.95743 465.55196
71.10118 461.97903
76.10327 455.90506
85.39288 443.39983
117.19190 402.31121
123.98045 393.73619
125.05233 391.94973
137.20027 375.87157
138.62944 374.08511
145.77529 365.15280
148.99092 360.86529
156.49406 350.50382
160.78157 346.21631
162.56803 343.35797
165.78366 339.07046
156.13677 333.35378
150.77738 332.28190
146.48987 330.85273
141.84507 329.42357
137.20027 328.70898
131.48359 326.92252
123.62316 324.42147
87.89392 313.70270
49.66364 302.62664
42.87508 300.48288
31.79902 297.62454
12.86253 290.83599
39.65945 282.97556
43.23238 281.54639
59.66783 277.25888
65.02721 275.11513
90.39497 268.32657
94.68248 266.54011
99.68457 264.75365
127.19608 257.25051
132.55547 255.82134
135.77110 254.39217
140.05861 252.96300
147.20446 251.17654
164.71178 243.31610
163.63991 240.81506
150.42009 223.66502
145.41799 217.23376
142.91695 213.66084
140.05861 210.08791
137.91485 207.58687
134.34193 202.58477
573.64 282.09
579.32 283.98
592.57 287.29
582.16 298.18
573.17 301.49
567.96 302.91
