170.000000 371.000000
170.000000 381.000000
170.000000 391.000000
170.000000 401.000000
170.000000 411.000000
170.000000 421.000000
170.000000 431.000000
175.000000 356.000000
206.423577 366.612420
175.000000 450.000000
32.994239 527.966427
175.000000 470.000000
175.000000 480.000000
175.000000 490.000000
175.000000 500.000000
180.000000 341.000000
180.000000 509.000000
185.000000 326.000000
185.000000 518.000000
185.000000 936.000000
185.000000 946.000000
431.591572 1016.617202
185.000000 966.000000
185.000000 976.000000
185.000000 986.000000
185.000000 996.000000
185.000000 1006.000000
185.000000 1016.000000
190.000000 316.000000
190.000000 851.000000
190.000000 861.000000
190.000000 871.000000
190.000000 881.000000
190.000000 891.000000
190.000000 901.000000
190.000000 911.000000
70.336915 989.704410
190.000000 1025.000000
190.000000 1035.000000
193.000000 524.000000
195.000000 306.000000
195.000000 821.000000
195.000000 831.000000
195.000000 841.000000
195.000000 1044.000000
196.000000 1054.000000
103.157941 367.646637
94.799963 559.039982
200.000000 771.000000
200.000000 781.000000
200.000000 791.000000
200.000000 801.000000
200.000000 811.000000
201.000000 1063.000000
205.000000 756.000000
205.000000 1073.000000
208.000000 289.000000
99.873987 509.673004
210.000000 736.000000
210.000000 746.000000
210.000000 1082.000000
215.000000 281.000000
215.000000 547.000000
215.000000 666.000000
215.000000 676.000000
215.000000 686.000000
215.000000 696.000000
215.000000 706.000000
215.000000 716.000000
215.000000 726.000000
218.000000 1089.000000
220.000000 641.000000
220.000000 651.000000
221.000000 1099.000000
223.000000 274.000000
223.000000 554.000000
225.000000 606.000000
225.000000 616.000000
225.000000 626.000000
226.000000 1108.000000
230.000000 266.000000
230.000000 562.000000
230.000000 572.000000
230.000000 582.000000
230.000000 592.000000
230.000000 1118.000000
238.000000 259.000000
238.000000 1124.000000
245.000000 251.000000
245.000000 1132.000000
253.000000 1139.000000
255.000000 246.000000
256.000000 1149.000000
263.000000 240.000000
264.000000 1155.000000
270.000000 1163.000000
272.000000 235.000000
278.000000 1169.000000
281.000000 230.000000
285.000000 1177.000000
290.000000 225.000000
290.000000 1186.000000
296.000000 1194.000000
245.376588 156.821256
304.000000 1200.000000
308.000000 214.000000
310.000000 1208.000000
318.000000 210.000000
318.000000 1214.000000
325.000000 1222.000000
328.000000 210.000000
333.000000 1229.000000
336.000000 1239.000000
338.000000 210.000000
344.000000 1245.000000
348.000000 210.000000
348.000000 1255.000000
350.000000 1265.000000
356.000000 1273.000000
358.000000 210.000000
364.000000 1280.000000
368.000000 210.000000
370.000000 1288.000000
378.000000 210.000000
378.000000 1294.000000
385.000000 1302.000000
388.000000 210.000000
393.000000 1309.000000
386.095605 183.439812
400.000000 1317.000000
405.000000 1326.000000
408.000000 210.000000
411.000000 1334.000000
418.000000 210.000000
421.000000 1338.000000
427.000000 215.000000
429.000000 1345.000000
435.000000 1353.000000
437.000000 215.000000
443.000000 1359.000000
447.000000 215.000000
450.000000 1367.000000
457.000000 215.000000
458.000000 1374.000000
466.000000 220.000000
466.000000 1380.000000
476.000000 220.000000
476.000000 1380.000000
486.000000 224.000000
486.000000 1383.000000
494.000000 1390.000000
496.000000 225.000000
503.000000 1395.000000
506.000000 225.000000
512.000000 1400.000000
516.000000 225.000000
520.000000 1406.000000
526.000000 229.000000
530.000000 1410.000000
361.344032 176.478601
539.000000 1415.000000
546.000000 230.000000
656.212591 1501.926912
556.000000 230.000000
557.000000 1425.000000
358.401156 274.824620
567.000000 1429.000000
570.000000 1030.000000
570.000000 1040.000000
570.000000 1050.000000
575.000000 1010.000000
575.000000 1020.000000
575.000000 1059.000000
575.000000 1069.000000
576.000000 230.000000
576.000000 1434.000000
580.000000 1000.000000
580.000000 1078.000000
580.000000 1088.000000
580.000000 1098.000000
585.000000 235.000000
585.000000 975.000000
585.000000 985.000000
585.000000 1107.000000
585.000000 1117.000000
586.000000 1435.000000
447.301780 1162.391687
590.000000 1136.000000
595.000000 235.000000
595.000000 975.000000
595.000000 1145.000000
595.000000 1155.000000
596.000000 1435.000000
600.000000 1164.000000
600.000000 1174.000000
605.000000 238.000000
605.000000 976.000000
605.000000 1183.000000
605.000000 1193.000000
606.000000 1435.000000
610.000000 1202.000000
547.063264 1254.458969
615.000000 240.000000
615.000000 980.000000
615.000000 1221.000000
615.000000 1231.000000
615.000000 1440.000000
620.000000 665.000000
620.000000 675.000000
620.000000 685.000000
620.000000 695.000000
620.000000 705.000000
620.000000 715.000000
620.000000 725.000000
620.000000 1240.000000
625.000000 240.000000
625.000000 980.000000
625.000000 1249.000000
625.000000 1259.000000
625.000000 1440.000000
629.000000 660.000000
629.000000 730.000000
788.660458 1277.378129
635.000000 240.000000
635.000000 980.000000
811.378366 1236.216530
635.000000 1440.000000
639.000000 660.000000
639.000000 731.000000
639.000000 1287.000000
640.000000 1297.000000
644.000000 985.000000
644.000000 1307.000000
645.000000 243.000000
645.000000 1317.000000
645.000000 1435.000000
649.000000 660.000000
649.000000 735.000000
650.000000 1326.000000
653.000000 1428.000000
654.000000 985.000000
655.000000 245.000000
656.000000 1334.000000
659.000000 657.000000
546.860063 766.465498
660.000000 1344.000000
660.000000 1420.000000
664.000000 250.000000
664.000000 985.000000
665.000000 1353.000000
667.000000 650.000000
548.946832 776.803912
668.000000 1413.000000
669.000000 1363.000000
627.343108 1429.291949
673.000000 255.000000
673.000000 990.000000
693.480506 1381.156313
675.000000 1405.000000
676.000000 645.000000
678.000000 740.000000
680.000000 1391.000000
683.000000 255.000000
683.000000 990.000000
685.000000 640.000000
688.000000 740.000000
692.000000 260.000000
693.000000 633.000000
693.000000 990.000000
697.000000 745.000000
699.000000 268.000000
700.000000 625.000000
703.000000 990.000000
707.000000 275.000000
736.513253 737.960807
708.000000 618.000000
712.000000 995.000000
715.000000 610.000000
716.000000 280.000000
716.000000 750.000000
722.000000 995.000000
723.000000 603.000000
725.000000 285.000000
726.000000 750.000000
728.000000 593.000000
732.000000 999.000000
733.000000 291.000000
735.000000 585.000000
736.000000 754.000000
740.000000 299.000000
742.000000 1000.000000
743.000000 578.000000
746.000000 755.000000
748.000000 305.000000
816.101896 688.095647
751.000000 315.000000
752.000000 1004.000000
753.000000 558.000000
755.000000 325.000000
755.000000 335.000000
756.000000 755.000000
758.000000 548.000000
760.000000 344.000000
760.000000 354.000000
760.000000 535.000000
762.000000 1005.000000
765.000000 363.000000
796.824822 391.408519
766.000000 759.000000
770.000000 372.000000
770.000000 382.000000
770.000000 392.000000
770.000000 402.000000
770.000000 412.000000
770.000000 505.000000
770.000000 1011.000000
775.000000 421.000000
775.000000 431.000000
775.000000 441.000000
775.000000 451.000000
775.000000 461.000000
775.000000 471.000000
775.000000 481.000000
775.000000 491.000000
776.000000 760.000000
776.000000 1019.000000
786.000000 760.000000
786.000000 1020.000000
795.000000 765.000000
796.000000 1020.000000
805.000000 765.000000
806.000000 1020.000000
815.000000 765.000000
696.707813 982.876197
824.000000 770.000000
826.000000 1020.000000
834.000000 770.000000
836.000000 1020.000000
844.000000 770.000000
845.000000 1025.000000
853.000000 775.000000
855.000000 1026.000000
863.000000 775.000000
865.000000 1030.000000
873.000000 775.000000
875.000000 1031.000000
882.000000 780.000000
884.000000 1036.000000
892.000000 780.000000
894.000000 1040.000000
902.000000 780.000000
904.000000 1040.000000
912.000000 780.000000
913.000000 1045.000000
922.000000 780.000000
923.000000 1049.000000
931.000000 785.000000
933.000000 1050.000000
941.000000 785.000000
943.000000 1050.000000
951.000000 785.000000
952.000000 1055.000000
961.000000 785.000000
962.000000 1055.000000
971.000000 785.000000
972.000000 1055.000000
981.000000 785.000000
981.000000 1060.000000
990.000000 790.000000
991.000000 1060.000000
1000.000000 790.000000
1001.000000 1063.000000
1010.000000 790.000000
1011.000000 1065.000000
1020.000000 790.000000
1021.000000 1065.000000
1030.000000 790.000000
1031.000000 1068.000000
1039.000000 795.000000
1041.000000 1070.000000
1049.000000 795.000000
1051.000000 1070.000000
1059.000000 795.000000
1061.000000 1073.000000
1069.000000 796.000000
1071.000000 1075.000000
1079.000000 800.000000
1081.000000 1075.000000
1089.000000 800.000000
1091.000000 1075.000000
1099.000000 801.000000
1100.000000 1080.000000
1109.000000 805.000000
1110.000000 1080.000000
1119.000000 805.000000
1120.000000 1080.000000
1129.000000 806.000000
1130.000000 1081.000000
1120.494452 751.430824
1140.000000 1085.000000
1149.000000 810.000000
1150.000000 1085.000000
1159.000000 810.000000
1160.000000 1086.000000
1169.000000 810.000000
1170.000000 1090.000000
1178.000000 815.000000
1180.000000 1090.000000
1188.000000 815.000000
1190.000000 1090.000000
1198.000000 815.000000
1200.000000 1091.000000
1208.000000 815.000000
1210.000000 1095.000000
1218.000000 815.000000
1220.000000 1095.000000
1228.000000 815.000000
1230.000000 1095.000000
1237.000000 820.000000
1239.000000 1100.000000
1247.000000 820.000000
1249.000000 1100.000000
1256.000000 825.000000
1259.000000 1100.000000
1266.000000 825.000000
1269.000000 1100.000000
1276.000000 825.000000
1279.000000 1100.000000
1286.000000 829.000000
1289.000000 1100.000000
1352.517159 775.240203
1299.000000 1100.000000
1306.000000 834.000000
1309.000000 1100.000000
1316.000000 835.000000
1318.000000 1105.000000
1326.000000 839.000000
1328.000000 1105.000000
1336.000000 840.000000
1337.000000 1110.000000
1345.000000 845.000000
1347.000000 1110.000000
1355.000000 848.000000
1357.000000 1110.000000
1393.645590 923.210502
1367.000000 1110.000000
1375.000000 850.000000
1377.000000 1110.000000
1384.000000 855.000000
1387.000000 1110.000000
1394.000000 855.000000
1537.088623 1137.150328
1404.000000 856.000000
1407.000000 1110.000000
1414.000000 860.000000
1415.000000 1116.000000
1421.000000 1124.000000
1424.000000 861.000000
1431.000000 1125.000000
1434.000000 865.000000
1441.000000 1125.000000
1444.000000 865.000000
1451.000000 1125.000000
1454.000000 865.000000
1461.000000 1125.000000
1463.000000 870.000000
1471.000000 1125.000000
1473.000000 870.000000
1481.000000 1125.000000
1482.000000 875.000000
1489.000000 1131.000000
1573.714530 903.532010
1496.000000 1139.000000
1501.000000 880.000000
1506.000000 1140.000000
1511.000000 880.000000
1516.000000 1140.000000
1521.000000 880.000000
1526.000000 1140.000000
1530.000000 885.000000
1536.000000 1140.000000
1540.000000 885.000000
1594.471843 1178.231411
1550.000000 888.000000
1556.000000 1140.000000
1560.000000 890.000000
1565.000000 1145.000000
1570.000000 890.000000
1575.000000 1145.000000
1580.000000 890.000000
1584.000000 1150.000000
1590.000000 893.000000
1593.000000 1155.000000
1600.000000 895.000000
1603.000000 1155.000000
1610.000000 895.000000
1661.709265 1143.289773
1619.000000 900.000000
1623.000000 1155.000000
1629.000000 900.000000
1633.000000 1155.000000
1639.000000 900.000000
1643.000000 1159.000000
1649.000000 901.000000
1653.000000 1160.000000
1659.000000 905.000000
1663.000000 1160.000000
1669.000000 906.000000
1673.000000 1160.000000
1679.000000 910.000000
1682.000000 1165.000000
1689.000000 910.000000
1692.000000 1169.000000
1699.000000 910.000000
1702.000000 1170.000000
1708.000000 915.000000
1727.146625 1138.754262
1718.000000 915.000000
1722.000000 1174.000000
1728.000000 915.000000
1732.000000 1175.000000
1738.000000 915.000000
1742.000000 1179.000000
1748.000000 915.000000
1752.000000 1180.000000
1758.000000 915.000000
1762.000000 1180.000000
1767.000000 920.000000
1772.000000 1180.000000
1777.000000 920.000000
1781.000000 1185.000000
1786.000000 925.000000
1791.000000 1188.000000
1796.000000 925.000000
1801.000000 1190.000000
1806.000000 925.000000
1811.000000 1190.000000
1816.000000 925.000000
1820.000000 1195.000000
1825.000000 930.000000
1830.000000 1195.000000
1835.000000 930.000000
1840.000000 1196.000000
1844.000000 935.000000
1849.000000 1201.000000
1854.000000 935.000000
1859.000000 1205.000000
1863.000000 940.000000
1869.000000 1205.000000
1955.393464 973.227711
1879.000000 1205.000000
1883.000000 940.000000
1888.000000 1210.000000
1892.000000 945.000000
1898.000000 1210.000000
1902.000000 945.000000
1908.000000 1210.000000
1912.000000 945.000000
1918.000000 1210.000000
1922.000000 945.000000
1928.000000 1210.000000
1931.000000 950.000000
1937.000000 1215.000000
1941.000000 950.000000
1947.000000 1215.000000
1951.000000 950.000000
1957.000000 1215.000000
1778.615915 963.952797
1967.000000 1219.000000
1971.000000 955.000000
1975.000000 1226.000000
1980.000000 960.000000
1985.000000 1230.000000
1990.000000 960.000000
1995.000000 1230.000000
2000.000000 960.000000
2005.000000 1230.000000
2010.000000 963.000000
2015.000000 1230.000000
2020.000000 965.000000
2025.000000 1230.000000
2030.000000 968.000000
2035.000000 1230.000000
2040.000000 970.000000
2044.000000 1235.000000
2050.000000 973.000000
2050.000000 1243.000000
2060.000000 975.000000
2060.000000 1245.000000
2070.000000 978.000000
1995.286040 1305.071290
2080.000000 980.000000
2080.000000 1245.000000
2090.000000 980.000000
2049.423503 1288.225369
2099.000000 985.000000
2100.000000 1245.000000
2109.000000 985.000000
2110.000000 1245.000000
2118.000000 990.000000
2120.000000 1245.000000
2128.000000 990.000000
2130.000000 1246.000000
2138.000000 990.000000
2140.000000 1250.000000
2148.000000 990.000000
2150.000000 1251.000000
2158.000000 990.000000
2159.000000 1256.000000
2167.000000 995.000000
2169.000000 1260.000000
2177.000000 995.000000
2179.000000 1260.000000
2187.000000 995.000000
2189.000000 1260.000000
2196.000000 1000.000000
2199.000000 1260.000000
2206.000000 1000.000000
2208.000000 1265.000000
2216.000000 1004.000000
2218.000000 1265.000000
2226.000000 1005.000000
2193.824157 1272.145748
2236.000000 1005.000000
2238.000000 1265.000000
2360.874541 1016.297079
2248.000000 1265.000000
2256.000000 1010.000000
2257.000000 1270.000000
2266.000000 1010.000000
2267.000000 1270.000000
2276.000000 1014.000000
2277.000000 1270.000000
2286.000000 1015.000000
2287.000000 1270.000000
2296.000000 1015.000000
2296.000000 1275.000000
2306.000000 1019.000000
2306.000000 1275.000000
2316.000000 1020.000000
2316.000000 1278.000000
2325.000000 1025.000000
2326.000000 1280.000000
2335.000000 1025.000000
2335.000000 1285.000000
2344.000000 1030.000000
2345.000000 1285.000000
2354.000000 1030.000000
2355.000000 1286.000000
2364.000000 1030.000000
2266.795196 1278.880523
2374.000000 1030.000000
2375.000000 1290.000000
2383.000000 1035.000000
2385.000000 1291.000000
2393.000000 1035.000000
2395.000000 1295.000000
2403.000000 1035.000000
2405.000000 1295.000000
2412.000000 1040.000000
2415.000000 1296.000000
2422.000000 1040.000000
2425.000000 1300.000000
2432.000000 1040.000000
2435.000000 1301.000000
2441.000000 1045.000000
2325.430816 1336.793024
2451.000000 1045.000000
2455.000000 1305.000000
2461.000000 1045.000000
2386.358824 1280.100188
2470.000000 1050.000000
2475.000000 1306.000000
2411.531199 1147.685757
2480.000000 1315.000000
2490.000000 1050.000000
2490.000000 1315.000000
2500.000000 1053.000000
2500.000000 1315.000000
2510.000000 1055.000000
2510.000000 1316.000000
2520.000000 1055.000000
2520.000000 1320.000000
2529.000000 1060.000000
2530.000000 1320.000000
2539.000000 1060.000000
2539.000000 1325.000000
2549.000000 1060.000000
2549.000000 1325.000000
2559.000000 1061.000000
2559.000000 1325.000000
2569.000000 1065.000000
2569.000000 1325.000000
2579.000000 1065.000000
2579.000000 1325.000000
2589.000000 1065.000000
2589.000000 1325.000000
2598.000000 1070.000000
2598.000000 1330.000000
2608.000000 1070.000000
2608.000000 1334.000000
2581.341808 1138.081017
2618.000000 1335.000000
2628.000000 1070.000000
2628.000000 1335.000000
2629.809401 1153.212534
2637.000000 1340.000000
2647.000000 1075.000000
2615.398262 1354.940372
2656.000000 1080.000000
2657.000000 1340.000000
2666.000000 1080.000000
2666.000000 1345.000000
2696.745566 999.923657
2676.000000 1345.000000
2686.000000 1080.000000
2659.082831 1305.418146
2695.000000 1350.000000
2696.000000 1084.000000
2705.000000 1350.000000
2706.000000 1085.000000
2715.000000 1350.000000
2716.000000 1085.000000
2725.000000 1351.000000
2726.000000 1089.000000
2818.194196 1120.204148
2735.000000 1355.000000
2745.000000 1091.000000
2745.000000 1355.000000
2755.000000 1090.000000
3011.150033 1297.759208
2765.000000 1093.000000
2765.000000 1360.000000
2775.000000 1095.000000
2775.000000 1360.000000
2785.000000 1095.000000
2785.000000 1361.000000
2795.000000 1095.000000
2795.000000 1365.000000
2804.000000 1100.000000
2805.000000 1365.000000
2814.000000 1100.000000
2814.000000 1370.000000
2823.000000 1105.000000
2824.000000 1370.000000
2833.000000 1105.000000
2834.000000 1370.000000
2843.000000 1105.000000
2844.000000 1370.000000
2852.000000 1110.000000
2853.000000 1375.000000
2862.000000 1110.000000
2863.000000 1375.000000
2871.000000 1115.000000
3145.766118 1350.113386
2881.000000 1115.000000
2883.000000 1375.000000
2891.000000 1115.000000
2917.079191 1447.449548
2901.000000 1115.000000
2902.000000 1380.000000
2950.839442 1200.619520
2912.000000 1380.000000
2925.291693 1100.583290
2922.000000 1380.000000
2931.000000 1120.000000
2932.000000 1380.000000
2941.000000 1120.000000
2942.000000 1384.000000
2950.000000 1125.000000
2952.000000 1385.000000
2960.000000 1125.000000
2962.000000 1385.000000
2969.000000 1130.000000
2972.000000 1389.000000
2979.000000 1131.000000
2982.000000 1390.000000
3089.936417 1181.848976
2991.000000 1395.000000
2999.000000 1135.000000
3001.000000 1395.000000
3008.000000 1140.000000
3010.000000 1400.000000
3017.000000 1145.000000
2965.379310 1395.538508
3027.000000 1145.000000
3030.000000 1400.000000
3037.000000 1145.000000
3039.000000 1405.000000
3046.000000 1150.000000
3049.000000 1405.000000
3056.000000 1150.000000
3058.000000 1410.000000
3066.000000 1150.000000
3068.000000 1410.000000
3076.000000 1154.000000
3078.000000 1414.000000
3086.000000 1155.000000
3088.000000 1415.000000
3020.554600 1177.112637
3097.000000 1420.000000
3105.000000 1160.000000
3107.000000 1420.000000
3114.000000 1165.000000
3117.000000 1420.000000
3228.344289 1251.449079
3127.000000 1424.000000
3134.000000 1166.000000
3137.000000 1425.000000
3144.000000 1170.000000
3147.000000 1425.000000
3043.551732 1157.333506
3156.000000 1430.000000
3164.000000 1175.000000
3166.000000 1430.000000
3173.000000 1180.000000
3175.000000 1435.000000
3183.000000 1180.000000
3185.000000 1435.000000
3193.000000 1180.000000
3195.000000 1435.000000
3202.000000 1185.000000
3205.000000 1436.000000
3212.000000 1185.000000
3215.000000 1440.000000
3367.985517 1159.180754
3225.000000 1440.000000
3232.000000 1185.000000
3235.000000 1440.000000
3241.000000 1190.000000
3245.000000 1440.000000
3251.000000 1190.000000
3254.000000 1445.000000
3260.000000 1195.000000
3264.000000 1445.000000
3364.986918 1190.366853
3274.000000 1445.000000
3429.754518 1084.707056
3284.000000 1445.000000
3289.000000 1200.000000
3294.000000 1445.000000
3243.993175 1212.181006
3303.000000 1450.000000
3308.000000 1205.000000
3313.000000 1454.000000
3318.000000 1205.000000
3323.000000 1455.000000
3328.000000 1205.000000
3333.000000 1455.000000
3337.000000 1210.000000
3342.000000 1460.000000
3347.000000 1210.000000
3351.000000 1465.000000
3356.000000 1215.000000
3360.000000 1470.000000
3366.000000 1215.000000
3370.000000 1470.000000
3376.000000 1219.000000
3380.000000 1470.000000
3386.000000 1220.000000
3390.000000 1470.000000
3396.000000 1224.000000
3471.195323 1479.178224
3406.000000 1225.000000
3410.000000 1470.000000
3415.000000 1230.000000
3420.000000 1470.000000
3425.000000 1230.000000
3430.000000 1470.000000
3435.000000 1230.000000
3440.000000 1470.000000
3445.000000 1230.000000
3450.000000 1465.000000
3476.942277 1316.864264
3458.000000 1458.000000
3465.000000 1233.000000
3465.000000 1450.000000
3473.000000 1240.000000
3473.000000 1443.000000
3479.000000 1248.000000
3480.000000 1435.000000
3485.000000 1415.000000
3485.000000 1425.000000
3372.884147 1312.765274
3493.000000 1408.000000
3446.060195 1288.118465
3500.000000 1325.000000
3500.000000 1335.000000
3500.000000 1345.000000
3500.000000 1355.000000
3500.000000 1365.000000
3500.000000 1375.000000
3500.000000 1385.000000
3500.000000 1395.000000
3502.000000 1270.000000
3508.000000 1318.000000
3509.000000 1278.000000
3515.000000 1286.000000
3515.000000 1296.000000
3452.682371 1324.084714
