170.000000 371.000000
170.000000 381.000000
170.000000 391.000000
170.000000 401.000000
170.000000 411.000000
170.000000 421.000000
170.000000 431.000000
175.000000 356.000000
175.000000 440.000000
175.000000 450.000000
-18.600757 395.946409
175.000000 470.000000
175.000000 480.000000
175.000000 490.000000
175.000000 500.000000
180.000000 341.000000
180.000000 509.000000
185.000000 326.000000
185.000000 518.000000
185.000000 936.000000
185.000000 946.000000
185.000000 956.000000
185.000000 966.000000
185.000000 976.000000
185.000000 986.000000
185.000000 996.000000
185.000000 1006.000000
185.000000 1016.000000
767.655631 328.899314
190.000000 851.000000
190.000000 861.000000
190.397876 957.194268
190.000000 881.000000
190.000000 891.000000
190.000000 901.000000
190.000000 911.000000
190.000000 921.000000
190.000000 1025.000000
190.000000 1035.000000
193.000000 524.000000
195.000000 306.000000
195.000000 821.000000
195.000000 831.000000
379.444832 852.263314
195.000000 1044.000000
196.000000 1054.000000
200.000000 296.000000
200.000000 532.000000
200.000000 771.000000
200.000000 781.000000
200.000000 791.000000
200.000000 801.000000
200.000000 811.000000
201.000000 1063.000000
205.000000 756.000000
205.000000 1073.000000
208.000000 289.000000
208.000000 539.000000
210.000000 736.000000
296.208292 771.939196
210.000000 1082.000000
215.000000 281.000000
215.000000 547.000000
215.000000 666.000000
215.000000 676.000000
215.000000 686.000000
215.000000 696.000000
215.000000 706.000000
215.000000 716.000000
215.000000 726.000000
218.000000 1089.000000
142.764383 638.919979
220.000000 651.000000
221.000000 1099.000000
223.000000 274.000000
223.000000 554.000000
225.000000 606.000000
225.000000 616.000000
225.000000 626.000000
226.000000 1108.000000
230.000000 266.000000
230.000000 562.000000
230.000000 572.000000
230.000000 582.000000
230.000000 592.000000
230.000000 1118.000000
434.009717 283.435820
238.000000 1124.000000
245.000000 251.000000
368.391602 1162.613952
253.000000 1139.000000
255.000000 246.000000
256.000000 1149.000000
263.000000 240.000000
264.000000 1155.000000
270.000000 1163.000000
272.000000 235.000000
278.000000 1169.000000
192.621783 245.896622
285.000000 1177.000000
290.000000 225.000000
290.000000 1186.000000
296.000000 1194.000000
119.275217 238.135411
304.000000 1200.000000
308.000000 214.000000
310.000000 1208.000000
318.000000 210.000000
318.000000 1214.000000
325.000000 1222.000000
328.000000 210.000000
333.000000 1229.000000
336.000000 1239.000000
338.000000 210.000000
594.708592 1279.278332
348.000000 210.000000
337.424459 1215.239301
350.000000 1265.000000
356.000000 1273.000000
358.000000 210.000000
364.000000 1280.000000
368.000000 210.000000
370.000000 1288.000000
378.000000 210.000000
378.000000 1294.000000
599.931072 1395.968977
388.000000 210.000000
393.000000 1309.000000
398.000000 210.000000
400.000000 1317.000000
405.000000 1326.000000
408.000000 210.000000
411.000000 1334.000000
418.000000 210.000000
421.000000 1338.000000
427.000000 215.000000
429.000000 1345.000000
333.738619 1412.285739
437.000000 215.000000
443.000000 1359.000000
447.000000 215.000000
450.000000 1367.000000
214.485553 245.670442
458.000000 1374.000000
466.000000 220.000000
466.000000 1380.000000
444.822666 203.025796
476.000000 1380.000000
486.000000 224.000000
486.000000 1383.000000
494.000000 1390.000000
496.000000 225.000000
474.452247 1378.173822
506.000000 225.000000
512.000000 1400.000000
516.000000 225.000000
520.000000 1406.000000
526.000000 229.000000
530.000000 1410.000000
536.000000 230.000000
539.000000 1415.000000
546.000000 230.000000
548.000000 1420.000000
556.000000 230.000000
404.629009 1393.513626
566.000000 230.000000
618.658060 1447.817371
570.000000 1030.000000
570.000000 1040.000000
570.000000 1050.000000
575.000000 1010.000000
575.000000 1020.000000
575.000000 1059.000000
575.000000 1069.000000
576.000000 230.000000
576.000000 1434.000000
580.000000 1000.000000
580.000000 1078.000000
580.000000 1088.000000
538.455266 1092.507937
585.000000 235.000000
585.000000 975.000000
585.000000 985.000000
585.000000 1107.000000
585.000000 1117.000000
586.000000 1435.000000
590.000000 1126.000000
645.545100 1133.802630
595.000000 235.000000
595.000000 975.000000
595.000000 1145.000000
555.805214 1166.145445
598.790040 1409.264738
600.000000 1164.000000
600.000000 1174.000000
605.000000 238.000000
605.000000 976.000000
605.000000 1183.000000
816.453112 1240.142287
606.000000 1435.000000
610.000000 1202.000000
610.000000 1212.000000
615.000000 240.000000
615.000000 980.000000
615.000000 1221.000000
615.000000 1231.000000
615.000000 1440.000000
620.000000 665.000000
620.000000 675.000000
620.000000 685.000000
620.000000 695.000000
620.000000 705.000000
620.000000 715.000000
620.000000 725.000000
620.000000 1240.000000
753.880312 268.251496
625.000000 980.000000
625.000000 1249.000000
625.000000 1259.000000
625.000000 1440.000000
629.000000 660.000000
629.000000 730.000000
630.000000 1268.000000
635.000000 240.000000
635.000000 980.000000
635.000000 1277.000000
635.000000 1440.000000
639.000000 660.000000
639.000000 731.000000
639.000000 1287.000000
640.000000 1297.000000
638.517526 924.214216
644.000000 1307.000000
645.000000 243.000000
645.000000 1317.000000
645.000000 1435.000000
649.000000 660.000000
649.000000 735.000000
650.000000 1326.000000
653.000000 1428.000000
654.000000 985.000000
655.000000 245.000000
656.000000 1334.000000
659.000000 657.000000
659.000000 735.000000
660.000000 1344.000000
660.000000 1420.000000
664.000000 250.000000
664.000000 985.000000
665.000000 1353.000000
667.000000 650.000000
668.000000 740.000000
668.000000 1413.000000
669.000000 1363.000000
670.000000 1373.000000
673.000000 255.000000
673.000000 990.000000
674.000000 1383.000000
675.000000 1405.000000
676.000000 645.000000
678.000000 740.000000
680.000000 1391.000000
683.000000 255.000000
683.000000 990.000000
685.000000 640.000000
411.188187 715.588189
692.000000 260.000000
693.000000 633.000000
693.000000 990.000000
697.000000 745.000000
699.000000 268.000000
834.743671 552.583123
515.513074 1026.802546
707.000000 275.000000
707.000000 745.000000
708.000000 618.000000
712.000000 995.000000
715.000000 610.000000
716.000000 280.000000
716.000000 750.000000
722.000000 995.000000
723.000000 603.000000
725.000000 285.000000
726.000000 750.000000
728.000000 593.000000
732.000000 999.000000
714.311477 263.948785
735.000000 585.000000
736.000000 754.000000
740.000000 299.000000
742.000000 1000.000000
743.000000 578.000000
746.000000 755.000000
748.000000 305.000000
500.123747 513.419119
751.000000 315.000000
752.000000 1004.000000
753.000000 558.000000
755.000000 325.000000
755.000000 335.000000
756.000000 755.000000
758.000000 548.000000
760.000000 344.000000
760.000000 354.000000
760.000000 535.000000
762.000000 1005.000000
765.000000 363.000000
701.176139 494.237858
766.000000 759.000000
770.000000 372.000000
770.000000 382.000000
770.000000 392.000000
770.000000 402.000000
770.000000 412.000000
680.197220 511.597683
770.000000 1011.000000
775.000000 421.000000
775.000000 431.000000
775.000000 441.000000
775.000000 451.000000
775.000000 461.000000
775.000000 471.000000
775.000000 481.000000
775.000000 491.000000
776.000000 760.000000
776.000000 1019.000000
786.000000 760.000000
786.000000 1020.000000
795.000000 765.000000
796.000000 1020.000000
805.000000 765.000000
806.000000 1020.000000
815.000000 765.000000
816.000000 1020.000000
824.000000 770.000000
826.000000 1020.000000
834.000000 770.000000
931.059441 1078.020244
844.000000 770.000000
845.000000 1025.000000
853.000000 775.000000
855.000000 1026.000000
863.000000 775.000000
865.000000 1030.000000
873.000000 775.000000
875.000000 1031.000000
882.000000 780.000000
884.000000 1036.000000
923.191804 715.606848
894.000000 1040.000000
902.000000 780.000000
845.819766 1092.728244
912.000000 780.000000
913.000000 1045.000000
922.000000 780.000000
923.000000 1049.000000
931.000000 785.000000
933.000000 1050.000000
941.000000 785.000000
943.000000 1050.000000
868.757216 838.202634
952.000000 1055.000000
961.000000 785.000000
962.000000 1055.000000
971.000000 785.000000
972.000000 1055.000000
981.000000 785.000000
981.000000 1060.000000
990.000000 790.000000
991.000000 1060.000000
1000.000000 790.000000
1001.000000 1063.000000
1010.000000 790.000000
1011.000000 1065.000000
1020.000000 790.000000
1021.000000 1065.000000
1030.000000 790.000000
1031.000000 1068.000000
1039.000000 795.000000
754.417278 1004.601507
1049.000000 795.000000
1051.000000 1070.000000
1059.000000 795.000000
1061.000000 1073.000000
1069.000000 796.000000
1071.000000 1075.000000
1079.000000 800.000000
1081.000000 1075.000000
1089.000000 800.000000
1079.823708 1074.329159
1099.000000 801.000000
1100.000000 1080.000000
1109.000000 805.000000
1110.000000 1080.000000
1184.335346 706.143827
1345.786504 1077.093185
1129.000000 806.000000
1130.000000 1081.000000
1139.000000 810.000000
1140.000000 1085.000000
1149.000000 810.000000
1150.000000 1085.000000
1159.000000 810.000000
1160.000000 1086.000000
1169.000000 810.000000
1170.000000 1090.000000
1178.000000 815.000000
1180.000000 1090.000000
1188.000000 815.000000
1226.228786 1096.683055
1198.000000 815.000000
1200.000000 1091.000000
1208.000000 815.000000
1210.000000 1095.000000
1218.000000 815.000000
1220.000000 1095.000000
1228.000000 815.000000
1230.000000 1095.000000
1237.000000 820.000000
1239.000000 1100.000000
1247.000000 820.000000
1249.000000 1100.000000
1262.494895 778.315139
1259.000000 1100.000000
1266.000000 825.000000
1269.000000 1100.000000
1276.000000 825.000000
1279.000000 1100.000000
1286.000000 829.000000
1289.000000 1100.000000
1296.000000 830.000000
1299.000000 1100.000000
1306.000000 834.000000
1309.000000 1100.000000
1316.000000 835.000000
1318.000000 1105.000000
1326.000000 839.000000
1328.000000 1105.000000
1336.000000 840.000000
1337.000000 1110.000000
1345.000000 845.000000
1347.000000 1110.000000
1355.000000 848.000000
1357.000000 1110.000000
1365.000000 850.000000
1367.000000 1110.000000
1375.000000 850.000000
1377.000000 1110.000000
1384.000000 855.000000
1387.000000 1110.000000
1394.000000 855.000000
1397.000000 1110.000000
1404.000000 856.000000
1407.000000 1110.000000
1414.000000 860.000000
1415.000000 1116.000000
1421.000000 1124.000000
1424.000000 861.000000
1431.000000 1125.000000
1434.000000 865.000000
1441.000000 1125.000000
1444.000000 865.000000
1451.000000 1125.000000
1454.000000 865.000000
1461.000000 1125.000000
1463.000000 870.000000
1471.000000 1125.000000
1473.000000 870.000000
1481.000000 1125.000000
1482.000000 875.000000
1489.000000 1131.000000
1491.000000 880.000000
1496.000000 1139.000000
1596.335672 808.177505
1506.000000 1140.000000
1511.000000 880.000000
1516.000000 1140.000000
1521.000000 880.000000
1526.000000 1140.000000
1530.000000 885.000000
1536.000000 1140.000000
1540.000000 885.000000
1546.000000 1140.000000
1550.000000 888.000000
1556.000000 1140.000000
1560.000000 890.000000
1565.000000 1145.000000
1570.000000 890.000000
1575.000000 1145.000000
1580.000000 890.000000
1584.000000 1150.000000
1590.000000 893.000000
1593.000000 1155.000000
1600.000000 895.000000
1603.000000 1155.000000
1610.000000 895.000000
1613.000000 1155.000000
1619.000000 900.000000
1623.000000 1155.000000
1629.000000 900.000000
1633.000000 1155.000000
1639.000000 900.000000
1643.000000 1159.000000
1649.000000 901.000000
1653.000000 1160.000000
1659.000000 905.000000
1663.000000 1160.000000
1669.000000 906.000000
1673.000000 1160.000000
1679.000000 910.000000
1682.000000 1165.000000
1689.000000 910.000000
1692.000000 1169.000000
1699.000000 910.000000
1702.000000 1170.000000
1708.000000 915.000000
1712.000000 1170.000000
1718.000000 915.000000
1722.000000 1174.000000
1728.000000 915.000000
1732.000000 1175.000000
1738.000000 915.000000
1742.000000 1179.000000
1922.784351 839.607897
1752.000000 1180.000000
1849.440952 956.174539
1762.000000 1180.000000
1767.000000 920.000000
1594.415128 1294.255789
1710.983908 970.843022
1781.000000 1185.000000
1786.000000 925.000000
1791.000000 1188.000000
1796.000000 925.000000
1801.000000 1190.000000
1935.862761 966.190358
1811.000000 1190.000000
1816.000000 925.000000
1820.000000 1195.000000
1825.000000 930.000000
2085.812378 1124.271858
1835.000000 930.000000
1840.000000 1196.000000
1844.000000 935.000000
1849.000000 1201.000000
1854.000000 935.000000
1859.000000 1205.000000
1863.000000 940.000000
1869.000000 1205.000000
1873.000000 940.000000
1889.937168 1243.689120
1883.000000 940.000000
1888.000000 1210.000000
1892.000000 945.000000
1898.000000 1210.000000
1902.000000 945.000000
1908.000000 1210.000000
1912.000000 945.000000
1918.000000 1210.000000
1922.000000 945.000000
1928.000000 1210.000000
1931.000000 950.000000
1937.000000 1215.000000
1941.000000 950.000000
1947.000000 1215.000000
1951.000000 950.000000
2053.627227 1201.291021
1961.000000 954.000000
1967.000000 1219.000000
1971.000000 955.000000
1975.000000 1226.000000
1980.000000 960.000000
1985.000000 1230.000000
1990.000000 960.000000
1995.000000 1230.000000
2000.000000 960.000000
2172.032432 1142.029679
2010.000000 963.000000
2015.000000 1230.000000
2020.000000 965.000000
2025.000000 1230.000000
2030.000000 968.000000
2035.000000 1230.000000
2040.000000 970.000000
2165.147633 1286.653802
2050.000000 973.000000
2050.000000 1243.000000
2060.000000 975.000000
2060.000000 1245.000000
2070.000000 978.000000
2070.000000 1245.000000
1990.572189 1047.110996
2080.000000 1245.000000
2125.396390 1047.481042
2090.000000 1245.000000
2099.000000 985.000000
2100.000000 1245.000000
2109.000000 985.000000
2110.000000 1245.000000
2118.000000 990.000000
2120.000000 1245.000000
2128.000000 990.000000
2002.445528 1306.659375
2138.000000 990.000000
2017.470007 1269.133655
2148.000000 990.000000
2150.000000 1251.000000
2158.000000 990.000000
2159.000000 1256.000000
2167.000000 995.000000
2169.000000 1260.000000
2177.000000 995.000000
2044.529286 1216.212670
2187.000000 995.000000
2189.000000 1260.000000
2196.000000 1000.000000
2199.000000 1260.000000
2206.000000 1000.000000
2208.000000 1265.000000
2216.000000 1004.000000
2218.000000 1265.000000
2226.000000 1005.000000
2228.000000 1265.000000
2236.000000 1005.000000
2238.000000 1265.000000
2246.000000 1009.000000
2248.000000 1265.000000
2256.000000 1010.000000
2250.801425 1268.648841
2266.000000 1010.000000
2267.000000 1270.000000
2276.000000 1014.000000
2277.000000 1270.000000
2286.000000 1015.000000
2287.000000 1270.000000
2296.000000 1015.000000
2296.000000 1275.000000
2306.000000 1019.000000
2221.129442 1325.566231
2316.000000 1020.000000
2316.000000 1278.000000
2325.000000 1025.000000
2326.000000 1280.000000
2335.000000 1025.000000
2335.000000 1285.000000
2344.000000 1030.000000
2345.000000 1285.000000
2354.000000 1030.000000
2355.000000 1286.000000
2364.000000 1030.000000
2365.000000 1290.000000
2374.000000 1030.000000
2225.185612 1285.676373
2326.462952 1102.274157
2385.000000 1291.000000
2393.000000 1035.000000
2395.000000 1295.000000
2403.000000 1035.000000
2405.000000 1295.000000
2412.000000 1040.000000
2415.000000 1296.000000
2422.000000 1040.000000
2495.987766 1306.250722
2432.000000 1040.000000
2435.000000 1301.000000
2441.000000 1045.000000
2445.000000 1305.000000
2451.000000 1045.000000
2455.000000 1305.000000
2461.000000 1045.000000
2465.000000 1305.000000
2470.000000 1050.000000
2512.099481 1284.829430
2480.000000 1050.000000
2480.000000 1315.000000
2490.000000 1050.000000
2490.000000 1315.000000
2500.000000 1053.000000
2500.000000 1315.000000
2510.000000 1055.000000
2510.000000 1316.000000
2520.000000 1055.000000
2520.000000 1320.000000
2529.000000 1060.000000
2530.000000 1320.000000
2539.000000 1060.000000
2539.000000 1325.000000
2549.000000 1060.000000
2374.192680 1310.288276
2559.000000 1061.000000
2559.000000 1325.000000
2569.000000 1065.000000
2569.000000 1325.000000
2579.000000 1065.000000
2579.000000 1325.000000
2589.000000 1065.000000
2589.000000 1325.000000
2598.000000 1070.000000
2598.000000 1330.000000
2608.000000 1070.000000
2608.000000 1334.000000
2618.000000 1070.000000
2618.000000 1335.000000
2628.000000 1070.000000
2628.000000 1335.000000
2637.000000 1075.000000
2637.000000 1340.000000
2647.000000 1075.000000
2647.000000 1340.000000
2656.000000 1080.000000
2657.000000 1340.000000
2666.000000 1080.000000
2666.000000 1345.000000
2676.000000 1080.000000
2676.000000 1345.000000
2686.000000 1080.000000
2686.000000 1345.000000
2695.000000 1350.000000
2696.000000 1084.000000
2705.000000 1350.000000
2706.000000 1085.000000
2715.000000 1350.000000
2716.000000 1085.000000
2725.000000 1351.000000
2726.000000 1089.000000
2735.000000 1094.000000
2735.000000 1355.000000
2745.000000 1091.000000
2745.000000 1355.000000
2839.884135 1045.874204
2755.000000 1356.000000
2765.000000 1093.000000
2765.000000 1360.000000
2787.735841 1084.285715
2775.000000 1360.000000
2785.000000 1095.000000
2785.000000 1361.000000
2795.000000 1095.000000
2795.000000 1365.000000
2804.000000 1100.000000
2805.000000 1365.000000
2814.000000 1100.000000
2814.000000 1370.000000
2823.000000 1105.000000
2824.000000 1370.000000
2833.000000 1105.000000
2834.000000 1370.000000
2843.000000 1105.000000
2844.000000 1370.000000
2852.000000 1110.000000
2853.000000 1375.000000
2862.000000 1110.000000
2863.000000 1375.000000
2871.000000 1115.000000
2873.000000 1375.000000
2881.000000 1115.000000
2751.468356 1361.544130
2891.000000 1115.000000
2892.000000 1380.000000
2901.000000 1115.000000
3074.328307 1378.297073
2911.000000 1119.000000
2912.000000 1380.000000
2921.000000 1120.000000
2836.734711 1380.605450
2931.000000 1120.000000
2688.543900 1382.042344
2941.000000 1120.000000
2942.000000 1384.000000
2950.000000 1125.000000
2952.000000 1385.000000
2960.000000 1125.000000
2962.000000 1385.000000
2969.000000 1130.000000
2972.000000 1389.000000
2979.000000 1131.000000
2982.000000 1390.000000
2989.000000 1135.000000
2991.000000 1395.000000
2999.000000 1135.000000
3001.000000 1395.000000
3008.000000 1140.000000
3010.000000 1400.000000
3017.000000 1145.000000
3020.000000 1400.000000
3027.000000 1145.000000
3030.000000 1400.000000
3037.000000 1145.000000
3039.000000 1405.000000
3046.000000 1150.000000
3049.000000 1405.000000
3056.000000 1150.000000
3058.000000 1410.000000
3066.000000 1150.000000
3068.000000 1410.000000
3076.000000 1154.000000
3082.948282 1438.017929
3086.000000 1155.000000
3088.000000 1415.000000
3095.000000 1160.000000
3097.000000 1420.000000
3105.000000 1160.000000
3107.000000 1420.000000
3114.000000 1165.000000
3117.000000 1420.000000
3124.000000 1165.000000
3127.000000 1424.000000
3062.106069 1102.300335
3137.000000 1425.000000
3144.000000 1170.000000
3147.000000 1425.000000
3154.000000 1171.000000
3156.000000 1430.000000
3164.000000 1175.000000
3166.000000 1430.000000
3182.473467 1116.755343
3307.149370 1413.069143
3183.000000 1180.000000
3185.000000 1435.000000
3193.000000 1180.000000
3172.953300 1504.055545
3245.759849 1144.843456
3205.000000 1436.000000
3212.000000 1185.000000
3172.418786 1362.965534
3204.480847 1172.199781
3225.000000 1440.000000
3232.000000 1185.000000
3190.728415 1512.058014
3241.000000 1190.000000
3245.000000 1440.000000
3265.605409 1208.674551
3254.000000 1445.000000
3260.000000 1195.000000
3264.000000 1445.000000
3270.000000 1195.000000
3274.000000 1445.000000
3228.100266 1194.337129
3284.000000 1445.000000
3385.205696 1274.506528
3294.000000 1445.000000
3299.000000 1200.000000
3303.000000 1450.000000
3308.000000 1205.000000
3313.000000 1454.000000
3318.000000 1205.000000
3323.000000 1455.000000
3328.000000 1205.000000
3333.000000 1455.000000
3337.000000 1210.000000
3342.000000 1460.000000
3347.000000 1210.000000
3351.000000 1465.000000
3356.000000 1215.000000
3360.000000 1470.000000
3366.000000 1215.000000
3370.000000 1470.000000
3376.000000 1219.000000
3380.000000 1470.000000
3386.000000 1220.000000
3390.000000 1470.000000
3396.000000 1224.000000
3447.587922 1406.156224
3406.000000 1225.000000
3410.000000 1470.000000
3415.000000 1230.000000
3420.000000 1470.000000
3425.000000 1230.000000
3430.000000 1470.000000
3435.000000 1230.000000
3440.000000 1470.000000
3445.000000 1230.000000
3450.000000 1465.000000
3410.043981 1287.893720
3616.744445 1499.794772
3465.000000 1233.000000
3465.000000 1450.000000
3473.000000 1240.000000
3473.000000 1443.000000
3479.000000 1248.000000
3622.353412 1490.279997
3485.000000 1415.000000
3485.000000 1425.000000
3487.000000 1255.000000
3493.000000 1408.000000
3599.687473 1227.823008
3500.000000 1325.000000
3500.000000 1335.000000
3500.000000 1345.000000
3500.000000 1355.000000
3500.000000 1365.000000
3500.000000 1375.000000
3500.000000 1385.000000
3500.000000 1395.000000
3502.000000 1270.000000
3476.718583 1231.680995
3509.000000 1278.000000
3515.000000 1286.000000
3515.000000 1296.000000
3515.000000 1306.000000
