82.738309 659.616190
83.600702 658.575324
82.277013 655.985499
141.587870 717.242400
139.496524 711.104592
146.454616 716.232518
165.120910 562.888660
163.333619 565.429439
166.166326 563.728650
229.706937 761.066056
242.750114 749.482316
235.247558 749.491021
300.247990 456.487446
288.546110 476.115925
298.464338 454.225762
302.479152 957.933176
292.901244 958.949839
299.588718 957.617659
309.259352 955.955639
303.850127 953.813747
311.008220 949.795559
309.178736 957.995623
315.851782 956.944693
309.214597 955.771069
322.481581 932.807693
324.968843 942.295483
322.646002 939.427492
336.188711 949.278687
330.793738 948.290944
327.598252 953.754438
338.679376 781.120371
341.341938 778.043177
334.983775 783.319265
342.751805 944.414617
329.446420 940.321188
333.492445 938.596199
351.257469 939.884564
348.524564 943.937041
344.784718 948.387897
357.470596 935.050986
367.128725 937.096642
363.472830 934.691432
372.839751 780.598008
368.421049 778.381977
365.824042 780.251482
373.491228 933.942958
381.087624 908.857664
376.725856 924.573016
376.281124 824.468226
375.021092 815.230972
375.865934 828.037209
381.583716 891.127483
381.755831 886.908163
385.892096 890.301385
380.357122 851.006102
379.784592 852.056433
380.862305 869.656864
386.810147 943.930323
380.151140 944.995190
384.654882 947.879602
391.900732 826.281490
384.533923 827.002285
392.259230 825.781226
394.247821 925.598214
396.271058 916.996331
392.672944 930.914545
397.131308 422.678680
396.714949 428.078014
393.612723 450.214829
407.744295 948.116830
389.916799 942.657955
389.150586 946.080122
399.085985 783.775979
401.289987 778.087702
397.000829 775.491291
398.863141 902.672241
398.459524 900.052479
400.705702 903.155586
404.583930 936.995564
394.218680 935.148170
399.917910 939.300130
399.154404 871.172443
403.391251 867.603271
403.442019 879.359396
411.816157 833.732985
406.924660 839.343193
410.518357 837.225649
407.993036 856.496544
402.277579 854.146361
406.296903 859.838790
418.827099 942.613780
419.314336 939.693677
416.994487 940.140177
422.181289 952.908568
420.335607 954.887233
424.717930 956.865828
433.155587 938.482962
437.473858 941.677118
434.399304 940.169039
436.483337 957.435466
436.608755 959.733441
431.555992 957.502559
470.582023 756.849000
467.008238 750.924825
488.626081 760.996928
506.333799 443.761203
499.008784 441.190923
506.722002 448.762595
516.701532 132.755381
512.829759 134.210729
517.817225 135.937255
530.919385 116.994193
527.739657 117.434802
528.578470 118.964533
537.544012 124.624002
545.207815 127.026425
531.635447 123.317634
540.351253 97.532285
542.259668 97.582119
541.026227 97.902047
562.791905 127.388497
559.461856 124.277512
556.615708 127.694148
592.590396 131.512545
588.148514 125.522900
587.017710 130.028783
594.093219 83.172878
594.543936 74.098582
602.772775 71.383690
608.974154 449.719028
596.757283 438.824325
597.451928 437.697475
608.566477 734.493867
611.099847 734.358491
608.538807 723.180305
620.069246 62.414051
613.777484 62.899400
610.386109 67.726003
625.611474 138.765591
622.380110 130.890561
626.599788 128.846263
641.698987 49.900206
643.503955 52.340767
639.614669 51.808689
650.405766 47.075677
661.413672 51.171131
656.037825 49.071066
666.845263 123.732460
655.731265 114.793211
658.639985 111.593912
703.346319 314.572068
698.231462 316.691654
690.750589 320.726397
700.809787 696.854654
698.302093 699.016857
698.719387 699.074453
708.308678 115.503397
704.480111 107.471295
708.252138 112.992937
730.707028 62.713583
723.075521 57.386830
724.508692 61.630053
722.830974 114.412597
724.288118 126.158386
724.519651 120.041328
732.642468 262.709399
725.341350 257.978438
731.150684 257.607660
748.547709 60.233234
749.180418 60.278256
754.727161 71.066901
752.951248 192.473798
761.282047 185.427326
753.248456 181.848511
751.946963 620.701685
759.329217 605.503991
754.528459 615.894873
780.353966 549.050630
778.874331 555.690375
778.729766 553.151820
793.333765 495.764432
791.200998 504.517273
789.415616 509.325360
798.111304 430.224225
792.751134 438.339638
793.896075 441.529303
797.102332 393.537334
793.091754 391.745769
797.848738 390.482655
803.679251 115.087989
804.878781 118.039405
804.321022 118.577654
814.441999 148.447051
805.107531 134.756468
810.696591 138.770106
811.836742 330.002924
812.269014 328.028942
808.990572 341.109637
815.993119 281.674928
817.882025 272.607972
819.262634 274.410147
821.336794 211.299450
823.753344 217.051936
816.765052 211.014822
825.695975 235.500652
825.644380 233.155958
825.196207 234.511545
619.018914 77.137355
624.886691 75.726368
629.168523 88.347220
627.616328 98.674067
634.371229 95.988368
635.799235 92.067575
635.729700 80.419499
634.507114 74.768400
629.222142 80.824647
635.595847 76.878568
630.663330 74.857798
640.507150 70.804929
633.051829 66.278998
633.330830 69.883228
627.143466 74.408322
