26.024568 222.749509
52.172128 152.430154
72.678564 119.356038
146.238185 47.905630
216.050734 36.138370
298.196035 21.661890
389.055081 34.588701
461.624259 67.846564
510.911736 112.803805
538.652491 184.564752
511.328437 162.954208
474.131610 157.169189
442.847540 148.051123
418.701718 160.678745
423.833877 176.707235
412.298974 187.810702
412.088830 204.590677
392.956679 186.885625
393.255603 173.606476
378.852809 151.688677
361.766341 151.031696
328.601273 147.585252
335.872331 157.722053
329.953013 177.581384
326.656627 194.983099
319.471132 214.626242
325.665612 232.279339
329.573767 251.581949
328.953682 276.881331
334.437805 307.646896
338.798906 360.952603
346.185565 459.789616
351.314988 493.987191
284.365471 492.543929
275.587541 458.128555
275.214217 404.212335
280.827567 325.050049
284.495761 280.917834
278.328281 248.839191
284.533890 223.923208
277.575328 202.946257
286.399292 191.691481
267.438325 169.672707
272.803259 147.172408
244.953921 158.319701
216.838206 168.779337
200.815251 178.695186
219.506823 185.157060
199.216877 203.768111
191.027534 224.480636
175.622539 198.563812
159.280058 185.905986
155.480033 166.941583
152.792492 149.758225
138.634595 158.862178
123.288730 177.697119
79.877412 182.267274
81.872711 192.241300
41.691135 214.800636
807.911697 212.121158
838.656169 205.377178
851.240811 173.990260
858.507194 146.298499
876.587906 108.481778
882.190983 75.094997
891.444024 116.691002
898.141018 172.913807
889.699827 212.172975
907.090256 229.628169
923.033458 255.871035
