4.408376 222.982254
53.070338 154.737460
70.393781 124.145609
138.667079 32.721011
203.171577 45.198697
296.803522 24.941828
392.422432 26.726865
457.588254 57.394724
523.889089 111.475619
533.232530 189.603333
506.481237 169.789565
451.690953 156.383861
444.881878 158.874057
408.376393 158.362281
413.978407 181.541325
400.217231 180.818526
385.408764 216.171982
413.823693 181.986798
377.582418 171.824301
415.926788 155.084009
380.280993 148.805374
349.474545 147.424405
355.622060 155.809789
345.401462 174.697675
319.174630 210.001642
361.909059 212.413289
327.942798 225.224084
322.531714 257.958251
334.072722 280.394167
299.122724 301.449752
340.441981 346.952434
339.347679 465.304776
355.843127 492.356730
262.434256 498.572169
281.688197 444.928739
267.545155 401.312080
276.015157 329.997734
281.219279 286.516074
301.540186 250.023425
258.105155 224.661217
275.924496 207.702943
275.028788 181.132274
297.048842 166.642115
268.470984 149.577454
258.286002 146.223774
230.438101 169.781177
215.397218 182.947153
203.986751 188.019203
201.879984 214.461509
179.001891 206.205104
187.845821 203.011846
148.507385 185.957700
151.963732 178.211201
123.543171 152.244640
126.331974 158.443672
103.874359 164.924659
79.241994 183.373639
81.155194 185.868176
5.507232 211.019310
826.433124 216.054329
832.826152 198.403663
837.641915 176.259078
851.128267 146.242834
869.823527 103.758173
872.914737 68.992459
896.501501 119.879772
890.111972 176.573647
885.364872 205.384461
906.071264 237.788052
922.198805 243.606260
