71.781899 520.452728
67.840609 472.897139
95.260537 537.727790
96.207366 436.490588
131.684364 518.188644
134.828413 398.573452
137.467976 282.868448
144.606185 366.526744
150.149732 217.596087
162.552267 144.475717
162.130107 473.446564
190.244327 89.340551
194.449564 431.951433
219.513733 413.814752
245.555103 51.931168
261.513953 411.864567
265.947836 206.929597
261.895197 255.696256
294.926910 144.159172
317.839357 278.122526
328.693296 40.814797
331.272700 141.279863
346.636966 405.965152
382.245280 152.005606
387.542147 243.615212
398.691538 380.432412
397.700680 53.113505
393.072070 179.192803
449.707053 78.519892
453.722494 314.177397
489.900823 166.775277
500.172339 244.670532
