193.901379 522.923314
191.102110 531.891650
190.505929 541.233305
189.895206 558.433028
189.001069 553.833899
191.566479 573.051674
195.608249 512.576532
193.505210 587.135958
201.757651 503.080381
193.336574 587.582507
196.411793 601.535759
197.130676 608.306900
198.387352 617.980153
199.446899 629.194828
201.332275 637.489886
204.201388 651.566338
214.028707 315.975904
212.264518 330.229410
211.083346 344.969798
209.028517 348.756823
202.015838 373.077534
205.216127 493.181664
205.174018 653.922684
212.540717 308.137839
207.197852 365.101885
207.887458 660.210561
211.467974 675.686745
210.946529 489.768824
216.929071 307.228489
213.776093 371.015943
213.599454 680.842035
216.914721 701.527229
218.489618 389.913440
217.469822 705.089591
222.184611 721.548921
221.189202 477.139567
221.237205 722.173512
228.240128 302.654181
219.702350 402.668936
225.950466 742.848858
225.180434 742.241516
227.021882 762.897358
227.945450 768.997252
225.102164 401.007279
229.632230 776.298055
235.786247 291.624894
228.487864 485.685148
232.626222 783.405456
236.458355 800.536224
237.547665 412.489214
235.003292 462.209902
240.012225 808.212355
244.146216 819.144991
246.126294 288.357236
248.228146 429.263097
244.433610 456.769040
247.442218 823.025363
256.534064 278.158189
251.171171 433.302727
251.382536 436.002918
252.832527 831.242921
258.000179 276.955311
260.977298 842.545188
261.445716 937.649218
260.775227 937.412604
262.074288 951.016407
263.432306 924.170500
263.948371 966.530701
266.079836 968.542219
268.779050 268.215499
269.577347 840.254608
267.899410 899.259772
271.708061 972.505414
274.827989 1036.951351
276.528613 1050.553752
277.207232 1054.588639
274.387328 974.030382
271.803404 844.103984
274.172163 888.576866
274.266121 1002.909256
275.349366 1021.178658
273.442551 1038.509062
278.906341 269.153338
286.601421 1064.706368
278.708253 856.199305
280.357372 872.617243
276.736760 882.095566
278.219548 1011.996179
293.817457 1070.865674
285.431037 269.988106
300.943416 1075.462411
296.881284 271.206753
306.373446 1075.706022
305.330056 272.455029
314.761343 1077.425045
316.429143 275.851480
326.545260 1074.630765
328.079487 285.154674
337.400791 1086.777119
334.184462 278.689576
344.214538 1088.038895
345.687904 281.440456
355.769267 1092.132832
351.653783 281.328393
361.891818 1091.917409
357.329179 286.344029
372.467611 1093.633866
366.250413 292.272314
376.558506 300.743221
381.608378 1093.137127
383.851686 301.840565
389.781655 999.133175
394.612275 1005.812065
390.239091 1093.296529
392.980451 444.379439
394.027349 465.717580
393.261331 991.057174
392.154492 315.192417
393.689508 315.506169
402.663534 441.738290
400.218109 477.443456
395.878703 983.151990
404.190758 1015.501613
399.156978 1088.707704
400.330970 327.623025
409.631126 424.720754
401.681472 964.005329
408.547756 474.028214
407.244699 1014.557010
402.976739 330.623057
405.027168 344.065837
407.793523 351.629997
407.169981 360.435393
410.459009 375.703673
410.808183 377.461012
409.619273 391.231529
408.447532 395.432988
407.057643 949.183897
409.237414 1082.880495
414.871469 485.989707
414.173780 912.788223
413.517980 925.216772
415.380212 1029.284100
420.143504 492.031924
419.085915 898.111131
416.319504 1074.574008
423.830348 502.716444
424.194202 501.301992
427.860955 525.248819
423.116819 889.759073
423.814998 1024.521446
424.118344 1069.894200
428.197749 520.356009
430.259412 580.520622
429.069144 574.950681
432.228888 827.644789
428.441569 838.805958
429.842028 874.690266
431.124640 544.357243
430.176371 586.614841
434.385462 850.128583
430.743548 551.498288
429.132904 561.955801
433.870689 594.913715
434.807531 849.440908
434.521615 866.959853
429.696044 1041.376668
434.917783 826.541536
433.044644 1063.664171
439.799790 614.779659
440.578280 615.298766
442.732524 621.752057
442.008628 805.503583
441.819930 1039.369686
443.119766 1055.559694
446.977098 638.229011
448.031667 643.635740
451.210230 779.154318
449.938966 784.851659
445.152837 803.207701
450.625691 651.669741
454.218272 774.817817
448.856332 1036.597229
456.395517 671.117228
448.601228 1056.982987
457.553239 689.301660
458.087846 1051.131396
458.158313 759.137352
459.574312 685.005321
462.698420 694.011217
459.312044 1049.095628
468.137920 704.877979
471.311061 719.819782
457.211172 1049.725787
461.020385 757.484667
471.431945 719.812695
471.142473 739.646547
473.319074 736.341565
