190.148925 528.623167
190.902401 520.734960
189.319010 544.969428
189.231965 552.328823
189.845927 566.163122
189.790754 566.232104
192.698921 503.803253
194.115802 583.264423
196.205801 492.160795
198.728337 594.455530
199.844327 597.634401
199.815567 620.337157
200.076383 622.590025
199.832957 629.511400
200.820917 634.269595
203.584434 657.773257
207.860957 323.486126
205.757586 330.873813
205.230055 357.145050
204.613986 359.378500
205.173984 365.904507
208.490095 477.233933
203.271420 653.791635
215.440229 307.456408
206.423510 365.751721
206.501997 667.628878
206.627864 670.524235
213.274667 471.415872
220.219492 301.102259
216.835596 387.945069
213.928681 695.598287
213.823436 694.937110
213.448445 402.082620
218.475179 716.654970
218.205266 716.808212
217.701949 471.578574
221.204207 733.149066
219.137704 311.010620
219.086136 400.044258
223.086246 735.970493
225.410085 749.827381
228.211282 767.139870
225.781635 758.220357
232.226674 416.931834
233.266343 758.407211
236.807323 283.491643
226.691454 470.732744
232.155970 782.862714
232.592421 792.043167
239.749498 439.566873
233.421324 471.145226
241.408757 817.829779
239.260523 812.662485
244.587867 274.917990
243.623871 425.485539
248.360348 465.611132
246.434421 823.502979
249.756353 270.676426
251.497794 428.788893
246.287515 414.422829
249.557778 831.282119
254.567294 271.056830
259.325774 838.712399
265.959242 925.692839
262.559685 944.448454
261.942087 954.155284
266.966375 922.973621
264.954298 965.208354
269.660316 999.559062
270.287398 269.490821
267.918111 844.306116
272.254358 896.806412
269.041458 988.601686
270.578868 1052.761445
275.883952 1068.292560
272.646340 1060.084639
269.243833 996.299560
280.542596 856.940435
272.797498 897.088143
278.863422 995.192109
273.840886 1037.698719
271.179321 1044.201709
278.846211 269.246565
282.335895 1073.284796
275.961939 864.260294
280.429406 874.136663
275.292792 885.298890
282.186506 1011.973801
288.126389 1075.576344
282.339131 272.077925
297.213306 1076.959211
298.159044 267.690737
307.727636 1082.847211
302.897923 268.317796
317.653482 1082.411750
322.038551 269.376293
326.830029 1088.884331
326.569603 270.095277
340.711649 1098.768270
336.841748 272.370695
338.409728 1097.002966
348.783344 281.458117
350.419542 1081.980180
356.609343 280.432774
358.981361 1094.875943
359.140833 280.291823
375.937197 1086.248055
371.857983 287.881458
378.083030 290.677100
387.486491 1096.301316
391.569517 301.111423
389.168923 1001.859527
397.762200 996.865845
391.388583 1093.325509
397.625351 448.569913
391.008420 459.629930
399.770510 984.128295
392.466107 301.860646
394.732522 308.577801
400.949833 447.218699
400.190030 445.011425
395.982102 984.737665
403.202158 1015.870808
398.238891 1094.551104
402.200602 335.299524
405.685220 417.149191
400.946975 969.502721
412.063007 485.170299
412.593179 1027.586375
410.065258 341.502865
407.814729 342.071727
410.439704 344.037820
410.669409 390.613842
410.286340 388.954044
409.476215 400.655797
411.014885 384.852693
405.700435 418.472042
408.344088 956.706746
413.646232 1082.096632
416.551517 482.305125
415.127262 904.049342
421.310560 922.893530
418.248997 1024.870437
422.672628 496.174665
419.495443 896.953702
414.046990 1073.356126
423.133018 497.393207
425.929712 510.674195
427.519409 522.869000
422.863869 885.908843
428.790634 1035.667700
427.599381 1075.690208
428.745805 521.570731
427.928972 560.666265
431.163143 582.641611
424.054695 832.384969
431.876104 848.821602
423.186765 890.059870
431.587508 538.366596
428.392291 592.838895
431.901666 857.227694
434.749940 555.858138
435.137054 555.550560
437.047152 604.544840
432.478920 859.618544
430.162760 870.140544
436.907080 1058.575853
440.132494 818.235503
439.954182 1071.288006
439.304184 608.951024
444.413646 623.100967
443.126407 615.971221
442.709102 819.425557
441.878272 1041.943402
445.918808 1067.910268
446.186829 628.718886
451.100220 653.137197
457.772844 779.087716
453.857345 794.114295
450.824828 801.910315
452.118132 666.267882
459.374207 781.015834
445.040198 1037.001517
454.462232 663.091951
452.194400 1067.467520
460.484840 682.073363
457.428470 1048.209166
463.857078 764.102208
459.647200 673.179211
464.713972 707.590561
464.899851 1057.415832
464.728787 696.148567
472.620936 733.341616
458.351624 1057.546054
469.461974 751.292236
471.855531 732.650639
471.942380 735.677420
471.342422 724.527821
