196.551096 521.247506
188.452799 553.681037
193.604464 538.901674
188.463785 554.240748
189.129017 554.100118
194.457100 566.845925
200.497066 509.614203
199.487752 611.640423
204.977402 492.655964
199.891108 557.585034
199.682017 609.692439
204.824203 637.891705
201.816345 632.201874
202.447464 631.949865
202.373238 633.086058
209.798970 648.084120
206.390372 343.401073
207.965703 321.802247
208.729908 363.409621
201.490879 371.188826
206.749271 368.195562
198.962602 512.319753
208.189596 654.086022
213.501658 316.916837
201.051219 372.730807
213.573812 652.039609
209.515604 683.122653
203.060528 515.148338
214.917085 317.251276
206.226739 374.258512
213.167593 707.996007
211.141138 692.972370
219.174638 390.534910
221.153574 692.132485
222.694538 756.936579
220.603994 483.529907
219.715129 737.861099
230.352457 319.273307
219.547278 386.431987
224.850891 769.060581
220.590166 733.613138
226.599497 773.592752
228.389840 771.600901
231.500301 420.447351
224.662436 769.606323
228.386865 302.280907
222.101289 483.458351
229.930688 771.279191
236.070054 795.276750
226.777185 417.155134
233.766577 458.933424
239.397977 808.138710
237.365716 806.717562
250.596529 268.043004
245.505403 410.071325
245.841637 464.094468
249.014729 834.125140
253.095901 270.678953
246.047593 417.464234
250.977981 433.937063
254.879779 832.625108
256.971673 269.336476
255.331972 839.674712
275.840900 893.038189
268.834075 938.623310
262.042296 977.012311
272.962432 901.489219
264.366480 974.097637
267.802274 962.416895
267.826444 268.263534
272.150865 853.155843
271.941309 910.997806
259.129915 978.160017
274.132400 1051.060343
275.776636 1058.618152
277.636279 1060.299450
272.634385 978.301319
275.401928 870.246797
284.657374 889.872471
261.455019 978.656073
273.471043 1039.991736
278.710928 1052.538342
283.369193 268.578138
284.147775 1063.922304
287.278497 836.660349
276.397636 889.187149
277.732645 885.054555
268.910740 1020.639875
287.690631 1066.534926
286.381653 277.980101
302.413154 1074.713765
293.010291 283.750819
293.810960 1066.907169
304.966998 271.188386
302.459842 1074.483392
319.689464 267.759052
322.160671 1084.010977
327.459870 265.898300
327.415679 1086.909165
333.400753 269.306111
344.670925 1089.112790
336.543839 269.592167
344.111912 1087.558879
358.003571 275.458905
365.231409 1084.929679
361.337905 276.105850
362.399885 1088.382686
356.777239 273.014879
382.168236 304.626225
376.862031 1091.877248
386.023903 296.758494
395.237919 981.523421
394.544406 990.531992
395.747907 1087.890322
396.531973 447.603010
396.932773 464.464385
395.351351 1017.707919
394.464529 303.352789
397.482962 310.893916
389.840798 415.185628
397.416607 468.038269
399.830937 949.014505
409.482147 1032.579787
392.703012 1086.370394
397.485229 311.416544
411.275698 416.551142
402.488569 955.941610
397.456545 477.174797
406.843662 1019.042488
403.938952 324.338336
408.020789 368.197612
405.786237 352.309349
406.609093 352.317187
402.398161 363.643477
409.214412 372.551870
410.356604 390.289794
410.316245 392.079708
403.231442 948.103745
408.311473 1075.978175
423.218667 452.499816
420.907445 936.817445
414.071585 922.197135
417.435095 1011.171848
425.544705 460.132699
416.524919 875.236289
420.773405 1071.277744
421.466069 495.886847
419.364435 512.608735
422.277728 529.112790
419.552392 897.122776
421.511223 1005.778993
417.911871 1077.170242
420.138319 527.364570
419.487872 569.334610
431.304649 593.990884
428.203684 851.468057
437.893945 816.119376
426.585463 853.617625
425.287584 564.042158
428.305588 575.833638
436.769205 825.742449
424.241171 546.643720
427.591014 570.759167
434.301450 615.545717
433.370272 841.388224
431.659460 847.888035
430.260625 1020.224203
442.738962 816.639700
444.252435 1065.640307
442.804157 625.220749
433.027789 586.466634
448.119465 635.779187
445.484810 809.022995
442.729335 1030.621271
441.725880 1067.201737
442.741455 626.264645
446.724265 639.632814
438.946956 733.223515
444.202181 810.386296
444.135513 800.268230
451.148213 648.554799
444.906393 762.632819
447.493013 1057.443313
465.204830 696.562330
460.292411 1069.410087
458.548850 683.803383
458.245759 1061.808603
454.404426 771.691132
461.360027 688.386443
458.550531 679.935446
463.562513 1073.884102
459.618275 681.365052
465.589936 706.559046
460.010106 1039.859649
467.774244 763.208338
468.465171 727.838559
456.023863 784.014448
476.368207 756.600132
