192.818671 522.653766
191.102110 531.891650
189.654516 541.159064
189.923387 558.429883
189.001069 553.833899
191.131964 573.106379
194.603356 512.347869
193.505210 587.135958
200.334583 502.396145
193.062709 587.426142
196.411793 601.535759
197.373779 608.269460
198.674442 617.938247
199.446899 629.194828
200.621239 637.621397
204.201388 651.566338
208.935491 313.448406
206.757324 329.449795
208.354482 343.569861
205.952580 348.401206
201.641003 373.082241
203.883632 492.359200
204.226621 654.134932
210.054027 305.760316
206.996045 364.685605
207.914144 660.344286
211.467974 675.686745
210.664168 489.367993
212.998973 302.239012
213.779598 371.218501
213.613560 680.915834
215.871475 701.731558
218.910121 389.750265
217.469822 705.089591
222.184611 721.548921
220.306941 476.271754
221.237205 722.173512
223.321901 298.271780
219.723954 402.599072
225.950466 742.848858
225.180434 742.241516
227.021882 762.897358
227.945450 768.997252
225.171819 400.948966
229.632230 776.298055
233.127788 288.247892
228.440582 484.662879
232.626222 783.405456
236.458355 800.536224
237.418856 412.368682
235.003292 462.209902
240.012225 808.212355
244.146216 819.144991
243.116198 285.016903
248.228146 429.263097
244.433610 456.769040
247.442218 823.025363
253.149576 273.774567
251.171171 433.302727
251.382536 436.002918
252.832527 831.242921
256.140211 273.785483
260.977298 842.545188
261.445716 937.649218
260.775227 937.412604
262.074288 951.016407
263.432306 924.170500
263.948371 966.530701
264.331620 969.411680
268.779050 268.215499
269.577347 840.254608
267.899410 899.259772
271.069550 973.601028
272.274213 1037.404609
270.040822 1051.480306
274.126997 1056.596612
274.002374 975.781787
271.803404 844.103984
274.172163 888.576866
274.266121 1002.909256
275.104392 1021.116496
272.325532 1039.587744
278.750323 267.291100
282.421309 1068.148763
278.708253 856.199305
280.357372 872.617243
276.736760 882.095566
278.203033 1012.236618
289.702330 1075.560889
285.616288 266.212198
296.820123 1082.889035
295.414364 269.249779
304.026529 1082.677896
306.009840 268.077027
312.171102 1086.201670
317.981596 269.695560
325.588872 1080.742674
326.850695 277.432418
335.051863 1091.467601
334.541855 270.227751
341.729947 1093.808971
345.246429 272.468134
354.429022 1095.274839
353.023968 273.179075
361.399809 1096.632380
361.438017 277.691860
373.603902 1095.250108
370.099456 286.205019
379.082168 297.175028
382.074752 1095.392409
385.308805 300.060912
389.953655 996.205626
394.351409 1004.144393
390.528559 1095.332219
393.006111 443.231038
394.265150 464.304278
393.261331 991.057174
395.815954 312.751550
397.461466 312.575648
401.937433 439.686663
400.339441 476.481688
396.702219 980.460136
404.190758 1015.501613
400.195922 1091.744137
403.751500 325.643748
409.486009 424.288771
401.681472 964.005329
409.277778 473.375303
408.130782 1013.705506
405.265254 330.207243
407.507613 343.247017
407.793523 351.629997
407.169981 360.435393
410.459009 375.703673
410.808183 377.461012
409.793112 391.206892
408.341660 395.039761
407.057643 949.183897
411.146542 1086.867177
414.871469 485.989707
414.173780 912.788223
413.517980 925.216772
415.356814 1029.244968
420.999672 491.718931
419.085915 898.111131
419.162382 1079.601343
424.499508 502.464993
425.021159 501.178616
427.860955 525.248819
422.963098 889.707019
425.247391 1023.173079
428.351257 1077.875345
428.197749 520.356009
430.713396 580.425021
429.074080 574.872575
432.228888 827.644789
428.461842 839.109848
429.842028 874.690266
431.124640 544.357243
430.129790 586.315867
434.495109 850.189481
430.743548 551.498288
430.338983 561.643311
434.101467 594.835023
434.807531 849.440908
434.594405 866.931619
429.874886 1040.752651
434.917783 826.541536
436.959586 1071.342894
439.788197 614.716393
441.395068 615.065413
442.732524 621.752057
442.292802 806.266044
442.474490 1037.303425
444.922726 1063.033967
447.703641 638.027069
447.950234 643.256709
451.195936 779.849787
450.953473 785.223276
446.924905 803.822837
451.104779 651.527341
454.848537 775.101044
450.937259 1035.656443
455.990703 669.243638
451.447912 1062.960981
456.298110 685.235680
459.573582 1050.074954
459.392458 759.652986
461.021160 684.528244
464.513279 692.977400
462.031255 1053.673001
468.137920 704.877979
471.311061 719.819782
460.620148 1052.518924
463.029510 758.432904
471.431945 719.812695
471.142473 739.646547
473.319074 736.341565
