195.359779 520.737068
188.540783 554.278244
193.604464 538.901674
187.662821 555.513826
188.277803 554.380907
194.457100 566.845925
199.423775 509.186759
197.195134 611.981652
203.594003 491.693888
200.088805 556.572757
200.601239 609.425312
204.081646 638.247011
201.816345 632.201874
202.204453 632.002381
201.512594 633.425082
209.431404 648.301717
206.390372 343.401073
207.457513 320.859930
207.346719 361.734806
200.438008 370.544634
205.668179 367.058691
198.962602 512.319753
206.692165 654.357922
211.332713 315.183617
199.279231 374.082843
213.753522 652.809640
207.576421 685.077477
202.728662 514.915606
213.597772 314.156008
206.166554 374.319810
213.167593 707.996007
209.798983 694.989026
218.445126 391.210994
221.446757 694.635806
222.694538 756.936579
221.179224 484.031472
219.658283 737.872157
229.379462 317.661299
219.299447 386.647927
224.192510 769.760735
220.216225 733.712200
226.599497 773.592752
228.667584 770.966362
231.439636 421.244102
223.572155 771.591132
228.386865 302.280907
222.593436 483.856326
230.015983 771.215914
236.070054 795.276750
226.824528 416.960297
233.766577 458.933424
239.397977 808.138710
237.365716 806.717562
247.213838 265.715439
245.654577 411.262259
245.859054 464.288934
249.014729 834.125140
250.925806 264.070215
246.047593 417.464234
250.931860 434.741918
254.879779 832.625108
255.131003 259.076768
254.876773 839.946621
276.095127 893.473640
268.103764 938.526327
261.827097 977.061365
272.692577 901.772739
264.250579 973.793499
267.538715 962.242575
268.560967 260.196374
271.899426 853.552311
271.941309 910.997806
259.115351 978.875951
260.509587 1054.428805
268.434896 1064.302585
272.693826 1069.166858
272.610235 978.748279
275.575196 870.109545
284.618005 890.126646
261.455019 978.656073
270.279222 1041.539923
274.468526 1056.100055
283.169224 256.619792
280.295532 1072.049440
287.291638 835.966004
276.433737 889.342303
277.541149 885.276575
269.882323 1020.399647
285.064806 1070.783411
284.609347 272.016286
302.413154 1074.713765
292.752059 278.712071
292.760643 1068.599229
303.608900 264.651854
301.668765 1076.019419
320.139757 259.282318
322.160671 1084.010977
327.457024 260.740530
327.415679 1086.909165
333.331205 264.567709
344.670925 1089.112790
337.725897 263.984309
344.111912 1087.558879
358.003571 275.458905
366.301208 1086.767441
361.337905 276.105850
362.319858 1090.274699
356.777239 273.014879
383.465658 302.387485
376.862031 1091.877248
386.023903 296.758494
395.237919 981.523421
394.544406 990.531992
396.890819 1095.223232
396.466076 447.951538
396.932773 464.464385
395.182837 1016.728891
394.464529 303.352789
398.507570 309.750204
389.957092 416.525136
397.416607 468.038269
399.830937 949.014505
410.220526 1031.131948
395.976214 1094.256484
400.076365 309.794084
411.275698 416.551142
402.488569 955.941610
397.557621 476.874344
406.843662 1019.042488
403.938952 324.338336
409.628859 367.730483
406.188472 352.128142
408.805652 351.997515
403.541403 362.197568
409.214412 372.551870
409.889946 390.427451
412.497254 391.903707
403.231442 948.103745
409.049818 1078.235643
423.219494 452.499348
420.907445 936.817445
414.071585 922.197135
417.754725 1009.053923
425.444696 458.526133
416.524919 875.236289
421.111361 1072.888665
423.654805 495.300875
420.989805 511.642614
425.864070 528.488093
419.552392 897.122776
421.511223 1005.778993
417.911871 1077.170242
424.167525 525.515283
419.455427 567.430486
431.304649 593.990884
427.742155 851.150504
437.058647 815.805542
426.585463 853.617625
428.070249 562.673389
431.074206 573.169573
436.769205 825.742449
426.364354 546.011238
429.500532 568.854956
434.216738 615.106101
433.963947 841.644220
431.659460 847.888035
430.606305 1018.018321
444.329442 817.681713
444.499828 1067.062843
442.804157 625.220749
434.501605 585.990236
448.119465 635.779187
447.215604 809.723947
443.900291 1029.849936
441.727016 1067.206167
444.718464 625.612731
446.724265 639.632814
438.939641 733.172818
446.079293 811.633352
444.333063 800.357824
451.148213 648.554799
444.957443 762.222617
447.306276 1058.246191
465.204830 696.562330
460.374876 1069.876130
458.548850 683.803383
458.211570 1062.907496
454.730791 772.477279
461.360027 688.386443
458.550531 679.935446
463.477430 1073.913677
459.618275 681.365052
466.997238 706.269689
459.987991 1039.814966
467.840109 763.295911
470.448509 726.765531
457.646686 784.662965
476.520688 755.547574
