-10.596599 1308.078383
-9.748138 672.888713
19.621324 710.830110
22.979528 695.017645
56.525240 724.071753
32.833184 665.338453
108.841818 788.174240
4.587290 629.377884
81.028811 724.398736
54.330829 643.086545
95.875990 775.415593
74.398404 715.214627
122.664941 749.199562
104.919250 623.826477
73.071247 788.715107
114.828699 668.474731
129.881711 804.169160
131.752395 632.197478
144.863125 801.739668
147.184662 590.639761
165.900347 778.576736
184.481825 576.001901
175.320382 764.621486
150.546495 550.426915
169.648370 763.112995
126.110959 575.256009
151.809275 519.294983
251.122127 786.011472
215.830090 549.922325
233.958334 521.921166
212.808166 791.953930
279.803740 513.985213
235.571253 480.233437
228.797477 479.320272
279.636164 487.710724
192.060212 788.468330
290.380465 425.452023
239.295458 414.880650
263.069693 405.611334
258.382242 393.921049
186.754416 868.111567
295.705510 394.038392
280.866149 385.950678
269.994206 600.289970
284.134122 690.768037
232.975086 627.729203
242.265988 708.163744
294.530844 367.107979
279.052983 810.410570
229.510044 600.511591
282.382750 734.079523
339.228640 756.262566
282.524704 636.008308
269.797167 351.194932
320.566122 740.131388
357.087663 815.265683
279.599254 772.301898
278.879734 542.978941
286.451635 317.283467
283.217537 795.629770
330.761230 802.449987
273.401049 573.587234
249.542187 824.368456
327.731790 817.769547
304.903116 306.566780
358.573944 556.315922
325.074673 315.190578
317.665237 576.709690
339.086456 277.310313
363.495351 542.887435
407.806066 287.409386
364.271253 535.935087
346.212454 1091.718972
410.888210 1044.062649
378.123145 1114.069146
362.587007 261.415095
380.599101 1073.376102
416.728856 1100.204895
372.150336 526.008661
350.161715 938.679510
431.026758 1003.009666
417.640979 1036.004161
417.240568 1175.164778
358.503180 232.354805
358.295986 899.010604
367.488291 1061.578414
354.090361 531.929744
435.868687 974.497806
395.730480 1165.131078
397.599528 1054.588815
439.881220 261.609822
449.222766 870.925050
390.769021 507.735770
419.992802 1215.207167
418.199538 1014.460400
421.975238 247.794627
401.559337 878.821065
451.247909 471.875701
490.264622 1141.697590
380.969146 994.105872
412.500131 260.512732
453.763543 876.668829
496.687078 1234.060043
415.809759 493.435097
452.390698 1018.690702
461.211220 233.406780
454.118152 855.442207
505.196462 904.980078
507.955574 1230.829555
442.833042 518.541195
467.210935 953.375205
415.743960 830.628958
456.678220 249.256090
511.088004 913.394994
452.147513 483.460315
475.631081 503.525628
468.795225 478.419603
486.739194 1215.077789
518.407292 471.281059
486.297698 262.650912
464.486213 995.797268
552.603287 528.162852
460.725928 828.405482
485.815877 914.595142
465.805289 437.457731
426.123122 962.630468
494.941129 1239.573795
481.912936 530.141613
504.400245 467.546083
552.616456 920.212986
496.151227 225.856320
507.864791 861.789838
565.873581 1021.805789
497.887657 939.773339
482.002732 977.004453
464.639666 428.079301
508.292495 547.789027
512.477775 1244.285003
519.535176 1046.770740
527.234061 190.445909
485.693204 851.900713
503.245274 902.714947
553.375225 411.940012
555.790280 582.577953
586.710549 1218.754237
549.898893 883.688897
520.312928 991.410491
474.663295 178.513773
534.129510 891.174226
587.958253 393.976114
566.043305 200.777257
536.999769 586.925614
552.649020 1074.807820
541.531939 1261.526315
587.865503 1043.801968
582.667963 943.051883
589.957732 830.235243
571.962824 192.317348
573.974177 1013.657235
557.458651 1063.698622
576.006649 930.709838
536.099953 399.681172
576.274151 108.710826
566.359076 998.599411
516.454138 976.207292
569.788593 584.721175
562.152444 1015.008227
512.681531 1081.977090
516.190879 1268.717605
604.117872 1049.864853
591.609126 131.334390
583.396579 839.478287
568.823830 1090.102389
560.946551 1092.230549
620.935015 118.907196
573.611745 347.277236
542.348966 573.586898
593.512184 1275.651343
500.861644 1009.328362
639.563702 66.641499
622.884127 894.195611
565.933123 27.116870
583.720855 372.538379
629.976550 1045.408132
643.638486 665.249773
576.703215 1256.380531
639.082113 891.166825
635.880773 839.097473
614.146947 35.320266
626.473303 1020.755004
591.060048 914.669981
623.956402 419.330330
640.549465 231.896037
629.499968 609.504730
555.016351 942.091200
632.066676 1248.019194
646.775390 891.018356
611.527770 995.421047
681.926995 946.660595
597.877152 73.720978
576.440832 864.034786
619.384485 937.658808
577.130717 373.903410
634.708377 273.957165
630.418746 591.708281
577.292567 1300.865442
610.274846 -22.372569
621.705991 829.584728
644.160478 1071.068525
703.403084 249.978294
630.488471 1137.979553
594.621736 543.874054
577.784126 1121.084515
629.846248 1294.323996
629.274585 1080.112847
616.971279 1112.052880
630.784740 60.080277
610.004331 820.038231
630.566881 1059.529991
640.576063 1189.177315
690.230552 558.455367
660.063617 247.441253
663.439916 1162.241837
651.458923 1278.188085
634.601483 1075.289223
634.113062 -1.991538
705.266896 568.002132
707.160635 821.584830
637.606818 1182.400484
641.186650 244.221689
692.535922 510.933788
640.572858 1062.746296
680.131242 1286.484516
686.053698 1125.409791
690.780784 -20.230759
662.643579 233.532430
739.109083 490.785755
647.441703 834.883572
772.963774 1086.911068
639.024298 1240.391310
692.386615 1111.415892
700.842465 305.357828
705.727326 1064.434715
692.576004 363.464088
721.868702 1075.208830
648.303546 1312.202449
685.440209 470.448176
664.095436 340.353900
677.569019 327.559518
682.461048 1180.444692
693.280333 -15.359221
735.035588 358.525013
658.529643 799.072586
705.179799 391.282538
679.610195 1220.352564
702.929015 397.653665
710.288957 1083.849357
701.492280 1062.602552
716.851562 1292.166333
686.626872 487.064386
701.444798 394.969045
693.526472 1189.586225
730.860238 -2.950974
705.835722 806.144379
728.916930 1223.775204
720.377453 1118.791730
749.306838 365.489228
679.023806 1191.196922
709.925305 1184.991391
741.095630 1065.606554
753.605348 1282.059966
739.156845 456.106086
679.840592 49.870974
722.270226 873.523399
751.789857 770.244089
711.877691 1190.221753
698.224966 426.820451
719.528851 1091.476588
769.428649 1294.374166
726.765083 445.000099
777.669768 843.750839
722.028394 20.495374
716.649743 818.785372
755.074728 1268.717345
764.336408 408.689516
736.519700 1067.684408
744.478812 1329.304625
727.072056 524.437922
745.852768 1088.393756
758.422637 196.863629
779.397099 1209.791094
709.368436 27.672227
738.872102 841.413577
747.741886 151.006136
801.081674 818.441138
793.002223 123.548157
759.259517 1084.713707
774.480464 221.149990
743.440388 424.800183
763.723420 1171.227437
670.980781 1145.870099
702.859078 101.616092
770.239384 221.089366
774.215031 1138.065314
705.763128 1160.194768
852.387523 1191.845211
717.230734 1309.294115
733.443087 484.053054
785.336700 1.374070
786.922196 815.062576
784.418482 877.895080
763.263150 56.603545
756.265839 193.517912
846.172988 456.164595
832.802498 264.547516
847.978333 1312.218520
782.584248 496.103659
732.137369 -0.868536
784.032618 839.486743
810.403527 86.152993
806.997674 863.818118
760.251300 431.333643
796.542837 224.905582
776.780786 471.644831
826.903538 1293.709333
785.860093 388.372355
779.811997 -37.204273
784.028111 778.695753
759.553172 877.079934
767.365643 82.457265
783.303724 170.921655
815.464340 208.218379
834.953572 258.910417
796.499891 132.347000
831.881453 534.143495
802.541938 904.776084
797.054790 1297.171240
801.108048 -5.448642
844.933037 233.240279
803.037677 829.602577
812.888314 30.517004
819.226668 891.002366
835.365313 952.238369
807.479312 248.820637
785.014879 946.030275
827.769254 176.029958
807.335132 531.859982
809.371746 957.428266
831.590439 1342.361679
811.704701 1010.793834
842.084579 1017.191033
833.852068 38.305634
810.689884 251.540051
808.362581 787.960491
828.858556 114.563692
837.925708 1031.898272
837.489371 190.463304
774.661079 1020.366938
793.847645 230.679664
834.003477 163.931489
861.132561 1281.021618
804.728168 175.405486
860.914808 469.992083
821.625658 807.137678
854.522976 90.868764
842.246564 1026.163566
844.942009 32.585866
818.834202 773.957414
911.354148 259.387948
910.930591 1313.913334
839.411813 128.742153
855.396027 500.662524
846.097113 1055.155512
840.700133 745.209693
918.551817 33.533827
828.286275 120.449703
892.815644 267.987377
875.340731 755.657094
879.793852 170.452155
903.652352 1276.822012
870.006919 441.421508
893.221425 231.877706
837.966201 1079.635973
875.349185 196.909661
836.642342 31.720368
877.028564 188.815524
819.894004 186.781194
911.240386 204.743910
856.994606 756.776011
886.583006 1304.070172
878.478446 466.405928
963.366271 1061.021524
902.298640 4.576425
889.285420 733.629188
940.433199 925.690862
907.072154 336.917669
926.703468 1287.284839
907.455391 315.829832
869.507030 347.435266
929.737464 465.727974
900.981438 1092.338460
926.598550 91.296240
905.181025 363.979237
902.547608 369.350227
930.868100 707.959655
862.744604 906.112503
918.879345 1091.359368
959.593139 443.167727
962.130386 288.853386
881.454126 1198.901674
1005.386802 397.113336
940.969105 53.746170
960.775504 404.136171
935.326375 1236.667627
926.034431 295.194658
870.942773 700.740186
921.778763 949.151890
950.273295 467.826554
954.541943 1204.589632
948.406886 46.725247
970.166215 288.547750
933.191296 1206.952918
960.566165 760.619222
965.229470 940.936118
938.868735 188.665088
941.187761 1214.701620
987.274394 453.821939
982.701182 203.454702
994.548238 59.449457
1027.515161 364.025325
905.975339 1158.040653
984.627742 254.616210
974.063866 350.098400
977.682304 368.678241
966.849858 249.574623
932.639429 740.527199
1006.036680 848.536164
886.220799 1154.735299
1017.144851 223.489475
977.182136 295.946260
971.583516 421.353677
937.284620 426.806838
988.535913 44.262813
965.297702 1196.179135
977.474177 235.807321
993.517031 290.732967
1023.362993 429.640801
945.937063 925.533542
966.741475 761.288352
1027.787414 1062.402760
937.268711 467.313733
1022.815653 271.990943
981.302137 57.348444
1011.228713 279.804109
948.188671 415.194116
1016.599307 719.297731
1005.108807 926.667571
1015.480108 1114.252658
992.683653 453.615501
1004.082898 416.292133
1035.074834 56.327885
1059.098223 296.864591
964.610276 900.121921
1041.664424 358.607135
1029.857698 746.430363
984.316417 331.533557
1067.568591 403.118618
995.498369 1093.283006
1000.320852 461.741513
1051.553219 870.459102
999.037971 62.613712
1056.376732 780.340898
1065.588145 398.461489
1066.536880 287.181818
1042.113562 867.535676
1005.085457 1080.231105
1009.135182 434.111940
1066.425404 754.898942
1058.572303 833.009272
1040.247131 55.706476
1120.785350 418.217275
1039.250600 809.323043
1069.339405 843.565099
1000.771804 777.123166
1040.633721 812.007629
1043.788191 320.823577
1036.727852 1006.610057
1037.768875 467.676863
1088.039398 438.615234
1102.559992 774.876333
1032.449689 98.159329
1093.594421 469.678108
1054.258364 434.675340
1110.547023 356.635159
1087.045318 1078.658937
1135.303093 406.406659
1100.653570 795.351790
1077.903801 134.637020
1101.312410 293.782942
1066.965645 1074.029414
1066.174896 373.954704
1107.628020 771.404597
1110.495324 94.301757
1142.202662 279.399908
1132.500129 1126.995356
1088.994377 406.727402
1090.254260 801.258686
1179.932169 113.857251
1110.218137 308.283375
1097.411391 385.700125
1077.910343 1085.001586
1124.160690 781.435698
1130.378741 162.495948
1070.085361 334.566682
1118.607225 289.140689
1134.787285 415.108836
1101.093560 1057.977822
1123.117346 283.946020
1153.939415 784.386046
1198.721294 335.913993
1122.146493 193.742159
1113.330862 300.341064
1099.069844 338.061008
1107.847605 340.192898
1134.573988 205.366773
1129.623272 204.079526
1177.930548 1074.484054
1202.339833 771.314500
1089.674898 221.605162
1157.276164 289.086907
1116.211432 230.543206
1143.011240 223.888156
1175.642436 1097.927896
1188.625902 809.538157
1176.329652 1019.704338
1212.235725 763.685644
1257.131448 1068.416250
1130.241627 740.773417
1196.051568 506.664970
1257.081752 1044.110306
1190.229519 735.339109
1175.528303 520.183415
1225.726724 514.287525
1226.671035 528.902301
1235.388934 730.204504
1166.083186 1042.657803
1192.303370 533.326219
1279.137396 570.281574
1230.697633 494.448999
1258.291064 670.861650
1202.229897 1017.546607
1219.644762 546.401882
1263.369738 720.078790
1302.109872 598.932998
1260.673996 976.350701
1282.990994 591.692540
1239.588257 671.578232
1232.742599 464.807617
1252.154695 607.894440
1288.720214 652.354963
1260.427480 649.943455
1244.490307 959.663290
1241.788474 600.580515
1281.775614 900.756622
1297.660793 895.890030
1270.968866 486.148824
1266.579223 881.132452
1261.247601 834.600072
1257.371317 932.283114
1285.478142 832.932770
1268.010281 554.260903
1309.149024 829.617021
1345.523845 765.766519
1318.665087 854.051021
1295.059010 806.387369
1262.054052 528.057132
1328.622082 819.985188
1300.050305 701.246186
1271.938164 537.904216
1329.212250 794.407517
1371.034802 496.994229
1350.406319 698.881090
1347.905547 547.311321
1379.406077 711.991232
1411.940096 528.946380
1389.677885 671.821321
1438.710394 593.918732
1433.379737 696.684846
1385.937445 522.537959
1384.844139 650.516469
1442.715304 510.625712
1434.758099 646.998617
1395.967817 564.194757
1426.068896 639.880493
1404.762860 577.676789
1524.586507 681.758038
1413.397762 618.842235
1428.428270 645.132802
1513.767950 574.368575
1452.641304 643.745191
1479.241273 614.688547
1506.376491 640.056291
1467.884705 573.826032
1500.479733 614.263435
1483.347618 1282.643277
458.026065 1023.528939
474.545899 1035.955983
521.539832 1018.468127
573.281215 1036.951167
917.983400 246.930773
1027.760536 276.263658
1009.744022 285.252876
