-22.614449 1312.247230
11.180742 689.939894
28.992218 707.771658
31.491666 677.511281
50.384598 729.078411
47.124565 636.346688
70.390090 728.271225
26.267368 636.616797
91.844100 736.480044
40.359480 641.403258
91.265425 762.073355
90.091471 654.309629
83.888897 757.972041
104.384232 630.474456
139.682683 755.950015
104.996850 635.588578
116.957440 761.660060
127.898386 600.777506
171.188767 763.392391
112.711970 605.409356
150.157537 768.280826
151.142342 577.250624
182.581370 768.696099
186.448165 571.330413
200.972151 806.207717
202.201905 590.522481
223.351458 556.579260
221.114935 793.678950
259.897955 536.863507
229.193047 526.580439
220.762295 812.588099
225.254439 513.256976
232.210031 517.577959
207.776088 482.273507
279.684104 451.423540
204.300408 803.838841
241.233046 448.047106
248.353427 391.588424
246.871446 416.978388
242.374098 380.698031
243.055106 814.175761
275.326581 366.760451
264.533663 354.950381
265.210495 684.045469
272.058194 684.046355
279.622033 650.407680
286.510184 706.673496
270.050093 344.035273
272.353262 820.863903
281.013505 621.567315
299.826115 712.199787
300.789293 713.324872
315.558280 602.477663
254.413719 310.023731
281.080870 757.034600
299.986325 817.422486
307.700887 757.233265
313.216684 593.562974
294.999948 300.371512
289.833562 770.126781
302.925583 794.319986
318.379836 558.333336
307.889356 789.634863
309.373585 819.001992
312.272043 292.162719
328.140933 556.401621
324.732871 287.148322
320.542173 558.383412
360.552641 292.491095
351.410995 544.398941
335.191158 279.708083
375.876810 541.056853
403.995074 1096.514416
375.055217 1070.824184
382.872642 1133.009592
362.589686 253.384898
358.268750 1075.012568
407.934681 1111.904999
416.258259 512.190928
364.143651 976.552932
380.302611 993.700967
412.837687 1066.732863
387.782609 1176.066562
352.962603 267.796144
394.913987 964.553932
365.941150 1011.719857
405.486240 524.976283
395.685925 919.597123
388.438422 1185.767408
404.905854 1016.027377
406.411620 263.806901
428.062029 912.650914
421.409556 524.750782
432.298858 1191.681541
422.091235 1006.023000
422.565868 250.166135
422.828648 920.982060
419.140687 500.630309
412.950339 1212.480781
415.520290 1022.746980
446.914088 229.598968
452.957607 886.709674
466.416073 1208.461789
458.407855 528.056401
465.743638 1033.221263
461.997041 235.172329
439.713496 861.883652
467.491380 896.032644
454.533365 1212.673372
455.601747 519.741319
485.972391 1002.589027
459.414110 872.102193
468.856082 235.406361
490.332871 913.515198
486.623920 496.373880
472.058176 537.733519
504.493030 504.632107
480.691121 1210.227412
469.082617 479.338212
461.215573 244.501777
469.887084 1016.517029
503.414584 570.250876
467.686598 861.983456
507.753887 935.265382
462.794560 462.549767
496.391270 1000.227600
501.214244 1242.258568
494.364127 560.934254
512.045554 428.143951
484.334198 963.275844
490.843745 210.686458
505.721986 833.614911
508.968553 993.316356
498.898400 954.154381
540.722866 970.613737
518.196546 401.403692
507.539461 566.394616
516.905033 1227.227840
507.590127 1040.716355
507.528868 210.208032
523.705694 840.206761
505.132881 887.336797
517.729818 401.866896
540.228753 593.928784
521.459577 1223.741662
521.696838 850.634777
526.802623 1033.627989
546.619416 192.483847
556.095457 902.306499
512.474953 399.651565
543.215412 183.805630
556.952539 580.884850
550.217522 1020.997111
574.180849 1267.789504
520.441015 1062.277271
541.876034 923.100373
530.689378 871.257424
535.861666 163.058845
538.348591 985.465466
554.684590 1053.442918
551.310485 930.081390
545.004285 407.372360
523.350997 147.501710
574.445722 972.735271
556.403064 956.169056
574.079194 586.261502
543.885180 978.449025
592.304017 1072.395001
553.537484 1255.455650
566.597604 1049.335101
587.056158 142.982499
552.690169 887.709763
573.644043 1113.649467
572.030824 1116.407064
590.881965 103.979280
562.718845 387.117089
573.982484 568.562802
590.613216 1262.740563
566.105447 1056.573518
566.772364 101.566346
549.866998 873.621328
611.580992 105.840630
592.052564 397.660362
584.968925 983.858957
571.823052 606.580604
596.430184 1281.506735
620.259521 902.730205
594.811453 867.810965
585.704797 65.559397
598.151037 1001.998431
594.404845 909.996919
580.301101 412.380368
596.858258 227.665800
618.324819 601.924751
610.797325 991.233740
605.668240 1271.290330
604.466435 941.422497
586.481902 950.574910
590.904136 954.850194
626.350586 61.913396
630.216870 835.902140
592.340826 942.131376
615.265954 386.545823
610.361019 230.608435
658.597596 599.706556
644.064695 1284.518166
628.107269 37.328990
625.441100 851.494015
646.955590 1133.604871
669.349165 254.094815
644.208805 1103.620555
638.491119 581.657298
640.357388 1143.800874
625.711346 1280.574811
617.542781 1095.961422
644.937652 1133.013054
655.702494 13.015255
682.942214 816.468458
669.482359 1081.920592
636.273410 1159.588650
676.622850 561.652768
657.658856 242.221058
663.965473 1179.246501
647.259677 1291.882871
647.213263 1054.270779
677.320596 7.818489
665.442250 527.820907
675.986220 842.541284
669.671745 1206.004169
680.447473 262.813484
647.749083 533.211433
671.446282 1030.897693
695.164545 1283.661683
681.507821 1111.249735
656.406085 9.584874
681.077476 276.823349
677.659489 509.808376
689.889503 818.939864
666.923739 1104.713037
679.864141 1208.961292
660.871611 1123.487459
672.364417 294.144644
677.886500 1083.656139
688.431008 302.509572
682.801422 1043.262758
667.123082 1296.724225
683.695108 501.491930
685.037870 304.232063
692.461853 334.423416
693.324439 1158.873241
689.516472 -2.292215
706.654903 349.789436
709.330066 825.214433
713.547819 368.237886
693.528204 1225.269128
712.128969 372.868829
699.717653 1100.534016
699.671233 1040.790352
699.890937 1299.778783
700.474749 518.933088
735.153559 417.964378
725.822055 1153.861974
708.129053 20.369571
695.611657 810.421590
720.586328 1245.075175
735.412966 1099.126342
729.923038 437.145067
721.265098 1134.866319
729.318185 1139.969043
707.567771 1048.971370
731.282992 1316.845572
698.924958 477.095684
740.684452 -19.338670
732.813536 846.611667
731.909759 811.802922
744.673228 1240.984570
727.822036 440.018839
750.503098 1070.691479
731.748268 1298.200931
739.651219 504.187767
768.486655 879.757235
741.403428 19.089159
746.604469 815.120386
754.000499 1224.191170
737.078182 433.263390
743.767298 1115.414871
737.075021 1302.618082
730.850890 492.651007
737.725552 1079.649917
760.396151 161.033330
773.393955 1214.030452
771.730135 23.790258
783.306884 838.791658
746.954430 198.067040
749.258607 853.046552
732.090257 130.534756
726.425778 1130.641284
753.296759 155.756297
761.248512 452.641441
773.445246 1212.433409
748.026813 1139.838220
777.378258 99.073237
779.067289 203.700382
780.390758 1122.601987
761.791850 1184.589327
780.480044 1166.340886
783.788392 1318.230769
780.849646 503.205395
785.892979 -8.061098
795.246431 819.985027
782.083938 852.570196
793.342072 103.678935
777.639661 216.824682
792.312551 460.648410
745.777799 230.180206
788.728875 1339.787263
784.423667 497.107295
794.852310 42.379504
766.221989 817.308364
803.794841 95.405962
777.195175 881.318293
785.759810 457.875451
799.250114 256.572008
817.099026 506.827723
790.369620 1308.293987
816.491326 451.929166
798.604106 12.334090
786.906433 810.989834
812.501041 886.053346
816.118968 63.244562
810.872317 149.268974
791.114646 188.147053
808.719191 270.039067
802.575436 156.439400
785.156509 469.005083
820.432691 893.403030
829.329477 1302.358713
821.709097 -5.788592
817.165022 195.703013
858.358097 801.911172
796.888519 72.885739
818.243713 899.544877
799.418784 952.370681
838.070674 283.643259
840.220379 958.921336
832.289527 162.643532
825.595721 494.169148
828.059131 969.437574
840.460432 1291.939892
847.238998 987.920280
837.961631 1000.811907
849.644007 16.791247
832.636042 212.194022
829.843006 836.271506
847.663767 103.745055
847.928483 1029.526979
827.270187 191.138117
865.506818 1031.750122
854.905600 267.554521
837.844995 215.874117
856.600523 1306.968187
839.619082 207.457807
861.298365 492.809847
827.133570 785.048010
840.003279 117.279281
863.116705 1054.493598
832.694206 28.504998
847.444135 783.889628
878.123093 262.855841
835.018827 1284.099801
865.561264 107.148630
865.431833 500.549978
880.901977 1066.995200
849.416073 771.917296
841.695600 53.164158
882.067318 112.003605
885.242862 263.241049
872.050713 766.791797
918.823662 162.875345
889.830724 1310.921063
857.735736 477.880277
885.512109 233.921032
876.067223 1072.166684
897.863790 122.142891
883.157728 43.329615
888.922629 188.344965
895.115990 206.008772
879.504311 190.903701
869.430621 736.303732
894.776347 1279.646310
904.189267 466.675621
888.466561 1090.378968
920.164702 48.556409
915.310619 715.596626
886.328964 913.794553
880.369834 364.874584
929.992019 1251.927379
908.504574 312.439028
905.906131 405.693560
904.687055 450.467399
899.799839 1072.587847
887.076525 14.103432
912.492622 327.199020
918.361800 390.784755
940.911408 725.405454
905.688497 906.009862
922.278026 1062.045310
930.769611 415.396137
901.504268 307.692518
925.400508 1234.330638
909.126611 429.739596
942.752820 49.612353
953.200702 423.890811
931.655103 1250.306592
964.487610 289.659789
918.699704 716.542587
932.880959 918.832586
945.905928 432.600498
956.773425 1238.530167
968.334870 68.731706
959.330393 258.140437
941.466749 1203.822706
949.559304 709.056225
961.978052 914.205328
982.012745 210.763282
950.493956 1197.404388
956.132410 443.949554
951.632706 204.076755
980.279161 71.594104
947.445198 361.649862
965.915041 1162.049421
967.953812 240.391942
984.177835 330.052033
963.177785 385.666692
950.565631 274.004411
977.192665 731.552929
949.759305 934.700552
976.461113 1135.354599
986.578031 264.711298
951.130897 319.432603
968.896163 408.279054
1002.721575 445.338131
997.907028 61.248803
1007.417459 1154.634252
976.379163 250.791252
1008.056505 299.852675
980.235309 412.260625
995.252588 912.540872
988.197268 727.960427
992.171766 1122.310814
979.518840 475.033835
1021.879747 303.566942
964.487101 89.443444
1011.715453 268.190638
991.727874 390.441826
1009.414892 762.827618
1000.686973 898.254412
1007.923862 1113.537683
1009.451161 500.238683
1026.375645 432.806406
1028.971816 76.641684
1018.693728 281.095548
1030.642361 904.064516
1004.146019 362.276627
1008.634647 763.916470
1050.452557 330.737325
1026.752214 377.633541
1045.636237 1092.253622
1042.569054 488.566058
1028.270583 844.976924
1035.108505 76.897463
1058.154409 767.226249
1018.537523 386.317106
1039.271232 292.955717
1022.078741 852.710526
1034.961451 1100.762708
1068.662103 470.191030
1029.423738 767.774131
1004.991530 832.863802
1033.465869 87.081641
1053.280959 377.204793
1041.415959 777.631407
1017.581773 811.502113
1052.994894 786.843442
1061.537321 790.294034
1046.903261 297.757941
1049.190083 1114.583469
1055.449173 469.371522
1085.227526 405.879902
1059.290081 769.506220
1064.039968 79.885860
1058.846342 394.187953
1036.449154 436.129421
1062.602109 288.645482
1066.782523 1073.730151
1059.883729 417.894141
1095.450499 780.080335
1090.108386 103.505570
1091.733717 300.481952
1093.773783 1063.133472
1080.573506 406.127460
1092.667256 794.977207
1091.278657 118.101714
1092.907026 288.322798
1090.302939 1064.619715
1121.555484 418.273719
1115.951353 773.659956
1097.099979 133.149029
1090.350556 288.711949
1113.317394 372.831994
1115.928268 1040.021196
1100.201136 781.929142
1104.466074 124.671883
1124.710729 310.753741
1145.560057 282.565563
1132.490165 378.989129
1143.613033 1072.080895
1132.978013 321.917224
1124.951804 806.148048
1123.663717 353.905936
1112.545959 156.792174
1160.537909 278.894115
1142.805022 341.320072
1152.797906 384.921247
1153.594770 190.199213
1142.085754 254.856559
1167.261436 1054.856066
1151.743868 782.278340
1151.503522 195.991287
1146.084768 264.572395
1170.479333 201.293839
1150.911179 222.657958
1150.026402 1034.260300
1148.541304 766.900655
1193.138355 1057.017114
1163.326699 761.620813
1183.831366 991.271065
1223.592392 757.953495
1220.467849 481.854096
1210.093196 1003.122118
1231.667407 749.480045
1202.790629 523.970319
1260.260363 499.676062
1249.018256 523.969949
1223.208364 699.302906
1196.149588 1020.808213
1238.940414 560.091129
1258.808288 555.817431
1233.300115 487.629591
1259.506635 730.115126
1257.362190 978.139306
1243.630809 561.892852
1258.213917 698.105209
1239.371024 608.914158
1261.254823 975.719596
1262.648855 613.029612
1258.565664 688.567351
1264.489877 510.556911
1253.226566 636.916076
1273.903353 680.690175
1263.424014 631.117764
1268.235382 931.263097
1275.318394 631.493051
1256.845555 926.788741
1278.544672 949.887629
1278.363579 492.966994
1261.903612 875.672372
1259.109429 877.017766
1257.622151 897.972245
1280.800073 854.073214
1289.035014 516.012862
1312.212482 835.839338
1296.693888 826.801167
1297.620604 810.773062
1295.512970 807.116186
1269.708644 487.322818
1311.639700 765.140982
1302.517427 782.034310
1350.100491 523.774997
1332.410869 750.345552
1366.853895 532.738321
1371.209704 727.062595
1347.915811 505.876966
1393.692022 720.514140
1371.857902 529.440144
1361.939741 718.619262
1378.874286 543.679540
1378.333347 681.608316
1376.492385 552.646348
1401.333793 706.182599
1416.344025 556.131244
1440.658415 696.897229
1433.263705 550.887069
1448.704399 679.263668
1437.026626 559.678227
1435.127633 665.247982
1474.833457 555.248863
1457.906470 675.647462
1473.448460 604.006460
1513.292510 661.636120
1495.682908 607.738074
1468.526929 639.055102
1514.947332 620.557276
1522.585178 644.851981
1516.030090 1293.240691
496.439820 1017.102837
512.007383 1032.220327
529.538117 1047.857130
545.232772 1057.636857
968.056328 261.087747
998.023281 277.314575
1025.753031 278.782551
