0.496767 32.613518
-2.835522 31.232874
3.922528 15.974749
7.252219 13.322402
1.333949 46.902462
1.879142 46.351607
10.072703 4.043250
8.762274 8.850301
9.735438 63.467894
12.216283 67.391455
18.645825 73.461385
19.949173 75.934141
28.188256 86.969335
28.942019 81.967078
38.267287 96.865618
34.848905 98.682708
40.138439 108.878021
39.130567 103.402504
51.774441 90.636331
53.353918 85.332239
48.416494 118.690771
47.922068 122.158009
59.556458 128.584659
61.323219 127.943980
64.672046 83.676810
63.315586 88.682818
74.310327 136.687942
71.570139 143.434907
79.970371 79.613217
74.750833 83.385639
69.910602 179.489882
68.644523 176.792347
78.346023 163.903125
73.639180 164.005832
73.247846 195.482832
75.233658 200.062397
81.015134 150.423599
74.262870 154.828641
83.205887 203.986970
86.214584 206.757696
87.603276 84.568934
85.150050 83.471912
93.259615 64.658994
92.033413 66.219164
84.919749 51.416115
88.166952 49.594526
95.302706 62.450147
87.622751 63.542061
96.349586 208.837965
93.640869 204.990980
95.123281 91.456394
98.496564 86.761327
102.826974 74.621056
98.978812 78.741014
106.786582 204.313557
104.328124 205.255025
103.187185 101.061254
103.965297 99.271777
107.872855 188.535982
111.620134 192.962287
111.836291 84.746150
113.379957 84.570597
116.655630 181.909576
114.940334 177.270639
118.469634 108.486281
118.199208 113.552622
128.617296 85.925445
124.487543 91.944402
117.109482 190.953474
124.948278 188.747030
130.084872 111.687943
131.806785 111.647402
126.900926 211.171108
126.369345 204.422748
131.717663 50.641480
127.410113 48.439714
128.087767 218.710388
132.929595 213.529087
138.289154 99.136449
137.950137 91.990091
130.470706 230.004825
131.277442 234.292549
142.403301 123.489018
137.821296 121.926394
144.495067 244.210302
140.458216 243.359723
144.027281 63.549985
136.379560 54.371021
147.122041 104.955772
145.822736 107.343420
150.575686 130.317457
148.964976 131.038218
151.484131 251.135101
152.469731 248.488585
146.893340 67.956386
158.425402 61.916683
158.994545 112.554318
156.736447 116.822404
164.825068 136.299229
155.541054 140.035438
163.037548 261.188460
159.437615 254.115012
164.456557 71.738907
164.512618 74.255433
166.559140 126.261416
161.448758 126.301682
175.271170 150.269484
176.581863 151.878566
173.742606 252.240840
173.054889 252.835049
174.935936 83.138188
179.739294 87.227312
176.917020 136.452096
174.725935 131.065803
183.294193 149.637243
176.645868 158.261739
181.408090 245.534966
177.903835 248.106460
191.293144 85.143998
188.311020 90.626605
190.222093 142.368704
186.744964 141.288027
199.282592 165.010712
191.414825 163.338723
201.131110 236.196954
189.935448 235.859997
193.763907 100.851991
196.239868 98.667132
199.388513 209.530390
198.532160 210.996721
200.603732 147.775691
199.143808 150.766758
203.087310 200.084509
201.157167 205.359399
198.972212 228.607368
206.365444 227.567700
198.080040 174.873279
203.581847 176.137839
210.459325 104.384889
215.085729 107.128676
219.249395 159.307860
212.178910 160.093209
215.653468 209.786462
218.238486 206.981520
212.780747 178.492978
221.721917 188.774006
217.803897 117.684705
224.569382 109.102594
225.782683 168.843344
226.316812 175.774365
229.940938 216.852396
228.413317 212.337306
227.471016 193.259664
228.106459 191.889269
234.081299 113.742191
232.363090 112.676222
232.658177 176.486996
232.605924 172.562236
239.692617 217.584227
232.508630 216.997963
238.619271 203.077504
236.915292 209.276111
239.014318 101.968354
242.291767 105.482720
250.150727 228.955287
252.923034 235.842844
243.576377 209.295174
254.369759 210.001529
251.011237 95.365527
252.894869 97.663406
256.109507 236.985050
255.514852 243.739732
256.377309 223.953375
262.161993 222.523000
263.987672 92.839874
263.744414 98.087942
265.842339 163.637528
272.549001 166.209294
265.449751 255.162498
266.508684 253.986678
273.062025 230.013921
270.810248 229.527531
275.590190 100.202878
275.957604 96.745970
276.122723 163.675599
275.858026 160.373481
272.604795 174.109225
279.644922 181.666410
275.877513 269.736220
278.766659 260.982151
281.808700 242.782019
280.530897 239.379454
286.871801 103.225219
282.708960 106.774024
287.909289 152.970326
286.605982 155.769270
282.204180 187.939722
285.760621 186.792917
293.592538 274.267089
283.827159 275.715865
295.583884 248.442877
290.938991 248.131458
291.717815 105.804972
295.829217 110.263112
296.140031 285.290299
297.835467 281.549241
300.724514 154.957839
298.424904 160.379528
294.946183 190.614691
295.739129 194.887952
306.284495 116.955530
304.922978 116.434876
304.248790 258.893031
298.905149 261.740339
303.851900 293.472138
308.999922 288.524313
303.337129 143.937050
305.606860 142.719248
311.973317 199.705707
312.292257 197.606598
305.386381 135.156510
305.766032 132.836151
316.025838 300.189992
320.299208 302.150452
323.090539 208.802316
318.662880 207.192255
325.146061 313.376650
328.188711 315.166901
331.471917 210.386359
334.845739 204.123603
336.344132 322.445398
336.428276 322.322210
338.905718 213.140744
345.693406 216.486491
345.217642 324.625211
343.933365 322.192285
349.152797 215.870370
352.111922 212.030202
358.106726 316.072684
356.638586 323.576746
361.118302 215.062767
360.254034 222.289120
362.865803 315.560912
371.888445 315.604838
375.704375 219.821243
376.139294 219.999259
377.003607 311.768491
382.537259 309.903286
380.673829 225.404269
385.588362 219.488934
385.796595 295.100184
386.309776 291.161981
399.513782 233.182070
396.942913 233.690598
396.627506 288.180634
392.104094 284.280831
401.195346 282.376540
396.532719 274.349136
400.169800 243.106289
403.075899 242.042147
401.801014 258.910083
405.012058 267.167565
408.079905 254.621864
400.176151 249.806274
