63.165449 120.313231
62.601408 84.663619
77.817758 174.422797
102.489926 69.645757
112.952255 230.092704
150.205148 283.012846
165.397263 190.195057
176.780961 165.561729
175.206480 216.470301
175.658673 50.107538
195.098451 156.355174
198.943996 342.219388
201.312883 226.158793
226.885613 152.464185
238.030911 51.561389
237.013781 367.245285
244.259742 221.907579
265.670004 170.549573
265.798207 197.382822
283.802172 58.547728
287.073114 361.567223
311.216287 101.217138
333.165938 144.768527
336.976703 342.101833
366.430136 176.452715
405.554382 156.986403
406.649050 296.234701
424.473101 137.922716
440.737338 117.162787
464.174311 101.328693
464.240860 243.719997
478.437521 140.531796
480.966802 198.459820
