58.794570 122.888361
68.231326 87.142121
80.105365 172.893075
99.187464 65.366235
104.164505 231.730992
152.344090 275.725380
162.079979 190.159607
175.900097 169.093986
179.728915 212.456998
173.996741 50.003161
194.054424 156.188863
198.205270 342.094899
201.252575 220.496951
235.387485 155.209614
239.689117 47.392153
228.327467 368.482388
242.920700 226.062945
255.082659 169.834262
267.800977 201.976029
282.494269 59.645153
279.960837 366.541327
306.971996 95.911958
335.703012 147.773058
339.338885 339.789458
371.292568 178.837619
400.597291 158.105357
412.157982 293.160052
425.636394 135.941624
432.358428 113.643490
467.590024 99.978009
458.708393 244.041713
479.249115 140.998971
483.650906 204.294228
