69.090232 127.984426
68.000858 90.936592
81.024367 173.239019
109.054209 69.175298
113.219380 241.618376
168.674369 278.875161
158.689292 193.073526
191.518697 166.887213
169.739015 208.733059
182.517080 53.842118
196.689566 152.728570
202.567411 336.055665
197.504413 221.969784
226.193378 148.375283
230.393754 44.675551
233.872163 351.610797
237.763307 225.527840
275.852095 161.084866
274.615652 191.229879
290.511094 55.230496
284.867141 357.274683
312.813734 97.613547
350.190419 137.701438
340.545299 340.852870
373.605665 185.247820
395.711013 166.502226
398.703034 306.159511
425.590855 130.479847
440.773218 125.958507
467.644053 104.893624
467.402196 237.989080
478.633687 144.833928
470.446622 195.237632
