-7.418906 38.628861
5.023104 15.152731
9.042704 47.015857
10.550036 -3.321699
11.060247 60.164641
24.082539 64.537325
20.827553 80.424865
33.616720 95.935829
46.414093 108.383415
54.412645 89.817700
50.116624 119.418732
60.806595 137.603790
57.642306 91.723863
58.928706 142.885224
65.209246 88.838433
73.666208 188.051776
78.356850 165.373559
77.047721 199.540498
74.432948 148.138426
86.229688 200.336845
86.839028 83.389646
95.706486 61.050786
83.372204 40.218127
96.437263 60.406990
93.965956 205.870164
100.970194 92.364147
103.814001 72.455157
91.695545 199.865012
105.194823 102.767785
108.523569 188.750416
120.818172 79.378803
129.227152 177.248032
114.088345 105.681799
118.350789 97.139106
127.169887 186.066066
138.228897 112.640612
124.690726 210.305277
132.025173 45.817490
131.297511 221.705161
133.792087 100.072811
130.153090 236.178140
133.842008 122.510001
140.471677 246.213785
144.330847 61.950194
146.698529 99.268466
161.139339 126.824132
150.724568 246.595995
160.346519 65.774698
151.992767 118.171473
162.492219 144.610581
168.238008 247.918133
162.201901 73.825215
169.730734 123.594547
164.683060 143.699682
179.557589 250.762356
171.164927 84.492942
181.090672 137.457633
183.393083 155.050453
182.843971 245.370059
191.239079 98.734240
191.413270 146.421190
197.535948 152.730138
189.459285 236.889774
201.262635 96.110163
186.043911 205.493543
212.914617 158.490994
213.558506 202.281530
209.904907 233.018148
207.677924 176.664202
215.419263 106.027922
215.121160 157.216272
221.000564 212.598886
225.884364 186.744924
229.847901 111.409636
227.395813 177.192472
228.064100 216.185028
215.863357 197.977953
236.990718 107.653783
230.946103 172.898814
228.783421 224.021890
242.784037 204.254966
233.727536 110.224822
255.131728 227.716431
247.994861 203.370111
265.900278 103.329590
261.271839 241.817096
257.616407 224.200767
262.263416 101.896980
252.183649 160.365023
270.198114 247.284336
259.861553 232.205373
276.011910 90.940577
267.563150 153.396564
286.438939 175.005573
271.043201 266.376972
273.517100 249.595961
292.989968 104.617711
283.911934 160.374592
278.635926 186.850828
296.282650 269.571631
294.837409 254.616877
291.088939 110.595229
301.553981 285.318967
292.287932 159.643300
290.162652 198.437259
303.832386 116.748763
308.584835 261.249278
308.585558 293.404711
309.737147 141.463932
306.766950 204.957944
302.776200 132.937644
328.394872 303.766469
321.732980 205.211138
322.431785 312.266051
320.097623 215.292267
335.107049 313.257448
339.032086 209.528876
346.248685 320.813900
349.085579 217.081608
350.878659 317.282573
359.510627 209.363256
376.510002 323.720297
371.240085 220.530783
383.985509 314.686580
386.478372 230.437183
386.201830 301.293062
407.804365 233.561141
392.639829 293.455534
407.150182 271.342121
407.785979 245.142513
397.710434 270.571337
401.096633 246.036456
