49.000000 157.000000
49.000000 167.000000
49.000000 177.000000
54.000000 186.000000
57.000000 149.000000
64.000000 190.000000
67.000000 149.000000
70.000000 198.000000
74.000000 67.000000
75.000000 141.000000
79.000000 76.000000
80.000000 200.000000
83.000000 134.000000
84.000000 64.000000
86.000000 84.000000
89.000000 122.000000
90.000000 200.000000
94.000000 66.000000
94.000000 90.000000
94.000000 107.000000
100.000000 200.000000
102.000000 99.000000
104.000000 69.000000
107.000000 90.000000
104.669028 207.300703
114.000000 69.000000
119.000000 205.000000
123.000000 74.000000
129.000000 205.000000
133.000000 74.000000
134.000000 52.000000
115.816909 209.159004
143.000000 74.000000
144.000000 49.000000
146.000000 59.000000
148.000000 210.000000
152.000000 69.000000
154.000000 49.000000
158.000000 210.000000
164.000000 49.000000
167.000000 215.000000
172.000000 224.000000
174.000000 49.000000
179.000000 232.000000
184.000000 51.000000
184.000000 241.000000
190.000000 59.000000
191.000000 249.000000
195.000000 68.000000
196.000000 258.000000
200.000000 268.000000
203.000000 74.000000
208.000000 275.000000
212.000000 69.000000
212.000000 285.000000
217.000000 294.000000
220.000000 110.000000
222.000000 69.000000
224.000000 302.000000
224.000000 312.000000
228.000000 103.000000
228.000000 116.000000
229.000000 321.000000
229.000000 331.000000
229.000000 457.000000
230.000000 90.000000
231.000000 74.000000
234.000000 340.000000
235.000000 465.000000
237.000000 449.000000
238.000000 120.000000
240.000000 348.000000
242.000000 439.000000
245.000000 465.000000
248.000000 124.000000
249.000000 353.000000
249.000000 363.000000
249.000000 373.000000
256.709598 418.420528
254.000000 382.000000
254.000000 392.000000
259.041138 411.624954
254.000000 412.000000
256.991736 473.976964
262.135387 118.824489
265.000000 465.000000
267.000000 129.000000
270.000000 440.000000
270.000000 450.000000
275.000000 395.000000
275.000000 405.000000
275.000000 415.000000
304.470716 394.437566
277.000000 129.000000
280.000000 370.000000
280.000000 380.000000
285.000000 350.000000
285.000000 360.000000
287.000000 129.000000
295.000000 350.000000
297.000000 129.000000
305.000000 350.000000
306.000000 134.000000
309.000000 467.000000
309.000000 477.000000
314.000000 355.000000
314.000000 452.000000
316.000000 134.000000
317.000000 365.000000
319.000000 375.000000
319.000000 442.000000
319.000000 480.000000
322.000000 385.000000
324.000000 395.000000
324.000000 405.000000
324.000000 415.000000
324.000000 425.000000
326.000000 134.000000
329.000000 480.000000
336.000000 134.000000
370.241281 463.800297
346.000000 134.000000
349.000000 477.000000
350.000000 380.000000
350.000000 390.000000
350.000000 400.000000
350.000000 410.000000
350.000000 420.000000
350.000000 430.000000
350.000000 440.000000
350.000000 450.000000
350.000000 460.000000
355.000000 139.000000
355.000000 345.000000
355.000000 355.000000
355.000000 365.000000
365.000000 139.000000
365.000000 345.000000
375.000000 139.000000
375.000000 345.000000
384.000000 350.000000
385.000000 139.000000
398.105361 355.113386
395.000000 139.000000
403.000000 345.000000
404.000000 134.000000
413.000000 345.000000
398.197973 92.873249
423.000000 345.000000
413.243855 133.798868
430.151398 379.321844
429.000000 407.000000
430.000000 353.000000
430.000000 425.000000
434.000000 134.000000
434.000000 397.000000
440.000000 355.000000
440.000000 425.000000
442.000000 389.000000
444.000000 134.000000
444.000000 365.000000
444.000000 375.000000
450.000000 425.000000
453.000000 129.000000
458.000000 418.000000
460.000000 400.000000
463.000000 129.000000
465.000000 370.000000
465.000000 380.000000
465.000000 390.000000
473.000000 129.000000
473.000000 363.000000
480.000000 340.000000
480.000000 350.000000
482.000000 124.000000
489.000000 345.000000
491.000000 129.000000
498.000000 350.000000
500.000000 134.000000
505.000000 340.000000
510.000000 137.000000
514.000000 335.000000
517.000000 345.000000
519.000000 142.000000
519.000000 412.000000
519.000000 422.000000
524.000000 151.000000
524.000000 353.000000
534.781669 363.721945
524.000000 373.000000
524.000000 383.000000
524.000000 393.000000
524.000000 403.000000
524.000000 431.000000
525.000000 161.000000
530.000000 170.000000
530.000000 180.000000
532.000000 190.000000
534.000000 435.000000
535.000000 200.000000
535.000000 210.000000
535.000000 220.000000
559.444938 226.357096
535.000000 240.000000
535.000000 270.000000
535.000000 280.000000
535.000000 290.000000
539.137874 272.298113
537.000000 310.000000
577.713370 239.946749
540.000000 259.000000
540.000000 320.000000
544.000000 435.000000
545.000000 329.000000
545.000000 339.000000
545.000000 349.000000
545.000000 359.000000
545.000000 369.000000
545.000000 379.000000
550.000000 388.000000
550.000000 398.000000
550.000000 408.000000
550.000000 418.000000
