106.297998 1641.033842
48.256403 1670.985998
136.956357 1615.699978
100.251161 1674.574075
47.722224 1682.115653
105.545694 1651.570945
47.318197 1661.477915
122.456889 1686.143325
74.857132 1745.437163
106.813787 1706.060414
64.449614 1726.671811
59.938864 1718.950650
60.378368 1701.758302
91.676672 1795.154623
105.392592 1716.901553
107.021717 1821.667623
87.925319 1764.395972
99.661813 1804.139744
113.480920 1813.365759
103.961385 1610.990911
106.412631 1806.212412
100.608846 1592.729109
80.019322 1783.495852
119.457008 1807.876030
103.779074 1621.026750
101.667958 1825.395901
95.404184 1608.346752
65.703412 1547.716794
64.143035 1623.760149
87.447087 1598.381865
105.332157 1884.733182
86.246794 1556.785386
63.735120 1524.685466
69.352363 1866.917559
123.640743 1522.151975
78.138619 1877.368603
101.985367 1492.665433
130.666953 1453.134581
80.290013 1881.671283
60.587888 1517.917504
116.808359 1937.568826
111.954925 1442.514618
105.807078 1826.554416
142.546146 1955.590410
125.648045 1453.272773
99.199955 1473.568803
114.264039 1957.587057
145.867863 1405.718625
165.061900 1954.359357
151.364124 1416.227316
129.845440 1980.626250
214.635148 2562.846321
132.870019 2563.556180
146.649577 1365.155002
200.145704 2592.767047
102.844877 2599.906065
136.189126 2617.421426
145.789710 1976.643960
165.863667 2566.081112
135.911529 1383.386183
100.450774 2599.294908
121.885685 1402.559804
177.150464 1944.062774
191.740652 2364.354969
164.265730 2383.194078
147.137394 2417.098771
108.762751 2388.397200
153.096549 2409.606340
149.148590 2466.297842
116.223348 2482.616066
150.379933 2495.593314
128.187411 2555.667368
119.468032 2493.895897
115.895517 2681.899118
170.469125 2593.980892
127.165966 2588.482016
197.527842 2633.250291
190.028082 2426.849944
89.907489 2462.795319
146.276354 1376.796869
176.282806 1932.456855
112.426930 2670.618418
222.168238 2553.783590
164.442874 2407.265516
125.687203 2446.087531
166.569675 1948.989008
159.097953 1410.874049
141.899339 2313.914187
195.926287 2372.416474
150.761730 2418.926820
107.588367 2401.460366
172.473227 2480.040342
179.722671 2621.136982
132.445586 2004.568160
219.238610 1325.599942
202.622511 2346.522255
97.327398 2410.986530
135.031493 1972.599578
160.689499 1270.969268
186.522867 2054.879384
162.233600 2337.808506
134.383668 2690.357173
145.537579 2711.429685
143.786673 2712.654866
200.455899 1272.127584
206.572653 2033.252118
174.228265 2726.792338
145.195088 2312.615436
158.111781 1274.337369
177.884561 2055.924863
161.927032 2003.305291
183.275829 2286.966717
199.207954 1244.638388
114.196556 1956.129370
177.542861 2683.194652
185.550615 2264.394216
177.670795 1271.432207
134.479041 2071.108433
192.039560 1261.794675
175.993171 2064.850272
148.804168 2304.335681
201.895737 2649.363303
152.888260 1297.146816
210.772413 2095.454731
184.012988 2303.704819
233.090946 1212.689906
233.410191 2123.158999
204.661504 2127.259884
168.470811 2094.252136
190.351462 2151.610358
166.126254 2224.363622
226.243824 2229.443489
209.533048 2244.242415
193.164441 2244.110694
201.743604 2590.844356
229.668749 2634.114834
269.438744 2735.132438
224.569407 2036.981592
174.811880 1261.423690
216.149536 2622.664877
244.285410 2099.990472
223.227939 2232.754638
208.781772 2123.582665
210.985206 2216.725813
243.156619 2222.148353
217.704788 2604.625327
194.438623 1246.554799
207.314875 2129.074902
226.927815 2073.146376
171.488306 2702.825878
203.685219 2647.864804
221.635432 1200.463659
230.648924 2138.428307
191.870144 2508.258482
180.383055 2566.271529
215.745977 2640.973744
252.394949 2609.728250
219.647272 2629.974243
176.842101 2661.911028
238.902971 2148.834219
212.402796 2525.032556
212.911122 2640.877381
212.986100 2212.511658
197.559107 1238.842326
246.112052 2548.910595
258.196180 2635.034789
199.966477 2655.535972
212.483745 2186.092586
196.893928 2507.619176
232.957387 2230.006771
244.241693 2188.828609
165.263822 2545.643575
216.530820 2495.059987
226.258606 2514.765707
238.979669 2562.922044
276.882221 2574.537515
192.952383 1225.490226
213.046913 1206.250564
203.393799 2539.860443
208.955784 1204.768389
268.373820 2373.392951
248.426248 2437.745456
245.424595 2414.988153
271.494361 2403.241783
191.290535 2504.111181
264.171287 2501.218248
203.497640 2511.546428
259.020776 1141.357182
234.130699 2413.988229
266.407685 1092.767849
228.194932 2321.371241
227.178247 2389.623086
250.500032 1128.448599
266.187811 2428.992987
297.808109 2325.475147
250.068055 1132.801601
292.530101 2375.860827
282.471584 1083.028625
246.145180 1120.378174
257.158077 2355.085375
279.708342 1076.120541
228.299983 2292.932730
257.955328 2291.495876
267.464241 2300.968237
252.080698 2298.101564
305.047812 2298.474821
266.187725 1103.303442
246.480608 2253.344362
299.142308 2270.969096
260.920062 1102.180277
340.443397 2270.822119
321.501069 2280.541078
339.119097 2289.818489
326.361273 1086.642412
336.698156 2216.900504
343.099122 2217.340586
312.888190 2255.639735
311.528005 1017.175168
308.512015 2211.366849
310.310786 1081.623011
329.955308 2198.920929
339.685373 2238.620489
289.157695 2225.846827
308.985466 2222.225953
371.672123 2207.725401
341.954996 1065.346408
275.271616 2162.888760
335.751274 1006.357060
341.177210 2156.174933
293.603696 1070.694478
373.288770 2163.697932
329.494005 987.868086
380.812352 2163.757557
378.335690 1016.570089
304.901867 2205.370222
368.167057 2217.631565
338.726350 974.901082
370.730932 2225.304585
410.419212 994.136914
333.777898 2237.893069
349.888450 994.110430
342.726795 2252.897105
356.097451 970.181955
404.954019 2226.861995
401.438121 972.405266
337.767291 2255.395784
424.954032 978.473063
444.429841 2271.482256
377.081276 988.725630
429.431369 2244.703179
382.585314 951.853997
441.657275 2257.102732
419.680418 2269.210881
386.147003 2295.489470
423.112667 952.622526
439.936304 2316.966292
467.252141 2309.046576
439.391167 2315.104330
439.450271 956.800781
423.356094 2362.618504
447.792732 2345.841758
370.157492 2371.167130
449.003064 938.968838
432.581100 2356.868381
457.438671 908.969100
453.904806 2351.672470
470.043757 2330.271502
417.151103 922.775598
467.128574 2361.525675
475.600306 2375.855490
485.762978 873.373219
442.695852 2378.664255
498.081835 885.582013
469.617849 2362.044321
477.072077 2374.585555
426.334904 939.477787
497.234541 2455.585947
506.303428 829.548813
484.009403 2426.694905
500.111260 2456.374047
501.799125 880.609592
459.100181 2414.758029
490.473136 2454.049760
469.683764 908.578800
482.092415 2456.394119
474.691007 2441.830701
503.918754 839.800567
489.021726 2484.357730
456.718621 2436.170423
510.500815 2491.655080
484.372710 869.932045
487.521959 2461.146708
544.190611 805.463548
456.367740 2529.611271
487.519175 2525.154309
497.277449 839.319509
525.396363 2536.418331
499.729734 2510.841292
483.853310 862.906934
508.386308 2581.441802
536.758363 2535.749954
572.749688 2570.614373
495.007904 2614.577258
520.030503 2636.219828
510.673319 2637.210591
493.811662 2623.956481
585.749518 2640.809392
531.986403 2634.146861
574.468292 2638.810671
530.666668 2678.631895
551.196692 826.476206
540.940449 2544.094504
563.202698 2653.956869
545.996140 2966.912283
575.292696 794.118629
553.723022 2689.268618
554.316716 2950.536689
594.447529 2934.948123
533.398211 2665.538508
546.916920 2900.042397
518.992449 2919.397675
521.986421 2947.353191
566.575356 2983.521632
534.452462 3002.716823
573.511098 3210.452141
561.560039 809.425014
548.445775 3121.216447
545.967093 2677.634598
538.260654 2671.815307
542.986728 2663.680278
607.200129 2803.108650
548.402917 2891.502146
572.022488 3052.496945
580.917194 3083.463574
583.442916 3002.369921
593.524848 2861.523655
546.935096 2962.902631
570.710918 789.247809
518.694407 2850.481072
522.793894 2830.087895
590.301802 2831.217768
557.190008 2943.110112
533.829641 2949.263499
533.024562 3011.720324
651.086730 3147.327951
580.161824 2754.273554
556.923968 3154.476232
560.841614 3034.734407
556.126329 2730.625645
579.403598 2813.500287
576.750206 2775.988406
537.358264 2823.805684
524.737197 2803.578531
576.325159 2725.954690
544.103255 2786.823933
526.243411 2791.714759
572.249883 2842.620389
598.184644 3060.771017
602.294026 3078.815128
590.578628 3080.935379
540.071904 3084.247813
560.716198 3126.944566
536.867363 812.335611
584.126749 2978.280213
600.269491 3072.347610
602.445074 3132.555825
528.921717 3052.683659
612.452139 3106.111392
578.780754 3055.325082
599.689013 790.715460
572.402140 3190.243317
553.582465 3138.308375
559.939645 802.508230
643.852963 3215.429241
630.834231 753.463342
611.871796 3140.582598
576.242640 3210.924541
594.434328 791.901256
636.428019 3267.652150
594.237624 3245.334942
572.907335 3204.216403
673.545058 764.473373
594.345128 3247.555552
655.399582 749.692986
616.347114 3245.392085
587.046366 771.858942
677.938403 3229.709603
654.201927 756.205348
650.668661 3235.442367
688.154578 702.061177
641.605173 3266.453053
675.108339 764.935901
672.031101 3234.875836
682.111352 721.607245
669.603811 3273.093188
697.701578 729.215447
669.871930 3267.365251
696.051297 730.051201
684.141087 3250.302683
724.728034 726.683015
764.457679 3283.057887
706.294253 709.512526
649.615544 3271.527305
748.904730 712.576571
780.951488 3255.835330
714.854087 694.538354
776.513891 3283.552586
766.183685 714.073488
791.039059 3268.990801
774.662175 714.645056
765.874832 3232.553314
735.323956 670.504985
733.126712 3264.402930
759.913050 705.370110
765.065820 3247.856849
785.252517 648.095445
797.590840 3280.237265
825.423904 659.938528
785.125394 3277.389588
837.732305 658.176759
851.713734 3252.981228
847.782641 662.357090
759.672978 3266.058151
788.109875 666.700319
806.042979 3270.232561
790.068157 655.283368
829.748250 3260.765591
868.288620 670.515450
787.837832 3258.177871
799.276184 2702.209652
828.926425 2780.230404
832.240376 2685.471352
869.448186 610.723714
819.757636 2665.763276
861.646275 2684.996888
799.699024 2740.797261
806.261579 2736.413403
891.341658 2744.482402
888.843563 2705.076767
811.199733 2757.924816
838.689083 2811.424456
870.434857 3248.361582
860.437838 2638.801735
852.765510 2790.210590
845.944355 2861.252248
842.710029 2816.008018
845.726138 646.121305
843.735215 2718.512264
854.293092 2765.676432
876.617287 2619.838613
848.590133 2851.644054
840.684612 2816.934811
842.955317 2849.445638
845.692942 3232.098253
839.785472 2857.516290
919.024128 616.957519
879.871237 2572.303023
881.659410 2596.783535
836.680644 2673.365275
888.437102 2634.606953
884.363824 2890.064980
867.733234 2612.264113
889.906980 3237.410136
874.503982 2606.890036
853.935462 667.584729
882.915467 2630.086166
863.294209 2949.573986
860.240905 2839.602702
901.093264 2994.925728
839.087472 3235.055320
884.730719 2910.837088
905.696214 2903.119313
881.400265 2985.576812
879.893824 604.495603
909.630651 2637.399203
888.435201 2891.927117
863.383528 2878.719554
900.853385 2969.291027
920.070703 3026.734034
862.678034 3041.669118
916.032113 3016.817654
863.416659 3004.134226
896.255234 3210.623445
887.280205 3076.106898
841.860278 2969.843845
851.300338 3212.765037
875.103942 3221.039514
882.250347 2992.550984
935.669435 3035.254321
931.391157 639.735818
870.056811 2610.717779
900.833367 3013.972799
858.980244 3160.517350
881.984768 3234.849231
921.017424 629.242157
914.268713 2581.219142
874.655650 3034.838981
914.742207 3170.331534
910.971704 3095.091202
896.704610 616.404997
946.099437 2668.308889
919.481098 3102.984750
874.857281 3208.707161
876.052407 657.944150
944.650237 2621.401105
895.210971 3075.493354
950.455364 3226.293118
880.505184 3095.738941
879.750529 603.612207
917.463144 2611.770680
935.464524 3092.172366
902.178556 3204.674082
874.788452 2602.244858
978.008897 615.955950
926.810019 2648.383194
980.979627 3105.737879
932.962169 3198.537649
883.772879 3252.286434
921.170030 614.630705
931.713438 2579.062038
993.486155 3127.451369
990.536336 3168.599021
1006.362754 666.185587
1038.315720 2655.295129
971.432722 2672.763218
1005.161399 3076.585257
1022.943129 2640.403534
975.693797 3215.198249
942.065993 3075.879324
916.379408 610.002909
949.900756 2679.979131
975.215207 3117.274747
952.081783 3171.023388
981.721751 3167.351187
998.619070 3119.515934
981.200976 3186.638903
971.537176 3220.257529
988.218647 3147.139163
957.301723 2670.749995
968.545709 3221.727244
988.564336 641.619072
1036.248664 3130.807533
942.827037 3177.793167
1025.653817 2703.436057
971.633460 646.352809
974.463524 3203.552640
980.151059 2670.357064
1021.395396 660.066706
1001.843676 2696.366029
938.780282 620.095373
1044.068773 2699.100798
1048.545995 2729.135961
998.602355 654.538906
1020.769104 2681.868903
926.454287 2667.496892
1050.619406 644.884070
1021.266259 2725.863767
1095.437487 2728.197984
1024.000028 672.492135
1034.520065 2773.971638
1064.481619 607.708648
1027.662376 2761.753691
992.106601 2777.149291
1078.366454 662.510390
1011.236047 2790.334634
1047.260416 2770.877336
1038.331291 710.071191
1085.246872 2806.974659
1071.322911 664.994513
1068.775283 2787.537679
1114.847163 2855.285188
1118.766009 607.889200
1115.509492 2726.222394
1045.610854 604.464125
1060.912125 2786.622890
1082.356979 2822.438401
1084.281774 625.250221
1101.760599 2813.179953
1078.658757 657.891927
1125.190586 572.817991
1117.780110 581.788996
1096.181465 566.834586
1087.186275 2857.078553
1102.048041 552.038141
1079.617690 2875.378493
1107.415951 2861.467145
1106.468538 564.690931
1127.077389 2883.063317
1148.315175 559.073006
1112.777211 555.147232
1146.383318 2884.923125
1146.587589 568.414989
1192.340509 2876.060971
1124.082652 556.347283
1151.179426 2884.383072
1165.824714 2930.862434
1105.622918 542.841878
1160.887354 2935.445721
1202.591786 2942.873537
1122.298433 577.801616
1163.437980 2931.576970
1180.214835 2958.730289
1221.216088 534.151904
1187.804494 2941.917224
1215.408446 533.974935
1278.496810 2961.587345
1234.702161 2951.809865
1165.135155 533.095783
1258.032175 2990.499314
1220.601192 534.744149
1238.306762 2938.553202
1239.498543 3006.851067
1279.032452 3019.509537
1231.754367 509.011524
1170.557370 2921.541234
1186.044209 539.923979
1213.843656 2296.669279
1223.242690 2974.684283
1222.942553 2304.916434
1241.074714 462.921072
1227.719269 2292.259936
1238.765479 3011.812481
1231.433865 2360.023315
1246.920786 2293.139201
1274.548193 478.734921
1237.422846 2341.210728
1160.103128 2309.584095
1210.797712 2299.424477
1207.515554 3039.425128
1241.917909 462.315541
1288.877721 2314.142690
1228.432954 2319.588652
1216.418550 2373.105577
1202.922310 3045.280461
1222.480169 486.130519
1237.141980 2361.831341
1245.793239 2307.370677
1274.344158 469.386400
1264.510300 2395.616029
1302.526789 2343.718067
1271.561594 3048.544121
1224.073010 2296.787203
1246.761396 2454.423252
1240.449420 3009.903658
1240.672087 464.624491
1286.821660 2399.432705
1260.590381 2368.803755
1250.736927 2302.411280
1329.471113 458.272551
1266.867600 2484.135814
1251.902964 3071.933579
1269.813465 2494.814071
1300.390836 2263.767941
1298.313622 3061.493587
1239.834500 484.015376
1262.604762 2487.410106
1306.949405 2424.566528
1286.500447 2288.356620
1329.587761 404.418914
1303.284723 3020.455252
1299.899832 2453.390877
1275.079749 2296.797326
1249.687800 2477.692195
1290.245358 436.562643
1314.693555 3038.201676
1264.879481 2488.721586
1333.165077 2278.585943
1328.244107 3019.451003
1296.365630 430.211974
1352.980277 2521.840432
1288.759298 2963.765743
1265.362894 2292.088279
1319.495412 2527.837823
1337.171496 457.427586
1323.920299 2526.072577
1304.306363 3010.761816
1333.308897 2270.430641
1291.067119 2510.362033
1329.035969 456.992095
1294.978056 2564.059506
1331.495475 3030.289371
1304.500808 2292.701851
1370.483368 449.645560
1320.780108 2546.637867
1351.069680 2978.801486
1360.474643 2238.111831
1347.575322 438.748181
1362.290838 2534.356821
1335.447990 2985.058545
1367.551030 2473.246944
1335.704464 2279.708126
1310.557556 424.136185
1372.646530 2966.779333
1368.963958 2558.542705
1372.999151 2229.014004
1345.072504 2566.610119
1335.394037 2950.129306
1382.804509 402.368896
1356.903758 2540.702750
1378.914666 2209.297626
1371.178842 2567.535943
1378.398034 2947.391825
1441.614564 357.600016
1415.024407 2215.575012
1391.847889 2592.584006
1444.996179 2641.179134
1394.091256 2910.790225
1339.011777 403.016478
1323.527739 2590.427553
1427.418112 2242.230036
1360.825730 2667.029178
1450.096711 2904.379868
1444.205607 2933.594173
1385.685445 2968.906362
1440.051300 359.514202
1383.279383 2206.313279
1407.696041 2621.270801
1435.547757 2926.864324
1413.133870 2673.846846
1430.170214 391.073402
1385.095692 2622.058496
1477.936724 2198.050641
1395.688781 2942.920451
1372.737581 451.088029
1363.892157 2650.549873
1447.882407 2848.291307
1401.274529 2221.004486
1372.621149 450.113152
1380.431734 2648.439894
1432.473869 2925.755596
1440.803428 2239.806889
1443.139681 2660.548009
1434.990287 381.120614
1464.517606 2913.851762
1423.271209 2197.177939
1445.102722 2716.573174
1507.709449 330.874476
1421.830342 2925.915354
1511.318150 2251.336106
1393.632050 2864.101637
1514.800983 2669.469048
1471.953505 384.581445
1401.587449 2207.802513
1410.297962 2876.634467
1525.155449 2655.365425
1495.910174 333.069112
1538.250020 2154.619962
1507.272018 2847.177309
1411.784858 2647.596471
1429.649554 399.192054
1497.274733 2210.485644
1485.436091 2845.481309
1543.110839 2665.478709
1499.107622 339.520047
1486.669449 2195.332808
1521.539236 2847.755280
1519.852319 2687.122011
1463.657171 382.794972
1468.829357 2845.834841
1547.186192 2203.038684
1474.531256 2714.348193
1523.043130 2842.839529
1569.856142 350.587108
1513.743517 2232.062095
1493.136172 2679.837654
1569.439842 2806.128678
1556.688010 336.102491
1476.029019 2739.997801
1545.204650 2228.939942
1490.031067 2855.788509
1478.946761 2238.337183
1503.390816 2195.478437
1544.501299 336.538865
1503.521406 2705.068806
1527.705405 2849.464137
1517.600107 2223.566887
1533.286929 2713.890377
1546.454842 2221.901528
1493.415329 357.715560
1580.586817 2279.915034
1497.641481 2832.217873
1543.752177 2670.030481
1605.717545 2812.016979
1502.960388 332.411932
1550.689583 2225.425219
1538.194736 2666.684469
1548.713743 2788.574231
1567.686482 330.620440
1550.634328 2250.221726
1590.839933 2697.466632
1539.330564 2759.948565
1520.318721 2710.965543
1573.550230 2803.439989
1548.000141 2788.830602
1569.612884 2700.126942
1597.634073 2234.307410
1522.419264 337.417397
1593.829525 2858.439107
1536.755066 2755.485088
1583.095048 2694.968932
1548.035975 2790.725877
1582.657751 2817.824242
1523.498996 2228.824524
1596.371498 309.794058
1598.949082 2307.853577
1563.137318 322.068682
1572.948347 2255.125085
1592.278372 305.475150
1599.066051 2246.258496
1567.203133 342.926965
1608.258984 2266.986422
1575.877752 316.231509
1581.408404 2279.219670
1656.174921 349.491281
1616.726514 2268.109765
1660.810977 309.501666
1673.924687 2301.029735
1656.046113 349.741064
1642.076822 2281.814378
1660.485181 329.184046
1702.372556 2312.552521
1654.297578 295.254095
1622.929700 2275.105182
1699.649151 249.155983
1704.085158 2316.313185
1690.953745 277.976419
1650.289127 2295.300648
1687.878319 282.473048
1679.273619 2304.431608
1731.817582 294.046877
1696.852520 252.035909
1684.793142 2307.436194
1697.855477 253.440238
1738.831150 2324.802765
1713.568924 2317.889474
1745.671964 294.556412
1720.335984 2327.053207
1711.297942 283.463691
1786.635627 2337.908382
1703.190350 301.972744
1725.338433 2314.889653
1774.229261 332.180680
1754.643088 2324.428529
1743.649370 282.559996
1771.542773 2343.743650
1724.704038 233.216209
1754.486581 2323.414244
1814.394583 2352.170916
1785.871584 220.683648
1838.435885 2386.979559
1750.286199 263.819732
1784.189492 2338.221849
1786.553707 271.840620
1761.594594 2326.108270
1768.748715 267.742576
1817.693238 2374.814051
1799.309079 2353.697941
1857.379188 215.328047
1829.221607 2379.102394
1853.184463 183.409144
1807.811170 2429.358367
1789.146909 223.883744
1805.471098 2374.568330
1808.712383 172.596133
1795.587193 192.747941
1789.728198 207.358738
1852.437627 2435.783842
1823.228347 173.070720
1829.431873 2397.267910
1880.783340 96.574253
1853.341702 2401.654312
1840.548119 161.584656
1880.768258 2424.171341
1873.747206 115.464659
1823.286263 2418.053500
1878.577538 155.783776
1837.785783 150.065820
1852.502069 2434.823820
1915.120384 103.778617
1946.024498 2445.991301
1907.117190 93.785774
1895.061566 2448.651855
1900.523493 2478.298300
1952.879554 129.101181
1895.172584 2480.237754
1955.318371 147.685384
1875.747008 2447.402169
1877.815203 97.125390
1960.807861 2456.992970
1953.636048 2469.617710
1936.919332 96.920242
1925.018385 2497.569099
1938.133257 147.308049
1975.444765 2483.576072
1960.159023 156.882730
1959.013116 2501.447056
1968.255069 132.150432
1974.940517 2522.175751
1975.129173 2523.982343
1954.424253 111.405070
1980.365554 2494.622406
1953.734149 2452.369225
1955.169386 119.959631
1994.941840 2485.692873
2017.386436 151.264413
1989.471390 150.549884
2010.654504 2507.335212
1996.471882 2580.179851
2037.147159 2592.803698
1965.139212 2568.503718
2011.887379 2470.028792
2015.379160 151.048766
2062.550226 2618.595850
2042.633779 174.755071
2018.479770 2581.691273
2043.260652 2580.023383
1984.772708 151.042004
2021.164334 2558.237288
2015.255455 154.903460
2056.504060 2607.563490
2021.258807 2575.093511
2000.154252 151.393083
2058.399464 2620.058398
2067.356254 2620.595341
2023.714220 162.985297
2082.913109 2641.807099
2033.838798 171.032887
2086.032405 2637.742802
2050.674285 172.004633
2114.964165 2657.680789
2098.221792 178.742964
2078.004369 2642.859820
2074.042479 186.278367
2119.178063 2654.884349
2093.278765 2657.470827
2107.870360 186.518773
2168.770173 2731.584623
2139.425356 201.878301
2128.853122 2663.690792
2111.553677 2671.227601
2163.446765 184.777347
2164.099881 2685.408381
2111.548427 1335.225404
2091.005212 1364.012357
2147.321325 205.871018
2168.193016 1283.563002
2123.076430 2657.651107
2142.888752 1372.972659
2154.547110 207.311342
2113.175471 1313.065769
2160.936299 2664.400229
2191.792591 1361.392054
2184.630481 171.674207
2126.523726 2664.924134
2142.549835 1264.996581
2211.641279 2684.698231
2223.274611 2727.550082
2149.366289 1368.846785
2082.948697 183.466059
2187.702406 1292.109703
2178.602422 1273.532450
2150.389304 2722.092726
2164.543780 2750.713983
2130.398530 190.679868
2186.738724 1370.171850
2189.916899 1316.767626
2127.865182 1334.971402
2232.871130 1354.999698
2197.854637 2742.113977
2138.535358 200.871071
2170.344324 1312.886704
2188.029495 1397.749065
2196.579669 1386.112306
2176.880355 2778.276510
2166.260675 1354.714440
2218.708578 1351.378817
2192.896695 1370.512384
2188.119955 1353.468552
2208.744254 2718.812626
2190.261596 174.940035
2210.031209 1470.225471
2172.476918 1252.044724
2233.621729 1498.308874
2195.593481 2780.904119
2232.382025 198.174285
2205.142000 1454.329409
2172.686553 2779.916206
2244.178562 2801.069865
2216.395760 2804.153907
2221.212768 1357.382681
2168.421496 1410.754891
2195.072198 2800.310877
2151.147997 1300.835815
2163.284720 1426.916589
2177.640346 218.242773
2164.425786 1455.131426
2246.737914 2816.070290
2201.041409 1325.916499
2200.546888 1367.328698
2183.219505 1482.628997
2219.199371 2802.198632
2225.898485 197.298669
2192.068204 1361.559437
2269.665527 1366.893091
2256.602368 1465.718657
2283.510825 1517.868948
2208.341442 1415.755212
2192.168691 1452.955587
2255.131955 2830.115829
2246.013933 210.651870
2224.657213 1422.460017
2227.690534 1481.672400
2245.151981 1534.278059
2270.261995 1571.652991
2229.853319 1435.418719
2200.432657 1545.568512
2245.927371 2862.763350
2272.659300 216.018831
2232.823214 1527.409297
2252.431018 1403.065188
2241.319636 1592.893503
2265.159863 2876.698137
2239.686957 1611.870540
2251.434369 1431.464103
2249.025125 1373.168136
2271.539607 1457.444739
2227.097049 1614.455335
2254.407886 2849.245387
2247.073687 209.174335
2222.520947 1544.816385
2257.263271 1625.937883
2254.112402 2856.339827
2188.546094 1397.348723
2253.895248 207.549013
2258.419486 1450.173578
2256.462104 1578.704794
2281.851443 221.465162
2291.769352 229.216360
2246.261143 1461.479002
2229.594872 1607.632107
2298.878145 1625.758333
2249.572308 2857.982130
2277.229837 1509.085731
2229.893067 1635.500773
2247.545810 214.205285
2263.189486 2869.571368
2240.579623 1476.766977
2265.744907 1466.019133
2246.198049 1533.466856
2244.792928 1651.095658
2270.400932 1615.484731
2286.571784 1681.307060
2260.909633 1700.106109
2269.589048 218.793019
2235.407243 1522.933809
2288.723823 2842.332049
2319.843094 1641.139277
2290.888235 241.116041
2283.057520 1540.776101
2301.167086 1706.638693
2312.493847 1701.577502
2333.494888 2846.904899
2317.509372 1544.501066
2281.614781 1714.972479
2350.969302 1707.747834
2339.023301 298.734451
2261.174916 1565.464430
2266.845592 1701.959125
2311.338691 1707.573418
2276.409675 2876.262744
2297.403671 1512.849376
2318.691110 252.815802
2297.164787 1692.581748
2361.927308 283.912170
2348.397482 1740.871074
2355.938262 1814.078745
2328.620400 1737.256235
2268.159900 1571.308436
2278.468480 2877.610200
2293.692848 290.547974
2356.186771 1764.375291
2294.158673 1839.812269
2310.846934 1863.593809
2275.329412 1841.883677
2327.445753 2855.318564
2321.578931 1539.214587
2295.431874 300.028971
2307.453491 1847.086573
2307.255165 1793.600116
2287.630944 1850.448967
2358.678281 1834.789563
2383.399936 1854.583664
2328.969137 1888.131890
2369.461709 1947.973835
2335.275565 1900.835380
2317.325319 1897.225302
2302.369419 2199.602690
2341.337648 2210.756414
2273.765771 2214.304017
2404.567805 2178.536467
2320.821219 1893.390228
2316.132560 2858.697368
2330.849121 1537.798802
2330.970633 1909.052663
2263.347466 1956.677212
2357.025534 2007.745094
2319.878189 1937.093824
2318.367968 1918.647558
2325.874039 1988.963292
2323.319429 2005.829754
2308.655646 2016.343229
2309.793894 2016.093697
2321.590763 2024.294271
2292.531679 2015.614200
2320.278793 2013.311393
2289.778828 2083.701639
2283.967698 2105.661750
2353.885463 2107.038933
2289.047181 2085.010089
2388.853542 2017.609004
2306.637373 2094.786629
2313.142959 2099.638268
2365.600968 2100.285571
2353.402384 2121.916900
2322.817342 2171.403762
2319.148148 2189.868747
2295.748683 2199.819130
2337.590930 365.330380
2297.417119 1535.010895
2371.662451 288.355038
2253.343471 2221.804447
2405.637573 2812.410028
2314.552737 1541.950695
2382.660521 304.981977
2324.797023 2531.199061
2304.409898 2625.450939
2373.177196 2159.092954
2369.317095 2808.128227
2335.503721 315.628873
2401.262176 2629.771871
2365.539004 1564.908295
2330.432073 327.503423
2342.050688 2629.136023
2366.248140 2580.158213
2317.488577 2612.827648
2323.224605 2249.041576
2363.606954 2809.960533
2368.317374 2668.092123
2373.091378 1554.140694
2366.144791 349.137114
2380.403152 2565.726836
2363.350996 1593.283159
2366.763631 2236.880474
2346.553640 2827.851489
2332.943213 2655.813894
2310.454205 358.584281
2359.267029 2573.770256
2348.477914 2699.447410
2297.940647 2667.669824
2327.366083 2607.601389
2366.847785 2657.190589
2388.279424 2687.214555
2386.693285 1531.287121
2356.454869 2226.914341
2349.044375 2811.073248
2442.449249 1620.018987
2441.372767 376.533680
2382.580162 2566.452719
2380.442486 2253.657666
2305.484244 2604.514414
2378.644531 2633.747722
2397.250950 2561.726227
2381.033199 1608.776124
2392.964824 335.269533
2359.664230 2816.415525
2435.119824 2695.121098
2369.290893 2603.576246
2347.262407 2228.500378
2398.309890 2825.663830
2360.804129 1610.512404
2427.375557 358.075119
2346.912236 2609.381248
2366.271057 2696.151604
2388.996263 2262.689125
2430.697936 2751.445938
2372.210712 325.186678
2385.599750 1564.309056
2376.637625 2585.138274
2396.307621 2687.280023
2438.411894 365.373212
2383.523192 377.314292
2390.449189 399.700689
2413.245835 393.737682
2368.875259 2232.298866
2387.502836 2696.106473
2469.191939 2633.490410
2384.924356 2223.830358
2385.173725 2817.480188
2418.872742 1638.285550
2394.922463 426.353932
2423.268062 2747.834986
2385.731301 2698.585391
2436.939650 2615.903043
2472.431122 2754.460153
2436.539731 2252.811068
2392.535929 2694.736752
2433.137118 1691.099045
2444.912316 414.819023
2355.653677 398.679528
2355.596403 405.427899
2445.828764 469.094029
2407.917238 469.713341
2405.413747 461.231762
2414.909046 2278.340185
2374.193635 2258.564633
2396.912163 2267.654095
2373.914508 2625.991687
2415.083346 2696.497342
2427.673041 2750.678928
2453.027031 453.847330
2343.218411 1597.565775
2381.872926 2247.165545
2449.675098 485.338528
2392.545899 2658.639616
2352.882708 2729.821358
2417.433278 1632.726764
2404.545787 2276.867463
2394.772779 2830.431681
2399.016358 458.210839
2467.785660 2628.404968
2445.902022 2373.736024
2435.800546 2790.352701
2383.941940 2699.895021
2483.117647 555.865198
2448.865865 1614.705821
2421.232681 500.637593
2445.733855 473.889252
2438.536844 482.416327
2437.296725 519.486475
2501.493259 2306.086361
2420.425238 2717.184614
2388.124691 2647.810310
2392.561137 2826.686894
2501.863000 1626.654392
2454.213052 511.357993
2515.951403 2356.922702
2444.967847 2752.312486
2441.735823 2612.945421
2450.004727 2624.248132
2455.141219 2764.267464
2505.289924 2719.276356
2442.294447 2763.153422
2450.727561 2752.896286
2441.830419 525.564742
2493.521710 2285.267634
2508.294624 1648.538624
2501.814841 2519.300438
2478.697335 546.217361
2447.398168 557.805939
2449.278813 554.903626
2448.782863 560.854333
2483.451209 607.619460
2478.116796 2338.749243
2514.088119 2568.834582
2472.120789 598.388695
2508.764139 1586.872797
2446.070174 2594.319078
2486.803342 644.189797
2469.869027 1690.429359
2528.893021 2268.028491
2489.613677 2538.167542
2456.022595 2552.010193
2462.697939 2543.704734
2471.131856 2545.090516
2463.706974 2586.416612
2464.690414 560.380940
2501.596484 1605.703289
2502.933232 2304.130119
2504.460195 2500.427385
2525.509219 663.477370
2490.729645 631.307803
2486.500311 2307.688825
2502.480784 2310.040039
2478.220610 2362.830728
2424.967883 2316.843186
2499.672863 2396.589292
2527.994270 2396.260821
2519.510889 2473.078669
2468.083819 1680.905642
2517.631031 664.432160
2429.838273 2387.125366
2471.909462 2441.951784
2450.609336 2442.118857
2472.184718 2512.654938
2506.344773 660.551925
2477.841687 1635.881164
2524.289377 2447.917753
2508.468266 2418.124370
2486.615416 2421.951463
2507.530108 649.503611
2512.111945 679.950548
2561.774291 1691.747990
2471.626943 2417.094864
2476.785785 2419.511130
2526.829967 716.051183
2535.535340 668.180184
2492.985962 1655.836625
2464.564708 2419.577045
2535.246587 684.919724
2544.827897 926.069631
2537.605469 746.983439
2560.567348 1745.508039
2538.240112 749.682717
2534.603851 1755.403847
2588.844594 767.690512
2533.433339 1691.615241
2544.186491 763.701433
2614.615826 1751.929835
2527.655335 1744.234341
2569.287431 1755.480107
2631.908933 1755.226987
2610.590514 752.346864
2501.820347 1776.771809
2565.964884 763.287556
2567.451736 1732.161372
2586.059305 1781.795400
2537.013607 1751.600755
2566.428270 789.828212
2539.673807 1841.100371
2565.286960 723.807137
2567.490928 1802.489189
2574.716176 1776.393238
2580.959015 1853.393334
2607.181361 755.257638
2593.040936 1813.974235
2587.921805 768.531269
2618.959981 751.264943
2581.899353 1870.069255
2644.831149 836.666580
2617.699347 1783.895630
2626.914815 813.567137
2575.020795 1877.425240
2608.854517 1864.061169
2615.212827 1875.883266
2659.441912 1946.936815
2598.945035 1871.810227
2613.199887 745.772458
2615.518092 804.989679
2651.744717 1893.865961
2616.075328 804.215367
2644.188245 1907.240134
2672.546805 1919.028796
2636.508891 1895.156163
2617.764082 1941.574018
2672.712463 1945.356877
2605.052913 1987.930294
2642.190822 824.869896
2615.436894 1975.051913
2636.966807 828.574831
2678.241761 2000.091071
2670.528038 877.076111
2628.989714 1951.024084
2650.455630 846.248780
2637.958918 818.988304
2657.432417 847.845853
2633.096125 2006.628731
2661.906890 862.816516
2642.305844 855.557716
2695.990525 2017.153137
2659.751340 2013.709662
2633.769041 1989.402763
2636.645218 2058.008770
2727.178941 2022.743281
2687.415285 919.179027
2663.257226 2038.356219
2666.076046 876.989768
2706.241627 933.844442
2675.265646 2054.645139
2631.864274 912.586787
2661.869161 889.680572
2642.453922 2028.820594
2713.973788 2042.709890
2691.239155 2030.721125
2693.273573 2089.134514
2692.947027 2061.126923
2611.190382 2113.948854
2713.443011 2159.750288
2675.418495 885.374068
2643.523954 2091.463712
2745.014366 964.624291
2733.060259 947.384958
2742.117154 942.515556
2746.655478 969.810649
2722.159911 2065.489027
2751.219933 1019.228644
2713.989126 928.757129
2682.384989 2079.055090
2684.537722 952.192029
2726.273722 2101.162044
2723.171724 1014.430319
2753.596855 1041.689370
2726.262532 2141.215766
2802.348833 2127.049574
2696.880292 2146.175184
2751.280293 2211.669536
2722.576621 2208.936635
2731.478069 2129.820943
2745.598411 1026.173072
2799.082679 2233.208675
2746.559321 2224.391290
2756.336916 2208.400601
2750.274153 2258.260917
2749.251295 992.302495
2750.421311 1049.369678
2816.627650 2276.598126
2771.834735 1064.610197
2730.797341 2278.494550
2732.802325 1030.809069
2749.751345 1380.663918
2741.012028 1350.259999
2748.467729 1387.759476
2777.576772 1045.964371
2731.199027 2211.033524
2773.623383 1383.407556
2706.556120 1446.489437
2744.125133 1068.373335
2733.396858 1345.148428
2788.907258 1134.121217
2717.686417 1352.432454
2751.043083 2280.374983
2752.461856 1132.029186
2737.093488 1332.832090
2756.928753 1381.584888
2789.999834 1449.233701
2722.941565 1413.651413
2744.440814 1471.150977
2795.526579 1476.657947
2806.505337 1444.702555
2760.778815 1099.321452
2743.319195 1375.882958
2764.120756 2265.594712
2766.894667 2305.780178
2755.502659 2247.558867
2778.793348 2295.932114
2796.718227 2300.440418
2779.719486 1083.918776
2810.113924 1397.184633
2816.231679 1439.008484
2768.150107 2307.744739
2735.853140 1105.629754
2757.924483 2282.202080
2806.992706 1328.646457
2817.225467 1435.854363
2782.980073 1130.510262
2759.036103 1122.385578
2759.485082 1467.923189
2814.644528 1618.613333
2783.823190 1625.731005
2781.146114 1576.850085
2792.499008 2330.018606
2801.547182 1598.674766
2751.108642 1180.686277
2791.981866 1424.602358
2808.461629 1502.341943
2777.880071 2328.077781
2769.652673 1412.122379
2770.690887 1557.357698
2809.585331 1668.166966
2820.447616 2299.586785
2772.768205 2360.543485
2808.469901 2330.197641
2825.883332 1396.151803
2797.110117 1140.009431
2823.630395 1467.686168
2837.212611 2380.962366
2783.097685 1164.413705
2791.449905 1149.580285
2741.345558 1548.544401
2861.790075 1556.875032
2818.614918 1611.222803
2853.864020 1688.201101
2801.289279 1615.801532
2747.115914 1675.796354
2823.518377 1666.548259
2822.610501 1402.825936
2774.909643 1511.684378
2827.252324 1180.332568
2773.990983 1640.297233
2802.260007 2359.653890
2778.524867 1552.446312
2863.066393 1422.664615
2812.583160 1650.597489
2803.979677 1180.983126
2753.339528 1453.611727
2826.535571 2375.309902
2872.556752 1218.356819
2824.206973 1383.946074
2839.850884 1709.015505
2811.461489 1562.097807
2782.094678 2374.576992
2828.886207 1442.640202
2853.265041 1622.487974
2871.109100 1722.079971
2885.601839 1714.156851
2808.656751 1673.638888
2805.416667 1757.139569
2832.711369 1741.965969
2890.164302 2367.036438
2781.161435 1183.552128
2804.032618 1569.383350
2856.667605 1405.455874
2821.850637 2388.226760
2816.361774 1454.232613
2883.152758 1723.250468
2862.939675 1203.002067
2783.472136 1582.206074
2839.822690 2402.182484
2868.214016 1434.525518
2875.548393 1739.035140
2842.533316 1472.468683
2899.927034 2401.200684
2807.511432 1252.178239
2834.620923 1414.280778
2855.212485 1592.513648
2847.992496 1768.031934
2892.047603 1440.834502
2838.302722 1773.318488
2877.334060 1785.419103
2858.297028 1770.087533
2868.737892 1824.657631
2831.218192 1371.425603
2820.494873 1203.216561
2898.339226 1538.689658
2881.636107 2403.736810
2871.693914 1829.977603
2898.315081 1510.746186
2870.535985 1811.676548
2889.350436 1871.656851
2864.551471 1882.061509
2865.939334 2411.992619
2862.341966 2431.688054
2842.415985 1440.792002
2861.143278 1868.523026
2896.553223 1233.178553
2849.945957 1774.436805
2810.382763 1576.744576
2858.955155 2427.757322
2875.211839 1458.990566
2906.286491 1900.117826
2883.722635 1867.970237
2871.351081 1893.913057
2862.359756 2426.811778
2807.897166 1276.686966
2950.943532 1397.141536
2883.122599 1542.858016
2897.072478 2427.562405
2868.609239 1456.939483
2841.402240 1890.674960
2895.683721 1238.017813
2861.179640 1540.192280
2899.322822 1865.276994
2939.497637 1946.937268
2833.705452 1911.360102
2943.417952 1972.500254
2866.532207 1457.776990
2924.494318 2501.221970
2934.610920 1459.481201
2896.249342 1934.851462
2875.346400 1238.332512
2949.934869 1424.421645
2951.771054 1524.833831
2935.711832 1931.483978
2938.256980 2380.810397
2920.867375 1238.224501
2913.101478 1497.618492
2916.337929 1954.046170
2908.893621 1979.797631
2920.002642 2050.883437
2949.635932 1987.976308
2971.818881 2012.336820
2911.307177 1436.341329
2868.161781 1528.179489
2877.239603 2444.606132
2930.315554 1253.052411
2954.282216 1975.752266
2962.813550 1990.285068
2920.820066 2035.772221
2872.826934 1440.408231
2941.694907 1464.511692
2918.184562 1545.858569
2949.876185 1527.056954
2908.858790 2488.051139
2983.121047 2479.135697
2905.495990 2489.892255
2960.603143 1250.870720
2965.985300 2000.720770
2977.436678 2511.026438
2987.621300 1362.353428
2919.784123 1470.197647
2904.540000 1557.373941
2878.112333 2026.632460
2940.699997 2058.667269
2923.944177 2066.562449
2916.533288 2054.399433
2900.882534 2482.821461
2948.305643 1236.086013
2934.246059 2521.633493
2926.408165 2088.194903
2927.461204 1462.960630
2984.328254 1468.885053
2965.114115 1538.805928
2900.633411 2042.427633
2934.032695 2086.299357
2964.114019 1243.505236
2927.538199 2084.333170
2908.492776 1521.006284
2925.433578 1460.069406
2915.449229 2496.473084
2970.711944 2137.879983
2967.828748 1238.587959
2976.773357 1443.317904
2970.335880 2125.879420
2925.289970 2144.403586
2988.575148 2142.546897
2823.773020 2201.382240
2969.922279 1310.579423
2961.776221 2145.857150
2935.738126 2500.628416
2949.139749 1448.075296
2937.474804 2165.957882
2981.242466 1308.191320
2953.730442 2195.278438
3022.482404 2538.532712
2922.008026 1492.773341
2995.477636 1290.188853
2957.373634 2141.541696
2967.754654 2234.299616
2973.353629 2186.950865
2988.855901 2543.405680
2989.688288 1269.459904
2932.782945 2222.465816
2954.118140 1452.011876
2985.330108 2576.486420
2946.630319 2522.631676
2982.893575 2565.255322
3013.043665 2250.378370
2966.173503 1310.982942
2954.032354 2284.264871
2975.153411 2540.555551
2990.521134 1404.618267
3014.123082 1297.934291
3018.723349 2264.329861
2999.302554 2586.973662
3022.613523 1474.429549
3039.341782 1333.270287
2996.753562 2225.125360
2943.658482 2276.673515
2980.624386 2272.880512
3023.938242 2570.625323
3006.324144 2272.129135
3027.461528 1430.535046
3026.269587 1325.167430
3007.934079 2580.955729
2965.358566 2277.524256
3013.871758 1385.707331
3010.593210 1501.963792
3074.318077 2624.838350
3003.475917 2301.814077
3013.986808 1340.463327
3040.484350 1469.443957
3065.239124 2538.112229
3009.777934 2305.787742
3033.283326 1342.653404
3076.464293 1479.824948
3027.295329 2311.934240
3052.130627 2322.632650
3017.221081 1537.901505
2988.871092 2584.445226
3021.883129 2324.332322
3045.406442 1396.451197
3010.920536 1535.965442
3077.195108 2621.267020
2992.958997 2315.321260
3072.112094 1342.845650
3112.631347 1465.551126
3075.798603 2623.819230
3050.104214 2341.646611
3077.781893 1363.364651
3051.953810 1463.277414
3066.891243 2563.764124
3072.759517 2368.152000
3036.858100 1312.359218
3054.810316 1453.150086
3060.829654 2360.035309
3078.856634 2367.816403
3051.345448 2592.151114
3075.026325 1341.760122
3058.656975 1474.251940
3078.951432 2388.192254
3083.352306 1375.247647
3047.476279 2575.813590
3090.808085 2378.672025
3078.151465 1489.190290
3121.134231 1432.886103
3107.829909 2575.153592
3067.957417 2388.748654
3084.748368 2369.729200
3097.356455 2563.558935
3167.969372 1423.403826
3084.974289 1392.204569
3073.531852 1507.090096
3077.976881 2363.337974
3155.452459 2570.481869
3086.160859 1476.115442
3073.349368 1352.167839
3103.211277 2400.601301
3155.649683 1534.984048
3085.808935 2403.415609
3038.300240 2550.110339
3095.559333 1403.372678
3120.911075 2378.378420
3120.824735 2561.732624
3082.583722 1493.148824
3078.255718 1408.720057
3174.932398 1448.837869
3140.785268 2584.499978
3108.943764 2330.270719
3098.075158 1405.215773
3070.850421 1496.135676
3192.118883 2528.919195
3114.856945 2402.414796
3111.452975 1447.827005
3139.326706 1539.934415
3170.504946 2503.517030
3104.773776 1469.750736
3187.423047 2364.967780
3140.121018 1542.830246
3199.196413 1487.852495
3181.423428 2568.607574
3122.813790 1454.578198
3145.906782 2360.263872
3101.471598 1541.513844
3130.779548 1481.038526
3156.327960 2580.640398
3167.111411 2375.211613
3156.252771 1550.540774
3199.967078 1434.790521
3189.448175 2497.660250
3227.624551 2401.016393
3147.237850 1576.972130
3196.186714 1429.969689
3207.283421 2375.083155
3223.816872 2405.385020
3173.448528 2359.303836
3179.323439 2422.451863
3175.279342 2517.352490
3221.109341 1514.964893
3193.688715 2415.250229
3192.383176 1439.945287
3182.960054 2569.327018
3212.770323 2417.335997
3258.374096 1534.360608
3203.587951 1445.208635
3176.225599 2517.859648
3186.684935 2499.709191
3150.747060 1555.579333
3177.534196 2509.303460
3172.505485 2554.441405
3095.176342 2408.826843
3196.419841 1428.841370
3258.560046 1533.196034
3192.267192 2532.119500
3212.755247 2429.113376
3219.004272 1511.551228
3183.487197 2431.226049
3206.492420 2479.777672
3155.117149 1551.747281
3161.124954 1464.596224
3207.042209 2449.336757
3161.162292 2455.293680
3186.342924 1493.632606
3240.173532 1527.969618
3165.169636 2504.929090
3185.354005 1463.276402
3209.951184 1527.543913
3213.601636 1509.040096
3274.758385 1527.138167
