24.198579 1619.047226
4.797566 1653.472787
12.518713 1643.184257
169.640727 1638.481390
16.245831 1631.635504
3.500990 1638.965163
33.070859 1679.425686
25.919250 1676.770510
43.593456 1682.948910
143.472166 1722.862038
64.305488 1688.233570
41.538146 1674.675473
47.364093 1678.515282
45.862793 1691.203374
105.188139 1722.038023
47.952827 1795.475470
90.244004 1744.550434
42.175994 1719.480600
123.062269 1848.108528
102.216928 1594.293915
144.747658 1725.615864
59.710306 1663.637870
107.492151 1864.976093
78.961218 1888.205586
114.302399 1557.924112
138.236676 1868.160473
135.449635 1537.604072
121.458292 1609.314330
79.901763 1544.192176
135.405183 1664.021051
54.189688 1807.999494
123.427584 1606.667532
109.580396 1555.169862
126.371932 1792.476208
99.938780 1475.537618
140.973666 1905.710601
139.481970 1518.757706
138.427756 1499.995702
143.063087 1857.515554
107.337098 1479.614249
125.930572 1895.839235
141.863661 1519.426340
121.573169 1870.189548
72.089450 1831.092502
56.374747 1558.845326
108.678813 1464.676608
131.671572 1958.390551
135.316889 1471.973897
141.878846 1893.039311
170.982045 1413.990975
78.030878 1857.629123
122.304514 2483.181491
104.683535 2522.271418
225.126651 1349.445096
45.959437 2493.396934
123.276481 2565.772768
136.926339 2626.214093
106.252401 1881.562225
113.630433 2553.206669
148.517271 1420.388175
114.156710 2540.236193
158.784348 1414.425099
154.941691 1926.303571
122.450446 2379.268188
169.050474 2385.638027
107.934813 2368.123174
201.963749 2387.138906
147.073531 2447.339200
191.296804 2481.922777
164.334181 2487.430120
138.315810 2526.113169
90.307520 2498.101948
164.397512 2569.347211
159.942568 2616.242909
104.279302 2559.366085
146.733334 2680.895818
196.786437 2644.172271
117.143733 2397.650098
152.326414 2496.645226
201.177918 1359.604441
194.427701 1987.114969
130.432599 2663.516527
143.842064 2493.611744
112.021811 2355.996325
129.940999 2499.849940
208.264416 1979.207899
171.639444 1382.100420
143.755361 2337.827639
140.985494 2306.190221
48.124520 2497.986412
114.470243 2474.629848
184.629213 2455.871815
154.182041 2678.142648
134.024699 1950.535435
164.683613 1401.791594
177.039057 2326.562417
194.913796 2336.951442
240.812104 2025.593188
182.808994 1308.917268
172.416891 2043.538030
149.408438 2248.422962
131.604086 2678.733537
141.074080 2646.323152
164.100173 2665.312928
173.714522 1342.074271
136.257316 1972.955019
273.591747 2740.621844
199.597681 2205.986009
204.149588 1220.171187
124.106373 2032.882632
203.416858 1955.057794
185.753170 2312.196134
170.658344 1325.895676
149.051318 2019.414117
280.022664 2672.593446
195.684266 2330.239391
206.982147 1189.480859
233.913251 2048.463677
220.169052 1244.372152
184.556503 2068.594714
179.306381 2256.145133
159.077638 2676.282725
206.307063 1287.584573
196.118491 2159.898473
255.986411 2329.982600
220.229901 1189.927778
130.788911 2087.798708
327.837009 2173.472997
185.395163 2141.750726
233.919184 2233.914099
220.718269 2264.813525
195.049430 2290.082148
235.453909 2206.577236
233.973037 2154.908058
178.416991 2606.297734
211.937262 2649.687213
264.625574 2611.606455
127.761105 2059.032487
202.741668 1329.767432
140.543656 2637.559599
190.571624 2129.467616
218.687228 2191.416973
229.314995 2064.966105
286.594431 2176.604475
251.928642 2212.254626
193.918485 2623.306193
210.755440 1282.566998
217.356436 2157.657694
208.006860 2090.180837
214.344632 2667.299345
208.398057 2656.017011
226.099734 1174.120897
232.374430 2187.636083
236.252479 2488.589031
218.018771 2583.231099
259.050020 2616.261370
173.962577 2668.799592
299.687393 2679.436210
307.852629 2682.839867
287.752650 2205.461754
212.217616 2528.722244
225.325260 2645.554807
215.565827 2125.575850
217.626291 1182.864505
210.932220 2614.272608
212.706641 2484.006529
226.525580 2526.963444
214.091083 2186.602094
253.560715 2633.131348
166.950732 2216.336802
170.765479 2201.915949
186.352446 2483.098935
247.691863 2489.862132
263.882236 2492.030143
254.474141 2574.484875
281.579340 2617.884207
254.956610 1139.838794
228.582161 1238.485436
211.491756 2516.678708
262.348950 1130.036112
146.415135 2418.411500
357.497295 2418.277742
175.231029 2383.453866
230.610957 2486.743475
234.230734 2492.748970
229.627596 2476.557884
190.690921 2409.516815
274.704249 1098.737287
200.323508 2341.769418
241.013762 1164.168759
257.721084 2451.228591
204.148000 2357.605209
297.724105 1090.489314
213.841666 2437.827133
262.213275 2338.378010
243.427934 1147.927639
271.554649 2295.466249
277.761568 1117.531364
309.341410 1093.914302
303.125451 2415.973035
275.220937 1093.181212
286.612267 2385.581961
280.269709 2330.207390
230.465543 2307.958331
260.179867 2320.924899
267.298275 2331.049209
356.675263 1049.702980
254.790149 2258.806134
265.873659 2327.229524
270.481447 1106.924388
281.994294 2211.184278
314.030543 2211.057294
266.533473 2323.845689
340.564803 1063.413861
331.678919 2183.412826
399.046429 2294.740045
367.828338 2227.400066
352.464947 1050.352432
383.276562 2248.597110
327.350734 1085.493658
367.694792 2213.127239
288.205242 2188.309220
329.483113 2173.345958
288.288806 2219.722921
352.292309 2223.914175
338.115446 1068.815317
351.419616 2209.181806
367.494482 1040.830290
335.694726 2141.255059
340.597030 1060.873067
354.849239 2181.445227
319.523582 1053.902030
307.718686 2160.481468
366.948361 1014.964861
324.434041 2163.584118
294.184904 2132.558489
347.335777 1041.978030
391.249965 2224.981379
374.580506 1021.594095
354.061245 2200.702979
379.661056 988.164790
437.133087 2167.617104
416.757052 943.769014
405.929788 2269.395115
385.656274 1017.741226
380.684871 2203.742172
411.946252 935.075387
395.831720 2249.328043
379.171829 1008.742560
394.291307 2219.543288
413.893260 986.936030
391.219297 2273.718511
395.750745 2242.646040
376.880346 2262.617750
447.230640 907.776030
451.647137 2279.219192
485.876551 2303.964043
425.698575 2313.545655
423.571811 944.294096
464.829747 2275.114027
467.357149 2296.764096
340.883017 2324.140062
460.413735 883.535340
372.842633 2236.797395
435.127339 914.176626
436.277882 2317.259304
483.448028 2342.274867
452.440662 885.699784
490.686276 2391.106935
454.762245 2383.347693
452.927780 903.757522
434.383469 2308.273095
411.026899 932.403284
440.301987 2514.548150
488.232697 2458.360665
461.002752 893.356911
471.766033 2330.763774
480.122476 891.601458
496.682867 2457.840024
456.740121 2416.895841
523.284844 826.487237
436.357118 2492.622263
462.182010 2485.686969
469.082694 893.699246
459.425753 2423.007752
513.119026 2537.522817
563.635246 799.526561
490.416989 2533.182118
542.074577 2597.028604
494.647565 2514.743750
573.258156 792.071764
440.048553 2488.167306
486.200755 874.409342
509.394731 2509.152806
518.812651 2528.118405
436.991511 921.888689
494.923041 2515.751989
454.999428 2458.473824
526.783508 843.316493
518.727989 2578.234168
496.696911 2517.858663
491.165511 2596.572673
624.604407 2660.475715
456.072514 2643.278466
508.850770 2594.944521
502.934525 2628.188955
579.127665 2689.697682
508.017940 2686.596181
514.252915 2661.045370
550.361934 2712.226683
527.608820 826.391745
470.655991 2575.022318
543.017564 2714.452140
593.491094 2900.910561
563.099297 805.830106
569.347226 2717.403211
497.581322 2942.212119
613.423164 2892.068793
559.961080 2650.445965
543.727002 2847.541133
512.424521 2923.576904
502.631893 2986.520753
568.926191 2935.263306
494.532594 2853.034284
591.572701 3155.533907
572.692474 799.327407
589.766823 3155.404284
541.725744 2702.191094
591.598008 2738.927455
674.149932 2772.310451
552.859317 2856.018434
641.090883 2895.508320
551.609846 2930.374449
576.210910 3114.971087
646.869889 2903.957547
642.033525 2897.108071
565.157890 2949.653279
615.357079 780.364619
559.396189 2794.941537
471.116604 2771.868774
551.843605 2893.701232
668.957210 2895.714098
555.906573 2904.471027
611.307276 2989.735868
641.618164 3231.293394
630.818019 2761.486191
547.843111 3077.894941
520.198911 2934.820588
554.906412 2721.008013
550.574431 2770.417053
582.919388 2721.440942
613.209913 2851.217259
484.849138 2824.567926
541.900659 2725.351674
610.721160 2786.696451
485.410098 2709.276033
593.561700 2850.075992
562.039955 2909.112575
578.845628 3054.931494
539.244192 3072.339532
525.175322 3053.461018
613.714281 3160.498426
606.818569 771.882280
645.247015 2922.491991
572.461748 3088.542127
594.690284 3187.099648
625.795873 3053.816041
615.977998 3111.394066
584.611969 3115.985267
582.425388 811.058560
581.689564 3143.100517
600.179856 3155.447495
672.407079 746.556118
616.348817 3220.030569
537.440371 819.986308
649.955079 3154.161139
630.355031 3275.525667
622.863441 783.475938
613.836020 3195.128020
626.481478 3246.995141
700.193215 3228.149377
702.773598 710.237450
626.269658 3243.744614
547.840124 805.329913
581.506612 3286.262114
587.149496 777.594679
613.952271 3185.487564
695.887018 703.280366
731.873415 3229.004157
584.321270 781.651722
627.351621 3243.467394
684.569558 716.255992
647.572872 3213.888410
625.779866 766.501912
738.915095 3248.126115
657.574161 741.259161
754.512423 3262.843270
641.237689 766.367294
682.073663 3217.866138
658.896760 750.382747
687.286163 3229.968758
716.620332 713.186358
659.295190 3260.231916
724.703125 746.345438
758.055815 3260.994208
697.606537 709.473086
766.904364 3258.436378
741.935329 728.024294
722.378620 3237.029216
786.231918 733.614455
759.034059 3190.013361
754.161171 695.230347
790.015113 3276.350903
791.425332 723.770418
753.221142 3244.716124
843.884679 691.373956
783.201699 3281.590132
783.526665 697.571522
848.747639 3248.095853
820.292121 715.304370
800.870186 3276.667022
815.961692 677.596488
758.448036 3256.299571
831.578516 689.435345
865.703611 3237.279809
872.934147 685.586445
814.645724 3272.352507
840.016340 705.498650
796.339702 3268.839907
880.283123 2759.480920
908.287776 2667.129815
895.842117 2874.711607
797.763243 696.833317
827.740046 2727.327389
811.721964 2684.969946
798.917770 2756.808630
878.146399 2773.775734
852.692580 2766.608365
728.125192 2824.355035
919.713484 2788.825907
852.266481 2796.020998
820.851129 3266.792336
886.636540 2647.524606
906.945717 2774.356964
816.202404 2775.682340
827.326413 2834.490832
837.097816 704.474116
898.140852 2715.468510
874.839870 2832.843475
844.746348 2663.873905
874.069364 2779.190938
823.048054 2754.330160
868.562895 2818.033888
930.002297 3139.454683
901.949787 2751.177730
877.517200 680.056782
888.157976 2613.719284
881.414081 2654.620576
866.997841 2647.798158
880.408798 2643.705261
792.109261 2936.022950
902.211330 2591.381445
831.940033 3229.308645
892.254411 2608.094024
888.418048 665.992586
791.342836 2551.207995
852.532982 2933.009622
903.849886 2926.214638
878.229252 3017.109671
887.415706 3230.774169
939.912601 2989.621643
893.439912 2880.122091
948.185422 2948.818774
918.324790 669.540795
887.010053 2634.575389
908.092043 2888.500749
878.104965 2890.978511
823.250071 2906.258663
854.582128 2984.831735
868.645795 2983.182023
855.710127 2980.089294
945.146601 3052.296143
866.472864 3160.457927
830.066447 3025.363283
893.310014 2950.554817
869.890233 3188.281632
865.706382 3231.191881
845.527780 3001.506015
903.750482 3074.981464
828.598480 664.741919
804.103146 2610.892864
875.494966 3086.348829
878.981163 3184.604364
804.956086 3269.848578
855.366896 682.392171
903.742364 2587.536507
906.657845 3031.197209
928.179999 3197.340765
955.692582 3101.935063
918.234412 673.571765
930.453513 2600.882210
858.837833 2982.792671
858.286464 3243.588641
893.887691 668.818113
939.581626 2660.915427
925.388678 3068.845194
879.091002 3220.219461
884.035437 3020.272062
944.594211 651.345206
956.316612 2568.974152
903.830725 3158.320627
925.819685 3186.441612
964.810206 2584.694637
836.529463 653.498670
955.244741 2663.174661
945.374015 3177.156518
989.568077 3174.544411
815.118542 3264.309580
1036.143509 675.533592
963.297056 2663.892979
868.784749 3114.961312
938.013632 3182.314493
947.534792 656.123467
958.980618 2569.423383
1034.016500 2693.514822
927.396693 3133.189318
1009.213856 2657.380482
910.748966 3123.247190
902.750214 3137.154232
995.051281 649.182035
957.207445 2662.590460
965.546688 3072.231254
1023.604284 3081.124954
886.583272 3055.023599
925.689871 3106.217770
910.876328 3137.260075
874.342335 3208.062743
973.926307 3183.391275
962.206749 2696.209206
986.553599 3154.578139
946.856709 671.048966
980.957529 3178.911567
946.073774 3180.024900
995.333549 2683.449723
1005.171229 628.292481
976.284114 3189.170536
936.877272 2634.985102
1056.208861 587.280121
994.130370 2814.282032
957.950194 649.017267
984.688968 2684.938731
1050.184360 2607.088134
1026.933672 664.524281
967.528031 2669.909949
1016.275077 2746.343184
1011.111793 639.277844
1080.758143 2776.205788
1035.410696 2758.739600
1126.113669 600.177991
1046.151706 2784.643607
1037.430966 626.414152
1027.800325 2739.813201
1126.973711 2798.090509
1040.165336 672.472087
1140.675315 2769.323035
1015.231210 2746.060426
1129.607242 571.100715
1033.769266 2764.088194
953.132435 651.823140
1070.789257 2788.222101
1100.430832 2798.596980
1094.036657 595.993823
1113.183531 2804.613017
1124.568454 577.819775
1108.705402 2811.986123
1135.241708 2835.226755
1059.821933 636.733696
1162.328582 2929.731699
1133.628770 554.215781
1036.553809 659.150242
1107.035786 600.980503
1148.916200 584.460017
1109.814840 2874.397966
1105.871815 601.879815
1128.822327 2878.073071
1110.201489 2805.879019
1051.002372 597.760507
1091.165949 2880.141011
1152.276450 539.671381
1128.453551 519.163104
1112.466097 2899.364206
1133.287506 529.273009
1142.359942 2895.006027
1155.246106 565.319867
1096.277742 2837.339131
1122.211113 2879.146125
1096.212679 537.001444
1151.764885 2900.121158
1180.197090 2916.524889
1151.475401 551.544237
1168.356173 2970.693193
1172.742503 2938.989419
1184.557014 502.293643
1172.217844 2934.287318
1127.336362 578.028556
1271.098381 2977.639778
1272.221054 2994.249237
1131.425621 519.681572
1171.799077 2936.541064
1250.889165 454.364953
1149.861012 2905.402816
1190.062264 2969.652904
1230.988945 3015.199684
1259.732507 457.664260
1288.688466 2956.058888
1195.295738 531.158849
1196.338478 2337.640645
1114.174193 3002.322038
1325.055529 2300.531266
1195.943228 503.061864
1104.080369 2376.301921
1232.983192 2972.943168
1241.530038 2317.406532
1195.505985 2332.192359
1291.527416 443.201459
1262.112609 2355.356718
1286.070152 2315.872526
1170.603290 2409.581783
1233.765768 3020.052395
1295.080185 445.009344
1241.850907 2341.374545
1236.175768 2312.958242
1194.511632 2465.546841
1236.598372 3036.116621
1226.030354 480.894069
1260.787823 2388.391772
1266.389336 2291.288686
1326.075171 435.101971
1287.736720 2312.041452
1276.808253 2407.145621
1277.733225 2993.106456
1298.609876 2226.396437
1247.298182 2406.285492
1312.694485 3077.935728
1236.481687 478.647441
1323.074769 2432.031226
1223.254392 2381.859867
1282.995218 2314.988845
1258.055535 458.650610
1299.869550 2471.364128
1300.468602 3021.694251
1352.487782 2519.608577
1334.054633 2305.046516
1251.411006 3002.054958
1224.524927 468.368488
1284.700990 2422.373812
1325.722066 2502.676699
1303.903882 2222.406604
1273.429399 446.410504
1362.409386 3029.109351
1318.471317 2422.545924
1295.379906 2328.068449
1262.231398 2599.256199
1246.303840 470.400720
1298.490308 3036.469751
1368.369938 2524.013934
1301.493232 2398.018496
1288.185771 3012.315032
1347.019864 431.556770
1322.012667 2489.704206
1314.549761 3012.436684
1324.012415 2171.098171
1292.466534 2556.284842
1301.509111 441.326977
1313.597686 2552.512366
1356.326476 3014.271693
1329.000258 2253.895809
1334.317526 2546.802752
1351.607625 433.054808
1335.894698 2572.464905
1328.440558 3027.062399
1339.447358 2281.539987
1340.079159 422.980105
1348.460435 2549.447641
1342.277223 3029.583204
1318.929410 2214.438494
1380.471267 427.043869
1388.817164 2646.797351
1439.524127 2963.132894
1396.716397 2596.045888
1323.875514 2243.509454
1306.023121 441.285286
1291.024893 2988.741719
1347.757437 2523.988843
1337.925037 2296.946442
1348.083462 2603.679420
1305.646764 3053.626409
1399.156688 408.257329
1231.151064 2623.786573
1378.874083 2280.701925
1367.130470 2596.208818
1419.343939 2967.464458
1385.315212 393.838460
1437.144345 2179.877909
1330.760536 2549.914853
1360.090014 2591.501644
1308.285305 3068.115439
1339.930515 434.899051
1450.758331 2528.070991
1353.644567 2231.553282
1357.354410 2601.728281
1392.092035 2915.318254
1385.026646 2995.137142
1399.698192 2896.989727
1319.823296 444.508095
1473.991697 2254.216781
1412.034243 2664.320055
1434.844708 2893.029038
1382.516517 2642.790723
1434.419868 350.754641
1401.718276 2648.273753
1485.898373 2221.206468
1436.778489 2948.558787
1425.392369 418.679242
1376.245129 2710.182089
1406.769135 2966.827236
1465.682312 2204.305711
1445.921400 393.021954
1471.082706 2650.710703
1385.056248 2866.374509
1468.425891 2206.713296
1477.927874 2768.071097
1460.188762 348.682337
1455.924842 2905.999534
1475.439607 2229.609571
1479.404431 2702.705944
1443.938039 404.797298
1471.680683 2879.775852
1468.699610 2210.694401
1464.378454 2904.278054
1384.777185 2640.606565
1442.989124 361.993232
1467.886596 2242.465408
1377.683243 2922.731933
1543.508520 2624.105306
1507.310537 352.154148
1427.289059 2213.781061
1439.155247 2888.229622
1471.279840 2649.226959
1503.149808 375.657681
1428.681103 2228.999458
1558.176636 2808.395154
1486.938123 2680.557173
1529.051260 348.467896
1465.600420 2097.590605
1529.766002 2819.335147
1531.396896 2803.482859
1510.869320 383.363685
1459.368929 2933.214480
1487.756428 2194.448756
1479.939837 2657.981712
1484.894905 2823.216690
1494.392905 388.619390
1513.126279 2219.465728
1534.944522 2713.510497
1510.895174 2874.217530
1532.297701 352.247718
1539.654703 2664.574065
1564.502822 2239.861303
1514.247298 2877.729901
1527.504627 2245.354237
1613.250867 2299.435607
1565.490244 340.381577
1521.953202 2685.782817
1582.913472 2783.468098
1479.662723 2250.665709
1466.941319 2673.536265
1518.968394 2298.554235
1546.584827 307.641987
1569.378312 2280.165047
1560.159548 2814.207419
1486.410896 2653.830391
1498.711269 2793.996122
1580.706390 369.099454
1566.022115 2276.568124
1607.602195 2709.653058
1522.630198 2861.073638
1507.186355 354.903676
1576.228422 2230.669282
1547.269465 2700.860841
1520.826046 2687.580394
1610.573225 2653.283958
1518.007238 2779.741048
1582.864557 2770.221106
1534.401769 2817.802844
1596.295991 2291.084775
1690.568827 307.335265
1573.285087 2805.259804
1649.266671 2679.646868
1564.449239 2811.896806
1574.606464 2795.647005
1558.387863 2739.411985
1540.302482 2279.517663
1518.932014 330.757802
1549.307411 2283.396328
1561.640978 304.627659
1616.468904 2284.280622
1589.379957 326.369835
1666.734793 2294.087065
1531.530954 332.157932
1642.842228 2305.050498
1576.835118 341.540340
1654.273384 2306.695907
1578.775229 345.547665
1599.829764 2263.102941
1707.648204 271.835602
1719.015792 2296.895721
1663.497827 278.949413
1612.556030 2304.835874
1665.469201 279.369537
1661.004699 2288.135259
1667.577800 281.053137
1699.769627 2293.414288
1685.890752 335.288131
1617.399743 2366.715982
1710.522894 293.065375
1681.872790 2289.866470
1736.708670 384.271941
1710.772039 2302.790757
1723.558959 330.580920
1777.536320 266.008365
1618.567877 2294.188976
1573.006008 298.407968
1719.386203 2289.496416
1667.919634 2277.950898
1734.812347 271.950952
1792.696160 2381.967013
1703.347448 286.850894
1691.108690 2217.033377
1834.254747 275.277549
1806.219412 2356.093464
1747.233094 264.525646
1809.707896 2381.775479
1787.644173 239.194923
1759.298452 2291.254231
1778.829951 257.810321
1836.482952 2398.210397
1739.137879 2318.573565
1850.849555 219.331532
1781.107638 2325.040236
1851.181996 196.260989
1807.370505 2339.142582
1838.445293 273.541301
1784.720251 2328.986103
1898.788898 179.390568
1808.268051 2336.816946
1835.866996 2408.762814
1843.284178 272.684008
1887.926422 2391.361312
1798.899680 250.464332
1889.310751 2422.755123
1877.745825 182.463513
1829.527969 2399.427711
1950.581148 174.112573
1847.723071 208.077805
1879.671060 202.474445
1826.292015 2388.646915
1878.751645 187.391740
1846.954104 2376.642998
1932.505322 130.935923
1919.574366 2443.568796
1924.098961 138.078522
1905.582648 2455.768886
1918.242230 119.141377
1884.118245 2427.834327
1918.726786 174.050300
1923.538392 181.643009
1963.358051 2468.732875
1902.241743 156.603123
1889.289419 2428.086752
1986.743249 163.420522
1889.667651 2405.097335
1887.334986 2437.960412
1994.649673 143.716480
1876.037604 2441.460774
1921.114686 119.723004
1923.440962 2463.932452
1980.433307 143.828540
1964.399927 2478.244968
1965.343936 2549.910852
1908.627487 161.043102
1917.304800 2444.833105
1947.467390 131.518474
2011.680738 2551.911035
1964.618597 160.024382
1967.911193 2539.807614
1928.244833 120.796267
1890.283722 2448.362136
1960.375407 2476.192405
2002.267245 147.397668
1986.301487 2567.853834
1998.532880 2551.605075
2049.045488 148.459273
1942.068236 2498.570601
1973.151380 174.251139
1942.142362 194.458040
1962.361535 2502.358877
2008.527845 2551.637908
2058.242446 2607.330907
2118.978967 2599.298885
2058.210003 2606.895985
2069.062777 162.783147
2030.666204 2612.647132
1953.673484 150.005869
2098.567570 2648.912088
1995.963509 2567.988390
2081.714687 175.316176
1976.956205 2570.543117
2003.897587 151.371052
2028.394547 2590.593583
1991.686301 2579.245025
2058.939739 153.905136
2037.061929 2650.685043
2084.602148 2682.364335
2140.065210 181.793273
2032.566742 2665.319854
1990.996286 146.923761
2073.463294 2677.220866
2017.934305 182.725920
2101.802995 2625.050969
2024.795275 171.448775
2120.716965 2699.182725
2115.136831 173.469993
2100.859141 2675.375483
2030.247803 2656.204696
2068.209818 157.423327
2166.403686 2740.398288
2013.421292 193.827347
2129.175438 2734.868111
2114.849814 2667.915076
2089.560651 158.009602
2153.392257 2770.429314
2097.648429 1258.214472
2159.551523 1323.177067
2087.168404 160.232847
2144.982967 1315.235628
2179.038585 2761.814526
2139.036620 1257.544264
2178.744271 208.683411
2194.041857 1313.402840
2033.122863 2748.915111
2117.576566 1375.529995
2206.363693 187.965999
2157.528249 2770.483322
2166.314078 1336.135480
2135.816939 2653.333248
2201.949744 2749.499894
2073.257790 1431.983061
2209.814953 189.684305
2114.527952 1233.515500
2187.446136 1364.665490
2164.181150 2769.580243
2149.686091 2765.953048
2212.545912 184.443598
2117.371625 1429.664934
2241.604359 1327.289869
2172.674961 1353.413389
2196.690432 1338.784711
2220.961662 2690.981905
2159.731886 207.875231
2205.946812 1298.010937
2175.628712 1342.460679
2107.391903 1421.038827
2182.965774 2663.261533
2245.897992 1307.481512
2211.678257 1307.125980
2220.761674 1367.970274
2194.489331 1500.290427
2160.831907 2774.423953
2104.370374 163.565210
2212.456020 1382.347992
2152.679451 1358.195911
2134.991386 1417.554618
2184.821876 2740.464834
2130.371647 192.259682
2129.880581 1384.778330
2199.316747 2749.353526
2263.949623 2787.245907
2189.556740 2769.349987
2157.754825 1359.624537
2218.260853 1458.439997
2207.808315 2824.838267
2216.940137 1349.051029
2180.914106 1379.223014
2134.139355 202.458773
2245.948195 1415.152820
2217.474193 2851.730974
2170.562897 1335.924546
2236.041405 1316.461576
2187.566764 1425.537726
2181.405811 2789.994775
2222.603219 187.693814
2232.567762 1394.775736
2250.952418 1304.214862
2229.049821 1400.818122
2292.242876 1569.373735
2236.083902 1343.011777
2238.003519 1443.460722
2225.399273 2806.212071
2161.213490 187.364488
2145.810054 1361.794795
2280.160246 1520.838935
2193.023839 1495.004670
2237.075573 1547.135879
2254.962657 1418.046513
2263.209166 1489.142608
2260.675053 2852.586460
2195.832155 234.622242
2252.558577 1633.848029
2257.934302 1306.319205
2236.150195 1547.704171
2229.083612 2788.287728
2352.385416 1594.035901
2194.285578 1456.776863
2171.933247 1342.917258
2245.903349 1343.871363
2330.260715 1626.278076
2261.669144 2847.124991
2233.646528 199.773473
2254.528475 1587.760783
2333.785884 1728.865901
2218.921396 2845.481272
2300.231188 1491.252473
2331.881306 265.731719
2288.477144 1501.527032
2254.723004 1678.001345
2383.870387 282.933754
2304.749366 235.794455
2207.150678 1507.611389
2308.376352 1576.546491
2244.718227 1563.425056
2340.883046 2860.675971
2262.299148 1520.732504
2278.017368 1599.976350
2205.673996 228.469860
2227.961968 2842.558361
2310.950063 1422.083106
2252.327627 1456.880019
2313.422370 1529.669481
2269.720539 1692.511967
2329.649600 1669.213341
2255.070387 1617.636262
2333.759968 1728.782905
2297.780303 231.883737
2224.154346 1467.104200
2271.412353 2823.352897
2248.965760 1675.216601
2208.946904 218.179523
2276.275045 1528.784429
2347.345046 1663.005130
2295.990847 1653.835126
2238.466640 2861.428807
2247.855238 1517.938808
2412.590371 1810.176206
2251.986293 1762.670058
2250.183222 223.182298
2339.081542 1618.214160
2346.261995 1782.390043
2254.556027 1743.050941
2294.235821 2812.092026
2300.504111 1615.268135
2268.305211 255.858925
2273.936830 1747.298290
2298.285488 235.204874
2254.366731 1705.834059
2270.346944 1856.383759
2318.175408 1764.360631
2314.410243 1521.500430
2303.215231 2858.521730
2210.057855 190.221475
2296.126067 1789.674701
2327.288434 1786.619939
2268.479558 1816.707565
2288.818369 1879.447502
2340.161061 2867.867032
2309.588473 1552.739876
2319.435345 270.851029
2294.611066 1881.528449
2254.143872 1766.916303
2328.225021 1858.489784
2320.884576 1818.428676
2308.932528 1951.551870
2295.012376 1929.848792
2358.731333 1943.718961
2328.626865 1965.850490
2283.007105 1948.526966
2237.742071 2161.948813
2405.682965 2236.377187
2310.109238 2134.083778
2323.985865 2209.945213
2291.060252 1899.819182
2313.656282 2816.086123
2330.572676 1533.773774
2309.799415 1873.322786
2378.429726 1946.467004
2315.837223 1856.499483
2325.852970 1856.259397
2335.736437 1950.960640
2303.671675 1920.454552
2295.289035 1971.177856
2313.196643 1943.284252
2345.487437 2000.193961
2274.243934 2089.813643
2285.707324 1960.547610
2329.667837 2133.944839
2298.762963 2003.084970
2324.187395 2160.190651
2337.593187 2127.574982
2264.014695 2092.263666
2404.357845 2154.713022
2260.750483 2103.811355
2326.490421 2103.000475
2271.387012 2101.579814
2370.692668 2087.855666
2296.177327 2158.832015
2345.395914 2126.347758
2248.370486 2121.674573
2337.928655 306.285821
2310.068076 1509.794810
2268.467942 236.327943
2260.268588 2224.150443
2338.607446 2873.918928
2336.300700 1537.866722
2397.147641 298.450300
2297.542438 2595.293197
2308.912276 2604.387303
2361.406177 2166.435016
2412.651315 2811.605967
2361.336638 302.165993
2347.660502 2629.603493
2266.002115 1521.508555
2348.512169 324.950942
2255.848991 2583.237033
2340.370004 2568.692543
2347.137547 2605.190578
2350.605979 2222.204166
2325.959885 2832.043041
2358.042186 2584.240376
2309.481775 1554.516151
2333.649071 289.420871
2404.335892 2551.338578
2314.654657 1598.039627
2402.202722 2220.686711
2400.995762 2785.608356
2403.849067 2591.823252
2316.027915 290.704622
2272.510312 2535.468437
2381.034373 2594.488028
2381.228889 2706.219594
2403.926216 2581.450239
2450.584302 2637.411118
2342.618825 2682.513688
2271.912067 1594.622492
2391.040068 2233.329643
2387.710968 2779.530794
2377.772697 1647.035596
2338.201168 296.309250
2283.273281 2553.545525
2329.314183 2203.554522
2386.372598 2456.031021
2456.183287 2698.519286
2324.980490 2668.135952
2393.326967 1612.283963
2315.725775 307.348698
2353.473315 2849.288208
2362.588813 2694.025399
2423.357584 2642.634233
2354.840154 2123.738665
2298.865764 2842.848259
2412.024504 1592.574700
2362.892481 336.866700
2441.336206 2574.132841
2368.966137 2647.013030
2415.880156 2253.177260
2400.287601 2713.417312
2400.569694 381.910842
2448.507534 1599.691127
2368.577743 2615.472906
2485.641868 2739.735635
2393.455965 315.711845
2395.341350 419.075424
2370.212781 354.640676
2435.350023 502.023698
2432.498014 2267.278066
2346.762494 2736.967363
2465.011146 2606.071935
2391.286542 2267.558103
2503.750483 2783.776119
2459.468833 1526.336400
2410.592326 464.775033
2503.042220 2594.462886
2405.102558 2717.324243
2393.970239 2587.451985
2435.962733 2797.754236
2400.756185 2235.744432
2407.974408 2727.505252
2352.494624 1599.970499
2402.947759 479.228825
2492.376493 506.700265
2461.826492 492.374147
2495.879594 500.942427
2401.886416 411.720887
2418.181942 434.475149
2427.245532 2299.225354
2400.831913 2286.717502
2534.923291 2303.508970
2400.877013 2715.497430
2488.126073 2743.344682
2384.748252 2826.281317
2413.025812 461.444001
2370.034909 1604.281038
2489.631219 2323.642430
2444.444314 501.883763
2471.192525 2615.485094
2426.046625 2741.173520
2542.064904 1688.138575
2416.214055 2264.447744
2534.201469 2720.319163
2490.582187 496.359739
2387.715896 2606.551952
2407.110479 2292.278910
2393.678424 2771.331935
2423.438143 2765.997211
2433.836210 509.416456
2483.218552 1718.361790
2484.234029 497.710510
2466.398766 471.575381
2410.160504 575.264921
2444.495050 560.357556
2432.389143 2310.859585
2486.123870 2742.521988
2462.352615 2616.392948
2437.504682 2787.014733
2457.094873 1645.866925
2411.548031 486.821615
2409.926794 2287.535971
2457.444437 2749.927114
2499.973695 2524.275516
2460.881161 2614.727371
2402.754088 2676.589125
2459.846526 2755.470363
2419.813008 2679.163038
2475.168452 2788.816707
2472.016544 525.547702
2474.709065 2346.318879
2473.771089 1639.140158
2401.090805 2578.427894
2417.997996 502.316162
2504.320265 582.041178
2491.441343 577.461076
2451.590832 535.344187
2427.491462 577.189933
2593.127091 2323.923382
2486.239102 2573.980432
2424.794228 717.432299
2459.547156 1692.390253
2457.207558 2586.597734
2434.817221 549.682502
2435.295236 1612.766848
2538.354478 2373.321123
2472.438825 2524.785088
2461.595500 2569.827310
2464.992310 2545.318177
2411.405903 2570.072786
2494.976326 2596.039559
2531.640639 642.753016
2480.963047 1638.814489
2545.461721 2313.398040
2468.543984 2446.648953
2487.241924 575.295245
2486.310244 610.197340
2441.690098 2364.097301
2541.640286 2361.093245
2457.577263 2405.114525
2522.760251 2382.382331
2496.889026 2382.140509
2478.241795 2406.892636
2426.196224 2422.554685
2488.733164 1626.320462
2400.336678 570.176422
2460.655845 2331.783900
2510.872249 2372.344033
2548.901967 2385.395117
2500.634741 2530.625666
2392.111198 593.524757
2452.178140 1619.069595
2571.301547 2419.991197
2490.708300 2464.142728
2608.019081 2369.345742
2477.738390 653.633268
2538.226410 677.808143
2451.555133 1749.383627
2414.617751 2294.692383
2564.336073 2346.075323
2506.865392 662.337246
2536.851735 741.042323
2477.890569 1664.279186
2518.044356 2337.234721
2522.157552 696.381852
2546.058285 866.973923
2546.027328 729.083792
2474.485396 1730.076310
2568.918376 738.628082
2540.059059 1730.070261
2482.622545 716.783059
2488.387587 1627.693540
2509.909502 748.750298
2516.563678 1722.967045
2620.065213 1697.008202
2514.151392 1727.122581
2677.314227 1790.932726
2570.268769 725.709458
2524.411270 1764.467946
2547.311973 671.449849
2567.918218 1781.996556
2498.220672 1779.434509
2595.952771 1714.349978
2522.714314 731.275327
2596.464020 1771.906710
2540.580756 737.915501
2526.997390 1734.620632
2659.138233 1779.007829
2539.743211 1822.529674
2568.033411 718.216255
2610.613352 1871.089357
2545.672789 845.779664
2628.765777 796.242226
2643.479730 1797.838493
2567.870394 763.196053
2590.332036 1826.927017
2624.419099 833.456503
2534.533846 1860.875026
2589.846727 1903.364920
2575.504179 1873.723252
2595.074034 1897.738122
2633.763261 1918.022511
2640.171682 784.981692
2619.996086 766.508708
2592.134181 1912.161101
2633.603519 777.184764
2662.274324 1951.654919
2599.675405 1894.813590
2606.554492 1896.357941
2610.086389 1975.213302
2605.913543 1939.169263
2566.862862 1925.466846
2649.919190 840.404919
2642.963947 2007.042978
2655.265631 798.151828
2607.625377 1883.971031
2643.351154 843.184675
2681.298834 1981.516556
2640.542112 844.043221
2684.148266 892.539587
2695.822806 923.601091
2565.634792 1992.456994
2621.570120 770.883430
2613.404940 840.161378
2668.347240 2004.476644
2651.133364 1903.042429
2680.017323 1989.213066
2731.841567 2009.008678
2608.531925 1965.941550
2722.705535 953.578092
2714.005209 1962.494057
2705.372200 894.504743
2632.645035 871.833229
2632.934630 1972.008726
2696.972369 881.129241
2709.135408 891.580411
2691.000468 2157.456651
2678.671814 2026.073818
2676.860803 2011.728912
2698.447394 2119.172418
2742.754434 2044.646304
2751.155439 2100.804223
2698.306370 2147.741290
2723.495948 915.431509
2702.154775 2127.358340
2711.311625 919.985075
2701.188863 925.640491
2666.223027 865.529826
2705.210954 1014.399438
2702.682035 2148.315251
2715.331793 921.945897
2627.602262 1101.600650
2737.798256 2064.439476
2748.788741 1064.784926
2789.434252 2059.935585
2677.713317 990.783436
2656.782455 1016.336882
2689.328019 2154.650645
2653.304143 2216.145879
2640.484143 2158.500098
2833.707087 2190.809020
2758.427908 2174.657033
2681.581417 2156.468901
2757.557152 1061.920037
2679.823321 2250.006194
2764.706290 2247.592004
2661.026621 2250.230486
2687.667682 2253.116517
2730.764578 989.604068
2758.706664 1065.657191
2752.419486 2179.502670
2773.232971 1103.399414
2690.694006 2241.963176
2785.381899 1060.942138
2711.711577 1364.441859
2794.004887 1310.704416
2758.709623 1368.777049
2781.026132 1051.086866
2773.865714 2271.198147
2765.472140 1303.034701
2734.137731 1418.081429
2782.945139 1061.071867
2759.026073 1414.300523
2760.822331 1053.074551
2735.274117 1405.854908
2779.842514 2271.605610
2724.822684 1112.212981
2701.398500 1346.097132
2723.415994 1411.386912
2812.083845 1341.368164
2717.953204 1389.229684
2766.650728 1492.640596
2775.747537 1437.393556
2780.343895 1467.859912
2749.502710 1149.013805
2803.700457 1339.865752
2779.041266 2153.703528
2755.383356 2270.617476
2826.114261 2259.677990
2720.262078 2312.918923
2777.824263 2355.397187
2782.309631 1131.748296
2725.040321 1450.771875
2765.592892 1432.079017
2828.455887 2319.625091
2820.812806 1146.599081
2712.233788 2302.485931
2844.089313 1382.125928
2869.568089 1518.333133
2807.162019 1173.512104
2773.408085 1082.155400
2771.184748 1427.920325
2717.994686 1605.051243
2753.948774 1462.517490
2794.145155 1586.615545
2889.559011 2297.301934
2770.272119 1623.843822
2814.339501 1109.447148
2808.780354 1310.536776
2799.801651 1598.309350
2772.156201 2289.745550
2816.172943 1435.235947
2809.492405 1582.212425
2869.569470 1572.669326
2705.274789 2346.289738
2663.901964 2267.155187
2796.575003 2322.943413
2785.489997 1420.456294
2793.833026 1108.421243
2729.941233 1458.378874
2777.042726 2364.266703
2850.852540 1312.966764
2856.971995 1190.223727
2767.372039 1615.583570
2742.250846 1631.274387
2800.039372 1633.772436
2756.971568 1633.063897
2816.454237 1636.005435
2813.420585 1671.110564
2823.462686 1698.367488
2767.355570 1348.959160
2803.898692 1387.182453
2839.527532 1190.818106
2903.401185 1669.999595
2847.818561 2368.653593
2810.973055 1581.279196
2848.994597 1312.052394
2824.772405 1647.070213
2757.173022 1143.187430
2790.648099 1490.931835
2864.878785 2416.958299
2744.096576 1171.824262
2840.318650 1382.152794
2884.532632 1695.238901
2834.343237 1587.116278
2846.529672 2380.365923
2884.465162 1469.425799
2820.115186 1676.199623
2811.300789 1793.243133
2814.131534 1743.873327
2902.199984 1707.381058
2856.082611 1649.868994
2823.993084 1774.462103
2840.016140 2376.563174
2849.415233 1189.136054
2837.156046 1566.489707
2765.819837 1381.024313
2856.757424 2407.717017
2815.183794 1494.788600
2878.860803 1714.844741
2882.856008 1226.220481
2813.738392 1569.734942
2784.018055 2417.358986
2746.288014 1385.523843
2804.039189 1778.089262
2801.754753 1416.913745
2884.469382 2452.552759
2808.352495 1279.134919
2867.094281 1436.410159
2817.485292 1547.275839
2925.091000 1795.897153
2802.112709 1427.490336
2947.758146 1650.655080
2753.432222 1714.742153
2899.000406 1815.566021
2896.923921 1780.159244
2842.443391 1482.623799
2857.283128 1187.361603
2920.874104 1609.014538
2799.384992 2304.095113
2825.850457 1758.232363
2825.891580 1473.650321
2816.667237 1821.669879
2841.587647 1948.572272
2828.129186 1851.495197
2875.727355 2451.212742
2854.084777 2401.404377
2886.645158 1419.031421
2890.835757 1908.539476
2942.442615 1228.897472
2846.256896 1754.802199
2865.006484 1584.817238
2865.524488 2428.810621
2912.924842 1530.459373
2857.088463 1796.171822
2880.391594 1898.838865
2880.859809 1931.407516
2942.922491 2497.606398
2913.948522 1224.773733
2857.867520 1409.178013
2938.167041 1489.899256
2862.928072 2362.122448
2943.015368 1489.925751
2916.884160 1889.160631
2927.196990 1258.716026
2843.312196 1635.729214
2863.338842 1975.617624
2812.908495 1845.321201
2843.020306 1965.389754
2877.785314 1947.555763
2876.907010 1429.541705
2901.206678 2485.504761
2839.404353 1483.814168
2879.766988 1950.812446
2921.328501 1189.922502
2893.545686 1373.789993
2879.521343 1500.564634
2905.901946 1973.426119
2966.042580 2420.467385
2958.186497 1213.373343
2923.776831 1486.920176
2875.970536 2064.275432
2801.499786 1995.199657
2917.414136 2072.008833
2915.601578 1911.069299
2861.119564 2042.544736
2909.174650 1413.125709
2943.421611 1475.662615
2842.507250 2391.502055
2930.449488 1213.263350
2845.109130 1950.544762
2872.307237 1951.545897
2898.581166 1981.582000
2882.777239 1492.640139
2977.438869 1470.222136
2916.955479 1542.508768
2813.049450 1517.244413
2934.626630 2497.202263
2898.749521 2489.984675
2925.447221 2546.039633
2963.265341 1209.196750
2887.903575 1967.516855
2906.895647 2480.113337
2853.573057 1331.107555
2937.989683 1489.846582
2968.309393 1475.437826
2929.551727 1982.616856
2924.662357 2047.347100
2870.471416 2086.395096
2945.536805 2075.588681
2978.696321 2538.574858
2913.413127 1389.823344
2906.340982 2514.791389
2893.849082 2189.847446
2999.884945 1496.538810
2918.237614 1506.515675
2977.804609 1480.837755
2793.125470 2043.446039
2933.992040 2035.383853
2989.228576 1240.223212
2967.429747 2079.556637
2877.540535 1518.627366
2968.602613 1479.278924
2921.200620 2519.919262
2983.375344 2084.490195
2942.242694 1228.759457
2932.322915 1459.627790
2973.697318 2193.337177
2959.506066 2206.695391
2816.523241 2197.147566
2913.631591 2132.683819
2867.492366 1202.856754
2946.911435 2094.019866
2923.515753 2498.043142
2969.124720 1452.131611
2981.625335 2232.965132
2965.184581 1342.348792
2932.699652 2221.636702
2894.981703 2486.586824
3052.429795 1492.137923
2992.698070 1258.304045
2970.803111 2212.307446
3012.140438 2300.476933
2919.194285 2216.018280
2895.066707 2485.559974
2872.089127 1287.839892
2899.619264 2228.665698
2951.055811 1489.560123
3014.256770 2524.267323
2970.510582 2525.062626
2995.823415 2486.832219
2926.069756 2212.472535
3045.558335 1339.607131
3030.946083 2289.840207
2894.499013 2541.155347
3061.194038 1467.031930
2873.281925 1252.365779
3102.957997 2319.057155
2986.221778 2578.398074
2922.567490 1436.542700
2956.409717 1381.956324
2955.470735 2256.690755
3056.696313 2296.171677
3063.238336 2293.617541
2974.114880 2579.699069
2960.793007 2249.994422
2972.482559 1432.197120
2982.466361 1312.005871
2976.376980 2560.225693
2979.261581 2311.325279
3004.206968 1362.264626
3024.210715 1499.235498
3033.408860 2533.396764
3084.446419 2287.299132
2970.429980 1331.155108
3026.610458 1491.031900
3032.451564 2538.157387
3019.253840 2277.085488
3033.359811 1316.514028
3090.854172 1468.441268
3088.116944 2318.847347
3031.938327 2278.423602
3067.545014 1479.088438
2960.968523 2539.997608
3047.246390 2309.866557
3014.736838 1351.213294
3102.022811 1499.268575
3004.452722 2562.901509
2979.851473 2267.313386
3055.773109 1452.477000
3055.455482 1497.680971
3021.137215 2509.881563
3022.778546 2288.241467
3103.718528 1385.069459
3048.569714 1493.625962
3017.827765 2555.984290
3057.690316 2338.255894
3121.024627 1407.186688
3043.848528 1488.639850
3080.644589 2276.210618
3137.754484 2367.681685
3035.948407 2544.234772
2938.062623 1354.159453
3047.116149 1470.799938
3047.238632 2439.906702
3125.121035 1407.574897
3187.148172 2535.356359
3099.164741 2370.476218
3015.584154 1521.816716
2973.665278 1389.740895
3040.882023 2522.172580
3085.357932 2382.901983
3097.827295 2398.932236
3049.735870 2508.667604
3161.015812 1452.149571
3032.746328 1307.058495
3148.601076 1511.558762
3170.002027 2430.066535
2979.069185 2572.027895
3071.070570 1466.886673
3117.004781 1432.795129
3014.148993 2414.933590
3160.502631 1507.358380
2993.265394 2341.792077
3115.045994 2546.053471
3109.523626 1392.001461
3106.082431 2415.407225
3069.982451 2525.129750
3090.935279 1511.653290
3176.719327 1426.034241
3055.939030 1496.403637
3158.405636 2537.643441
3156.962875 2372.321024
3054.095988 1370.217729
3162.387035 1521.641408
3077.427052 2515.585762
3161.465343 2400.666204
3100.310410 1437.397356
3174.321117 1518.008386
3080.870281 2532.324539
3051.912434 1482.123627
3111.929815 2348.734691
3168.618948 1518.816075
3168.109191 1429.647682
3171.191192 2545.761492
3113.273804 1492.792509
3062.479081 2351.930185
3160.737884 1518.672740
3157.342048 1429.180045
3168.991527 2535.050945
3149.959431 2380.493765
3282.905023 1584.415987
3180.734192 1520.264045
3209.532050 2529.467093
3090.822462 2321.680063
3205.287127 1542.091087
3184.474391 1470.837070
3180.169558 2422.236555
3162.877074 2385.558133
3140.023865 2388.022594
3178.598860 2433.724277
3195.415702 2537.850682
3192.172322 1526.145505
3093.913559 2401.735015
3135.037938 1407.495810
3186.721120 2511.441670
3182.132681 2459.437646
3230.402133 1491.038286
3220.405700 1449.743163
3192.226866 2452.874139
3173.624274 2433.481101
3286.531433 1585.297039
3266.135118 2510.493828
3163.792533 2540.237825
3117.076256 2398.768369
3210.539857 1449.038060
3206.741851 1540.133400
3216.801045 2504.428450
3277.085064 2510.603978
3182.987375 1437.716947
3148.953544 2421.660151
3195.120593 2518.513984
3181.104651 1512.421788
3229.324376 1499.010858
3252.593837 2508.630848
3257.706276 2499.865072
3238.839618 1516.562064
3211.033409 1447.076274
3227.916216 2515.286833
3220.255712 1526.982623
3126.809888 1485.546075
3226.553221 1540.459221
3221.704629 1457.956462
