78.009117 1594.861467
61.804488 1633.622808
51.401701 1653.121524
60.742882 1642.382580
55.458152 1660.514808
61.934887 1691.430579
63.761014 1666.111979
62.038976 1692.491456
41.612693 1658.807887
60.525950 1732.742164
72.237862 1718.361951
77.563852 1745.607367
62.774597 1741.349320
76.182942 1753.872098
75.351330 1742.977917
72.823006 1772.021446
74.083887 1790.586695
73.914678 1770.165869
74.029015 1780.187964
79.734116 1600.971443
76.447433 1805.450286
70.144567 1620.932717
72.527925 1803.309941
76.503577 1825.208662
76.782341 1586.324195
83.072269 1847.267184
84.536576 1516.862094
85.006675 1515.364414
89.947083 1570.252635
90.934181 1566.022258
79.764711 1841.733400
90.778134 1530.023895
87.800774 1574.680018
94.051208 1871.830348
97.055545 1523.951866
95.956310 1873.213427
114.747474 1471.600545
88.228343 1515.323057
96.578472 1876.313589
106.764211 1483.856968
105.459928 1891.777501
110.158692 1483.399798
113.484318 1903.807449
121.503625 1912.225209
115.268188 1473.304191
123.217016 1445.314816
112.924088 1904.977814
125.428316 1432.452645
130.675808 1943.602588
129.147904 1414.527301
127.726914 1937.939614
149.484097 2553.737139
149.072928 2554.982430
132.404804 1409.403301
139.242040 2548.390735
142.271803 2608.899253
144.188438 2580.573464
141.660325 1964.618313
148.485519 2558.818282
137.752601 1388.118498
163.960739 2612.247161
134.689666 1396.891071
139.277585 1959.470677
147.086418 2395.361528
149.330241 2382.841959
161.185651 2397.384683
148.010573 2410.156441
179.108235 2406.333941
126.642141 2468.845455
158.608629 2505.241400
148.095933 2489.894137
165.363415 2547.660861
146.011173 2542.283508
142.415684 2621.759458
159.558163 2611.578876
137.689398 2635.536388
147.129114 2642.730239
127.311464 2445.481322
163.013694 2469.441921
154.671891 1350.735370
154.475867 1974.918841
149.254662 2654.180257
139.726572 2524.965920
165.578680 2383.201063
151.188368 2465.945141
151.399538 1971.782543
153.227336 1359.167912
154.357528 2343.694623
153.708535 2392.310653
176.044821 2432.353105
125.366793 2451.288418
157.530776 2483.914991
156.532065 2656.001101
168.220066 1997.792363
152.360306 1347.759166
154.634529 2321.495409
164.261459 2321.857051
173.664928 1988.090205
162.993777 1317.788682
156.874794 2002.812655
173.044897 2309.423256
170.126262 2690.475967
166.697079 2696.494244
173.741773 2694.341950
156.560817 1314.708922
144.834049 1972.629173
163.440487 2701.802267
177.988392 2293.117211
155.374976 1322.930284
162.590876 1980.756691
178.486355 2032.227290
168.965081 2304.435922
185.267480 1268.238275
189.317659 2042.268284
188.097417 2684.302189
185.983298 2266.561466
205.244727 1237.955643
189.121264 2056.916872
192.526178 1257.443218
187.165041 2047.882188
198.781741 2263.757269
179.255703 2702.621775
195.579287 1254.519490
194.234143 2052.010179
211.056177 2282.876019
199.128110 1246.940780
220.464763 2110.625839
226.219443 2114.327053
197.627789 2181.244359
190.699857 2190.264554
225.516041 2248.423937
188.722857 2253.739981
204.993719 2246.724743
220.764863 2230.095416
211.270641 2589.012685
190.569848 2612.678021
179.437802 2695.127757
211.181111 2092.607869
206.647859 1235.002818
212.684493 2633.965076
195.386515 2117.975681
186.125330 2153.844397
209.190815 2083.998580
201.538808 2131.122504
194.714743 2220.829130
184.579026 2591.241930
223.093008 1201.955869
212.608429 2122.057448
197.100517 2121.324347
213.746640 2670.358701
221.155483 2658.741353
215.551852 1216.281110
206.428750 2124.260804
192.333314 2512.929739
217.390285 2591.245781
195.887876 2651.654199
232.884191 2675.208432
188.801865 2689.568853
232.242776 2670.450106
215.804777 2152.277812
215.389581 2527.217802
218.961421 2672.112288
192.203582 2216.870830
223.211724 1201.423205
206.664923 2532.132819
224.995298 2570.460708
243.176476 2646.219514
215.961780 2185.967041
225.810397 2526.123912
214.784126 2199.670169
246.242135 2224.253545
213.441981 2526.283196
227.608756 2556.736918
246.939147 2560.966528
203.091845 2567.109429
198.355724 2581.060589
228.772451 1191.615357
236.901324 1179.341215
266.921423 2485.205893
255.141203 1152.106157
249.838241 2429.252534
222.825390 2414.363576
243.486775 2423.260685
240.342810 2419.878053
234.867576 2429.722467
237.825051 2481.874853
260.936730 2440.646616
258.784400 1144.820010
238.925266 2413.011185
256.560885 1148.332947
244.558302 2374.806140
224.238393 2392.064080
260.959405 1143.062983
226.309557 2362.912518
233.333278 2371.911085
257.340575 1149.721052
275.744775 2358.057531
273.785103 1120.034806
272.315670 1115.933950
307.140719 2322.038089
274.647612 1114.074289
305.115654 2270.513699
307.208493 2281.114708
265.906740 2295.408400
301.658307 2323.532371
258.280576 2323.918452
288.704518 1092.841558
295.627879 2272.031640
297.791526 2330.953482
282.836231 1102.563226
303.563165 2250.058856
285.607147 2250.694702
300.478970 2297.567014
313.663509 1059.013156
300.257468 2229.227917
309.351604 2228.505409
284.084059 2278.329146
298.901085 1078.112014
289.797430 2196.546592
322.373219 1042.316258
288.014345 2173.104449
301.256518 2183.321972
308.814108 2176.443498
325.354716 2162.111509
344.377409 2203.705347
346.833956 1019.902717
332.102183 2180.435811
336.439182 1022.853432
335.503686 2153.426476
338.727055 1022.248582
358.588934 2216.332782
347.156281 1020.957937
338.743539 2178.917054
349.460257 1015.886975
339.031550 2200.650216
330.164540 2197.921862
334.423678 1025.515703
344.712261 2199.038481
365.126458 998.714802
363.017019 2215.075893
374.811474 989.351962
384.561033 2223.279457
374.952513 987.993937
388.308380 2227.451942
371.002196 992.569282
405.771337 2245.204067
379.993052 984.181928
399.955588 2253.936492
384.916642 977.403100
404.810552 2246.065801
408.182884 959.949603
408.839730 2251.781079
403.277995 2250.402745
461.030672 2311.128280
417.811668 953.654321
457.097210 2312.032588
431.463711 2318.475969
422.644490 2310.443529
434.161684 941.375949
429.919188 2284.739181
429.184600 2297.218897
422.512515 2350.649371
432.406539 942.641050
453.479762 2344.052014
465.638836 913.870394
442.709879 2356.329612
447.244459 2359.463451
448.654506 930.719094
454.717477 2374.911781
431.540940 2350.239715
473.657741 911.224660
463.031831 2381.770393
473.000274 903.699222
458.477086 2375.071572
471.754106 2412.368833
476.232915 905.294416
468.205364 2400.521354
493.390057 898.262817
474.517955 2416.161937
468.370903 2395.576625
498.148366 886.556328
478.982002 2424.495526
490.024611 2446.782226
516.269350 861.159171
497.323993 2464.611161
491.851941 2450.081433
505.294297 872.186505
493.808835 2464.423874
515.478093 2523.079659
496.958667 2499.550076
509.695790 870.685841
516.230105 2527.446796
536.994935 831.507046
513.788373 2525.658891
513.153845 2525.794813
531.929008 839.604923
516.139335 2526.619878
529.569721 2557.223015
540.661697 826.254119
559.434813 2580.238578
528.903703 2574.642470
543.307214 2569.572591
527.292630 2555.476808
525.249042 2607.062790
522.101634 2589.121258
527.120259 2613.177731
549.412246 2641.309596
542.075389 2634.426680
546.431896 2647.196740
554.694721 2674.076212
536.972712 837.288817
548.318322 2597.809354
557.389182 2678.643707
555.554071 2943.122139
550.290225 833.339570
553.293045 2667.129754
558.116661 2966.979020
557.614722 2936.550831
552.021239 2664.223704
546.008371 2927.246268
573.475688 2926.248753
574.033366 2997.660092
572.007436 2984.641540
573.650527 3005.022670
576.943633 3130.285339
559.621697 807.587399
567.182340 3136.879264
587.643138 2711.252032
567.806519 2715.479041
561.135158 2733.002168
561.674452 2870.140144
558.535879 2870.240292
576.113313 3006.853553
573.997513 3156.824994
594.651301 2968.571628
553.969696 2910.461967
572.750396 2998.457897
560.989625 806.993270
568.058191 2849.958985
573.846179 2816.414304
558.277425 2868.789828
570.693241 2880.522836
575.756652 2859.218826
567.535459 3026.840787
570.931597 3161.089250
557.312206 2697.513244
565.834372 3140.477492
581.182771 2957.258508
560.772186 2750.100845
564.925325 2749.555877
575.528457 2766.822704
561.098986 2744.677870
577.575877 2778.023310
577.205791 2787.069498
574.644030 2807.188929
575.665443 2798.623470
569.313097 2825.834704
570.596420 2969.490551
564.085123 3091.373502
552.480349 3072.490007
584.116417 3110.047549
572.858336 3134.177356
570.574404 783.899998
577.655762 3018.071862
583.202251 3073.740327
587.372357 3170.505692
586.792843 3025.974701
581.809555 3039.458926
600.461971 3062.875244
578.311531 778.120998
582.704013 3179.844990
567.878371 3162.366987
570.370618 778.955768
618.762914 3213.229110
600.144792 773.370604
598.947563 3197.924165
611.628492 3218.375565
617.494818 775.460958
605.853087 3204.874061
608.496064 3211.901960
614.209584 3224.421078
623.597988 770.342243
620.908102 3232.080816
622.295370 762.811813
637.761859 3250.402082
628.632226 765.976239
648.804688 3259.324679
662.443501 754.257373
647.257610 3258.735343
667.748077 753.051892
665.910928 3269.223759
676.794031 752.853712
667.468017 3270.625925
712.359205 729.284830
652.288768 3263.800864
676.351658 749.974398
676.270321 3270.820455
677.598290 752.911042
691.463029 3264.910596
695.287316 732.897503
719.286343 3276.146670
702.755298 731.760624
740.564447 3274.626710
717.301531 717.114775
722.161218 3275.427169
714.769080 717.293034
731.306794 3274.562556
757.627377 708.867324
766.000878 3268.365931
755.498101 713.223278
723.939593 3276.953386
764.298609 711.185362
771.856845 3266.563567
770.508355 706.759837
771.004205 3266.083498
753.492353 703.957525
767.383919 3272.740835
776.019452 697.546341
820.127080 3266.562370
813.553965 670.972044
813.675607 3275.367946
812.229673 673.845050
823.978944 3270.231375
800.606536 681.194729
815.303565 3275.512066
788.796249 682.285850
848.001264 3251.311039
830.337691 669.228631
839.850946 3261.655173
824.076306 2676.479814
857.700580 2714.080140
838.216133 2726.149255
810.682277 674.910192
814.432965 2707.417757
847.229669 2716.174394
848.882046 2778.095311
843.243411 2731.159436
867.411699 2743.422227
863.967379 2798.727086
817.202335 2783.323591
850.082464 2795.727153
848.337505 3257.012196
841.053301 2662.384966
861.299062 2802.847082
850.087763 2834.206422
859.816998 2854.320117
852.119332 661.078377
868.571021 2704.327771
866.460845 2819.686068
833.472164 2671.989954
832.477016 2847.438004
858.344695 2860.106777
852.376505 2855.076647
860.683669 3255.964549
857.893594 2860.695862
846.319543 666.734867
830.364201 2599.357776
852.973743 2646.657510
849.693161 2657.051539
869.889069 2655.974814
880.906788 2912.288569
891.783676 2618.567125
849.507100 3260.522394
876.145715 2609.085565
868.253834 656.462390
890.996062 2622.204211
866.697501 2906.048797
874.718271 2907.647356
890.187665 2959.768342
857.828289 3252.261357
887.708414 2942.138529
863.018546 2877.175601
895.126285 2962.189268
857.135433 660.650745
858.426453 2605.241535
864.316375 2902.156643
903.527047 2911.474531
877.584248 2904.335103
893.516125 2961.107486
877.998438 3004.085488
898.605646 3015.880392
905.588825 3036.588555
885.688814 3220.049388
856.669998 3001.978061
895.456928 2960.976902
892.288873 3201.324804
865.827995 3253.458767
888.665234 2977.013891
904.089690 3039.950322
874.532214 653.694498
893.392030 2617.712624
884.276967 3085.745579
893.254458 3217.083804
890.251609 3239.496447
883.373167 651.966045
904.556607 2604.266949
912.965193 3065.462942
897.316449 3239.132881
908.501325 3043.500574
920.868268 641.074224
907.660108 2603.789662
884.918688 3082.950344
898.083772 3229.139985
913.688675 641.861191
908.844296 2606.791243
946.089241 3088.342936
919.226987 3225.548522
915.732607 3080.214176
945.128441 630.400367
896.394375 2608.169053
933.800103 3098.031434
917.835566 3222.918761
931.335949 2602.249032
956.827779 636.582926
945.337823 2594.100262
947.441752 3078.323029
932.060933 3186.747535
926.312071 3217.405793
931.958242 634.416128
940.126899 2639.605028
948.697071 3102.245942
951.944480 3214.588228
955.126496 638.573274
933.199532 2619.751183
956.716234 2642.456453
962.316434 3113.825875
954.861690 2661.408727
946.440859 3209.757002
962.988998 3116.972413
970.547978 643.340427
978.644879 2682.239663
993.409174 3094.871655
978.217238 3122.127577
951.086232 3096.539914
974.634016 3131.800033
979.437494 3150.247550
973.357231 3192.991646
993.381512 3149.142195
984.291835 2697.924423
956.616177 3208.265890
964.761266 639.337577
973.774173 3186.558909
971.242569 3187.003473
986.125756 2683.161857
987.531787 643.007939
977.718938 3179.827372
1006.321289 2692.321634
989.902962 629.431073
1007.482809 2699.898708
988.786546 640.510953
1012.729406 2727.157231
1057.018376 2709.921969
1014.460269 644.429184
1027.251532 2733.031143
1034.851512 2732.302055
1014.697098 647.262910
1030.910551 2738.351827
1031.736135 2736.694046
1029.743508 638.077644
1050.109009 2721.593725
1046.377988 632.652189
1044.419803 2740.486342
1053.218141 2758.832671
1065.321903 646.381854
1058.492086 2756.921298
1068.858483 2786.788494
1024.793280 648.174842
1073.740737 2775.507410
1079.922318 634.448043
1052.080945 2786.190897
1084.278159 2794.034803
1099.775097 617.292216
1074.841343 2798.739103
1089.240266 621.134033
1110.244719 2851.208466
1118.593561 2846.694846
1082.223043 655.139186
1122.255984 2814.911241
1115.148865 597.155775
1104.978581 632.325313
1103.481406 632.831906
1093.751828 639.100325
1107.017783 2850.032395
1128.972844 580.892227
1105.608593 2851.280907
1124.282763 2858.338595
1133.895907 577.751461
1137.053013 2913.251457
1121.879914 593.441733
1146.576895 563.813704
1141.966046 2882.448067
1165.145438 536.855242
1127.856599 2882.252881
1152.503956 553.187209
1140.848649 2927.371390
1143.630920 2904.490101
1157.366248 545.447812
1127.184455 2902.826394
1160.186175 2924.388797
1172.633113 528.924379
1173.915530 2943.297381
1159.564519 2929.990505
1185.989176 508.734266
1186.893999 2955.185911
1170.446724 528.509113
1200.502544 2973.175260
1193.638809 2951.813278
1176.488283 521.586181
1194.580076 2982.780089
1200.833482 495.255683
1195.542617 2968.260588
1192.346974 3001.452888
1200.876333 2980.660028
1207.807169 492.634931
1241.039108 3014.721685
1205.528961 494.436917
1250.139023 2344.514083
1220.018976 3004.104847
1215.317998 2318.211578
1207.342513 498.066353
1239.186497 2300.159336
1224.899828 3006.690649
1239.157331 2321.049592
1233.481445 2329.419697
1226.061502 483.859093
1250.431656 2348.377129
1230.993882 2302.157431
1249.925033 2349.594094
1235.564532 3008.542581
1270.908010 455.102286
1250.463198 2348.339591
1250.526266 2327.358118
1276.916410 2418.698251
1239.226008 3019.448412
1236.153906 481.692476
1265.128628 2389.184915
1271.853187 2282.680879
1245.177353 476.995576
1258.713878 2387.775214
1275.106545 2418.924978
1267.746479 3037.646536
1298.363517 2280.392944
1281.222434 2407.495967
1243.871864 3022.940091
1296.672180 437.428385
1270.743237 2394.283952
1273.930579 2423.805036
1266.578259 2289.018560
1283.148591 448.586359
1249.203603 2435.573495
1273.670289 3023.154878
1279.805543 2451.617224
1260.810402 2266.617440
1279.076074 3031.063217
1309.409745 419.911391
1303.943022 2430.676389
1296.779998 2470.495966
1283.957234 2283.488671
1312.447471 421.144714
1302.481923 3023.983896
1311.078321 2497.652191
1286.964927 2273.515924
1301.756309 2472.268793
1302.224086 429.075543
1285.124805 3028.848731
1314.360027 2499.047233
1314.713464 2277.092486
1323.009380 3006.387813
1303.262904 442.439885
1306.213146 2487.765098
1346.875107 3014.914629
1320.347146 2287.070281
1315.995826 2506.645877
1332.535677 434.853953
1302.994281 2481.316270
1348.527845 3014.610143
1333.621886 2269.784450
1318.069265 2516.261652
1345.713819 426.866702
1340.121950 2528.300653
1329.108743 3016.320359
1359.001054 2253.397163
1310.950078 420.158081
1344.891285 2556.826854
1365.683631 2979.102664
1364.904342 2248.768591
1336.298035 432.116538
1344.622847 2551.323125
1336.135299 2972.867999
1322.403230 2518.778439
1351.810249 2257.793779
1383.292992 400.804638
1351.240188 2992.686753
1349.490619 2593.217045
1364.543898 2248.680722
1378.518372 2572.431455
1344.723108 2951.154334
1372.783151 409.528419
1372.278895 2581.321429
1389.839503 2227.546442
1338.539468 2612.279452
1358.072401 2965.144915
1394.902879 397.888586
1389.926284 2227.063891
1408.277369 2574.669582
1371.364965 2625.133767
1412.197469 2945.968299
1398.250112 398.203028
1375.318099 2622.772351
1389.470837 2227.135751
1398.563807 2628.219627
1419.039133 2933.917541
1421.933272 2927.411489
1387.748771 2949.269140
1413.599662 388.774759
1394.421022 2225.467957
1380.196992 2629.224713
1425.956464 2942.839314
1391.027466 2651.551294
1388.198734 398.528032
1394.564166 2652.584522
1413.502700 2222.804378
1417.826413 2937.904767
1426.203600 381.712007
1405.342626 2687.621827
1439.470445 2925.733254
1408.450110 2211.213331
1416.017144 385.865100
1407.621612 2660.661122
1443.143256 2923.487977
1441.125346 2192.389319
1418.908042 2643.708431
1438.388853 376.737958
1441.605004 2902.361059
1446.779365 2146.109282
1435.813999 2673.068600
1455.339245 367.467400
1444.569965 2906.988668
1463.149331 2199.731320
1448.123197 2898.078700
1448.060747 2667.744290
1449.624800 370.394825
1463.860839 2199.438927
1483.710808 2894.776023
1475.617892 2677.748598
1472.313920 358.074776
1478.491970 2203.275001
1481.537860 2893.556129
1477.024124 2677.082960
1465.514087 362.023179
1485.767902 2202.882620
1479.254873 2886.992125
1462.284465 2677.216427
1467.262382 360.626723
1498.925908 2202.337106
1490.598490 2888.322754
1507.782336 2686.323134
1527.554724 338.556189
1514.405246 2873.507253
1506.614563 2205.064246
1494.659709 2678.333217
1510.363099 2874.283163
1491.897797 352.901044
1493.636902 2201.543000
1516.684703 2698.030934
1537.864423 2838.220492
1522.646467 340.889331
1497.209620 2679.969573
1531.142163 2209.166437
1528.104291 2861.629429
1506.719214 2200.413778
1539.121709 2210.464787
1516.098553 342.409552
1543.531175 2714.449812
1527.477108 2849.441619
1536.522859 2209.258265
1543.856747 2710.062615
1524.970720 2210.535425
1521.334442 340.530398
1529.778303 2210.371371
1561.375934 2826.795766
1562.999656 2727.655971
1542.493928 2816.611273
1568.269081 327.466032
1529.512234 2210.745546
1572.700735 2748.750403
1552.102692 2848.466392
1549.723983 334.573335
1567.494102 2231.330985
1572.238023 2726.149216
1569.970646 2754.896927
1577.044253 2708.306543
1535.458015 2837.335817
1531.993670 2819.359672
1559.051208 2745.291578
1597.201673 2246.765747
1560.461327 324.056791
1557.745973 2799.882002
1565.239599 2743.344513
1556.339893 2744.638669
1566.940686 2752.382653
1583.043914 2745.695736
1607.330109 2216.606145
1563.478590 321.730585
1604.923386 2229.092056
1609.623570 337.525197
1587.998695 2243.603392
1599.479016 315.825777
1603.872507 2232.396261
1609.430850 335.916653
1622.759261 2266.982184
1615.139986 315.413503
1623.739549 2267.579047
1618.071695 321.035047
1627.477700 2270.787324
1639.138993 310.861119
1647.626270 2264.042072
1677.914646 300.984018
1639.142068 2271.681458
1661.021732 307.306571
1681.826226 2256.913447
1647.398387 306.315001
1687.129558 2280.650364
1669.359606 295.168790
1690.221319 2280.095190
1705.297136 295.699050
1697.550206 2300.620940
1707.275166 301.982790
1692.421890 2291.410297
1718.827516 288.506696
1739.189834 272.050456
1704.505895 2319.858122
1690.437045 294.591897
1734.526194 2325.535594
1707.306396 2307.382743
1732.298282 275.012511
1742.857607 2327.900597
1723.388374 284.171877
1707.747080 2319.976324
1766.598612 239.964550
1747.458787 2328.409292
1734.063739 275.490033
1728.080026 2324.922974
1758.265702 247.098829
1741.991710 2326.595604
1765.591461 240.208692
1801.123769 2327.094977
1775.851712 2324.572172
1771.834607 254.277198
1804.100923 2357.257835
1800.311099 226.941643
1783.639797 2330.965598
1786.928434 232.637760
1817.440886 2370.343355
1812.355558 222.990057
1804.651142 2362.839513
1821.594026 2382.278825
1822.559216 217.999032
1812.571550 2371.765205
1824.773399 215.946882
1850.122154 2404.536029
1839.418020 197.375792
1813.606941 2380.336780
1835.295198 204.656188
1831.132911 212.387033
1839.833448 196.625962
1831.556691 2396.484512
1834.766689 196.570576
1837.990481 2399.322825
1864.236996 156.953895
1874.194010 2423.003078
1858.019526 161.272953
1856.392085 2403.667245
1846.812970 180.915168
1887.477462 2432.898512
1885.587490 137.630149
1900.908082 131.776083
1890.017913 2434.279695
1913.179010 134.632998
1905.273341 2443.018048
1926.396679 114.723630
1902.365783 2445.968859
1897.035667 2439.917263
1895.562233 131.659346
1934.139441 2472.661760
1943.324530 124.126077
1914.719303 2448.245405
1914.781878 120.195136
1933.015784 2474.983749
1932.038256 2473.736297
1925.666326 115.906718
1924.620141 2472.484055
1966.823822 125.578132
1953.951387 2487.852817
1961.051906 125.979100
1956.299890 2488.334523
1970.195889 127.132446
1969.482874 2506.776755
2002.354644 2530.346727
1982.545169 136.560913
1965.943302 2498.596155
1990.564846 2533.852811
1967.634730 126.426079
2020.617643 2551.954487
1975.737586 131.831884
1991.226745 142.823217
2023.881575 2543.180312
2026.145071 2567.829717
2011.848022 2561.212891
2022.698836 2576.791860
2007.210109 2563.940789
1978.296646 149.564392
2009.857607 2572.301764
2020.941759 152.104501
2029.765663 2591.582835
2037.170848 2598.773979
2035.902686 156.184147
2034.207976 2600.285402
2023.074617 155.312652
2061.365098 2626.864532
2049.963696 2620.803354
2060.321106 167.371665
2062.160304 2632.777898
2041.046505 2628.008328
2055.014880 164.677727
2037.544238 2663.699122
2046.581458 162.543406
2076.043994 2645.148318
2057.517017 164.757892
2042.381606 2634.284405
2088.133754 172.450371
2079.858278 2651.709362
2106.139855 172.856244
2076.735896 2664.196450
2087.865403 2673.087784
2098.088429 169.493544
2106.748395 2674.212329
2136.159197 170.772929
2103.539518 2676.494480
2131.885411 2703.685591
2134.123754 166.979274
2142.786125 2721.563834
2154.559042 1294.016717
2152.184479 1303.515842
2122.269070 172.010919
2138.005588 1238.259545
2145.885286 2714.437527
2153.211396 1306.628404
2163.409856 191.915575
2154.281219 1297.997596
2133.259621 2710.637148
2176.764156 1317.457183
2145.007229 181.068641
2173.305397 2726.737478
2152.380446 1295.301140
2156.363332 2730.060565
2141.392472 2725.484873
2173.488735 1318.643075
2179.047682 197.145832
2172.838629 1298.002406
2185.133656 1323.624317
2158.738980 2732.667656
2179.984676 2758.095677
2171.442695 197.730693
2168.166383 1310.039176
2169.777954 1306.212501
2171.380170 1338.046859
2178.294201 1376.221528
2187.731995 2755.813099
2158.133297 190.743518
2208.637107 1330.896957
2189.001622 1374.158099
2189.203950 1383.051426
2187.063838 2771.393807
2214.282855 1323.606202
2196.568707 1317.027906
2177.669688 1378.287433
2187.837705 1396.557781
2193.908238 2770.671336
2178.780113 199.609898
2180.396534 1379.921916
2214.938983 1318.513609
2183.057470 1393.596634
2229.084417 2772.020226
2186.508320 189.875047
2198.148421 1440.657449
2193.671915 2783.377039
2233.173922 2833.587404
2208.167291 2806.647008
2216.673377 1314.569301
2192.515324 1437.174776
2204.042852 2805.189233
2185.116453 1331.865666
2203.499913 1452.000045
2204.374921 195.130041
2219.433164 1494.406196
2202.211070 2802.235513
2223.545015 1347.760394
2222.492508 1346.873042
2213.120028 1465.867572
2229.939617 2826.964427
2214.729808 194.738381
2192.865117 1362.844149
2216.923669 1389.528186
2228.410449 1496.232565
2221.833030 1489.776002
2219.758514 1363.226305
2216.634707 1484.526811
2220.634768 2821.598185
2227.157839 194.822968
2218.708482 1395.287253
2246.903300 1523.549511
2224.274824 1511.200776
2248.660272 1540.399407
2245.895636 1410.671046
2249.209133 1542.457307
2237.658939 2841.245260
2239.955246 202.103054
2235.363731 1566.362795
2248.720605 1413.098563
2240.154172 1564.866752
2248.503785 2857.283322
2241.623230 1595.624445
2237.954804 1418.398318
2251.051819 1438.954497
2231.021962 1401.830522
2234.273488 1577.508454
2245.708935 2851.146414
2246.372522 199.981832
2235.571296 1578.537692
2246.268456 1606.230249
2247.999692 2858.776029
2241.109001 1444.399840
2246.736458 210.345679
2250.444491 1449.227196
2272.576001 1617.247197
2264.940708 228.510084
2269.295829 234.211417
2263.125034 1471.999141
2289.494494 1610.143978
2250.124770 1655.679334
2281.014897 2861.013262
2294.326539 1506.148250
2275.770540 1626.236831
2261.511485 228.618936
2241.215053 2845.700949
2242.223584 1480.091753
2265.922721 1522.026553
2284.765341 1518.050600
2275.361658 1659.481611
2283.711289 1648.196582
2255.121981 1634.863497
2278.086323 1687.839806
2273.309636 238.724069
2293.031439 1525.424022
2253.961711 2851.466120
2288.669513 1689.463826
2283.950746 251.938755
2299.437689 1526.963707
2277.693414 1701.516502
2284.639493 1702.298541
2267.242583 2858.774659
2283.446498 1510.666108
2292.048740 1725.610139
2304.808626 1724.524959
2280.071440 248.474846
2297.413753 1521.494380
2292.572611 1729.327496
2295.100484 1733.286499
2302.779722 2855.499267
2285.198639 1543.889697
2304.385986 274.881398
2304.218271 1731.808146
2302.467951 271.950188
2345.420391 1731.900970
2324.029803 1761.602322
2325.284121 1751.793183
2304.216343 1544.185871
2302.327540 2856.932064
2317.256855 284.372638
2296.969277 1789.084264
2296.532866 1800.486237
2305.712782 1803.685362
2313.321901 1811.342562
2318.781811 2844.070825
2320.517296 1548.224786
2340.215138 305.169286
2319.188930 1838.675142
2329.848566 1863.786938
2314.436118 1872.766226
2301.375749 1864.114864
2296.993036 1856.970835
2299.615329 1861.378860
2308.649632 1876.245002
2326.244083 1893.480164
2323.507232 1919.721566
2319.471795 2182.869918
2320.383154 2189.415236
2319.596617 2214.339600
2311.188126 2231.084932
2324.044494 1926.504978
2326.656272 2839.771000
2326.448230 1553.098106
2320.886134 1924.315481
2320.991457 1952.516486
2329.855188 1941.386465
2324.494796 1952.453838
2320.399244 1985.380050
2330.934316 2003.723455
2356.333895 1995.948659
2321.545768 2015.271740
2323.289141 2019.764148
2324.324880 2017.986080
2348.719695 2054.256372
2327.684028 2035.121132
2317.071163 2029.421352
2309.614751 2023.962648
2307.145090 2028.620808
2347.774867 2056.265829
2331.107798 2084.834526
2319.435142 2076.765988
2324.875993 2108.619191
2333.017755 2136.860707
2316.695209 2111.997438
2333.561292 2165.069630
2327.437012 2140.532692
2321.758381 2187.006017
2329.583925 298.101332
2314.458668 1555.310198
2337.339081 300.427282
2347.418735 2208.663647
2324.927092 2825.444648
2301.840671 1564.310858
2316.270517 294.528092
2320.868778 2586.321402
2350.781286 2602.150591
2341.801685 2214.475168
2349.794619 2817.954126
2337.737424 308.050295
2375.058518 2625.254801
2339.103580 1566.515332
2363.618013 331.979545
2351.077936 2552.022590
2380.812654 2564.103444
2374.643168 2560.695566
2354.404137 2167.729088
2363.769333 2814.267798
2357.013868 2615.736820
2343.193267 1593.051059
2380.156489 343.747858
2344.415911 2544.058916
2342.258872 1579.136726
2341.871171 2200.420015
2324.902416 2844.035780
2382.614767 2636.628929
2365.589637 340.458277
2344.886097 2545.655870
2361.936054 2628.570050
2386.476244 2619.099780
2364.514221 2631.195067
2362.204872 2627.920577
2379.490879 2653.270250
2383.090015 1588.216275
2360.806341 2217.310098
2367.206400 2816.508358
2399.395953 1602.176095
2362.099016 328.162804
2378.778988 2553.814109
2378.577445 2229.939239
2378.013017 2556.180929
2384.040959 2665.335751
2370.104986 2576.177392
2365.519319 1595.656139
2368.467041 334.535865
2381.037550 2811.710298
2383.967465 2655.345368
2362.746746 2571.840835
2369.228756 2218.438334
2380.349651 2812.930801
2358.799462 1613.652776
2387.143161 348.625366
2387.906441 2575.505424
2414.748090 2659.183185
2392.186269 2235.021474
2372.337465 2804.787212
2386.825978 358.860501
2418.515846 1603.175794
2398.308069 2629.437656
2426.462367 2670.034254
2396.117189 375.606136
2386.048752 349.789117
2397.916661 402.107388
2393.085304 381.992579
2383.234601 2227.268312
2392.001503 2672.726504
2391.162480 2631.119621
2396.791430 2250.146119
2413.563180 2794.584449
2436.665696 1603.319732
2411.159269 418.144763
2427.313802 2694.102988
2435.661689 2675.318653
2393.442751 2636.251132
2401.616916 2801.113403
2384.273064 2228.036687
2392.230059 2732.736124
2464.736171 1626.481330
2411.469259 414.691854
2421.632084 440.768648
2423.709818 447.725896
2422.881937 444.878294
2418.814080 432.555795
2424.577099 462.029959
2398.983369 2241.948645
2397.850708 2246.204550
2440.897023 2288.643936
2409.804484 2624.446690
2414.309414 2769.328212
2429.425136 2792.449710
2421.790878 437.604970
2453.185422 1615.236518
2415.922540 2265.729197
2430.548909 480.648596
2433.038812 2606.081438
2433.807044 2737.597987
2453.411041 1597.754195
2430.236650 2300.984144
2435.635611 2787.433613
2433.479253 489.137662
2450.797852 2648.280184
2433.245316 2288.949457
2438.710407 2790.532523
2438.588314 2728.506940
2438.276042 498.578749
2424.003685 1603.833105
2436.039850 493.496958
2437.765548 502.000740
2439.371406 510.702140
2445.982333 526.203251
2453.879927 2287.355610
2450.405584 2759.493428
2448.675480 2583.792048
2445.891202 2773.547970
2472.465035 1634.968019
2450.513644 540.999806
2455.647131 2305.771962
2446.181334 2699.986713
2433.481848 2594.022598
2456.883237 2573.603192
2443.103244 2768.895592
2440.790647 2753.961610
2444.332605 2747.795267
2441.047431 2786.619105
2452.101432 540.507414
2463.280861 2327.839186
2453.315928 1622.214295
2438.312073 2571.356717
2463.679876 560.231879
2482.205521 586.633581
2474.155819 581.936730
2483.327428 593.188575
2479.107773 579.197252
2467.483234 2350.132802
2454.493887 2586.512753
2454.613164 600.463774
2486.312121 1657.563369
2446.316281 2559.943341
2466.370861 593.369020
2476.971527 1631.345094
2473.763322 2363.278796
2468.043625 2507.108797
2437.907549 2551.989280
2454.697497 2511.412535
2478.083340 2513.420269
2465.293275 2535.029610
2495.294776 639.538427
2468.031804 1652.895394
2478.404809 2356.631129
2468.950385 2515.415957
2492.269844 623.606504
2495.414454 662.162356
2483.537522 2380.706985
2478.707185 2351.457318
2475.806484 2353.354029
2464.849702 2375.781964
2465.718102 2417.585531
2508.785681 2427.880839
2492.764512 2486.118848
2490.023754 1665.599548
2492.000211 656.147887
2500.064870 2422.968075
2489.012873 2451.155671
2488.181947 2428.635260
2515.848574 2485.873459
2509.071488 658.602430
2489.058994 1666.495127
2501.358602 2464.414329
2479.525485 2466.858514
2489.218888 2401.369916
2516.479318 670.909520
2517.090388 665.809531
2502.752952 1678.528026
2486.808755 2422.939240
2482.013743 2382.666023
2519.292445 674.344944
2508.461197 680.112030
2497.023565 1672.553861
2520.978484 2411.265835
2539.061565 720.542528
2611.570860 819.607225
2532.200762 706.446535
2515.411410 1691.702252
2517.777199 693.106254
2504.944122 1682.694931
2536.885154 721.333233
2538.914714 1728.750509
2551.272879 732.653656
2528.553023 1705.631201
2535.213810 1718.183400
2527.877178 1703.008421
2550.949092 1751.751990
2561.935326 738.649814
2544.799061 1741.410340
2555.208127 734.013817
2558.984445 1778.013984
2605.756968 1773.067141
2569.970487 1789.741134
2578.985426 750.676015
2563.220043 1776.731675
2547.540844 728.103821
2582.295108 1806.598312
2574.941500 1796.287626
2583.282912 1803.977372
2589.096056 763.691749
2603.439677 1831.923059
2596.293219 779.433595
2584.102782 754.784333
2578.719940 1803.414538
2596.201383 777.648454
2589.259780 1834.471094
2601.931721 786.134820
2601.440813 1847.623308
2579.849758 1859.765965
2600.195173 1855.441706
2603.010902 1886.461960
2598.469864 1872.617623
2610.880388 796.914720
2605.146110 791.516996
2646.605939 1891.380872
2628.341451 819.458359
2626.087629 1917.377977
2635.339277 1932.743053
2620.375550 1937.251900
2625.872006 1927.744123
2612.941332 1906.418278
2633.561426 1954.287273
2620.453130 809.422236
2630.531797 1979.367417
2647.501001 845.644667
2641.146951 1962.216938
2636.123360 831.222215
2639.487656 1955.682501
2636.386978 831.162392
2625.670966 815.931741
2644.779258 840.501868
2661.321395 1988.037145
2661.354895 868.680209
2658.821213 861.017990
2633.805948 1979.467576
2651.327830 1992.733655
2619.374034 2003.365557
2668.786369 2019.738549
2646.587913 2002.722912
2653.060604 854.061119
2650.033245 2020.105341
2667.335823 880.277749
2676.693028 904.355001
2690.211707 2029.869687
2676.886576 908.931373
2684.478368 916.984270
2679.096243 2049.192532
2668.734235 2051.963433
2670.985179 2060.102249
2685.590133 2085.678289
2697.170605 2084.624803
2671.275029 2085.343185
2665.678194 2090.293688
2690.121575 948.073803
2701.011798 2099.245684
2689.702182 938.447683
2691.208609 969.843181
2690.778035 969.318743
2698.005056 981.004189
2709.586599 2130.409168
2693.483539 966.859212
2697.276381 979.784917
2711.308413 2096.501290
2710.404620 1001.125214
2709.403428 2133.434782
2716.951383 1014.472305
2713.776303 1008.242046
2710.467859 2101.144183
2709.628671 2105.265485
2716.279726 2145.043009
2709.467154 2144.182247
2722.989096 2177.119419
2738.331529 2208.263562
2742.425047 1039.017794
2735.485122 2209.802565
2729.633128 2220.526695
2742.174698 2222.307731
2731.284486 2201.185246
2726.667149 1039.630894
2720.182229 1033.757043
2719.625110 2230.387845
2745.853885 1053.505872
2744.334700 2241.256057
2742.972614 1061.840165
2780.208018 1344.907442
2750.698337 1393.116767
2751.403073 1395.163317
2750.180132 1065.927631
2767.049848 2256.628228
2745.007694 1358.078867
2755.015188 1410.226940
2751.328922 1087.145918
2767.279980 1326.278192
2746.595700 1087.131921
2774.300898 1408.169950
2749.404595 2238.876447
2753.778050 1074.032998
2790.119139 1336.827933
2771.256924 1398.954173
2757.904368 1426.727656
2763.763272 1435.618198
2760.161469 1441.227947
2769.944120 1453.254714
2806.542031 1449.076233
2745.734055 1089.958021
2762.102500 1321.744683
2762.195491 2245.447188
2758.621641 2251.311675
2790.710170 2280.196512
2772.102710 2272.023756
2766.131942 2261.914806
2788.409361 1129.411095
2774.905358 1362.775986
2783.084596 1460.629549
2799.310365 2288.184769
2780.142056 1116.382895
2816.068094 2287.864731
2818.489813 1405.767806
2773.941138 1461.934763
2779.382292 1123.430018
2804.121692 1166.287730
2783.194627 1477.384711
2805.697774 1571.080152
2787.717317 1554.956233
2806.936146 1576.058311
2790.552354 2284.915646
2813.110913 1580.540919
2786.904834 1124.966411
2790.248872 1365.161357
2805.161553 1452.085066
2795.607907 2295.668561
2787.346622 1354.335789
2775.097877 1543.433334
2799.909211 1589.488886
2809.521269 2329.846571
2800.469890 2320.489860
2804.450910 2336.203307
2796.872947 1362.872082
2799.066027 1159.573549
2795.509454 1452.789547
2813.140340 2364.272168
2798.997873 1161.276505
2794.410074 1149.277814
2824.615487 1539.533026
2824.489654 1581.058774
2813.787395 1583.579622
2817.170397 1615.338525
2810.691732 1647.306198
2803.907977 1660.854248
2793.146505 1650.776762
2801.573602 1382.486659
2822.934064 1468.247657
2811.129330 1167.137682
2838.378098 1673.035885
2810.799924 2354.614389
2811.285584 1558.897743
2801.823345 1381.329833
2811.928936 1666.568400
2831.136365 1179.495410
2817.555971 1449.124947
2827.649033 2367.744203
2847.765300 1215.860685
2834.755122 1395.984934
2813.304119 1671.209951
2836.170959 1579.161730
2836.513184 2379.579190
2842.070824 1472.200240
2825.577936 1690.180073
2822.878068 1703.827082
2825.522504 1690.274961
2823.073325 1714.746265
2840.397330 1738.450779
2829.740383 1725.582963
2816.759984 2369.791205
2827.761174 1180.980957
2809.089288 1587.630034
2861.121305 1401.064532
2839.385663 2391.869540
2855.785241 1486.024463
2840.627106 1750.234675
2867.475272 1203.971491
2830.561990 1575.175844
2855.445273 2394.921183
2855.859091 1411.302110
2839.862788 1759.960748
2858.066761 1476.247109
2853.397434 2392.116093
2861.590229 1216.843013
2865.839317 1391.856884
2860.378234 1539.469521
2847.234281 1790.858036
2840.061543 1469.228252
2860.524176 1790.116781
2825.688909 1769.515762
2863.919459 1804.322618
2874.961101 1838.829434
2847.742061 1421.135774
2859.312738 1207.907791
2854.399562 1564.456746
2812.286975 2379.413646
2852.735887 1814.082410
2899.413438 1505.510857
2899.746838 1846.271742
2864.853469 1859.812114
2880.457197 1863.920367
2884.943011 2416.238662
2878.772708 2443.466627
2891.113808 1431.564250
2859.591790 1859.275344
2875.124983 1215.004169
2862.846792 1813.131633
2852.683202 1574.129896
2873.174276 2417.298987
2886.682589 1469.182372
2888.350716 1858.260425
2885.479900 1868.482804
2877.211563 1885.309005
2881.949093 2443.578967
2892.310382 1228.147867
2891.536905 1419.226020
2880.003725 1539.131866
2883.373925 2448.117143
2874.913845 1459.026963
2879.082433 1862.568910
2877.086243 1215.916382
2888.233465 1498.921923
2898.187131 1897.122385
2855.380777 1891.036407
2879.820468 1910.242251
2897.509766 1922.593143
2880.137668 1410.519186
2884.842281 2438.059862
2877.881486 1459.804320
2899.979891 1936.837921
2900.277408 1240.825428
2885.152949 1454.345293
2886.760346 1531.326353
2884.576627 1942.164781
2898.529025 2457.759090
2892.835305 1234.601027
2914.900212 1456.460077
2887.987451 1984.488991
2909.452442 1997.363708
2905.142577 1998.463041
2906.889960 1968.202694
2923.165322 2036.337243
2914.050613 1444.422863
2944.468950 1521.156042
2893.212849 2463.634018
2911.499206 1254.681764
2904.007060 1971.067620
2898.021007 1977.487221
2924.082806 2050.177844
2893.082720 1443.747403
2942.069910 1450.659171
2944.391284 1482.704378
2915.741761 1514.976560
2926.746655 2495.527480
2902.637239 2472.539563
2933.319291 2502.831119
2911.428241 1259.736006
2912.287225 2004.722506
2915.789397 2482.406654
2933.561440 1463.849465
2921.069040 1426.226811
2892.419604 1527.177024
2930.225450 2053.591961
2925.688311 2066.592302
2932.214609 2060.933931
2916.664477 2045.619638
2929.916764 2503.593977
2912.495673 1279.268233
2957.875911 2542.110617
2916.511498 2102.312315
2921.557533 1453.593827
2954.562259 1470.108520
2947.427286 1505.293619
2935.039043 2099.987910
2931.799758 2086.905719
2937.242983 1297.096656
2936.357553 2059.157099
2923.675592 1488.651786
2912.441803 1478.990132
2950.588074 2528.754844
2937.124264 2116.362853
2914.723369 1269.934140
2943.067654 1457.670491
2938.049947 2114.150867
2935.455056 2106.881656
2933.860825 2177.156355
2940.898814 2154.617486
2965.010002 1296.666228
2943.704287 2139.838004
2954.782758 2538.068008
2930.480322 1450.941105
2945.058225 2171.920265
2964.858932 1303.483478
2928.566439 2183.639871
2955.739893 2533.969263
2947.170597 1470.341821
2952.880759 1307.954215
2952.317320 2192.522948
2949.288049 2188.993886
2984.682475 2236.256490
2952.655357 2534.326293
2936.985888 1320.801199
2970.276709 2225.175687
2977.200821 1444.696224
2962.487864 2538.983585
2977.621296 2551.416417
2990.951418 2571.794461
2979.639258 2222.238884
2999.953653 1340.710895
2971.962487 2224.646940
2983.270513 2566.673278
3006.724105 1480.518764
2972.952268 1314.954776
2999.297873 2263.094422
2976.501324 2578.738416
2979.174677 1464.524153
2998.955178 1331.065549
2992.701294 2248.196478
2994.881053 2243.831145
3003.728294 2280.506779
2997.423873 2578.769027
2990.232402 2254.984703
2986.966891 1479.282358
2980.491462 1314.898158
3004.665486 2576.955729
2987.457244 2302.258888
3012.006517 1365.591130
3011.191053 1474.529030
3005.542085 2568.562456
3004.398347 2288.391517
3011.023850 1348.753916
3009.153832 1481.152045
3013.854746 2573.366730
3038.347395 2316.686213
3031.633082 1368.597735
3030.537230 1485.215300
3010.555724 2295.908870
3032.171527 2321.808117
3031.893154 1486.428125
3033.665333 2569.425891
3030.540522 2315.122292
3017.709802 1355.748219
3069.077340 1504.742438
3016.474168 2575.101505
3019.979896 2314.754139
3013.984231 1360.096387
3045.013061 1493.065360
3045.096159 2571.041003
3023.354507 2348.911352
3049.451090 1388.213660
3054.570100 1496.487811
3058.118989 2572.176429
3058.663221 2344.890619
3046.883995 1377.710374
3086.835723 1511.726522
3045.151718 2330.790131
3069.999138 2364.717782
3070.368916 2569.754121
3064.594616 1395.446310
3074.600380 1506.539172
3056.325808 2352.645073
3081.820326 1397.530441
3083.048873 2558.170496
3072.606151 2366.081301
3077.266258 1501.028776
3078.262071 1389.536984
3112.312087 2568.841044
3092.543700 2372.319214
3086.549859 2376.434115
3103.413380 2570.329581
3079.160947 1401.578496
3070.593951 1433.821073
3108.450012 1521.064306
3105.619157 2374.094841
3112.109518 2568.190863
3082.521834 1504.613860
3094.617742 1410.742254
3081.990489 2386.249214
3105.513960 1525.542533
3100.871101 2363.086980
3115.726780 2563.337886
3101.605491 1420.380723
3099.163143 2366.721316
3097.011843 2560.073434
3165.566167 1517.391753
3145.735063 1415.312452
3112.323355 1527.401770
3116.563273 2549.136375
3126.114162 2378.520362
3118.798750 1435.676909
3143.500361 1529.356076
3113.116693 2564.724389
3112.661368 2349.345522
3148.566245 1423.145677
3135.925317 1526.885973
3138.308627 2545.010644
3148.614525 1410.026393
3139.609431 2364.510706
3148.335900 1527.845986
3157.890698 1463.206720
3163.631314 2537.787031
3150.937676 1433.135677
3145.202360 2376.774870
3151.900984 1524.825698
3148.027522 1477.431043
3133.956656 2521.126709
3150.278354 2388.936476
3153.285390 1522.000041
3141.197787 1464.398784
3205.733920 2521.323043
3159.542967 2372.775051
3181.079281 1530.091195
3175.061102 1467.152918
3158.979124 2374.721769
3190.512455 2413.825492
3181.686189 2404.923216
3160.020049 2390.940910
3186.110450 2526.910181
3182.191351 1527.143090
3187.225103 2414.579547
3174.654556 1472.333905
3198.330308 2512.704396
3176.238059 2404.970685
3206.292487 1542.198616
3151.539311 1452.402912
3208.167024 2519.754136
3193.086872 2419.366495
3213.744832 1527.329893
3183.145056 2519.400431
3197.979124 2482.873874
3224.394069 2465.496654
3219.276552 1462.860359
3213.375164 1546.937673
3211.164259 2492.804483
3208.517221 2434.946919
3205.306194 1472.952967
3225.633692 2448.597609
3226.393941 2471.202290
3215.174034 1514.535301
3228.404338 1464.750283
3224.539094 2453.556817
3228.606639 2460.443765
3228.611903 1464.309554
3217.346998 1482.615298
3210.932217 2500.118042
3224.035450 1472.835545
3213.678566 1537.158004
3216.420963 1487.590762
3194.209357 1507.974226
