14.645869 1609.208779
-0.905212 1658.633757
10.412823 1647.218849
170.501855 1637.556672
6.175078 1625.449796
-4.430934 1641.404944
26.994004 1691.340785
14.211102 1684.295953
41.628629 1691.036843
144.463762 1725.639616
62.559089 1694.771148
38.976982 1680.736849
46.949738 1684.803500
38.591236 1700.763560
103.413053 1728.715372
39.274553 1812.078354
90.186659 1752.989307
31.685108 1728.162860
124.267361 1843.705868
101.039106 1590.653040
150.472393 1727.834050
60.797049 1666.686201
104.800862 1869.581000
62.494305 1892.989876
113.161712 1555.439129
141.390568 1859.262818
135.449635 1537.604072
121.074101 1607.328334
76.182597 1533.238548
135.499915 1664.619519
54.968892 1825.483069
124.178414 1605.587906
107.538729 1549.959405
126.454916 1793.231320
93.647045 1472.581718
142.363824 1904.097567
139.685413 1519.803189
138.245968 1500.017671
149.624000 1852.215592
103.441962 1471.353558
125.174875 1896.718387
142.038874 1519.830060
121.854739 1867.972514
62.335983 1843.885358
42.571361 1551.086312
98.240741 1460.009524
126.711799 1961.603087
134.351612 1470.935491
146.980402 1886.243857
175.157930 1417.046423
61.096243 1869.339779
122.014760 2480.826689
102.543520 2528.036049
230.448067 1359.573884
45.504568 2494.136339
115.904614 2574.478807
131.097143 2631.269461
99.461141 1887.955635
104.599099 2560.840067
143.725695 1417.314491
115.308640 2548.751312
156.819572 1413.190491
157.623055 1922.551276
121.935437 2381.280169
168.309315 2382.866881
103.328238 2370.885656
201.385341 2384.319995
147.472540 2445.068127
191.455775 2481.655000
164.356532 2486.937635
138.030616 2529.758860
90.405095 2499.724632
164.266667 2573.158410
159.968492 2619.611425
96.797783 2564.072726
143.504206 2697.540736
196.459981 2648.801971
113.918122 2400.693534
152.347371 2495.575460
206.032449 1364.703057
195.947102 1975.879775
127.212153 2683.734019
143.831894 2492.966407
106.454739 2353.466605
129.993871 2500.237755
215.451254 1971.944462
170.290104 1380.847624
142.850636 2329.894464
137.511971 2286.016469
46.125515 2496.241256
113.745495 2473.133617
185.249414 2453.477059
139.891847 2691.652387
132.902660 1956.117626
164.578288 1401.633347
175.702881 2319.383810
193.490158 2333.283309
257.967580 2006.585303
180.944886 1306.530215
172.485030 2041.586924
137.951760 2235.559883
123.854931 2695.125221
130.755258 2654.414425
159.550819 2679.202086
168.034274 1338.587161
134.548283 1978.214904
262.499936 2754.111015
198.203554 2200.193763
194.378698 1216.886626
125.825986 2041.780577
213.234200 1947.691761
185.274319 2301.475071
167.606029 1317.912212
147.894622 2021.294082
278.031322 2678.950453
194.826951 2324.667234
201.054908 1184.917230
247.496535 2037.591888
220.169052 1244.372152
185.785985 2063.613149
177.234232 2244.663061
159.732843 2697.184870
207.307883 1288.298197
194.933464 2155.457685
256.080709 2330.737077
215.760177 1184.837221
123.928935 2092.992314
327.396525 2166.707402
185.993355 2140.592161
233.990784 2234.977057
220.147409 2262.073902
194.030738 2281.818884
235.046328 2207.603936
234.095544 2147.700141
178.146550 2606.767842
211.999493 2655.082487
264.625574 2611.606455
128.512656 2067.180992
203.874249 1334.875419
138.557709 2646.567248
192.206339 2126.802970
218.657362 2189.564492
236.607006 2045.782002
286.229781 2170.090155
251.982239 2213.943055
193.629819 2624.001384
211.156890 1282.721786
219.029459 2153.263918
207.579689 2081.541137
214.207685 2680.169259
211.540404 2663.573359
219.886214 1168.960014
232.485740 2186.244557
236.087467 2489.076545
217.924839 2584.100323
258.793908 2617.599465
177.686432 2680.395398
297.015927 2682.175157
307.028666 2688.040251
288.343974 2207.460267
213.094066 2530.741481
224.579404 2649.959666
216.020186 2116.748554
203.256838 1174.694925
211.011921 2613.785708
212.816086 2483.595499
226.858373 2529.469634
214.108580 2184.557326
253.077699 2634.932118
159.741196 2207.537172
159.367303 2196.086672
186.223179 2483.448643
247.882612 2489.409782
264.330419 2494.314204
254.213985 2574.960746
281.817792 2619.976921
255.938459 1141.009397
232.070174 1240.389885
211.138696 2519.822371
264.176147 1131.751416
146.294516 2418.836605
357.295588 2419.500532
174.270326 2381.743671
231.076474 2485.315080
234.254678 2492.835549
229.816385 2475.686860
192.238260 2407.309092
261.650904 1090.754100
199.170876 2339.378265
220.472275 1153.370396
257.617444 2450.996644
203.890578 2357.025499
297.724105 1090.489314
215.184739 2435.179518
262.635129 2339.843152
238.234654 1144.117428
272.395990 2297.482538
279.453534 1120.081337
311.815903 1098.612578
303.794141 2420.012083
268.000810 1084.821251
286.963934 2387.549505
280.077959 2332.353302
230.288649 2306.265451
260.136785 2321.558047
267.458738 2332.855912
358.843826 1051.892490
255.253470 2261.472865
265.723889 2328.132556
265.128368 1099.699105
282.002964 2215.064930
314.171717 2214.902626
266.367539 2325.293981
340.818520 1063.783472
331.411195 2177.688372
398.813609 2300.066609
367.777294 2228.061482
354.306145 1052.435494
382.843915 2250.084221
332.305469 1090.321527
369.208704 2207.984650
288.022623 2187.663209
332.515550 2165.918709
289.523982 2222.286832
350.589118 2226.856120
341.107709 1072.928448
351.576442 2208.823407
371.965700 1045.970056
351.343821 2114.061120
340.599308 1060.876001
370.024803 2159.321890
303.349679 1041.355205
310.136938 2143.855100
355.087504 1006.616743
331.682497 2146.053127
302.108693 2114.463606
342.039943 1035.684658
400.307430 2206.904551
376.648574 1023.254200
357.121601 2195.789222
368.598177 979.730082
447.159492 2143.612288
416.469088 943.605305
407.647171 2265.948805
392.458044 1025.037570
389.549496 2184.890073
408.040924 930.813819
399.546608 2241.473982
377.977882 1007.636634
406.010216 2199.429401
419.364510 992.328654
388.546007 2278.591633
405.441751 2228.296929
376.667253 2268.294286
445.125514 905.078932
456.791803 2267.480095
502.044897 2285.702084
425.212343 2315.884531
426.220601 946.546877
468.325482 2269.247777
475.878960 2282.927729
342.480619 2329.364050
443.685977 867.690052
371.744419 2238.608809
429.597156 907.803818
435.548368 2318.266655
500.852360 2336.160741
437.001455 873.925754
502.224535 2372.505437
455.920994 2379.328131
451.752908 901.655859
434.765912 2307.821471
407.171435 929.732860
440.230877 2514.039952
488.886002 2447.750978
460.689652 892.224345
477.735068 2320.974364
486.374277 899.048552
517.020300 2446.235622
452.626798 2421.909048
508.450474 810.188904
436.157618 2493.731567
462.252188 2481.461896
472.798722 899.681147
459.742177 2423.000610
521.488200 2529.593053
559.654646 791.942868
490.940824 2530.847450
549.540331 2588.217143
495.268284 2511.809117
572.173032 789.273799
438.672778 2486.492429
490.552934 878.850151
515.578924 2501.570157
532.901515 2518.163181
437.210615 922.138343
494.863327 2513.801324
454.760855 2457.957267
534.110046 853.247123
521.398732 2571.019824
497.893645 2514.418891
488.019815 2600.185307
625.414344 2644.102336
456.347370 2649.222124
508.802918 2593.790429
502.628100 2629.685835
578.959591 2678.963627
505.275517 2691.133643
513.680244 2662.797330
550.365952 2712.132178
517.879894 816.780275
470.047249 2577.974471
542.054660 2717.487277
593.609288 2902.005215
565.509385 810.722378
569.967750 2712.394136
497.581322 2942.212119
612.851984 2893.947685
562.907665 2642.871751
543.890567 2846.707268
512.530500 2924.356830
488.448910 3004.487398
568.902083 2937.684755
494.532594 2853.034284
587.517357 3163.351062
572.915976 803.665810
583.020246 3162.036591
541.079907 2703.885774
596.678871 2732.016602
672.307734 2760.956874
552.824658 2854.515738
641.118122 2894.789486
551.226908 2933.644576
570.542700 3118.992441
646.869889 2903.957547
641.962758 2898.100430
564.432621 2952.355036
618.569403 794.116982
559.484963 2794.603056
468.949592 2780.540336
551.813247 2894.165358
669.019641 2894.448587
555.839391 2904.233100
611.104844 2991.090166
642.156854 3233.859185
635.197277 2749.558738
544.837660 3086.448058
519.959436 2936.749780
554.915213 2721.430854
550.842519 2772.057028
588.289299 2714.890520
613.678263 2846.157769
485.141667 2828.467912
539.433912 2729.858118
609.579254 2778.691465
484.071984 2716.052616
593.471861 2846.532502
561.998998 2910.040379
577.942367 3058.653516
521.882234 3083.724762
507.354073 3062.611998
613.859494 3160.215013
602.146822 760.566375
645.398312 2923.654362
570.875324 3092.027165
582.635868 3193.686019
626.098781 3052.029820
617.663235 3108.169784
583.020792 3117.652406
588.703363 824.214150
575.219664 3148.221597
600.147280 3155.177823
677.636920 759.441317
612.367408 3225.570442
534.485524 816.500963
652.811950 3149.407541
618.115896 3291.946876
632.362776 803.191821
609.721540 3203.004845
626.481478 3246.995141
700.106290 3228.619129
700.071012 706.522756
626.027689 3245.414370
539.755516 794.302509
583.513665 3293.304211
577.332762 761.739169
608.800267 3190.803267
695.887018 703.280366
731.892925 3228.060640
574.333232 768.701573
628.346338 3247.151364
677.287086 705.001554
647.105092 3214.950324
626.756122 768.582754
736.760719 3251.561631
655.519346 738.386990
750.552152 3267.699218
651.313556 784.028022
682.071240 3217.603600
662.765041 756.222789
687.396841 3232.030446
715.876695 710.541433
660.626297 3275.820857
732.052127 762.527941
754.941963 3265.689299
694.287374 699.941253
766.398558 3259.808763
742.541869 735.200712
721.752392 3239.257341
787.071432 739.893856
757.990342 3186.847026
747.625788 679.888978
787.628358 3281.765514
792.240095 735.261006
753.256660 3244.188580
843.753100 691.155901
780.505294 3286.095135
779.544545 686.280273
855.828111 3260.763063
825.373372 727.175571
798.270700 3294.025627
809.133003 663.920355
758.507692 3256.154000
831.522481 682.368866
873.252400 3249.523605
874.041859 689.675731
821.935246 3291.455054
845.452879 720.555051
795.312487 3277.604250
879.261246 2756.052358
908.378481 2665.747902
896.660441 2876.409230
796.888972 684.104849
824.214196 2712.246251
807.432371 2663.530625
792.540961 2741.652381
878.165529 2773.177459
854.322823 2759.456935
727.609340 2810.146002
919.933673 2789.424846
852.018704 2790.101934
833.337120 3287.136429
887.141607 2643.283778
907.009497 2774.098255
813.901533 2762.123335
827.874645 2828.077873
839.918797 709.270645
897.456136 2713.009142
875.040527 2831.514827
840.038646 2648.174569
874.001361 2776.387159
823.597495 2741.519445
868.665033 2818.762354
930.106438 3138.314007
902.158841 2749.826105
877.564047 680.124099
877.155240 2607.079977
880.808171 2651.753010
858.402085 2634.600115
879.034507 2638.069744
793.701171 2932.210508
901.172492 2582.572360
832.340798 3231.140607
882.559221 2602.615688
885.321468 650.058591
794.180849 2535.432741
852.732112 2928.921108
904.124113 2924.912544
878.179488 3017.239064
894.768617 3245.116172
940.371192 2987.139589
893.353360 2879.295018
948.534839 2952.423528
919.666057 676.049786
883.977755 2627.056727
908.190218 2889.268909
878.155045 2889.982456
821.472933 2899.542721
853.405096 2984.039207
869.235874 2981.413091
856.112440 2979.423395
947.028759 3048.307941
865.359648 3156.460792
829.818666 3022.054714
893.296357 2950.739276
866.305555 3184.087894
868.973130 3240.499361
844.720618 3000.006317
904.368317 3073.073746
824.575081 632.006850
806.204343 2591.987101
875.971972 3084.705155
878.094237 3180.173281
807.083510 3281.180590
854.307820 677.662835
901.357836 2580.267604
907.233882 3029.578337
930.650473 3205.318568
955.644378 3101.254328
919.591653 685.436661
928.742027 2594.099210
858.245919 2981.794971
861.073796 3252.684213
891.867072 661.209841
939.787193 2659.989455
926.539477 3065.359812
883.268493 3227.672877
884.978031 3019.089015
940.870765 640.930466
954.538479 2564.681140
904.113659 3155.786584
926.474814 3189.574690
966.757941 2577.125620
824.855868 629.907992
955.525373 2662.050145
945.170241 3178.271438
998.041044 3191.787423
817.049458 3271.366565
1036.143509 675.533592
964.308335 2661.051457
869.139697 3111.935689
937.777016 3183.709872
947.268887 655.196143
957.524477 2564.384756
1038.730853 2686.997368
927.968039 3131.466144
1010.295763 2650.551022
911.317593 3121.515314
902.485220 3135.381291
995.077208 647.607827
957.321354 2660.981377
966.166473 3070.801812
1030.406328 3092.012577
886.704569 3054.501202
925.864521 3104.944703
910.662599 3136.133688
874.654463 3208.749358
976.408612 3203.081801
962.208396 2696.218985
990.953342 3170.493344
948.030111 681.919546
985.210000 3190.881091
946.655786 3183.715969
997.367818 2678.949747
1000.041260 619.471795
979.651631 3205.259656
937.529822 2630.929514
1050.257535 577.806618
994.401396 2815.255631
955.218388 639.837809
987.016184 2682.110195
1046.345727 2598.891972
1025.655039 675.538321
968.350337 2668.945101
1016.507425 2745.898835
1010.533181 633.672326
1081.852042 2772.502926
1036.374666 2757.305658
1136.063546 617.264848
1046.058058 2785.046719
1035.128404 620.012471
1028.304440 2739.188202
1127.760817 2793.541030
1037.775725 679.526731
1139.318956 2762.208886
1015.224409 2746.130308
1132.841250 574.090534
1033.520995 2764.334012
952.613224 647.634436
1071.447190 2787.098228
1101.359916 2796.325321
1094.115925 596.375746
1112.970680 2802.476329
1125.819555 579.704925
1108.954943 2811.599518
1138.542393 2832.962896
1062.015738 639.916272
1161.308266 2931.038705
1134.938950 555.887870
1035.804606 666.750823
1110.877961 609.937415
1167.098882 605.540853
1107.310354 2881.220477
1110.235966 613.222304
1127.703096 2879.253898
1110.473322 2805.210845
1044.014579 584.026641
1091.245032 2885.917996
1155.096703 543.359180
1128.453551 519.163104
1108.211201 2906.056642
1132.158244 525.133293
1143.250049 2894.074461
1171.258670 589.417697
1095.518863 2838.000343
1121.320874 2881.631961
1089.118314 524.086114
1153.923896 2896.807611
1182.952434 2912.137768
1157.254224 558.482103
1166.627616 2979.608338
1172.148844 2939.885337
1182.310516 497.541355
1172.361568 2934.059590
1130.550017 584.818086
1270.582004 2966.702031
1271.969850 2990.036868
1126.928694 508.611429
1171.799077 2936.541064
1250.889165 454.364953
1149.852090 2905.417874
1187.434296 2974.904276
1224.012471 3024.994245
1259.920114 458.046922
1286.858440 2948.624207
1208.375840 552.050702
1187.245615 2322.980974
1114.405258 3010.350895
1325.117044 2300.666268
1196.740997 504.119247
1102.424692 2361.040624
1234.319534 2970.325063
1239.934975 2310.845360
1193.254017 2317.014550
1289.365846 437.766050
1260.843011 2351.278959
1285.273482 2314.907225
1160.885828 2398.323055
1233.324971 3034.596614
1295.080185 445.009344
1240.304803 2334.226475
1232.585192 2305.366783
1193.421055 2451.529436
1235.147452 3049.959466
1226.058755 480.933879
1261.312590 2384.019960
1265.149496 2289.350203
1325.372058 432.385764
1287.773561 2310.907265
1277.751960 2403.030026
1281.043801 2985.942907
1292.309509 2219.849515
1245.954331 2401.081538
1313.659315 3077.616121
1236.481687 478.647441
1327.170439 2423.103246
1220.476261 2373.707831
1282.877191 2314.716516
1258.177622 458.881355
1300.822886 2466.119948
1300.442732 3021.730535
1358.846847 2507.355818
1333.736241 2304.689766
1251.344295 3005.627268
1219.389126 459.862727
1286.660061 2417.436397
1327.339810 2495.182267
1305.264880 2214.598099
1264.509371 431.251540
1365.335937 3040.898322
1321.215591 2416.136960
1294.808314 2327.002302
1259.254927 2590.476561
1247.137878 472.233157
1297.232157 3040.313281
1374.561625 2510.230994
1304.922148 2393.418836
1288.877231 3010.836162
1347.798311 434.813359
1323.669559 2487.134366
1315.922917 3009.193230
1327.995550 2166.958807
1289.640333 2551.609882
1300.553082 438.217299
1313.257711 2548.729135
1358.809671 3020.519106
1328.018379 2252.400706
1331.977631 2541.174180
1354.100084 443.656142
1336.450742 2571.708847
1329.116812 3031.506496
1339.455107 2280.765774
1334.726878 411.634253
1350.660506 2543.305040
1343.116598 3031.917573
1318.610755 2205.042503
1381.815138 436.844201
1385.557663 2653.287796
1444.350457 2984.018991
1398.102096 2591.962738
1325.498421 2240.144948
1305.677274 438.873632
1295.391037 2982.997238
1347.819644 2517.295859
1338.102068 2297.327728
1347.965934 2604.709239
1306.986068 3057.578400
1398.658348 406.774496
1230.690820 2614.320015
1378.554933 2279.703141
1367.730997 2595.107073
1426.961576 2980.261584
1368.885849 369.775644
1434.825522 2169.064372
1330.333502 2545.463805
1360.087872 2591.504336
1308.285305 3068.115439
1340.375310 438.104222
1449.858186 2519.528836
1353.895850 2225.638232
1357.354410 2601.728281
1390.533508 2908.493149
1392.541913 3006.681990
1399.698192 2896.989727
1321.973297 451.185723
1473.887008 2255.895344
1411.356828 2670.491953
1434.138155 2888.915751
1376.702796 2648.128147
1420.337259 325.729911
1401.123452 2652.794397
1488.014830 2214.041951
1447.622388 2961.160976
1431.053012 443.167869
1376.552524 2712.660238
1411.337429 2977.427826
1464.834520 2193.851324
1447.677422 398.153920
1471.818623 2645.368488
1382.591488 2860.387953
1469.618735 2198.252194
1477.790439 2766.845826
1440.806027 310.177836
1457.053732 2909.490855
1475.498958 2228.504085
1478.519289 2707.942227
1447.477345 424.089062
1473.834940 2883.105352
1468.104365 2204.608053
1467.909462 2911.155917
1381.625097 2645.115308
1433.836638 339.855822
1467.478177 2243.486367
1373.519495 2916.601271
1543.251442 2622.234521
1504.995063 347.015171
1425.840489 2209.227606
1438.386402 2884.362159
1472.525179 2645.451495
1506.871010 386.213612
1427.481741 2222.475598
1560.471292 2817.825582
1486.451577 2683.805715
1529.131906 348.632719
1471.467526 2090.555341
1532.112446 2826.258823
1530.960867 2805.936120
1517.352591 407.055640
1464.848335 2940.725431
1492.418330 2181.475685
1481.622360 2654.951996
1484.178185 2822.035025
1497.306517 407.678575
1516.360456 2204.771024
1534.931074 2714.603524
1522.660826 2893.747716
1532.695671 354.485610
1539.725588 2662.362726
1568.062172 2220.446310
1529.285378 2892.246344
1529.344035 2238.858442
1611.211495 2305.774250
1566.238441 346.061703
1522.311328 2684.983585
1594.496127 2789.617071
1478.936855 2252.515152
1465.988456 2678.672509
1519.393536 2301.539365
1536.482436 280.160744
1569.176914 2281.762458
1571.032009 2824.726933
1486.756193 2649.245085
1498.725518 2793.282163
1583.833722 392.618965
1566.002479 2276.929557
1615.382847 2720.917473
1534.589259 2870.635167
1506.884691 352.308274
1578.437067 2208.595426
1547.207444 2703.243028
1521.230202 2686.714471
1615.732576 2663.403362
1518.119070 2780.371738
1590.577453 2778.542615
1535.014606 2821.048009
1595.024770 2294.910052
1688.878169 318.730306
1575.239433 2807.085609
1651.198803 2685.918078
1578.399464 2822.832804
1574.450985 2801.578714
1557.947261 2742.687457
1539.974574 2280.851063
1510.348901 310.086731
1549.021751 2286.851809
1554.425378 284.836974
1616.529268 2281.482322
1589.766413 328.419030
1666.733082 2293.614265
1531.068555 327.779628
1641.400782 2313.789274
1579.794314 348.339604
1654.780052 2311.117016
1581.588219 358.357766
1604.737293 2248.722303
1705.820973 264.949682
1721.065394 2285.895055
1662.543933 275.811794
1611.355975 2309.756417
1665.260890 276.143130
1660.608722 2282.842557
1668.922258 278.509504
1699.995960 2287.462204
1685.859065 348.172792
1619.417856 2371.521897
1712.346381 297.216606
1682.758312 2281.989289
1729.799181 396.603238
1711.401720 2298.431914
1725.130874 338.778059
1777.479191 265.175489
1618.455048 2295.531728
1571.710896 282.989699
1719.778622 2276.108870
1667.892572 2269.860869
1733.126645 267.020520
1789.837151 2388.989470
1703.388652 289.998138
1683.905772 2204.097062
1837.326566 281.617907
1805.717688 2356.874369
1745.108912 257.900315
1805.009487 2388.738484
1779.417754 226.338408
1755.350853 2279.299065
1776.434854 250.430775
1834.809600 2404.718132
1739.025953 2318.814351
1845.920915 213.274750
1783.114272 2320.853251
1836.515991 177.316994
1810.254064 2335.496278
1842.094770 277.603975
1785.264349 2327.727852
1896.429268 172.391705
1808.799614 2335.513623
1832.971547 2413.179204
1842.465372 277.518405
1887.300710 2389.590662
1797.210254 245.994493
1889.790381 2421.706053
1867.375898 166.301863
1824.610523 2406.606854
1951.175147 180.420345
1838.151934 194.807238
1877.804577 199.321378
1821.453391 2395.669423
1875.919578 182.633707
1847.957703 2374.814822
1936.138590 118.682685
1922.538897 2439.359468
1920.605059 128.483795
1901.401064 2461.909068
1921.262546 103.170645
1883.678814 2428.901866
1918.442963 172.770133
1923.484090 182.018929
1965.193409 2465.539662
1888.072614 144.406893
1889.056909 2427.581640
1985.753508 170.461314
1889.667651 2405.097335
1887.032468 2439.825144
1996.401648 129.732184
1869.467896 2448.497110
1923.160602 112.706659
1921.346455 2467.209605
1981.877826 130.932975
1969.624437 2472.338318
1953.503381 2558.176464
1903.720295 153.767835
1919.864016 2440.256993
1950.756771 113.444529
2013.312468 2549.634771
1961.147964 133.936254
1958.773762 2547.885891
1920.176508 109.189663
1882.168715 2457.993884
1963.804791 2468.986768
2002.319106 143.381943
1983.125532 2575.684987
1998.665598 2551.055975
2050.667251 132.640542
1933.750412 2505.563713
1971.567971 181.915437
1945.323414 202.659019
1961.853551 2502.870353
2007.557635 2550.174508
2058.378775 2606.710355
2121.414339 2585.010694
2058.408205 2606.525406
2069.224311 161.398916
2027.217621 2617.107997
1954.600467 146.661050
2100.757332 2643.783076
1995.012575 2573.403055
2081.673229 178.663829
1972.086326 2575.478650
2004.153834 148.388679
2028.085266 2591.039800
1984.711668 2584.906461
2059.573268 143.692608
2035.963937 2656.040791
2077.856118 2692.735616
2145.764523 165.676002
2032.566742 2665.319854
1990.871837 140.909210
2068.881161 2687.237705
2017.494583 202.409357
2104.825403 2614.275996
2024.884193 184.749506
2118.939554 2701.305899
2118.175671 160.498101
2100.205198 2677.721195
2025.354099 2659.050392
2070.516416 148.671426
2166.092953 2736.707173
2013.631793 209.726827
2124.664369 2739.312619
2115.016152 2662.245722
2091.279168 140.912692
2146.675416 2775.706625
2098.133569 1257.655843
2159.804388 1317.349669
2087.459985 155.061919
2146.487875 1310.284280
2178.444384 2759.445935
2136.276635 1253.894558
2179.606280 216.452431
2191.422573 1305.078374
2033.510003 2758.039547
2117.387143 1375.278092
2205.158203 183.953666
2158.001998 2772.111852
2165.718156 1332.906395
2138.274147 2640.521615
2205.047738 2741.469904
2072.931972 1433.145280
2206.904388 185.930478
2114.614622 1233.776960
2187.202782 1369.605349
2164.597421 2771.072036
2145.074353 2769.191239
2214.891270 175.693796
2114.763341 1435.912168
2240.230736 1324.031551
2172.766844 1355.168946
2196.363244 1337.737967
2216.390641 2685.024957
2155.220492 216.374781
2207.471088 1293.195556
2175.496578 1341.444881
2108.723045 1424.881299
2181.614664 2652.631935
2248.102329 1300.313080
2211.222635 1297.729069
2220.801323 1370.416639
2191.061683 1502.552527
2155.661237 2780.194204
2108.541009 145.650027
2210.807040 1386.497339
2151.514692 1356.980117
2134.770087 1423.696663
2182.270748 2735.376347
2128.353740 197.931523
2130.129555 1385.246266
2198.444329 2744.083646
2263.932560 2787.162488
2190.289345 2766.759996
2157.302325 1358.527801
2218.661479 1460.668869
2199.153554 2834.268032
2217.262582 1350.163622
2181.545905 1385.283975
2130.333323 213.976363
2246.806192 1413.360364
2211.773323 2861.742652
2170.271967 1331.731265
2235.987833 1311.496221
2186.442311 1432.974391
2175.505441 2796.712915
2226.783460 178.231335
2232.091569 1395.438165
2253.649210 1302.482191
2228.879100 1401.854766
2292.153282 1570.596943
2236.139423 1343.058233
2238.016091 1441.523347
2224.021543 2810.219531
2163.619166 174.942125
2143.605305 1359.224815
2280.324072 1518.066265
2192.704998 1498.922248
2233.853556 1550.571682
2258.514381 1413.116889
2265.370723 1483.431246
2259.613859 2860.115067
2192.620583 251.888877
2248.136765 1635.559075
2257.073625 1305.215682
2237.094333 1551.773500
2229.532358 2787.013696
2352.987832 1591.936932
2192.483879 1460.414182
2171.488046 1342.243839
2246.690649 1342.533811
2330.299154 1626.056069
2262.350347 2856.502795
2238.150356 190.464482
2248.783096 1594.321562
2333.867726 1729.181510
2206.215945 2854.810345
2305.273669 1483.647612
2342.550155 246.020825
2289.391415 1492.552389
2255.275857 1682.659944
2389.026244 270.707789
2310.047302 226.606363
2204.359871 1511.798492
2308.466837 1576.399875
2241.528455 1567.609529
2337.714410 2877.423805
2262.008148 1519.938834
2278.653454 1605.223754
2199.115696 242.542251
2223.427033 2855.797330
2316.917927 1415.558228
2254.021230 1453.818014
2313.544317 1525.524404
2270.302352 1699.257809
2330.002533 1672.070359
2255.098419 1621.902551
2333.787088 1729.044186
2299.742428 223.070780
2224.112805 1468.974410
2271.250375 2826.344591
2243.251840 1678.520769
2205.967000 226.515870
2276.478602 1527.218574
2348.252819 1664.570091
2297.191924 1659.168732
2240.029510 2874.570489
2247.874158 1517.566774
2412.771535 1811.233460
2246.696172 1774.768179
2249.269028 225.297485
2339.102743 1618.072916
2346.463246 1781.737716
2253.900438 1749.875467
2294.284807 2812.261005
2300.282556 1618.235810
2260.624782 267.705509
2270.865703 1753.633277
2303.304744 225.355360
2249.569275 1709.947208
2260.609600 1859.588719
2318.193105 1764.971673
2316.169445 1515.180107
2301.325854 2875.953985
2212.179165 184.939089
2294.176962 1795.401092
2327.241921 1786.497852
2258.918404 1825.031023
2285.057030 1881.589093
2350.241572 2884.967465
2309.471928 1552.223019
2322.287741 267.278317
2294.509862 1881.413293
2247.728780 1768.039017
2328.487036 1857.341673
2320.841321 1818.224553
2308.923296 1952.030664
2294.715536 1930.674758
2358.414270 1944.396103
2328.832753 1966.599513
2283.162847 1949.025861
2236.846262 2159.938291
2409.096128 2233.365778
2310.163356 2133.669022
2318.971287 2220.532977
2290.004336 1902.083662
2315.495916 2820.388618
2335.914566 1525.552012
2310.010691 1873.503310
2378.586778 1947.594145
2315.684649 1857.180368
2325.988548 1856.027266
2335.769015 1951.490682
2302.903042 1921.781670
2295.260938 1971.993330
2312.525192 1944.496774
2345.442130 1999.851849
2273.357808 2086.692322
2285.811607 1959.688129
2329.665674 2133.905349
2298.527169 2002.494611
2323.603036 2163.015356
2337.687339 2128.125551
2261.246895 2091.066808
2404.476004 2155.453053
2258.110828 2100.701254
2326.400445 2101.305568
2271.856865 2098.544159
2371.021190 2088.974356
2296.172403 2158.993720
2345.912491 2127.582904
2248.506421 2115.996218
2333.961666 312.798712
2315.720682 1502.182579
2267.600286 242.646831
2258.998889 2222.353547
2340.046736 2883.306321
2340.959342 1529.937757
2401.175017 277.977511
2297.254251 2595.673571
2309.413395 2602.684807
2360.074992 2169.273903
2422.874956 2831.693436
2363.217412 295.118947
2347.537986 2630.695452
2266.011200 1521.445865
2338.914186 334.826995
2252.949646 2577.424154
2338.163872 2562.349723
2346.647417 2601.499515
2342.477128 2234.563932
2328.482281 2842.000801
2355.772690 2576.892705
2309.465339 1553.568431
2334.102762 287.682148
2401.430983 2544.498328
2314.596166 1598.272859
2405.036770 2218.211387
2402.070788 2798.588763
2404.102343 2588.497932
2308.020139 300.938576
2269.339564 2530.639900
2379.562209 2590.630084
2381.302990 2706.813771
2402.592313 2576.826183
2451.164308 2638.114434
2342.429618 2683.855523
2272.003634 1598.894704
2390.210251 2235.016711
2389.600852 2786.842194
2377.763678 1646.841343
2338.092736 296.572759
2284.866770 2547.478621
2325.504786 2217.630183
2384.113123 2453.254625
2456.244827 2699.659838
2325.173369 2668.699450
2392.104046 1607.647992
2304.798789 317.886017
2362.042525 2871.815024
2362.909894 2695.794100
2423.392119 2643.010451
2354.992877 2122.977175
2298.447564 2850.764928
2412.100244 1583.389378
2358.315372 344.245717
2440.778429 2571.318068
2369.009608 2647.300704
2421.313482 2247.863419
2400.556591 2714.264390
2429.415641 362.915360
2450.641347 1588.465783
2368.165656 2614.444021
2485.674698 2739.359700
2408.785926 296.911315
2392.084888 421.177439
2365.812709 360.129275
2435.722337 501.467736
2436.477774 2260.428814
2347.006642 2737.988502
2465.813187 2607.858126
2387.379937 2272.071236
2503.750483 2783.776119
2458.057421 1519.648156
2409.100791 465.837196
2511.109517 2600.756061
2405.271433 2719.156678
2392.617141 2584.456055
2445.472350 2821.662460
2402.871106 2232.689419
2408.033149 2729.445368
2351.429784 1596.935268
2396.535695 483.120084
2498.543692 503.992065
2464.728269 485.836734
2496.330050 501.430262
2404.870814 410.921975
2419.438233 432.942699
2426.866298 2299.900864
2397.833538 2289.483376
2530.685710 2294.446464
2400.595179 2715.900492
2488.701480 2744.994225
2393.383517 2842.882388
2411.245294 463.478868
2369.899230 1601.501084
2490.326771 2319.665756
2445.689870 498.667818
2474.155765 2619.037212
2426.507340 2745.970056
2546.211501 1677.790617
2419.640883 2258.963879
2538.076236 2730.096716
2495.862721 487.164660
2387.495743 2605.433974
2402.746253 2295.118343
2394.573305 2780.763955
2426.352770 2774.568515
2433.420837 510.383110
2482.810924 1720.217172
2487.284805 488.021484
2481.046726 462.410666
2411.615131 584.970388
2444.448109 565.687251
2431.460334 2311.730328
2486.123870 2742.521988
2462.907510 2617.281707
2443.285650 2801.394997
2457.682421 1643.968220
2407.708222 491.715636
2409.642196 2288.185710
2457.773460 2751.633285
2502.679131 2528.408829
2460.934497 2615.401683
2402.814218 2676.819272
2462.103524 2759.556446
2419.919316 2679.392692
2490.815601 2812.613415
2473.056715 523.371724
2474.575973 2347.459033
2473.871271 1637.362747
2399.132269 2574.031250
2416.066097 506.455247
2507.092083 580.121380
2492.331136 576.512608
2451.915946 536.621172
2424.691093 585.234677
2592.679904 2321.878545
2490.020620 2581.297681
2427.165124 719.715641
2458.973161 1693.520729
2457.549170 2585.435419
2436.529382 553.522765
2438.141080 1603.230567
2538.491669 2375.590256
2472.690123 2525.565500
2461.755384 2568.630927
2464.470732 2543.947152
2411.856152 2564.130068
2495.729457 2598.072186
2537.159691 638.879944
2480.396779 1638.314969
2541.745085 2305.196427
2469.970857 2452.230688
2485.342001 578.326525
2484.663479 613.127077
2441.686023 2367.831744
2541.581060 2362.542376
2457.876664 2411.206278
2524.207402 2389.826677
2497.428589 2390.220126
2483.766377 2415.092876
2426.372397 2423.030656
2489.863537 1621.888168
2398.883365 567.678027
2460.774517 2331.420311
2509.355187 2379.929773
2551.395768 2394.937021
2502.477971 2533.753655
2388.543380 603.073636
2455.155633 1611.724785
2574.838322 2428.224703
2494.749641 2469.932539
2611.935107 2382.352525
2475.814071 658.272167
2539.870910 674.201890
2451.957575 1752.056205
2412.445148 2298.365086
2564.562045 2345.602243
2505.389661 664.231297
2534.364094 747.363809
2477.822819 1664.420586
2518.157415 2333.573514
2521.127402 698.591350
2546.544957 870.470144
2546.007191 729.875167
2473.906786 1732.052968
2569.372762 734.379680
2543.182279 1718.962596
2479.882313 726.420915
2486.038953 1625.125853
2505.776588 754.278891
2518.055172 1718.557189
2618.739209 1681.164471
2514.695875 1723.365681
2677.157043 1788.878146
2572.273745 721.256628
2525.958771 1760.779372
2547.311973 671.449849
2571.710974 1775.013686
2498.186754 1779.633840
2596.705206 1698.868424
2521.940112 734.876005
2600.435199 1759.949722
2539.431209 742.891137
2530.348737 1729.631481
2658.926611 1777.263475
2538.731796 1823.969892
2569.655827 715.947255
2610.563997 1870.190806
2544.204799 852.958693
2631.171988 792.743743
2642.800743 1796.338755
2566.966820 765.336760
2590.334324 1822.252982
2624.382963 833.878512
2534.134848 1862.973801
2587.377232 1907.623041
2574.203016 1876.050078
2594.318509 1900.921480
2633.219318 1921.796317
2653.869897 774.494892
2623.346690 760.548790
2591.291442 1918.066683
2641.838734 769.835417
2660.565839 1953.952832
2599.753865 1894.966092
2606.282510 1898.258723
2609.955168 1982.336215
2602.837628 1945.058014
2564.014490 1930.056101
2653.336415 834.875401
2639.060576 2012.976454
2657.895285 794.263467
2607.293934 1883.776074
2644.307941 841.442727
2680.808825 1986.956276
2640.191501 845.116037
2683.423384 893.169173
2694.848868 925.365171
2566.176218 1995.958355
2624.050948 762.267799
2613.137853 842.650106
2665.268127 2011.331183
2651.094058 1906.269103
2679.946336 1994.940306
2730.808130 2012.984167
2607.137895 1972.662569
2730.009629 950.197819
2714.986595 1967.031206
2708.002612 890.177906
2631.302513 874.834067
2631.319263 1976.990183
2712.981240 866.319757
2723.950273 882.201186
2690.664681 2155.707349
2674.740474 2031.931777
2675.669154 2016.716985
2697.774574 2117.800465
2741.871458 2047.681393
2751.133637 2100.749202
2698.306370 2147.741290
2733.355744 910.203457
2701.415731 2126.752834
2712.881364 917.481344
2701.096797 925.883628
2668.162237 862.552215
2705.165722 1014.493827
2702.671018 2148.454321
2717.236970 919.207713
2627.988298 1102.592041
2737.802474 2065.725824
2747.547843 1067.770786
2789.422818 2059.816252
2677.569861 990.567465
2654.707005 1019.869440
2689.115678 2153.799936
2651.476649 2213.235129
2640.330324 2157.880102
2833.922526 2187.717081
2758.065134 2175.940012
2680.346041 2154.625691
2758.180792 1062.975302
2679.342338 2248.768494
2764.797328 2246.754612
2659.730800 2247.707041
2688.258356 2250.715174
2735.632872 982.552277
2758.513716 1067.286664
2751.662407 2180.931954
2773.250716 1104.021025
2690.613036 2240.297689
2793.697722 1054.389918
2710.965120 1366.146259
2792.626887 1306.627005
2758.965110 1365.619936
2787.479983 1046.306927
2774.035474 2270.702349
2764.681708 1298.534330
2733.746890 1421.287824
2782.628992 1056.331859
2758.379295 1416.379376
2761.523251 1051.654834
2734.619075 1409.145002
2780.073229 2270.171323
2721.593549 1119.266387
2701.432858 1346.218517
2719.827545 1414.960792
2811.377076 1337.827120
2714.714894 1395.864884
2765.059659 1496.240661
2776.509476 1441.034166
2780.800355 1471.949606
2744.227250 1156.096239
2802.527716 1337.238066
2779.067879 2153.571400
2755.434105 2270.094215
2826.044279 2258.669819
2718.131747 2327.078303
2775.690460 2363.065705
2782.362585 1132.515504
2725.269021 1457.094088
2765.771441 1434.828562
2828.017273 2321.401580
2829.396336 1136.805273
2711.219138 2314.736783
2844.148546 1382.942434
2869.560877 1520.388531
2808.376162 1170.683875
2773.848910 1081.586619
2770.770808 1430.794995
2715.111356 1600.257959
2753.019511 1467.634557
2793.761938 1584.393793
2890.312101 2301.060567
2770.414963 1624.525064
2824.748706 1099.319211
2808.606746 1305.075752
2799.058991 1596.145071
2772.064889 2292.435748
2816.312650 1436.428129
2808.789125 1581.148329
2870.459308 1577.539743
2704.104902 2353.174541
2663.656343 2266.321842
2794.790482 2327.886959
2785.893377 1421.899799
2796.984441 1103.902021
2727.635955 1462.577489
2775.748212 2368.604561
2849.704842 1307.928078
2860.239254 1185.470232
2766.539678 1613.495087
2742.568506 1630.594085
2800.143188 1633.465817
2757.430974 1630.383816
2816.196243 1638.174137
2813.008869 1676.053299
2822.863711 1702.715709
2766.193448 1345.070187
2803.827456 1386.959173
2841.180088 1183.400408
2904.468737 1673.415337
2847.052542 2369.866422
2810.899215 1578.923765
2849.967367 1306.494293
2825.135480 1649.202908
2756.848481 1151.139315
2789.223161 1494.430755
2864.767651 2417.025530
2740.602915 1179.093340
2840.279360 1381.452568
2884.141685 1697.632676
2834.338823 1587.472607
2846.529672 2380.365923
2884.475276 1469.540477
2819.920877 1679.875313
2810.392485 1802.650865
2813.413842 1746.062260
2902.621879 1709.119839
2855.393756 1652.726437
2824.311535 1779.581973
2839.830577 2376.959436
2848.936253 1182.917534
2837.189400 1565.698020
2765.601881 1379.264765
2856.757424 2407.717017
2815.375124 1495.281938
2878.952305 1716.262387
2882.916907 1220.405083
2813.438946 1567.524367
2781.487896 2424.303245
2746.278189 1385.371143
2801.272555 1781.279639
2801.956366 1417.631233
2884.406294 2452.600778
2808.379000 1273.912767
2866.912418 1435.782438
2818.243495 1546.518832
2925.138229 1797.599370
2802.061901 1428.482660
2950.900888 1654.485289
2753.797734 1716.229542
2899.039262 1815.323102
2896.659134 1781.094596
2842.580468 1481.608259
2858.998840 1181.842345
2920.641898 1611.884284
2798.810937 2306.891232
2825.148303 1762.221253
2825.966971 1474.078226
2815.365591 1830.827756
2840.915004 1947.504701
2823.785297 1858.657217
2875.727355 2451.212742
2854.222567 2401.313303
2886.529832 1417.201969
2891.452760 1903.832095
2942.438923 1228.895682
2845.804895 1757.476683
2865.103730 1587.075066
2865.524488 2428.810621
2916.040818 1537.970581
2857.313073 1798.351237
2880.475057 1899.159710
2879.551559 1929.422798
2943.640767 2494.344260
2915.036819 1220.519593
2857.858256 1408.915592
2938.156959 1490.420506
2863.308906 2362.907629
2942.710286 1492.647479
2917.340739 1887.582855
2928.159215 1255.303454
2843.708125 1638.281715
2863.323930 1975.003405
2813.897114 1850.647380
2843.444103 1966.479470
2877.425162 1947.040273
2877.062272 1428.596935
2900.433831 2486.683861
2839.950180 1482.168686
2880.825796 1949.349927
2929.751488 1181.673429
2893.420039 1369.239796
2879.311452 1502.527660
2907.714737 1970.344724
2965.960317 2420.009988
2957.039905 1208.860519
2923.740980 1488.446499
2875.955040 2064.107960
2801.539561 1996.151804
2917.557964 2068.558847
2915.188794 1910.353531
2861.168112 2042.401902
2909.354352 1409.524208
2943.470521 1475.907183
2841.629096 2392.793649
2931.305136 1208.877385
2844.890415 1949.790265
2871.899039 1949.870752
2901.756991 1977.590106
2882.664030 1494.011827
2977.360793 1470.662499
2920.672458 1548.374369
2812.955720 1517.465803
2936.080356 2494.507120
2892.200237 2495.998890
2918.955088 2562.433308
2963.265341 1209.196750
2888.578413 1965.792972
2907.263644 2479.606237
2853.362518 1326.440502
2937.775876 1490.985971
2968.317814 1476.172019
2937.548411 1978.897583
2926.654965 2041.936848
2870.377103 2084.965510
2950.126821 2066.473528
2977.896582 2545.704216
2912.183676 1386.908040
2895.684427 2521.903196
2894.113523 2185.471473
2998.563092 1502.030352
2919.076046 1510.749177
2977.667706 1481.550593
2793.000058 2045.396780
2940.638226 2030.360539
2991.461930 1232.191980
2974.769200 2070.162643
2877.821040 1521.043397
2968.832707 1480.559903
2918.264563 2530.603775
2983.375344 2084.490195
2942.203238 1228.709469
2932.291277 1457.922954
2978.587967 2186.814168
2961.220779 2199.404065
2817.135837 2193.824332
2913.910949 2131.892154
2870.359756 1196.873862
2948.386392 2086.254093
2923.810461 2497.276855
2968.284584 1450.224137
2985.166787 2228.799145
2964.800515 1340.774850
2932.927130 2220.098869
2894.211009 2487.228346
3052.486005 1492.069450
3000.935380 1250.358816
2970.783846 2205.456394
3012.188605 2300.534062
2919.386450 2214.541300
2893.201281 2488.332212
2872.609686 1280.759641
2899.626137 2228.236140
2951.489916 1492.590954
3013.948799 2526.250324
2969.477006 2529.325247
2995.721550 2486.132581
2926.423461 2210.026926
3051.822745 1330.432137
3032.217604 2283.494659
2896.027505 2551.894504
3060.673282 1465.238846
2873.281861 1248.974633
3117.847448 2302.551270
2981.999810 2591.029080
2922.623331 1434.455185
2956.154492 1380.270535
2954.461875 2260.692283
3061.505690 2285.794527
3069.016811 2280.137681
2969.096506 2586.726688
2959.271017 2254.928060
2972.634616 1431.026890
2983.470772 1308.541369
2969.757232 2571.651639
2978.516183 2315.334526
3004.398857 1363.081992
3024.682405 1501.991276
3033.279839 2537.808677
3092.440257 2272.982487
2970.564691 1330.850366
3026.393410 1494.617590
3032.364294 2541.443358
3022.702719 2270.398817
3038.892091 1304.595575
3090.892138 1469.446343
3093.435655 2311.465380
3035.164131 2269.887143
3067.417515 1478.902950
2960.174578 2547.123669
3048.841281 2305.853975
3015.641044 1348.908582
3099.622803 1508.989138
3006.541021 2581.752684
2978.729432 2270.006985
3056.356047 1450.741968
3055.471918 1499.472254
3021.279974 2509.613702
3021.772743 2285.727690
3111.631532 1373.161604
3048.511655 1494.373433
3022.070824 2570.446453
3057.727569 2335.766414
3116.814956 1402.532845
3043.876715 1488.857949
3100.957573 2258.060691
3151.066939 2350.008596
3040.480545 2560.200885
2938.291605 1352.476645
3047.285738 1467.926386
3046.410912 2438.516509
3130.631064 1396.143142
3189.347120 2549.344859
3101.045997 2364.143026
3018.201715 1526.996516
2973.372795 1389.091598
3040.973803 2526.729925
3084.564671 2379.893558
3098.073228 2397.499609
3051.618778 2513.757120
3160.933837 1444.542753
3039.897298 1300.234534
3144.848887 1522.893103
3169.542433 2430.688325
2986.225387 2593.514031
3071.736707 1464.909056
3115.473250 1426.436123
3014.034388 2414.443052
3159.551245 1513.116259
2993.710658 2344.039646
3116.605512 2561.013647
3115.685029 1385.357811
3106.300042 2415.778314
3071.412762 2540.359327
3090.216523 1520.222435
3186.248402 1413.643229
3055.764843 1496.854561
3157.915607 2543.774515
3176.079610 2356.264900
3056.440971 1365.415176
3159.514048 1531.491102
3081.854999 2528.939951
3178.028352 2385.974433
3097.422340 1433.580196
3173.524063 1521.461660
3080.839287 2547.244471
3051.258427 1480.838152
3120.475550 2336.627086
3167.811769 1524.449913
3173.297518 1416.379432
3171.374301 2554.131765
3109.805161 1502.652823
3062.524572 2349.328841
3158.630097 1526.980937
3159.971575 1418.501705
3171.251155 2541.060358
3159.416013 2365.117664
3286.763870 1588.866881
3180.028794 1523.167802
3215.890929 2543.298057
3092.452099 2313.517234
3206.186112 1544.731638
3183.562414 1466.759593
3191.712373 2412.969570
3180.083836 2368.874568
3145.335663 2376.656005
3178.980969 2432.787397
3197.863172 2550.909810
3191.073364 1529.830484
3093.444733 2400.725715
3142.648652 1394.966599
3186.788006 2511.956459
3182.457842 2459.212151
3241.846808 1484.249536
3221.449878 1442.546619
3195.249154 2449.729586
3172.944015 2434.094459
3290.151543 1581.716564
3265.521810 2508.000186
3162.658287 2547.184099
3117.881603 2393.936425
3212.905780 1435.416452
3205.521827 1543.832968
3216.572749 2505.053085
3279.958969 2513.138072
3184.015280 1427.429659
3149.660846 2420.370247
3196.314640 2521.733226
3181.225466 1513.912109
3230.280174 1490.002298
3252.559983 2507.320176
3263.354162 2494.233910
3249.205635 1508.101988
3222.032480 1439.727975
3230.042123 2520.850017
3219.788753 1524.679876
3124.942133 1491.304461
3226.998192 1539.125270
3229.503212 1453.893282
