260.347464 743.693018
265.755489 737.640821
263.602437 738.958038
272.673209 734.982682
269.867565 730.425047
262.181006 737.218782
263.652432 736.323521
261.680126 740.462540
264.172977 741.036326
265.733835 738.362662
263.444175 737.147400
269.392858 729.613870
262.367085 738.660943
267.628656 738.228497
262.910601 747.990198
261.648513 747.817836
260.127841 743.845381
265.559569 750.440947
262.772568 746.205976
264.352341 749.502992
263.748856 747.163736
268.194154 748.284831
268.755743 740.314210
273.097180 754.019406
261.757038 745.350288
264.212821 748.315877
269.298708 752.818233
262.184429 746.084532
280.918833 740.036584
272.028228 729.553804
266.691499 735.489404
274.387456 726.633278
272.716100 738.908701
272.800453 728.484264
263.859807 736.041389
270.661889 731.675620
273.487810 728.071158
273.269691 729.278433
271.911589 729.690360
267.824069 737.030493
272.194427 729.523001
269.872606 731.497388
267.791318 749.195367
272.039958 753.982643
273.327525 752.167233
272.302925 754.126413
269.037563 744.926953
278.663014 756.364920
270.127547 752.933335
273.079143 754.388988
279.548657 756.346585
267.447235 751.783345
273.389563 754.539019
272.552532 754.348454
263.478897 747.530053
268.113492 752.255639
283.189053 759.056417
281.235771 757.962247
284.687674 766.161395
283.273865 759.693841
277.047097 756.363417
289.640572 759.225728
279.532575 758.789189
282.636017 757.576194
281.378847 763.648552
289.680980 761.398690
276.161164 758.301037
278.869289 760.903029
281.774338 763.145442
280.183488 759.681321
282.589321 719.383638
280.612672 721.475170
279.721588 720.222624
281.076347 722.116486
290.269857 716.425082
286.061285 721.500826
286.118318 720.625289
285.658563 718.643318
281.646632 714.551054
284.056773 713.584698
282.334472 714.909502
281.819510 728.631463
286.926556 719.747852
279.988019 719.709196
284.328434 713.492009
290.870416 711.130164
287.444095 720.259437
292.531877 710.326814
287.363277 711.050532
293.207646 709.985028
292.956640 710.650095
289.120274 715.075968
293.474740 714.143787
293.833588 712.071844
291.822235 724.457213
289.989369 713.356735
289.884664 714.714522
288.872533 711.415891
285.433784 766.950348
287.307462 760.949786
285.161680 764.230149
286.961485 759.793463
286.388026 767.877515
283.458016 758.818866
281.225773 758.034861
297.780600 765.523495
280.585527 757.464782
284.655176 765.820328
289.440015 759.907851
286.502439 762.103124
288.497435 764.257180
284.589412 766.254897
301.308888 702.608637
300.749989 701.025820
297.308788 705.919661
301.240876 705.026791
293.068044 709.851138
296.863438 704.999598
295.698148 707.196511
285.660908 714.837758
299.479475 704.859972
298.986712 705.419691
301.173260 700.739921
294.386609 709.269229
304.735611 702.130548
297.945354 705.669454
292.556447 756.729509
296.926573 764.295589
297.376127 761.817836
291.493158 759.227268
294.903852 765.039654
298.169012 758.248675
299.134354 762.242563
307.779119 766.504391
299.182462 763.373453
301.096752 764.966198
298.358491 761.534400
294.797912 759.370249
307.569121 763.738084
292.631101 765.397383
309.095233 705.328250
313.139662 700.178370
303.040069 702.524743
299.055321 704.742849
310.636399 702.079844
313.319357 701.342684
303.371728 700.716309
302.133893 699.566468
298.198194 705.008331
308.823646 688.694402
298.211030 705.321679
303.725331 699.309300
305.869446 699.241676
300.729695 703.922006
305.251783 764.251293
304.120704 765.361772
309.415428 765.585849
311.201171 764.505972
309.144957 765.644917
305.212096 763.102596
308.782107 765.678634
312.842973 764.198301
305.106672 762.683500
305.798636 765.158800
307.791240 764.892742
317.526694 764.261893
311.642187 769.526913
309.383608 765.603055
306.603138 691.511196
308.160487 690.386765
309.012504 687.271568
313.313818 684.968271
310.259997 687.604936
304.795953 697.052169
308.649649 687.205653
313.973906 682.492233
308.673861 687.445885
311.268783 685.394949
309.540153 685.497162
305.439558 694.596877
312.089771 690.107512
313.628415 696.234540
311.970919 683.412590
315.905733 681.442631
314.580151 681.893262
318.919680 681.643997
315.433642 681.522514
322.587960 678.846045
325.347984 680.539677
325.147415 679.308531
319.127679 685.435409
308.348922 686.709537
322.891859 676.907278
315.481762 681.454549
316.948512 681.485255
319.072345 678.795114
317.528740 763.427839
319.563027 762.384695
317.380787 762.767536
320.080414 761.681674
315.059154 762.304041
320.435307 761.043012
319.249316 763.750369
318.870892 762.358373
320.769582 763.309691
315.581756 761.548901
322.762913 763.166617
321.071937 754.234413
325.233166 759.731490
320.256117 761.931874
323.824358 670.468531
325.845029 669.306660
320.281984 678.625770
323.033203 676.058176
321.046050 679.323439
320.230749 681.239382
322.915412 675.879462
323.131309 675.690307
325.276442 679.703482
323.520972 674.293231
323.127707 675.671275
330.183341 683.044228
326.620686 667.002033
325.545735 676.650676
330.805283 657.955762
327.389543 663.698377
330.565332 658.851685
329.745541 663.927521
326.689863 666.057029
329.788907 661.233010
330.931836 675.152075
327.101830 664.299393
326.993461 664.376343
329.800243 660.446925
327.906858 662.408669
327.377754 664.820675
326.207414 670.885200
327.856436 662.529141
322.756986 762.332872
332.303780 755.471562
326.655950 758.400191
335.610548 760.452996
317.116187 763.379395
322.777790 761.919906
333.350822 759.794738
333.666513 757.838817
340.768808 760.269087
330.041911 758.312415
329.815474 759.080154
330.494506 752.755257
328.968751 759.086512
320.977650 759.900182
333.402316 655.000177
334.851149 651.238958
335.241488 650.372516
328.982956 661.089881
330.784974 659.366487
338.268850 644.242189
332.762954 654.990343
336.275038 648.765324
335.207893 653.195163
329.556053 659.785468
336.407269 651.564531
340.265395 654.236676
342.312129 649.368928
339.106398 649.996584
342.845893 760.916881
337.908894 759.920738
339.710291 760.700734
329.500233 758.791877
333.011157 760.440357
342.763157 760.386400
339.045837 759.608271
337.281197 758.902801
340.042848 758.757845
336.885046 759.550271
341.540880 759.216680
344.641588 760.810802
343.411385 760.915150
330.730636 757.252077
349.678789 643.859265
349.069614 635.328818
345.493607 642.895113
340.605070 642.665033
351.594231 645.519928
350.294918 641.108918
342.451723 646.806695
337.333338 644.652036
349.006419 635.363363
341.926487 641.571033
352.802338 644.995976
343.016298 640.871419
351.696354 642.780624
337.740864 645.030253
352.387767 761.496033
344.855031 760.932406
347.008690 760.854723
345.368160 754.967496
350.979700 759.944621
349.186500 760.190310
349.877139 759.151176
345.447950 760.887129
353.200652 758.282683
348.023255 759.844724
343.798924 760.891905
347.959403 760.330726
340.294024 760.442606
355.988044 760.697972
348.296888 638.987053
355.447349 628.669000
351.934045 633.394238
355.525737 646.069309
357.226073 623.533286
354.444924 632.371754
348.371725 636.776323
350.877597 637.796254
354.695085 630.669873
350.847201 634.415109
351.802672 633.096130
350.503116 632.286359
351.065721 635.453689
357.900170 623.364788
355.224132 625.948466
353.458340 630.368059
358.957864 621.819495
357.820604 621.527519
351.719744 633.459253
356.756411 624.994469
349.259726 634.720513
357.604176 622.065269
357.963012 621.269347
351.149132 634.465254
355.095824 629.775652
364.046280 614.198620
358.171514 621.187908
356.905126 623.135508
359.655837 478.239619
366.630783 474.368266
362.488310 480.658952
353.966138 491.673787
360.972665 477.427729
360.137375 482.412679
355.736825 490.150605
359.471496 484.345363
364.035069 480.856644
359.187913 479.903847
355.560395 490.975580
360.713472 477.015885
359.015479 485.576341
355.549192 490.843191
358.243952 491.566097
365.451253 498.684312
354.034132 491.636537
359.602372 491.209345
358.209209 491.334469
358.845233 491.327612
361.177180 493.948446
360.015564 492.839554
355.936256 491.608500
357.441699 502.225849
369.572865 488.970528
353.338067 492.121042
358.289347 492.369052
361.120989 496.852213
364.775101 762.186278
352.151853 757.770471
363.805027 759.329025
361.307729 761.109591
361.860891 761.540093
364.452659 761.981357
369.223522 761.216792
350.633632 759.781987
358.774393 760.555730
354.189311 759.703147
359.545568 758.293720
357.915969 759.821655
359.867061 760.370447
352.261374 758.478853
366.281438 610.995707
364.704806 614.292912
364.353751 613.286333
365.035294 612.456827
364.733040 612.670976
369.963113 604.629906
362.229618 617.195153
364.035110 614.605897
366.779366 609.791932
357.111501 622.805862
369.357350 605.614163
371.626596 603.113228
360.814717 617.632814
359.062441 620.140333
364.022815 477.852900
365.380677 476.530320
372.104964 471.589731
367.143412 473.540003
366.550353 471.517706
368.709041 476.381873
365.940492 477.058655
367.654863 473.811280
361.013374 476.909297
366.139188 474.716821
368.722038 472.963419
367.237857 473.986974
374.191250 468.708728
364.190738 473.769091
365.297550 498.187132
367.275584 500.107691
367.319578 496.547402
369.096233 497.215736
360.910298 495.316851
374.023063 508.714359
366.480900 498.417689
371.035656 498.020999
365.365404 498.343748
368.433528 500.782631
369.921898 497.516491
367.369092 498.218965
376.755785 492.859295
368.671661 501.983841
369.523663 760.629680
372.976745 760.146057
368.977295 760.626752
370.569119 762.418909
369.983539 761.689404
371.811431 762.316729
371.164397 762.555769
372.892415 759.165429
376.024770 760.131888
369.997737 759.486743
371.325789 762.615415
365.175656 762.058673
372.521670 760.561169
372.860447 760.929642
371.464311 602.110921
364.967302 611.823768
371.631448 602.666173
374.616174 598.421722
368.904627 607.277755
369.596744 605.141977
367.915494 607.127163
371.428817 602.194497
372.738982 601.138019
371.645076 603.224268
373.396782 600.559987
370.669408 603.633359
371.192780 602.594101
373.264765 600.798142
384.788201 465.146240
378.597900 458.650114
378.666895 460.616997
376.626528 461.981646
375.608037 463.252876
378.160423 465.627393
374.719319 465.778823
380.171398 463.107329
375.031379 466.007981
375.561128 463.138434
368.240368 473.300908
374.980263 466.085720
369.820790 473.759124
374.416227 466.527556
370.911786 496.487978
381.920276 508.226891
378.830437 502.655773
376.019901 499.372303
379.056335 506.542972
376.089804 508.106846
375.060183 512.494389
371.601222 503.072894
368.911305 498.938871
377.106263 508.321820
366.329710 498.962245
377.173269 495.962319
373.071997 510.023482
375.384308 493.638485
375.750967 596.366827
377.642716 592.658745
373.421621 600.545076
376.920247 594.255105
376.979241 594.295572
376.988085 594.266906
381.968397 584.467447
372.305538 602.131467
373.212416 600.786941
374.112732 599.112382
377.177214 593.679812
377.566628 592.867526
373.903886 599.262343
375.860994 595.633025
373.547614 762.210525
380.225324 759.408041
373.290452 761.412213
375.565091 756.878182
387.750793 761.344175
380.931589 760.805425
378.449013 759.399650
382.585741 756.520343
372.138453 758.783702
384.277418 759.667427
382.586474 758.432103
385.501093 753.077293
379.777620 759.499529
371.908932 759.420910
379.726263 587.010150
383.484516 582.064489
379.867358 587.528628
382.617160 583.062398
382.132554 583.902837
380.148703 586.885839
378.641580 589.188233
385.946342 578.277847
389.774456 573.779750
384.037740 581.201638
380.252980 583.514809
383.954532 580.810913
381.269524 585.386078
381.592002 585.010772
380.837238 463.520366
385.771838 469.848075
390.264065 457.553724
380.886554 459.438832
382.914809 458.734251
383.844827 453.079032
384.180418 459.825699
383.386903 452.621313
394.286843 460.410134
380.267460 466.822732
382.588174 459.026131
379.036673 457.568791
383.237971 458.726581
378.769013 459.934978
388.546579 446.804906
390.430848 452.125111
393.310804 438.658380
385.257943 446.828053
380.267586 456.194186
384.566095 449.757597
384.203307 450.830076
386.311230 443.287125
379.121587 458.367016
390.230730 441.828774
381.263263 455.345354
393.016876 444.709201
385.309785 456.456823
380.794133 455.297466
378.114736 508.359635
387.417870 505.583741
377.328464 508.371249
381.654665 508.091338
386.756389 496.416984
382.110227 507.141128
379.611597 508.084567
391.716450 508.052522
385.521569 504.672773
388.393131 506.245412
388.982192 498.382946
385.104704 505.441300
391.093501 504.486309
379.037064 508.022843
394.057759 569.717863
391.043722 573.196526
387.509136 575.053148
388.147867 575.306072
386.530443 577.135785
388.395119 574.696533
388.372624 574.796852
386.595151 577.753558
385.557205 579.123143
392.162514 570.505138
392.348441 569.934103
391.789054 571.896630
386.295934 578.529805
391.200212 574.322132
384.999079 751.637026
394.293377 759.297969
396.809538 761.292969
391.011317 760.115283
392.953083 761.296331
389.274453 760.228479
386.921017 760.449897
389.456850 759.267848
390.608233 760.210669
388.370392 759.719277
384.539528 749.824910
393.214448 761.334365
385.853917 755.984175
388.744017 760.198695
388.266409 443.535693
391.904382 448.177656
394.556211 436.456152
388.982865 444.386106
389.719721 440.234143
392.314531 438.669391
390.951169 439.735567
391.158415 437.724901
390.452410 439.001233
391.816150 438.423817
389.399081 438.488160
392.645043 441.369212
392.244224 439.278674
391.003144 442.715096
395.991005 564.561427
395.466957 561.194593
394.247467 563.004053
391.009587 571.817358
395.001484 561.833218
395.567903 560.032237
393.732163 564.294204
395.446258 562.056390
397.985977 557.230447
397.652270 554.864466
396.706444 554.110254
394.279942 562.935590
401.498200 570.662056
396.168668 560.050866
392.924504 506.952980
400.050462 500.070850
384.433998 505.720319
387.348368 501.673260
396.871581 502.490322
398.451091 509.598778
382.665884 507.074617
394.164572 502.047081
400.687918 511.042529
401.168807 513.090821
394.951475 504.232234
398.615302 503.461662
399.685923 503.263605
397.529158 506.063644
389.585620 760.358565
397.434387 760.876832
399.350857 761.246931
392.024217 760.515511
396.383791 760.201691
405.900968 760.766345
403.754812 760.492953
398.592852 760.774099
409.201211 760.700197
402.553674 761.290879
393.385411 761.421375
401.048653 761.475715
398.848114 760.821777
400.867977 761.406689
396.817012 433.476170
403.291514 426.685841
399.369960 431.809249
401.739592 430.965042
390.318728 438.284216
393.904576 437.578967
400.309740 431.321435
397.010466 432.737204
398.684792 431.503403
397.833695 431.760564
403.748680 427.446525
397.833095 432.813052
407.104709 423.787207
400.444319 431.127596
401.240249 554.685784
398.728898 557.453935
405.145963 547.800908
401.353305 553.584658
400.245077 554.023466
396.767553 559.518500
401.704605 553.003754
400.884424 554.048951
401.749629 552.487093
396.153502 560.113200
400.892407 554.586052
400.217892 554.140299
402.853485 548.887066
394.737034 562.421188
405.779325 540.335832
406.478015 538.108915
398.666655 554.291193
404.395948 539.002908
395.742320 539.233499
399.767695 541.511595
399.164031 553.404363
400.417748 546.419951
403.938994 540.534957
395.119419 544.339487
403.686083 540.831507
403.977130 540.322413
395.640648 537.278335
405.802905 541.331695
407.650434 511.761200
404.402218 505.433604
413.328631 500.984211
405.351265 505.550014
398.582977 502.167757
409.661251 510.213328
404.327227 505.963864
405.722554 503.764038
400.311749 509.016426
405.209361 504.914625
403.118657 503.453915
402.710070 505.125048
408.299663 505.150285
402.760034 504.888988
414.854129 415.495126
413.666972 416.972620
411.502869 418.458236
403.522826 427.384494
409.856578 419.961125
405.180143 426.147794
410.308614 419.718386
414.397768 415.747557
414.966072 415.626290
415.206450 415.538496
403.782230 426.826121
407.478211 422.404555
410.585571 420.370386
408.766646 420.874162
412.391039 527.086463
409.171679 529.941052
413.038255 529.210739
410.485516 533.451819
409.011957 530.187905
409.058466 535.822960
410.064993 533.185002
418.738219 524.895246
408.340199 531.773892
409.332120 530.002915
409.050669 529.839209
406.101675 529.916570
410.609324 528.875314
410.158327 528.858727
415.146051 762.227623
410.460245 760.663014
400.715636 760.960978
405.923560 760.833878
409.499967 760.511576
408.493185 759.968817
410.735907 760.748904
409.296842 760.265372
405.788607 760.176062
412.235272 761.246044
401.687069 761.947868
421.129536 764.458985
397.635361 760.713509
410.792332 760.999015
406.468863 503.550875
413.164818 500.338613
418.218994 508.014817
417.044505 495.028292
409.528992 510.257218
412.871743 504.755499
408.628703 493.355408
416.814440 495.108493
414.119253 489.467768
402.667805 502.221863
403.713888 503.323492
410.562573 507.408768
417.762409 498.821924
417.556005 500.117998
408.933997 420.503981
413.443337 414.332076
416.191888 414.292132
416.145488 413.815582
416.264173 414.408353
411.829258 417.822057
411.052034 418.322598
417.405119 412.144323
416.136444 414.544984
417.133955 411.958758
419.444670 406.890835
412.630706 415.832978
422.543660 403.194704
416.337409 414.001126
414.195603 527.095070
414.108603 517.922739
418.964837 524.145034
411.724630 525.164281
406.099388 519.180577
417.135626 523.432701
417.509524 525.001733
417.998889 521.950936
406.931384 529.509928
417.598401 526.344638
418.278085 525.402725
416.274710 525.359455
406.135583 523.787348
411.346113 512.579138
409.736749 760.488987
424.103511 766.860272
420.416625 769.008736
418.722386 766.032914
425.414278 766.870338
426.525717 764.621004
408.859792 760.065490
424.706801 764.399283
420.773268 769.085387
416.995032 766.458931
419.252359 768.034528
419.080300 767.988609
424.222096 765.207615
429.085301 764.673188
418.254957 513.390785
419.607489 516.331670
424.357579 504.877462
421.962150 522.186989
417.739947 512.855135
421.081347 520.617513
422.922273 521.307790
427.956476 524.889432
419.047789 516.194027
416.682095 520.687514
413.154196 512.784730
427.368108 508.240377
419.577336 520.336838
429.081068 507.464996
425.599403 300.528850
435.713399 294.260280
427.201677 299.114028
425.347156 298.859341
425.456463 300.238694
425.877800 303.358857
432.240149 290.844152
430.426812 295.227369
420.557437 306.174598
424.914762 299.592984
427.500811 297.084770
424.606564 299.924973
426.352287 307.033739
425.537187 298.735110
418.616646 310.053752
432.346614 298.000639
417.780142 311.184788
418.664500 311.398793
425.462363 308.973707
420.570236 306.041448
432.091135 308.460806
417.067175 312.119268
424.489070 307.215635
421.348411 304.671095
428.352011 306.073307
425.074140 306.714585
425.215949 299.166761
418.506712 315.684539
421.241270 404.448059
423.474241 402.599178
420.551224 401.719863
425.481370 398.600010
419.995049 407.126228
421.869057 398.731370
420.880836 404.543892
423.721000 401.206366
422.433289 397.576385
429.786470 394.404051
427.255396 394.278239
423.618426 401.043288
423.855829 395.076029
421.811146 403.642610
424.794537 499.639880
424.628621 501.098133
424.253178 501.076659
420.678539 506.340910
427.785370 505.379147
423.562985 501.628145
423.327570 504.385236
422.303627 484.755896
422.960155 501.042734
419.099581 502.234868
424.525500 500.067164
420.385496 509.890164
419.342685 494.115818
428.400039 506.905303
429.075963 764.633337
422.768984 768.003146
429.004893 764.798394
420.447222 769.020116
428.218502 766.118769
427.088029 764.628623
425.844922 764.719666
429.112275 764.946780
426.865684 764.777445
420.001070 768.941464
422.483605 765.938221
430.271327 765.276409
417.854361 763.825204
418.743674 766.975780
425.388576 300.170377
432.366865 290.655581
440.364035 286.235859
432.722104 290.430052
434.856414 289.984636
430.971346 291.827768
436.965146 287.826252
432.003001 291.513440
442.517718 286.372979
439.049730 286.474140
431.649322 291.125438
432.515138 292.026693
433.878416 289.790119
432.848186 291.467226
434.240647 313.328463
429.026396 312.927222
435.444138 312.134997
440.567610 312.981723
429.775939 311.863709
436.172161 321.305670
431.646295 310.530353
437.011464 316.144860
429.179452 314.577027
432.077781 305.058656
435.483648 318.523559
432.054013 312.455772
428.355837 302.554519
440.094631 313.385474
430.695128 393.022622
429.979505 394.150847
428.116421 385.031790
423.615558 398.793818
430.466732 386.670780
424.915953 398.314871
430.409725 392.223552
431.220974 391.811468
431.148635 389.040056
431.873346 391.907365
428.300732 386.384902
434.755430 384.429550
433.469800 388.671198
431.604753 390.243655
438.268086 378.050969
426.219135 384.507121
436.939870 381.348691
436.078420 382.746692
431.805676 383.954107
426.449897 384.606613
433.134844 385.065262
436.405206 382.195310
436.453394 380.391878
437.759274 380.273681
435.673731 385.329034
431.844226 388.167220
436.095658 382.638919
430.398417 385.078109
432.448931 766.315808
435.907822 769.314777
437.549653 767.559364
433.221934 766.029787
434.379724 766.484450
432.480510 765.896218
446.064738 768.980291
448.000741 769.936054
445.324883 768.740726
431.887023 767.120962
437.618177 767.189172
437.536369 767.156806
436.891068 767.680727
429.179684 766.488442
433.213820 315.867591
439.701315 319.782919
436.877063 313.800070
437.983053 313.294165
445.314963 316.828894
438.949233 323.717832
440.722941 328.392154
434.882347 318.673978
450.889684 318.492739
439.875124 319.906608
439.611920 319.999822
440.201254 319.297426
450.182565 313.526427
437.468254 323.947641
436.462190 292.288373
447.283713 279.731024
447.310559 284.333453
445.862055 280.910395
437.085193 288.404939
444.480074 281.985045
440.056428 292.813689
450.709209 277.173767
436.512235 288.164982
438.021337 286.950708
438.871889 286.486149
436.709649 288.347067
444.777003 284.404871
433.050291 291.144149
442.848046 374.586865
444.771687 373.737688
441.329805 374.907508
442.826236 370.362791
441.797703 378.778775
444.568606 374.354268
441.530961 371.739215
440.440378 380.547543
436.256188 381.925213
442.569766 377.615770
450.283041 363.118806
439.585923 379.930678
444.642823 373.906018
442.358808 377.482444
458.325749 770.534742
445.118655 769.602199
447.426678 768.537071
452.035625 770.622066
454.996751 771.144610
453.101465 772.575056
443.528259 768.512056
452.623874 770.295785
451.800539 770.365102
436.361910 766.788008
435.463128 766.848335
447.478358 769.409503
446.958176 769.354591
448.399566 769.746962
459.752704 277.175112
444.161864 282.555444
450.001459 277.699594
455.198799 284.736438
450.702872 277.267681
445.274121 282.357572
449.840056 277.822288
441.013377 285.169430
449.884775 277.808141
447.437517 280.594599
454.139662 281.459779
447.735534 279.692962
443.747738 284.303010
449.015927 278.254359
448.410938 327.722185
439.443009 314.514632
458.012078 318.401559
459.970029 316.944314
456.633755 321.445516
457.936865 315.046734
446.020264 313.873294
450.812399 311.253066
450.314818 317.910324
449.692497 313.855640
445.261890 318.142249
448.833753 327.375958
442.686062 321.072613
451.476648 311.728289
448.174514 357.993304
451.099629 353.784256
442.484997 362.953365
453.797428 358.479993
444.347067 373.744656
452.652065 359.867636
456.199132 357.639266
453.498833 361.623323
450.119746 365.320567
448.364303 369.653693
448.911716 363.507571
453.655810 360.670145
441.429104 371.306708
451.420896 358.393260
460.624811 771.866624
461.516035 771.760825
454.218509 770.710756
458.115482 771.483714
456.310689 774.413185
445.206224 768.696976
450.785272 770.416505
449.703816 769.771067
456.826665 771.248788
459.944340 769.902414
456.591456 771.045285
459.207561 771.703993
460.153965 771.627313
453.013713 771.475223
453.216292 361.499900
454.872048 352.925257
455.933013 357.462862
452.301260 364.018403
456.877916 354.167135
448.538028 354.241701
453.207174 355.361188
453.140507 350.376153
449.038128 350.552372
458.218673 354.935482
462.557649 348.550123
463.192791 352.412199
467.250015 348.788081
455.867440 358.128010
452.367580 275.777997
455.672578 273.047934
451.433983 277.346807
458.901946 271.856706
466.528193 264.507908
465.536214 266.122674
468.271059 265.974630
467.529700 275.399661
457.124764 273.401039
458.994381 272.354566
458.762463 272.306878
455.451588 273.568192
458.043792 271.246380
452.330816 276.102228
459.671556 319.578956
462.192760 318.954082
468.077276 320.924560
452.928102 316.763370
463.857147 316.989225
462.910365 319.289096
452.590795 310.997805
449.989980 320.100021
469.781878 320.198256
455.466793 317.939070
454.979023 319.375966
454.082778 315.018089
460.594501 319.041779
465.551964 327.191820
459.414107 350.941327
469.504709 351.293725
464.033148 347.240829
464.017739 349.337869
456.831730 356.687099
463.461297 346.313075
466.232207 346.518071
461.039205 351.859383
464.113519 348.367508
462.341099 348.959781
460.485139 350.255463
457.033923 351.511684
460.633767 349.519856
459.506122 354.432400
464.798251 265.806453
467.243169 264.266719
459.603825 270.277383
462.959014 269.897780
462.389638 267.608839
460.759793 269.671000
469.957590 267.812603
465.042615 265.784403
469.180289 267.045167
467.695807 263.802691
469.655760 263.396403
472.585062 262.096435
469.906753 261.540612
460.772607 269.115057
475.232111 769.985417
475.769067 768.692126
459.381633 771.881020
472.270774 770.523772
460.945861 771.820939
474.004216 770.758660
477.142865 769.691243
459.440063 771.746088
466.430339 770.678236
460.923419 770.574436
471.004110 770.978003
474.720696 770.339508
472.910741 770.056015
465.050988 771.655936
459.016556 324.052610
471.575882 322.525739
469.402601 335.956359
468.359565 337.655650
466.443215 322.265348
462.178006 332.698785
458.465059 324.734744
470.066408 332.752953
466.255417 326.817456
464.088122 326.281517
470.353753 328.320480
469.569175 336.464860
465.505415 327.428640
469.715246 335.020244
466.666200 316.253985
471.455180 322.219889
464.047763 315.355586
463.147977 318.184935
471.520217 322.321199
469.511341 308.139331
461.509243 320.131143
461.280106 321.920272
469.478484 318.628441
472.267184 322.809419
467.946995 311.595078
465.974725 316.647465
465.234429 319.100914
463.761988 319.361209
475.702105 257.850756
475.955334 259.371973
471.022118 264.088019
482.865129 256.542836
476.305415 256.726620
475.990848 259.033738
481.567169 257.937549
484.755646 251.143814
473.485724 259.012834
474.406299 260.138120
474.541098 259.232862
477.609843 260.269025
476.099331 259.788873
472.999820 261.482698
476.920525 770.279176
475.391387 770.708617
473.815867 770.844940
470.450070 770.476534
475.891414 770.171020
483.587303 767.376904
475.664353 770.148462
477.222858 769.972977
466.521869 770.802372
483.728339 768.345089
474.298983 770.242641
476.447362 770.220062
476.895137 770.137876
488.539882 770.213104
492.872908 245.048054
490.385028 245.984405
480.905201 258.415373
487.450028 248.428038
486.388732 252.690038
485.872281 253.531393
480.571671 256.610634
488.304669 246.967818
486.610162 250.007793
486.794868 248.885022
478.818807 255.324977
481.664841 257.824952
476.160054 257.916148
480.024216 259.053669
479.093322 762.692572
479.637960 770.370827
486.470715 769.779249
482.277300 770.222182
491.482000 769.067931
484.305179 766.163757
488.586655 769.813784
495.114469 769.449164
485.163748 769.045420
483.278536 769.232256
481.737412 768.179357
487.943747 770.284446
486.832493 769.815605
487.129123 769.791305
493.812109 244.700893
495.252684 244.230637
495.150552 244.228610
488.894575 247.272325
486.023990 249.848427
493.581141 240.532289
491.147061 245.795802
494.898751 244.240066
492.426858 243.269441
493.824687 244.214515
489.984465 250.080039
493.323470 245.171424
491.923289 243.831162
492.546068 242.922306
494.366021 242.390064
502.006245 232.057794
498.828997 233.868840
498.288787 234.369881
501.393505 229.478100
500.571296 230.638150
498.005114 234.768882
495.189120 239.094442
501.480921 229.246863
496.509224 235.006820
498.517909 236.635918
499.417586 231.938543
502.350268 234.379066
497.952840 234.763550
502.453540 770.077486
499.118582 769.666528
495.809244 769.662715
507.059833 769.933879
500.663695 769.856392
491.607290 770.416313
496.613584 769.646909
493.973482 769.309465
488.984514 767.909917
507.280964 769.916425
499.464391 769.746881
487.529710 767.879664
496.082345 769.618875
496.158030 769.798823
507.990272 225.818295
502.778380 228.682514
503.781876 227.282057
500.502690 232.377199
506.134248 225.360555
510.861584 226.772186
507.253637 228.321598
505.087223 225.916012
505.721440 223.829058
511.504135 223.543295
513.719688 225.954441
505.209068 225.837923
504.379891 226.655110
505.304281 225.399386
512.049999 771.258525
497.091059 768.829267
507.584625 770.212158
507.325030 770.095501
504.554029 770.955135
513.102920 771.684957
508.676007 772.158880
506.998275 770.107936
511.598398 771.758808
507.095052 770.055681
509.899421 771.315059
502.108240 769.550017
506.415000 770.351887
509.106504 775.987154
515.944692 214.313822
513.744325 218.586688
517.781281 210.121894
507.308888 224.804064
512.347689 219.426618
514.673169 216.111217
513.499555 219.234061
517.301628 211.444790
511.560351 221.029963
506.707463 224.477256
507.388815 223.005672
514.030919 217.878359
507.624720 223.477699
508.885487 226.669289
521.142787 781.813739
516.588188 771.200665
519.020789 772.589589
507.387666 769.907810
512.691360 770.176550
511.876469 770.492489
517.366232 770.767867
519.821946 765.411643
525.126767 780.741419
510.814062 769.998390
516.199146 769.139197
513.425233 774.813137
519.483999 773.619883
512.356214 772.353282
521.663339 198.443986
519.105233 207.446597
518.544728 208.488791
523.194722 198.547769
521.711507 206.449731
519.702888 203.337674
524.066204 198.321104
519.151181 207.393621
520.206833 205.405030
518.641798 207.929592
514.732434 214.675447
519.456582 207.902840
519.598580 208.098099
521.063153 201.119271
522.214670 198.290238
524.012264 196.821049
530.040588 195.271183
525.049975 196.024945
523.663231 196.926837
529.528411 194.358596
528.006667 194.380505
520.926345 198.892594
527.558956 194.506132
530.091493 191.723636
523.091910 197.394836
520.891340 201.030860
522.654261 197.602245
521.212824 199.894986
527.106625 786.766886
519.111912 770.262569
530.668165 787.248575
520.579949 776.129034
522.669492 779.546154
534.276081 786.324733
535.952110 783.705382
518.467755 771.365081
523.188000 784.435912
522.240788 779.551730
522.859020 783.982303
525.420908 786.416458
523.984246 781.468511
525.349903 784.366525
522.318109 784.979892
528.942802 786.059939
517.351682 785.504575
532.248010 790.920462
530.735291 785.345848
534.290543 792.201883
526.716513 787.439711
526.169401 788.183138
524.142042 788.378708
519.180850 786.683282
525.271570 789.333654
524.387486 788.474977
531.505377 785.870864
534.181738 791.604543
519.503086 794.091413
515.000850 796.642662
531.468351 788.581845
519.985636 798.965753
520.809444 803.991852
523.974968 797.912534
521.381136 796.347634
519.162928 803.119514
523.237418 803.283924
527.225078 808.408315
523.570069 803.411633
523.519478 800.057879
523.652059 798.332910
520.450545 808.152769
526.093120 809.475427
523.934236 816.555010
519.247844 805.596102
524.362039 812.175086
517.859144 809.367681
521.699456 797.102123
535.405087 808.546624
532.077038 812.391540
525.218312 816.288387
519.067652 804.510003
518.921489 813.915523
524.400596 809.328886
524.236525 807.980373
520.502001 799.440428
524.399705 816.831783
531.163699 815.027407
529.423539 811.866423
527.193672 818.898096
522.187266 808.809155
515.804676 813.454559
525.545111 827.076967
526.058314 811.962034
534.796475 815.001145
524.252604 817.025216
530.855290 819.516883
523.894664 817.236910
531.411499 825.886740
524.960498 817.332001
526.794517 826.559689
524.423831 827.766569
527.388378 827.477899
528.702598 834.482233
531.589549 825.913462
525.958675 839.191598
524.061394 830.299010
524.077678 824.177126
524.287156 827.939772
515.911130 817.946066
516.481703 820.557294
526.487279 825.135865
521.225066 827.088658
531.067988 827.315382
525.346406 839.400257
531.273318 829.973674
518.189868 844.342105
516.434370 839.093324
530.734381 831.075125
520.697741 834.511874
524.035040 842.567492
520.000795 842.425353
531.088479 845.197958
515.464845 836.230662
529.358404 826.959417
525.324845 839.419363
516.583573 838.262413
515.201129 837.760581
527.750560 847.073904
524.195385 847.291062
527.757332 847.822861
518.541226 845.540366
525.467672 852.596803
521.185725 844.581449
523.956878 847.329051
526.018701 845.980287
523.434718 847.067366
525.084322 847.274898
530.476957 846.019018
528.890298 846.864967
523.760174 838.512959
522.541002 847.761461
520.791303 849.073793
530.883327 866.003755
519.967507 859.560151
521.338284 848.043593
525.179850 853.649446
522.891846 862.922140
521.151623 846.632856
521.121917 847.551479
525.732406 846.266278
519.637305 859.811881
524.898591 852.264963
525.996826 851.930809
522.399386 864.300752
519.336463 855.886230
520.553979 861.089577
527.733424 867.387942
524.515962 867.507587
523.395352 858.316869
522.188088 863.622695
522.015774 875.188003
526.264902 869.633456
522.902526 865.961960
523.642206 866.751553
524.074116 876.431815
523.152421 866.795623
524.265427 866.765171
528.491432 874.374345
522.849965 866.098095
525.526525 882.026210
522.944011 882.127816
523.369954 878.355866
520.939243 865.299089
523.663829 881.072444
523.880855 877.589021
521.220624 871.503693
527.724223 884.487285
532.595360 871.672898
524.834422 880.721543
524.664202 881.481828
524.217606 878.106819
530.801237 874.027228
526.568885 883.286192
522.246103 887.104316
528.451298 884.541496
526.164113 882.680226
521.609638 889.147602
523.170084 890.408576
530.207933 887.917763
529.934346 888.469992
519.864236 887.478556
519.965924 887.073964
520.422191 887.927365
522.005834 890.323122
525.260245 894.356156
524.045383 887.834523
522.264254 888.440155
527.464915 902.830232
530.591497 900.586562
519.923007 895.156976
526.536350 897.836115
531.957225 906.785218
526.875068 900.679759
535.365498 904.908937
528.245101 895.402767
528.075183 897.322179
524.023012 897.006392
522.022787 900.786496
527.741960 904.889443
526.590238 897.074300
520.812868 891.391210
529.543275 900.578764
527.895148 896.876666
532.982241 908.556742
532.762092 901.145373
528.852657 907.727391
536.157471 916.344747
531.370752 903.687887
524.292707 895.141703
540.039167 904.920143
536.485142 904.378752
528.288824 913.937280
535.379720 904.255991
524.362902 919.638566
529.222816 906.170583
528.508030 915.821541
527.958824 918.223596
531.135389 915.742817
525.520867 921.176175
524.423927 918.198137
528.983156 920.415673
527.506615 918.292210
529.418013 914.468559
534.313019 921.478539
530.612131 915.469092
528.942658 918.744167
529.848954 913.587337
524.505623 919.300301
527.836036 926.692820
526.349219 918.639682
539.098719 933.929274
530.501255 928.857605
526.717970 927.733418
529.433294 930.366796
527.685676 919.130844
525.821802 922.462258
538.996031 934.754064
532.481326 922.765118
535.859608 933.642686
527.533936 924.377176
528.979248 927.665902
525.064057 920.769099
527.023268 932.387741
537.381082 188.145366
532.197991 190.157883
524.573939 196.142580
541.910686 189.968344
540.610721 183.204089
534.498878 188.470692
534.613392 190.591993
531.202565 190.344322
536.017449 188.442148
529.148543 191.993814
533.605763 187.060118
529.584312 192.036352
537.249324 184.581249
540.043930 187.410960
537.944644 950.148686
531.617471 938.743465
532.604069 944.846475
539.778450 941.720943
536.846515 931.166410
530.842778 943.681915
529.097173 937.293617
529.089693 938.330700
534.345897 937.752773
531.305855 942.776538
526.045660 927.606180
539.021803 934.222975
535.302886 939.382677
538.516505 936.566407
536.191720 944.860030
526.456555 956.415140
532.431838 943.274092
533.461882 946.828300
532.121622 946.473073
533.189710 952.211280
537.767225 939.846482
535.699645 958.160776
535.867984 955.774519
533.654019 947.288061
533.796694 947.571002
533.996885 947.206620
537.478104 957.181921
530.175955 937.231054
534.568375 954.902509
531.829073 959.696457
528.443180 959.600035
532.489368 956.164440
534.459129 957.303557
526.938532 957.441253
534.072793 957.277234
540.814214 957.108243
540.509626 964.082495
537.455303 960.790850
530.758548 954.169106
534.689813 957.071129
537.672238 954.282704
529.452655 951.623482
530.968066 966.421257
533.617602 968.963048
536.984685 965.018432
537.591928 958.695647
535.970353 974.137978
539.540855 960.002998
543.938286 967.540963
533.555561 968.845517
534.335267 964.924883
535.619806 971.932305
530.522197 966.375891
540.075112 973.028077
532.307105 966.919697
545.389721 961.928012
539.121920 973.651938
529.465602 965.530539
544.319395 977.243469
535.138547 969.126668
533.856937 978.000017
534.271418 979.523585
534.226167 977.270569
528.109188 979.012370
533.465503 977.548717
534.058344 978.339038
537.445957 976.550856
530.840983 974.435273
532.379490 978.827713
529.799964 966.768208
537.240322 985.384281
537.328558 983.972748
535.529392 987.266651
534.096390 987.457791
526.525673 991.283661
533.962734 988.291134
537.580074 990.735694
534.683513 987.180116
536.455137 985.899088
536.081834 988.001411
530.035331 977.311678
531.021670 994.824917
534.492137 986.727454
529.998768 986.358014
530.244240 993.539186
545.498582 993.408396
534.998865 997.979802
535.328625 995.738609
534.206471 994.918969
527.861658 990.296204
529.148404 989.159744
538.217441 995.125623
527.783038 991.607707
536.020324 996.150449
531.606323 995.348984
534.078631 1000.898989
527.588484 992.296118
540.343143 1007.753150
528.515489 995.527034
535.398551 1005.021366
540.715020 996.372909
542.850978 1005.580509
533.765284 1015.544049
527.607344 1011.532258
526.650057 1014.921408
533.614252 1010.478103
543.827161 999.708036
530.869362 1011.589852
529.013410 1015.268995
533.482691 1014.434412
532.897463 1007.524701
541.628024 1007.088680
527.844585 1018.098310
534.125204 1017.135343
538.230956 1022.274175
530.281502 1020.587579
528.451753 1019.335787
535.679734 1028.082129
546.128656 1015.885667
533.842627 1021.857099
540.653582 1009.098991
528.396510 1009.710967
536.165891 1015.689880
533.920728 1016.335305
529.760616 1025.198770
534.174364 1018.290392
531.877555 1032.066866
535.835640 1033.864134
535.019566 1026.693134
535.619123 1025.687678
543.697717 1034.929620
534.643722 1033.506008
531.967376 1029.388729
533.586727 1030.119739
541.995740 1024.501203
534.322026 1030.887569
531.031625 1020.692126
530.082540 1020.759337
533.714128 1024.243869
535.666011 1026.410275
529.906231 1031.127142
537.132146 1045.683388
537.339638 1036.880377
532.718815 1034.202961
529.372095 1030.370517
541.210677 1042.327531
529.709405 1029.630180
536.875457 1037.642636
531.888072 1030.854033
536.832274 1037.477971
534.714717 1034.900873
531.635549 1034.103505
535.941210 1035.824076
528.573273 1030.104295
540.118795 1041.637710
539.722599 1047.341641
538.996302 1050.997227
535.941407 1056.369443
539.515995 1047.860680
540.027823 1050.351594
538.963203 1038.249866
541.100667 1043.989641
534.858528 1040.054507
537.251320 1037.428510
545.042802 1050.838952
539.681199 1048.872467
545.707351 1051.848417
540.755150 1044.125155
536.090271 1054.567516
545.334353 1050.187849
541.655934 1054.510155
539.359415 1047.705495
539.472139 1047.678549
541.196145 1059.115547
546.813667 1060.846859
534.806235 1048.063255
539.360305 1056.324212
543.061225 1067.929422
535.513252 1055.828844
546.308476 1053.168718
538.588263 1047.281669
540.491896 1055.685276
543.552732 1057.457581
539.564474 1065.138507
537.349696 1059.813434
545.262605 1065.798590
540.955936 1068.183192
541.944822 1070.365638
540.574133 1067.216573
544.195943 1070.436992
536.757845 1058.625081
542.986836 1069.672172
541.407803 1069.234996
537.501330 1060.287285
539.536922 1065.042050
536.076881 1055.683703
544.928284 174.195284
536.835603 183.666269
541.332998 180.323125
538.441933 180.278865
538.922192 178.557964
538.773093 179.020820
546.865366 174.644927
542.605186 180.171708
542.225453 181.002732
541.507375 175.947729
543.349091 181.004633
546.161630 173.774885
535.381421 186.912305
535.596914 186.379296
546.416656 1076.496963
545.384977 1075.618681
542.144512 1069.930257
543.479252 1071.589121
542.320484 1071.440498
544.115621 1074.859810
542.222518 1069.571413
539.117791 1063.793185
543.372450 1073.717274
543.896505 1070.574289
540.949830 1068.228223
540.490782 1067.039925
548.740573 1079.071391
543.725423 1074.618168
557.054355 171.485129
550.509576 170.902276
545.598479 166.697333
544.404278 170.643510
548.402068 171.360948
556.984803 167.659327
550.028987 173.482248
544.764749 171.957898
547.877031 173.765957
545.449015 166.692431
547.511488 173.167962
552.852410 164.911385
551.847848 167.495817
548.134067 171.905930
552.704870 1082.951208
558.059113 1090.613691
550.029187 1080.088303
550.422696 1079.023819
551.443034 1081.511498
551.502450 1082.127120
553.399470 1082.193373
561.178963 1085.874335
551.132696 1081.551046
549.491370 1080.293119
545.861732 1076.547458
556.928292 1087.837603
550.670552 1079.590365
558.847807 1081.884817
551.023031 165.988981
559.912316 157.228291
548.580203 168.508416
544.563783 167.757808
559.350159 167.425676
560.786175 166.385527
556.436730 157.367307
549.958923 165.532499
560.511308 166.720485
557.621787 163.750136
553.706802 162.426604
553.298104 165.405915
558.282303 157.597177
558.212749 155.312120
563.181866 1087.973531
560.490696 1092.987843
559.187824 1093.887765
560.470933 1096.745145
558.542162 1091.779914
566.141582 1091.312280
555.075130 1086.151475
558.938562 1091.563527
558.707572 1088.574004
560.251664 1082.950638
559.734792 1092.746164
556.345627 1086.386412
558.079922 1091.576329
567.637740 1089.626065
556.687499 157.530968
567.132394 144.955721
557.298052 156.238390
552.323770 161.713214
557.985581 155.617507
561.824294 151.380219
563.852301 145.515322
560.970649 152.101083
563.646834 148.277004
559.897554 152.126599
558.768477 154.566018
557.610053 155.474528
557.368227 155.661513
559.177553 154.757207
566.343158 142.707880
567.185505 143.553885
567.189456 141.715675
569.503913 144.698481
576.225191 138.382540
567.810179 144.332601
565.483827 145.776818
563.154588 149.315406
566.255599 143.441197
567.613238 143.790292
562.757186 147.602166
567.758336 147.665987
560.664502 153.175630
567.183729 145.004939
568.143079 1089.516989
564.693351 1089.792633
565.972441 1082.659616
575.187758 1088.821773
567.253688 1089.528942
566.659197 1087.252099
576.401248 1089.473717
570.586533 1089.590384
572.883956 1090.720808
569.461942 1088.976592
570.650510 1089.735706
566.937594 1087.852848
567.595289 1089.437212
570.997522 1090.610829
573.555939 128.809901
576.925710 127.758931
572.411832 131.714585
571.689750 131.841196
578.950815 125.370476
573.543301 128.407012
574.650396 126.971600
569.656900 136.198769
576.905656 126.959831
574.040017 127.422875
572.207524 130.980265
574.831491 127.246843
568.802155 138.641378
573.089274 128.987592
576.256969 1089.104752
575.490256 1090.242807
582.824753 1087.149060
578.011225 1089.260023
574.848018 1089.395214
570.891731 1091.172206
574.480389 1090.105826
575.977204 1090.157092
577.853458 1089.239268
570.450202 1091.154132
575.530000 1088.529200
580.150343 1088.180921
574.934903 1089.972193
570.007938 1091.155767
575.668680 125.978624
590.252604 118.630551
587.019956 122.960933
574.754273 126.505173
581.337461 122.194108
578.732825 122.738368
574.285866 126.955210
582.323310 120.542115
584.823354 121.487066
583.718484 119.893910
582.220129 119.912618
583.122931 120.068552
580.590573 121.220614
582.962836 120.206847
579.664831 1089.571878
589.474467 1088.944023
590.524617 1089.313429
584.516110 1088.305397
598.743010 1090.424621
589.307455 1087.836745
590.300251 1087.685446
590.556579 1086.213692
588.272404 1086.955530
595.849670 1086.586287
582.000833 1087.666485
593.588739 1089.063907
580.702380 1089.840434
585.956823 1087.901093
590.999361 114.954916
587.912698 110.400084
585.409819 121.743179
583.456985 119.411610
585.635936 117.147082
591.459083 117.449018
589.641428 111.444401
592.502516 117.855533
588.953851 111.679628
590.602801 116.995186
591.091618 115.120343
590.750561 115.095057
594.910692 117.927105
591.716925 120.376763
605.379933 1088.470383
597.095094 1087.443763
594.900092 1088.082872
601.015463 1089.689002
594.860042 1083.639933
599.471999 1089.268822
598.184580 1088.754408
605.684209 1092.017498
606.312418 1089.229622
590.313444 1088.361055
605.530683 1090.600436
605.797056 1093.161853
594.861642 1084.380680
608.037951 1089.710020
599.142670 120.937922
598.858443 120.229724
595.338472 119.162809
597.875738 120.736167
599.962811 120.920850
599.451199 120.819833
591.711142 115.574752
594.504183 119.301167
599.757624 120.818214
593.493155 116.805272
592.278931 116.354054
590.908483 114.329329
600.015199 121.002357
594.777446 117.211468
614.687072 134.633844
601.274571 122.136736
604.433747 124.721193
596.555842 121.958305
600.184478 121.484065
606.976234 126.959134
608.583262 128.497886
604.973804 125.758377
606.656593 126.746415
614.451134 134.430589
606.744223 127.062825
603.445503 127.291625
605.340887 125.497013
610.985149 131.330874
619.534407 1092.371618
607.482267 1091.649903
599.592682 1088.386786
599.220094 1087.365411
612.531137 1089.867443
607.233685 1090.368003
618.839781 1092.934834
611.836441 1094.181249
608.102510 1090.649280
608.445579 1093.380055
614.430007 1089.942958
607.354072 1093.154161
605.672018 1089.586093
609.396632 1091.663717
608.478083 128.680591
612.229522 132.122727
608.315901 128.744000
612.001027 131.845556
613.723885 134.119866
613.393434 133.455130
612.967805 132.904724
611.514337 132.650544
618.858981 139.171526
608.017058 129.634761
609.029724 129.105520
609.709011 130.511320
620.853016 141.471883
614.069389 134.050688
613.252582 1094.760270
622.081126 1092.402618
614.437049 1089.950785
617.080265 1090.351581
612.004538 1094.022666
617.426859 1091.217038
622.831547 1093.134125
615.211096 1090.263669
618.617311 1091.634428
614.636119 1089.956799
627.744851 1092.104841
621.844741 1091.776673
620.088883 1091.568595
615.914239 1090.501846
619.861787 141.929518
623.007128 143.965834
619.275331 141.866385
617.551384 138.271073
619.539883 141.489046
614.907394 138.359791
620.519714 143.154593
620.746980 142.096478
618.346406 141.285670
618.434365 141.135800
622.898949 144.650797
615.353028 136.662997
619.533735 145.778227
617.794378 138.344651
632.535591 154.167020
616.495091 148.595769
630.235024 152.019827
625.265985 146.654898
634.490081 156.311561
625.154092 146.734122
626.224985 147.786278
630.245189 152.828307
627.999751 150.253698
625.829945 148.175159
635.304037 157.605634
619.128980 142.618587
626.462734 149.194419
623.820674 147.706461
627.164860 1093.879677
629.835988 1094.265481
620.111051 1092.362198
630.934117 1094.210689
625.151448 1094.006161
625.434267 1094.094643
615.961814 1092.452920
626.262630 1094.089926
637.628702 1094.253826
629.529736 1092.588650
620.598431 1092.698523
624.030067 1093.891236
634.803737 1093.049836
617.145151 1093.515943
634.972511 157.296447
635.078209 157.392881
630.471913 154.017696
636.155876 159.063776
634.866104 157.185533
637.054603 159.121754
635.193043 157.772633
643.055051 165.033084
632.378557 155.498437
632.311789 154.356629
634.749651 157.115339
634.479715 156.847870
630.658884 153.976324
640.544815 162.294119
642.362170 1094.805852
642.096620 1094.846788
635.412075 1093.849521
636.808596 1094.402699
637.774719 1094.148828
643.363442 1093.859234
640.432788 1091.862944
636.780276 1094.581999
633.813619 1093.712676
634.743987 1094.124765
630.444021 1094.063630
639.641585 1090.217988
646.820116 1093.020700
638.530083 1094.646767
639.415048 161.875009
639.826814 161.501548
646.703313 168.101207
640.246950 161.903083
647.180492 168.905619
645.725204 167.794685
649.036074 171.263489
645.456646 167.629050
636.937616 161.332601
642.441825 164.309162
642.412953 165.831212
637.334367 159.674384
647.331194 173.953838
639.973019 161.595692
647.764607 1094.870934
647.401969 1094.916507
642.880139 1092.435998
642.732827 1091.196047
648.443808 1094.504201
652.990834 1093.237762
650.961384 1094.872051
650.770465 1094.750246
655.089903 1094.685609
641.216042 1087.995805
655.948388 1091.990546
647.870340 1094.888065
642.329882 1091.780296
639.788636 1094.635912
655.117196 176.095031
648.772867 173.643056
651.176286 173.002004
647.261394 173.943948
650.671809 173.912613
649.437076 172.335746
650.502999 176.308157
649.374647 172.872216
646.288656 173.011720
653.329464 175.104243
648.626021 171.009839
654.045086 174.893412
658.447683 182.177379
657.670517 178.897503
656.622337 780.809014
644.818365 787.157451
656.892732 781.018927
657.341527 780.675407
646.130135 780.973574
651.343360 781.735220
656.636982 776.621975
656.847551 788.831885
653.410492 783.688725
653.409454 790.795211
665.402213 779.841607
659.235105 791.081736
656.053207 785.328650
658.737111 777.752584
653.260876 183.831251
651.184309 182.319658
655.778797 178.249620
651.349052 185.329533
659.319602 182.022810
657.506618 178.758694
650.894675 180.919897
657.298012 181.582607
661.487001 187.248844
652.934154 173.836922
652.078795 183.226721
657.247747 178.373941
656.288305 180.808925
658.737803 183.163896
654.194235 790.961400
657.308755 796.591829
652.850035 786.839216
667.947826 785.211168
653.914425 789.427499
654.855564 790.627572
654.440840 783.999302
664.486288 789.354600
656.596838 796.035196
660.196019 785.064551
653.173664 788.476603
655.718728 791.989225
655.881528 787.957831
661.633033 793.075992
663.084637 1089.195707
656.720046 1094.138622
660.788161 1094.229272
660.720642 1092.916146
663.762756 1093.192200
659.600527 1090.922578
652.053474 1094.709116
657.338305 1091.338840
649.589209 1094.840562
661.086746 1094.072366
657.677110 1094.235713
655.695024 1094.637064
657.623048 1092.214095
663.087223 1090.588292
660.030309 803.298377
665.329740 797.582475
660.556221 799.145158
660.671047 803.156939
652.103626 804.837717
661.382329 798.673253
656.558877 798.884769
648.527703 797.085221
663.741012 792.466387
659.705455 799.137162
662.843468 799.385757
663.621788 796.730943
659.301472 805.984205
660.038751 799.760379
654.716276 818.854500
652.291333 814.946846
662.209557 817.029867
648.584574 804.230097
660.265162 814.316722
655.858444 806.832463
658.428766 807.055708
663.089874 802.046336
657.801767 818.013131
658.513413 816.839969
652.588776 803.206881
659.100183 807.402287
655.046172 804.577044
665.816277 803.740207
652.365549 825.388673
652.466663 824.055755
658.634575 821.003546
660.343626 823.888253
660.881043 805.360382
661.651458 817.542626
656.341192 830.795069
664.746747 805.880282
653.628732 816.384143
655.483533 810.687521
660.970715 825.019709
656.817697 815.558520
658.636334 817.190068
663.545251 809.087828
656.522560 817.948262
659.645249 826.522783
655.084570 827.213610
659.268357 827.636423
660.733808 825.609007
655.330984 838.878972
658.587960 830.489799
655.397964 836.602224
660.660655 822.592276
658.280868 819.232393
656.646615 825.227710
662.715832 819.696909
654.953429 827.584727
657.490276 821.644598
655.982657 840.612369
659.342019 843.973978
663.480674 839.899268
658.723609 842.433027
658.643234 837.152299
654.085278 838.080798
661.457449 844.431151
657.224129 839.394771
651.900225 836.900628
663.063995 846.530931
665.025212 847.876604
657.085774 841.654923
656.200440 839.880655
651.226470 835.225525
670.138905 849.064018
654.344647 847.335937
662.170687 847.364925
659.444041 848.978864
660.070435 849.778507
654.441446 850.621817
658.435608 847.004405
668.913419 849.431096
658.837917 857.337168
659.138324 849.934187
661.453127 851.619710
655.322785 859.253376
668.505516 849.601971
663.595838 854.531145
665.867289 855.560574
661.863586 865.028905
666.015470 856.898276
651.033976 863.173814
662.161392 865.302312
654.051038 862.082267
654.675468 862.002741
655.838391 860.088488
661.783638 855.090235
659.939488 857.830057
659.431119 861.268181
658.578799 870.641846
661.548995 849.003162
660.611992 867.871465
654.188062 873.410141
661.637012 866.012208
659.328074 870.364283
660.832975 867.186221
659.661038 869.752237
660.723965 873.044356
664.048625 861.517543
662.309006 870.381473
655.515402 868.288295
654.842314 862.903155
653.596723 879.773857
659.575498 869.775539
662.786823 865.383457
657.816662 859.618771
652.648562 874.101244
653.832215 881.142167
648.188841 882.146009
657.362351 889.962738
654.733001 887.244309
660.939673 867.948450
652.743957 883.273371
657.416397 882.254089
660.548394 871.110197
658.841169 873.451805
662.212791 876.808345
660.032221 880.658571
659.487548 879.383108
657.189771 880.739697
658.980150 884.413920
657.581326 883.570369
661.066262 894.468415
662.604084 899.213034
662.090517 897.282159
661.458793 880.746351
660.760037 878.341862
656.422674 893.978005
657.333597 890.138667
651.547340 893.048140
659.648594 893.480379
651.529831 884.000677
660.361933 885.299755
661.073725 892.766511
657.614108 895.838200
660.715980 900.240577
657.565264 896.856681
661.441876 894.917615
655.717515 896.751194
659.371730 898.817546
658.866762 889.538000
662.734212 898.017502
662.677157 903.796902
659.984145 899.232301
652.514388 889.311856
660.353256 899.449727
661.534308 902.283547
659.389367 895.709195
655.320432 910.234115
664.887974 914.947954
660.571606 919.003425
665.116406 917.086767
659.073015 916.469406
660.095587 909.746648
661.504317 900.509389
665.446402 918.516275
665.434102 918.705468
656.086760 907.126004
651.666823 911.967128
652.299223 909.811805
655.381258 908.730687
665.046097 915.223931
650.803886 926.031854
665.493772 929.608479
649.963298 926.222106
660.070802 920.328158
662.872465 921.094754
661.136161 918.885256
665.719371 926.222917
659.618738 917.866278
660.439305 917.919279
665.306785 917.906736
656.461812 929.042569
665.670618 920.874051
664.833380 917.049566
654.653950 909.319722
668.335982 933.947963
666.081011 928.486426
652.226502 933.368637
660.770522 929.863254
662.342340 925.549095
654.945810 939.307329
659.964862 930.438327
669.401749 933.820733
654.272995 933.181746
652.597768 923.009585
648.492140 928.600761
656.312415 939.957374
660.440578 919.367576
667.428392 932.095596
660.110526 944.351594
667.717572 933.465956
667.963498 940.074790
660.869162 945.316715
665.940978 930.864912
659.395587 931.133307
666.074202 943.142964
661.145373 939.343233
665.263892 932.134421
665.157368 939.578789
652.827904 932.505481
657.731316 936.166168
655.144489 934.984531
661.568872 941.308718
664.356454 190.178325
665.646412 188.707685
663.717082 187.914615
667.780487 192.042761
660.748559 182.771801
664.032272 188.443915
667.659769 194.448737
663.587838 186.602557
662.933298 185.406367
664.388925 188.311163
654.644217 184.406051
658.920908 187.308596
668.784046 193.227680
652.915912 183.791813
664.429757 780.979538
675.789901 779.465193
673.042183 785.666036
665.241762 781.012118
666.844460 786.820381
662.788062 780.549974
665.782673 780.932800
657.214646 780.803923
666.644680 786.897924
670.679746 781.683671
662.545104 780.746999
660.708207 779.916596
668.320948 782.406305
672.699696 783.450902
667.831733 956.813289
668.265969 940.658134
665.110665 948.237601
662.293249 950.524874
665.005589 950.440242
662.619235 960.466971
665.642450 955.612043
666.525748 950.883636
665.116320 953.636608
665.292198 950.797720
666.081742 947.069711
668.781165 956.494280
662.152333 956.037159
661.900028 955.572269
673.573898 967.031987
669.004833 957.714727
654.234394 959.507339
662.684799 948.409784
670.624711 960.774668
665.772288 960.815228
670.160514 963.450220
662.025571 962.901612
664.390673 954.141124
664.733155 960.937886
663.819063 952.740632
653.242649 962.154201
664.574956 960.313377
667.086626 958.079469
668.930161 1090.795028
667.706073 1091.662167
666.263151 1092.709994
664.969942 1092.581779
669.598211 1086.382659
666.672580 1092.505131
672.295041 1088.853353
672.242823 1084.282240
660.935082 1094.138388
656.247456 1094.539210
669.815359 1090.272426
656.370125 1094.361659
663.504202 1093.390912
673.263030 1088.114281
670.910828 195.588826
665.746540 192.530538
675.253239 203.456571
675.216715 203.427780
666.862218 192.902425
670.129997 196.048407
670.942346 195.589854
672.888053 198.326186
668.144205 195.511141
665.992108 191.675600
672.093710 198.875089
669.847878 198.075363
667.397375 192.485926
670.267909 194.142624
675.741863 980.558367
672.783675 968.874082
670.078646 965.134916
667.410763 964.720803
659.790167 960.742823
673.415720 967.229905
670.220398 960.433330
665.789283 968.017570
672.455703 964.605228
674.456167 974.773915
673.956747 977.194189
665.645471 965.201946
673.517986 967.530904
664.100764 974.128902
665.085661 968.968876
669.611612 978.321482
668.517958 984.561208
666.615737 972.184121
669.853863 979.075051
676.261059 984.379007
668.587973 977.230988
670.112198 980.213713
673.602348 967.049330
675.918765 981.481334
673.873080 981.044503
670.910766 966.363015
667.855920 973.294016
675.300039 984.490879
669.536628 991.805324
670.241144 989.604719
669.382628 990.721614
671.102941 990.510644
670.124926 985.773892
668.053631 991.139030
676.409560 984.222988
669.835013 978.395426
677.015882 994.797377
671.661512 988.889775
670.365914 990.165249
672.054307 988.118560
675.234077 994.811176
675.964872 985.323492
672.623770 998.311096
662.425094 995.340227
676.907147 997.216676
664.709207 993.103665
676.042967 999.025095
676.384234 992.028212
673.211209 1010.003109
670.826389 1000.176993
664.881469 1002.385338
670.349405 1009.315273
665.150613 995.099466
677.637553 1008.301474
674.524208 1000.243392
669.073152 997.629795
666.472808 1017.311737
666.820764 1009.760570
677.458393 999.217032
669.122976 1008.640089
670.336582 1007.199176
669.073867 1008.443299
677.572229 1006.348914
669.750686 1008.455451
668.932508 1008.072836
675.405349 1004.242802
672.147285 1008.750964
663.383029 999.335177
668.939623 1007.476511
667.635886 1009.125776
678.020970 783.949991
674.332620 780.361957
675.133224 780.918289
684.790565 782.076412
682.486497 783.506668
686.278367 780.862182
670.678432 778.916060
676.904441 779.940559
672.787284 780.561242
671.504453 785.593925
673.637085 784.841058
667.184202 785.276191
666.550873 782.829188
683.106191 779.469967
673.792963 1024.774497
675.963149 1020.398007
673.470319 1018.350464
674.754668 1018.503781
673.986913 1014.562164
666.705458 1016.080365
675.494266 1025.035687
677.628301 1016.697056
676.013894 1012.353582
684.186645 1020.426400
677.892956 1022.358924
667.101647 1018.990236
679.000760 1018.855868
680.666333 1018.578824
676.530347 1018.455582
674.815054 1018.479083
679.049113 1030.332766
676.011215 1019.919792
676.563952 1023.018168
679.138565 1031.452632
675.131385 1020.599070
679.897265 1035.378639
674.964572 1028.753209
665.631472 1023.067991
669.062499 1032.324205
666.117414 1034.782660
679.754954 1030.909281
669.332270 1030.012339
671.530377 1035.433868
670.446203 1033.163378
668.523755 1030.285534
672.413814 1052.569212
678.266572 1037.386175
675.334876 1042.390860
674.951823 1040.875314
680.695165 1042.713356
674.664459 1038.138686
675.086906 1030.727721
676.310269 1039.039894
678.067223 1038.821180
673.088170 1035.149646
678.323761 1035.776590
679.778394 1039.370481
666.469844 1048.610666
677.563064 1039.788515
666.660040 1050.940983
682.374191 1055.367643
681.173546 1047.139027
670.868644 1050.388714
674.842985 1051.389979
682.420279 1056.568516
674.839727 1048.950922
679.163142 1060.946158
673.613071 1042.446404
673.317428 1060.488592
673.773525 1060.142158
667.527813 1062.337662
677.562277 1067.033171
672.255512 1059.554881
674.580437 1055.050045
664.586282 1058.033630
669.172226 1055.870146
679.285962 1056.688120
669.745694 1056.559605
669.366855 1061.478022
676.465471 1065.729600
673.187931 1051.040277
684.155025 1062.038702
674.504772 1068.803958
674.829384 1059.828387
671.990250 1089.015877
669.507052 1089.942210
679.215358 1074.068127
671.869682 1088.605096
671.697945 1080.362657
672.674348 1086.627157
668.304395 1087.098526
674.839717 1082.416110
674.682800 1080.895132
674.448413 1080.525679
670.439666 1090.001114
668.775430 1086.498034
674.383652 1081.496225
674.829838 1081.798454
681.334304 204.661892
679.108916 207.757345
682.685675 205.708321
675.445760 203.289431
673.224786 200.541479
677.616568 203.130152
680.563974 207.218559
671.337313 196.292272
681.674482 204.612881
670.392982 205.003387
680.073507 207.531006
673.931709 202.452265
679.739886 203.372992
672.655492 200.510709
678.936541 1074.021118
678.924062 1074.710089
684.829953 1064.428323
684.688695 1064.267902
683.427855 1066.244073
677.785252 1065.994647
685.214057 1064.354790
682.726442 1066.092224
680.058555 1072.564818
684.106819 1065.168389
678.019031 1065.516662
678.183409 1061.747315
676.502130 1061.960040
683.993424 1061.633358
683.289764 208.200362
692.849495 218.095095
689.100842 213.097344
690.284064 214.295897
683.148395 212.615446
681.700605 204.677562
681.618121 204.550958
685.120656 209.070065
685.488460 208.921465
687.600659 212.540792
690.587910 215.619774
688.702860 212.410339
683.850154 209.302545
689.263366 216.883661
685.663036 781.932176
685.167011 781.436435
689.502324 781.240282
682.065270 785.179890
681.685794 782.211088
684.034963 781.846159
686.763008 781.708637
675.003864 783.430721
683.001216 779.312864
675.667232 784.205048
675.447124 779.588634
682.662326 779.931186
684.872217 781.260626
682.805975 779.283809
694.080330 220.595767
690.973628 218.583757
683.280962 211.057224
686.697155 215.873750
689.883417 220.229597
690.180178 218.120896
691.140782 218.238129
691.259285 218.182324
688.910449 215.029511
687.199956 216.549820
692.937406 222.834289
696.931342 226.280200
692.872321 217.528484
692.679890 217.250120
696.008268 225.993805
694.187716 226.714339
697.514499 231.458864
698.650030 231.698176
704.532093 232.950187
696.793989 230.614598
694.980356 223.132562
698.878724 232.527363
699.195326 227.961422
693.587425 221.568378
699.962232 229.306634
696.784592 229.921877
695.175836 224.899418
689.842048 217.963538
692.914262 780.565176
687.061796 780.100659
703.730545 781.304457
690.759266 781.811472
696.904802 780.858235
696.199294 781.014753
692.734626 781.521797
700.160622 781.271708
696.262528 781.063990
699.829037 780.210628
687.010306 782.039490
691.213121 781.440272
699.806022 780.509862
697.593105 780.999630
706.355048 236.775422
704.486519 232.483525
702.420023 231.582578
701.956518 235.479516
710.245808 237.562907
712.340209 240.511611
707.081328 234.936887
702.688230 231.345679
696.995573 230.996891
706.654846 234.225986
704.581971 233.040449
704.532500 232.812211
697.263884 231.285304
706.739654 234.306955
699.517312 781.416698
704.853444 781.060693
696.563297 780.878763
698.702670 780.977201
697.014507 781.276200
696.510543 780.650572
701.108719 780.863475
704.795979 780.879117
697.597470 780.956526
704.930089 781.317426
705.669722 781.359148
704.477215 780.820202
717.344574 779.808171
712.429223 780.129996
715.114702 244.136983
712.954561 242.393638
704.857747 232.847591
711.323558 240.406698
707.875993 235.395374
710.457815 238.210091
712.516608 241.587501
708.933844 241.596605
711.723306 239.789415
707.620125 243.416074
717.645657 244.281420
713.111307 241.433771
711.495628 240.513227
710.059742 237.742267
706.078823 781.464998
720.763785 779.648819
714.703885 780.237413
712.771015 780.095354
717.429573 779.842360
710.754143 780.349559
713.000782 780.125403
715.453374 779.913243
714.503893 779.949902
726.874192 778.399568
706.511475 781.158009
705.764821 780.803337
714.312030 780.412895
705.500334 781.280206
719.555054 247.623523
720.789988 250.091548
719.423309 247.366619
720.062088 248.452692
718.564372 252.303728
725.458049 253.657195
718.759096 245.348700
719.404002 247.638989
718.273168 245.090014
724.182949 253.209675
721.367195 251.519804
716.726242 246.971500
718.692663 249.525937
716.511962 250.098463
713.587477 314.540354
722.888622 313.942092
717.510549 311.002534
718.098890 311.902907
722.814850 313.824352
715.372862 313.596163
722.765941 316.295090
720.299956 312.393803
718.155782 313.078989
726.885188 317.653635
720.063940 313.346525
720.438916 320.042664
724.535832 317.453389
725.311342 323.946021
727.805440 321.817246
728.561566 323.569181
717.836799 316.994287
725.521079 323.729993
730.014418 318.130838
724.624560 322.518231
727.786713 327.370030
725.912377 323.209113
727.043325 326.952114
726.464577 322.868870
720.116577 320.261843
726.080843 324.481794
729.704625 328.960542
726.429316 324.759762
724.747429 779.396523
723.521164 779.239322
717.586519 779.653883
715.242184 779.937408
719.904991 779.841470
725.041188 779.477936
722.054566 779.191774
736.241326 777.998357
733.718693 775.758324
721.280345 779.403074
726.675586 778.009143
729.865645 778.261299
726.790508 778.866150
724.912207 779.495292
730.035968 259.550343
725.118367 254.306454
721.007202 253.125376
726.087796 255.520335
724.000915 258.037890
737.099450 263.655711
727.201826 256.215612
724.686794 254.392674
723.968622 258.982316
723.364183 257.401379
726.747557 257.157160
726.184363 255.561806
717.311612 250.964004
723.477665 260.337736
724.907127 320.150849
736.295432 316.287238
728.973121 317.819480
733.519578 306.117437
727.054114 313.694533
731.276749 319.053653
724.009700 317.601414
732.015811 321.991505
724.377221 315.253113
728.067579 323.654917
735.286779 320.911812
729.587384 317.407789
734.776166 312.117791
732.166336 317.207883
737.744327 339.762579
733.803576 324.839719
738.105894 323.647645
732.694805 335.851323
728.726941 328.870593
730.304989 330.561366
728.867464 323.926669
731.438005 333.591715
731.339433 330.210754
730.435621 330.836501
730.378417 331.404998
729.808332 330.413669
729.481725 329.817661
739.022459 340.930427
737.801866 264.908914
736.569009 264.178373
736.396861 262.583140
743.854782 266.834585
734.446909 261.564912
745.290052 267.537841
736.073629 263.023562
731.376953 264.527836
731.939333 259.412016
739.987682 264.458964
735.267682 261.109376
739.457150 270.086598
735.465777 264.392880
728.298714 258.631931
739.401443 779.111532
732.696939 778.158006
734.086414 776.623950
735.038747 779.396572
724.812657 779.597743
742.594246 779.293078
733.727244 779.189799
734.535499 778.600764
735.370467 774.871970
739.457863 780.282103
733.972429 779.649847
739.920988 779.783535
724.054144 779.309046
735.644468 774.291162
742.131542 344.662578
738.848909 335.288999
740.761914 331.480719
736.602101 339.486192
738.444478 339.331960
741.747006 343.456546
736.766824 338.344855
745.571166 348.332055
731.288235 332.610468
743.047654 347.988280
740.905598 338.209395
738.465163 336.304930
738.080187 339.768410
735.152039 330.310813
733.925847 319.744638
744.289460 309.677772
741.756668 324.182565
739.745137 315.636425
740.646512 316.967281
738.469972 322.339020
736.999677 316.170826
740.931654 315.282218
738.384470 315.522171
731.812930 322.400956
742.423835 323.828460
739.216254 315.207166
740.651621 322.564096
736.378999 316.603280
744.484622 268.185094
749.199257 275.478157
751.742351 274.578027
746.213953 272.637836
746.972648 270.118221
743.720755 267.951727
737.486959 271.778668
744.344993 268.001720
740.937680 267.139023
735.801578 268.998191
751.329822 274.063600
735.254226 268.213693
744.365615 268.711026
737.398918 271.915125
745.261855 349.281341
746.098051 349.776459
746.652987 350.511392
744.563827 348.599512
743.834487 348.166139
749.442920 354.473869
743.075092 346.823324
744.458466 350.855479
744.546088 348.659916
749.449562 354.254545
743.060773 346.677663
748.266590 353.254556
745.784612 349.764736
744.193711 350.748814
753.123487 782.596045
744.607188 780.600354
736.125619 774.404051
736.271039 776.844117
752.307975 780.169701
741.176628 779.794892
752.151428 777.976864
745.682058 781.568209
754.546250 781.857136
753.293698 782.189629
753.115177 782.660756
753.038202 775.700812
745.476992 777.574209
743.179027 780.559353
741.668652 321.352075
747.240041 318.395643
753.183133 315.312127
754.756498 311.922131
751.221052 315.284550
751.636125 313.951576
747.314212 316.990042
745.653581 317.146668
750.983722 314.109798
751.610111 313.782991
750.242421 314.366087
745.490920 309.039008
744.495138 310.604822
752.843539 313.119827
749.081470 354.374010
752.648256 363.568266
749.414542 354.924301
750.820505 355.738337
750.182103 355.437167
748.333429 353.916199
744.579055 350.821628
751.296167 356.603588
743.163549 348.767773
748.883803 355.924088
750.043236 355.618370
750.443069 356.726446
743.636122 350.205442
751.804926 360.752340
751.856451 274.559377
751.032506 281.910825
752.107116 284.757560
748.948476 272.147719
751.684439 274.404870
753.959594 284.813445
750.318374 274.968966
745.703359 268.818161
761.311827 284.398431
751.612971 274.453915
750.744504 285.866519
754.573542 277.484129
751.916259 276.711779
752.578940 275.555601
745.212292 780.888589
756.377426 773.425114
749.468999 782.197172
747.213013 780.403710
753.419536 784.931606
764.361869 779.685598
752.575526 783.395278
760.689244 780.081589
751.048364 779.300862
754.458139 781.120884
753.166204 779.416595
763.908347 780.254629
754.890966 779.681958
758.309798 779.564308
755.428700 361.663832
758.210922 364.409226
757.350058 364.880919
767.737797 370.517737
753.651126 360.017814
753.762491 359.604449
755.601735 364.510321
759.395881 366.044133
756.316935 363.953051
764.280439 367.274312
754.005539 359.173016
757.248913 364.917661
751.560434 357.727235
756.164518 362.531846
754.460858 286.755226
749.757580 276.706623
752.166437 280.970284
761.086496 284.062409
760.751946 287.070797
767.283488 291.130570
756.640923 280.366644
753.668934 277.998576
759.639604 282.519747
758.977494 284.584944
756.949693 282.428279
751.315746 274.126507
759.032032 282.411699
762.090898 285.182982
758.152431 307.367259
756.272895 317.619685
768.823368 313.730977
758.362574 310.637044
753.184396 312.916777
761.573955 312.877932
762.211534 311.414322
755.867624 311.381484
750.706885 315.801438
756.042400 312.514008
760.998579 307.321999
749.902534 315.469067
768.793692 310.454341
755.820039 299.843040
755.165557 364.423410
752.968075 374.045236
758.128984 376.087451
770.715612 377.817661
761.350494 375.031249
771.265813 379.383936
755.402564 373.805432
758.368655 368.869514
761.356012 375.214972
768.128991 368.413999
770.828551 367.836412
753.900301 371.671695
762.893393 377.510761
769.998342 379.821725
767.553159 779.301517
757.446376 781.651014
762.513413 780.126525
767.184600 781.710679
759.382069 779.556364
758.584616 779.837281
765.349530 780.897064
764.963004 780.172065
758.736784 780.578039
766.507784 779.364177
764.363811 779.860320
761.842950 780.169888
770.132969 779.022824
765.092119 779.598942
766.309764 289.945142
769.572098 293.318860
774.141560 299.672525
766.178332 289.476966
766.035395 289.363200
757.982478 296.259794
761.970345 285.965009
770.752261 294.915359
768.295516 291.958053
767.290048 291.328731
765.576810 300.733652
768.292636 291.967342
766.042330 291.479415
771.015526 295.166437
768.392775 315.350194
765.190839 301.142450
778.269877 304.969576
767.915848 302.472019
767.511102 292.184067
768.694538 310.909771
772.224516 305.076960
767.330853 292.470225
779.523638 306.862772
768.675087 297.916617
776.336234 302.877049
778.711063 304.363801
761.959699 299.675067
767.657329 304.770710
765.283438 378.447364
766.039418 380.450134
770.125189 383.759892
765.718764 378.907372
766.870030 377.772000
770.651409 380.906658
763.177329 377.479374
774.011115 381.910289
768.251252 379.239046
770.796741 379.907213
772.210406 385.196091
770.793230 384.515571
760.283516 375.570896
761.655632 376.975311
775.123249 779.109040
785.184602 777.257405
764.267986 780.333447
775.183214 780.039287
783.317445 782.275000
770.803906 779.006596
770.546538 779.111367
766.807684 779.454231
783.549792 779.243415
779.733800 778.126023
779.441109 780.335125
775.258828 779.791745
770.371214 779.399417
776.008403 779.551462
777.418763 389.632853
777.544051 390.053179
776.422039 389.078424
779.866924 391.657580
780.745340 393.010775
778.400423 390.621583
772.002394 385.506320
776.597992 389.665125
776.026347 388.773827
777.266237 389.622087
774.549630 388.512920
776.983250 389.441720
781.446592 393.801157
774.906659 385.467039
784.283136 398.864528
777.826832 390.696077
784.948607 399.692198
784.839483 396.838708
789.989784 404.220025
786.374289 399.259033
788.323585 402.785552
777.288630 389.484623
777.368962 390.016690
790.535323 402.815933
788.063155 402.045777
779.851819 393.536700
786.065331 399.069096
783.683422 396.035385
784.762659 779.866438
774.855566 779.699230
784.801716 780.818260
788.692124 780.183470
783.668040 778.573800
784.987444 779.872356
784.938852 779.921102
778.703357 779.008405
779.806215 780.087730
785.494906 779.753649
791.906454 780.114633
781.762515 784.493158
782.779193 779.991223
782.705191 781.743194
795.450362 406.191817
796.937129 406.970978
791.389528 404.303146
793.722793 405.265804
788.338966 402.557471
789.210379 403.710714
792.453588 406.947102
785.394554 400.299745
796.867251 406.932889
785.349061 400.215517
790.959207 404.022263
796.795194 407.503324
786.561087 401.232861
788.961141 403.217533
790.556019 777.370111
790.207683 779.921923
790.347957 779.617102
796.380630 778.995418
799.217506 778.518972
794.800006 778.467776
793.392738 779.322136
796.560382 778.890172
797.986628 775.978220
793.481541 778.831229
796.587732 777.254599
805.156886 776.502106
795.115245 772.812205
790.026910 779.071238
799.476581 412.329867
800.561456 414.913815
798.871681 410.797926
799.776796 411.750287
797.783626 409.217875
801.069406 414.940688
799.152291 411.475505
803.019583 417.247707
794.696946 405.771999
795.341188 406.301835
797.430491 408.108789
799.701150 411.614304
792.950813 406.247883
802.462894 419.294386
811.830254 426.854497
798.612827 425.638464
800.663918 413.400777
803.120766 420.324198
807.977670 422.847501
804.058834 420.553514
803.492183 420.107231
805.168810 420.874329
801.307891 414.360073
799.650341 413.786659
799.123755 416.984349
803.878119 419.280967
804.331612 420.578845
803.951416 423.854378
806.055644 502.576207
807.112058 498.312237
801.697075 493.466111
810.030394 503.418308
803.397225 499.370931
800.891191 496.432518
806.327321 502.723546
807.549485 506.047886
800.985186 495.742015
801.895770 497.939009
804.550872 498.467300
805.201128 494.213817
804.963832 499.579510
796.420688 492.703123
793.434819 777.736902
802.527423 776.963104
795.593359 778.927304
804.120811 775.860653
809.442426 776.122625
795.577773 772.673452
795.605007 776.296936
809.664295 775.285705
813.229800 772.931980
798.550626 773.543050
809.180739 773.853721
809.945722 773.974295
803.292418 775.150164
797.849993 775.303536
807.749581 506.711759
812.577745 514.453784
812.946602 515.256006
810.387294 510.453225
820.895991 508.890167
806.003197 502.586961
810.437705 511.065883
814.960654 518.690787
811.660524 513.401568
811.137814 512.484245
811.119639 512.425056
810.164357 510.623958
811.892938 513.660346
808.236842 507.190990
802.767185 420.140981
801.644535 420.398218
812.864509 427.883950
812.270152 426.640245
805.811249 420.769444
807.261015 422.446167
814.224936 428.078653
821.825834 434.321228
804.945992 421.005086
812.005344 426.490120
816.829253 430.298583
818.512202 432.274556
810.495384 425.948651
820.603498 433.108286
813.962585 505.982643
814.538726 505.906517
813.836572 505.631964
817.317234 508.755172
815.171983 506.025634
823.456041 503.904163
816.608136 504.532189
812.579678 514.578927
813.579706 509.233360
820.750247 505.129718
811.995056 513.732128
818.998425 506.543425
810.455916 500.604440
807.886655 506.852597
817.166184 519.852680
822.383423 514.895208
816.377651 522.871143
817.721239 523.199112
817.768836 524.579259
815.601797 521.716397
816.331904 521.397931
816.522137 520.184466
815.279753 520.777570
815.029521 518.075361
815.668138 522.016282
820.209768 526.140854
820.004741 512.948903
816.985107 520.954376
808.822128 774.570977
816.419637 771.045968
812.117461 771.955355
806.102005 776.749298
817.906472 767.756580
804.137599 774.412936
810.912722 775.880769
810.230857 776.330785
809.089917 774.971922
810.362170 775.335101
821.079954 768.866609
817.701813 774.742607
814.429475 772.513391
811.560837 774.016346
824.443922 436.490625
821.035441 434.307599
815.475302 431.821446
821.219206 433.548202
813.965791 428.194491
826.248806 439.307038
825.628612 439.599163
821.478075 435.003164
819.121740 431.865678
823.169407 438.461412
817.853236 431.442888
820.547016 434.615604
821.301394 435.422673
824.708401 436.469065
821.290345 526.297723
823.461343 529.819217
831.447487 534.734229
821.170301 528.472790
823.852463 532.555330
819.148184 525.463614
825.161631 530.302129
819.451903 519.227722
825.428591 535.477020
823.162957 529.359359
819.002991 526.326684
824.996310 530.392195
833.701287 535.973581
828.237997 533.402533
824.088417 504.011798
814.520041 504.921312
828.100987 499.961250
825.678410 500.900077
830.822176 508.391549
824.753116 504.226444
829.183528 503.942964
821.455269 504.380077
824.760965 502.765272
825.052611 504.030745
825.479595 504.180720
827.719029 503.368915
818.271557 507.874153
815.586716 507.374378
822.819536 771.027888
824.982134 770.386044
834.540100 770.016692
822.102436 768.054141
823.639399 770.254882
827.292769 773.193334
818.941073 765.615521
830.989306 770.693180
818.354509 768.007285
820.899575 769.837572
832.362848 769.608506
814.480430 773.794663
826.455290 772.798917
825.045336 770.378906
827.834744 539.012305
826.631871 536.901570
827.172777 532.928477
833.250661 534.600373
825.371288 535.433057
830.367725 539.877207
829.397477 541.251879
829.076120 540.488800
834.186415 533.040806
827.727922 537.792809
827.309149 537.804925
829.206944 540.903006
827.469551 538.255514
826.442356 533.573265
819.556982 432.610703
829.542293 445.706259
830.930091 445.927638
823.170279 435.902302
833.083824 448.553186
835.458068 451.670856
828.244785 441.626157
824.396048 439.248070
826.712764 439.439096
827.419591 441.640055
824.465671 436.681772
824.226302 435.917384
825.791460 441.273001
820.398845 434.600511
830.547496 446.276259
835.540232 452.054736
824.176242 438.938370
832.999139 448.773065
832.916131 449.009274
834.333302 449.989733
833.908477 450.212260
827.844118 442.453540
834.383200 449.899397
829.638295 445.471421
834.442510 450.840180
834.243067 450.580165
832.838910 449.027203
830.429846 446.376842
826.529003 504.759409
826.166134 501.199010
838.847925 492.293709
843.609151 497.233988
836.722408 499.199330
837.761792 499.238913
837.349985 500.935477
838.692222 498.029265
843.350173 495.224160
831.480260 492.637631
834.854391 498.843558
834.132757 495.081847
837.845613 495.407230
836.411099 499.643246
834.787563 546.489750
836.123266 545.744802
834.768648 546.477256
833.741156 545.617395
839.836113 540.555727
834.253159 546.111796
835.046656 546.499771
836.530521 548.758003
831.393178 543.053536
835.554200 538.609495
837.325386 547.333027
836.350656 544.512063
834.567194 546.376695
840.096389 548.908150
835.725054 770.055302
838.182296 769.815139
845.457433 768.848551
837.338274 769.333373
836.058096 769.929954
826.339049 772.982716
844.275850 769.890503
838.220981 768.938536
842.013454 768.520474
834.455775 770.965592
833.716768 769.848103
843.679637 769.966658
842.505075 768.530151
837.509362 770.096336
837.894409 455.219609
839.230184 456.631441
834.214787 450.584883
840.225377 457.885021
840.648111 458.456299
834.366263 450.796722
841.823504 463.466921
841.697223 460.080266
839.855660 457.335986
834.765572 451.048612
842.505242 461.641948
836.377229 452.697193
842.846155 461.984150
840.021982 461.639803
848.807384 561.414795
850.362950 556.188889
842.474249 555.946976
846.159219 563.917064
839.045196 552.560827
840.682853 553.472058
843.569570 559.968025
836.936784 550.365093
840.803061 554.388198
842.551728 557.499713
841.382333 554.809761
840.193390 554.605957
834.877298 546.804583
838.768159 552.764668
845.312336 465.216836
844.065950 464.256700
846.244582 466.888587
840.860239 462.123383
849.812727 471.057333
840.543778 458.268460
840.444161 461.411875
844.769381 466.053108
847.360870 468.178981
839.574068 457.876601
842.927230 463.880631
841.282054 474.546004
845.910966 467.640896
844.306474 467.572713
841.138650 496.205613
842.502594 495.514250
844.099844 499.107002
837.619154 496.430452
844.700334 494.423515
847.021591 493.328647
846.756035 493.868539
851.889874 491.747472
844.796104 494.458035
845.676647 494.821160
849.578309 484.745707
850.304553 492.715278
838.002683 499.164774
842.692087 495.185910
851.922461 770.717001
841.532494 768.534839
853.969488 767.603667
844.903358 769.351023
843.772077 767.931367
847.521436 769.270067
842.355551 768.486822
847.420800 769.426383
846.615244 770.286021
844.315006 768.510875
849.714888 771.049713
846.189515 769.200886
842.915152 770.064543
853.297333 768.799885
848.874616 571.634503
849.640927 570.674309
847.828075 565.250328
847.597868 562.257174
846.286758 563.318792
848.839333 571.018921
846.966609 555.876085
850.945729 556.733371
846.236842 558.809889
851.764336 567.497994
848.638380 571.507978
844.731613 561.064029
845.216734 564.160029
852.696868 571.235202
856.354752 579.279184
848.054873 564.263440
851.742374 576.474612
854.046301 578.938808
851.375434 573.646226
860.795529 578.729735
851.028153 573.710815
846.806349 565.865738
848.719990 571.293593
855.459183 575.492284
848.989459 571.774951
850.172600 567.802449
847.348831 567.964995
849.641250 572.520011
857.111002 477.740847
852.300098 474.372317
849.885762 478.397333
851.140503 473.414742
852.764691 474.950027
845.949342 466.249582
849.753826 472.812707
848.788949 472.552975
855.502110 477.696770
854.773901 478.359380
847.252074 473.417334
849.827784 479.384492
849.843939 473.723991
855.446979 478.919233
859.179508 492.745018
848.739017 487.111360
843.485067 486.961051
847.063226 495.712305
848.034162 490.519221
856.799940 481.837847
853.245911 479.891714
848.745809 490.231922
848.247043 493.753452
851.398667 482.419294
851.738053 485.769912
853.687105 487.492986
855.366564 496.195573
842.534112 492.008987
856.618661 583.478589
860.485433 589.335968
855.107944 581.368520
853.540941 577.222787
859.606275 580.584653
854.469898 579.831838
862.270520 588.182959
852.053499 575.886491
855.782766 580.909034
854.386089 576.511128
858.647456 578.386906
859.923706 588.115482
855.954025 581.595394
856.153467 582.604790
852.723747 770.173309
854.800430 769.870867
852.998279 770.330384
857.329791 770.069221
853.561171 769.096844
848.955398 770.167301
853.795973 770.732644
857.143787 769.581324
852.435856 769.613366
848.891706 768.751160
855.006512 769.872608
855.903996 768.744016
859.495524 760.775178
854.561069 771.624330
863.365622 590.358414
857.615528 585.944944
863.621870 590.369134
862.667324 588.566827
863.530925 592.367096
861.073367 589.667919
857.677509 586.449679
862.042927 587.004286
862.466352 592.023465
861.483559 588.998859
858.172144 587.817969
858.478378 587.880159
858.488601 588.330116
857.945113 587.126812
860.791249 593.968836
868.786166 610.192797
862.312617 600.833819
865.536889 595.792161
866.920408 601.495911
864.159091 605.595293
864.169133 599.327325
865.761963 600.718403
865.042478 600.385525
869.444090 602.433254
863.189115 604.129847
862.649828 600.843920
866.941607 601.512665
865.571941 599.207273
864.821642 771.337876
858.849974 767.067578
861.469078 765.765743
859.647273 770.601564
855.428541 771.193005
870.355372 769.675633
864.889801 770.548667
868.774027 770.700181
870.305631 770.782978
866.688423 769.700307
868.666708 770.160155
862.581720 770.069196
866.393964 771.035618
864.643240 770.652882
868.933835 606.068309
870.478321 604.878384
874.451273 616.832760
863.080617 602.122762
875.468484 619.824364
871.308358 608.898105
877.356896 619.067492
877.442075 619.894528
867.619037 600.913978
864.432642 609.996544
870.542329 609.299314
871.204292 606.579213
867.118999 602.235006
865.659006 612.886209
874.484649 619.431459
870.502899 617.522821
866.785146 625.787102
874.038377 613.634157
874.588241 621.080283
873.719771 623.261703
880.102572 623.632832
873.946130 622.030346
873.833774 622.038631
871.911041 623.895326
875.256450 614.991677
880.109750 627.861374
874.043086 625.138450
874.986038 627.823194
869.950685 772.407405
886.626596 767.679347
874.246953 771.482150
883.588186 771.364990
884.732824 771.975324
873.775679 776.920146
881.082591 771.192341
875.703361 779.072677
875.229159 770.850871
881.892521 771.790749
878.265468 770.320147
879.338550 769.515045
873.477132 776.280163
876.405388 770.032999
880.309916 632.526647
884.230595 630.340380
882.999844 626.104544
882.669167 624.975224
877.232256 622.352267
876.156915 617.358479
882.132177 624.727745
884.752053 635.802352
875.755737 626.618039
880.648136 627.850457
882.799553 624.904626
878.525047 623.896277
886.369078 636.564810
883.158211 624.976243
884.855343 636.288290
883.183067 639.849454
880.938280 631.472437
879.570252 634.426345
879.977460 636.246011
884.442954 634.119839
880.406616 636.425728
879.931267 643.105784
882.881445 635.090887
881.664865 634.232384
888.039551 641.986783
884.932244 636.593530
886.603477 639.286245
878.847498 627.884075
881.207325 771.758880
884.627853 771.616910
885.381104 772.554883
885.916749 768.422351
886.257558 770.271643
885.906268 771.211742
883.468034 771.596532
885.804637 769.347680
876.331796 770.492272
876.375512 770.456769
878.489889 768.585190
881.324015 768.936306
881.965166 770.201414
885.412556 771.978267
881.851932 635.649466
895.430064 653.952689
885.455375 637.228527
889.473876 646.145727
894.809157 652.308082
884.182026 635.329585
891.108755 646.624726
885.753654 644.275972
881.446718 637.610915
894.347023 652.169778
889.226248 643.088584
889.102402 645.096550
888.615058 643.043600
882.516264 635.218468
895.799188 654.358843
896.177141 654.916601
902.235564 660.630613
895.064504 653.356979
894.524690 652.622323
897.009251 655.740672
898.722557 658.457128
896.785180 655.575217
892.654864 649.872301
891.271308 648.299951
895.035606 653.326253
894.682018 652.820257
896.588340 655.474317
894.360767 652.557398
892.464109 770.132165
891.378931 770.837194
894.933616 770.129626
904.758098 770.273008
892.056263 771.319390
891.866226 761.596322
890.962724 770.659459
891.291338 767.729773
895.863522 769.152938
899.132056 769.679226
900.535579 765.109182
896.618351 770.624078
901.082704 769.248144
899.915460 770.795083
900.878949 662.797514
896.314126 655.279068
900.188875 661.071200
908.563781 669.957063
902.241140 664.584782
897.254866 655.521957
895.368861 654.179771
902.290433 660.776249
908.304475 670.712638
900.097622 661.428050
905.013214 669.348933
902.224690 660.649723
900.572883 662.352268
904.505774 663.382778
898.373410 770.239574
908.399869 768.289682
900.027999 768.837315
909.831474 768.580785
915.724766 764.804203
901.304251 765.663156
902.839218 769.630001
904.492833 768.898487
911.221393 769.548544
903.370169 770.899914
901.783508 765.348801
903.106272 769.733314
907.114981 769.804934
910.981177 769.904965
915.013328 675.912035
908.083288 675.525076
905.107312 668.522292
910.330802 670.854824
907.572655 674.524386
905.911144 669.670698
904.369656 666.614496
910.094672 672.223074
916.714268 674.504554
912.528328 676.241826
905.279691 668.801207
903.217554 661.515346
904.116268 662.787869
904.933485 666.027778
913.728806 677.553565
914.950908 672.737519
916.433510 678.362810
913.977460 676.893279
915.573479 673.883834
907.150474 673.009281
910.380251 673.503240
907.953845 675.230409
907.761774 671.680383
907.512393 668.793312
915.493390 680.913469
910.026388 672.447396
919.427016 687.244611
921.642543 686.540790
908.266864 769.221155
915.439647 765.774862
913.995737 768.418950
912.386876 768.654740
914.370094 758.440854
916.779244 768.901330
911.664822 769.201056
926.713851 767.851040
915.060207 768.826799
923.126303 768.989659
921.236791 767.494791
914.433319 767.921757
911.793409 769.952651
912.445851 768.216610
920.945026 685.592305
919.873134 693.839388
915.831765 689.539175
923.215584 693.694890
923.349750 681.231112
914.381735 692.496094
920.619273 684.373040
918.672296 685.274509
917.950384 691.460877
925.544594 680.654015
918.346905 682.571880
924.547311 682.264169
919.491758 687.108756
918.239788 688.964676
922.920794 769.021883
928.432099 762.033098
918.832174 770.068154
920.513588 767.833364
926.887364 766.685826
928.725001 768.430232
925.305596 769.145370
924.581085 769.122437
928.764566 769.617538
927.099368 768.501605
924.273265 769.071152
925.802000 767.930467
924.646875 769.256087
925.952337 767.402836
926.732736 700.809173
925.797362 699.111106
921.241589 684.201728
929.994758 697.807684
918.158571 688.232148
927.225849 698.757509
926.032279 695.301172
928.525713 699.950859
915.116566 688.834287
931.612090 701.074245
930.968312 699.644041
927.974282 702.185883
918.062118 688.663464
927.929326 692.741898
932.875029 703.631189
935.603723 706.660765
927.821092 702.017386
927.984403 701.834803
936.921595 708.313420
932.462161 702.522139
925.642712 696.753691
935.947110 706.947839
928.211644 694.021304
933.100867 705.261713
929.848195 703.643626
929.289277 701.488513
925.354738 695.570338
926.557570 696.884158
933.913118 769.630856
928.934745 768.500134
934.968215 769.935392
934.082944 770.644929
935.429504 769.844521
925.240056 768.509654
932.978025 768.652910
934.336000 769.790955
938.488892 771.343394
932.453430 770.643108
938.917545 771.687822
942.281730 768.667565
926.748797 767.447897
931.914678 770.631956
940.769277 717.523145
941.253729 718.459532
939.532377 715.270899
938.526207 712.002545
938.299833 710.935451
937.721637 710.352852
935.570241 706.663076
943.144931 720.009366
938.005404 710.398853
939.462541 713.783304
941.119266 715.655369
938.582833 711.347976
934.208943 704.528473
937.521524 709.890906
939.608889 713.469261
938.727308 711.757112
940.830814 715.668867
936.990629 711.385232
943.952580 721.400330
940.508690 716.493355
948.637737 728.322427
944.300227 721.376382
940.438766 729.114210
944.443394 721.552833
945.515341 724.184492
941.666026 722.388204
940.437859 718.500711
943.167755 719.597291
936.285141 770.208940
943.180374 763.909184
946.218849 762.269760
945.117642 766.287673
944.352401 767.137309
942.866452 763.698122
938.529557 773.760161
947.547658 765.748536
944.745778 767.103507
935.623722 769.731684
943.702663 764.963355
941.105436 767.756715
936.707728 769.015032
934.723002 768.621801
946.254535 724.303006
948.390803 728.234131
949.982500 730.275801
949.184342 728.976295
952.339186 733.621802
945.965059 732.911788
948.891791 728.539553
948.083702 727.353470
950.118271 730.227304
947.906733 728.225085
943.572039 725.115726
949.189389 728.923816
948.609983 728.229202
947.226620 726.496362
947.487211 765.868829
943.535721 761.211881
951.038133 760.675395
949.443832 763.580903
951.737609 759.480805
949.442217 761.903950
956.769722 751.504217
950.961534 760.735967
953.380101 756.593357
951.759348 758.659060
951.687837 755.375602
954.617383 754.293668
949.196540 764.669019
945.112365 760.042262
959.517756 743.457744
954.519374 737.451132
951.186656 731.652969
951.682063 732.441323
954.120784 736.783109
948.775322 746.003141
954.658846 737.409402
958.657635 744.802400
950.350030 741.551252
954.258748 736.657989
954.848656 738.022293
955.377144 739.732976
954.789554 738.078229
948.698350 744.534088
958.793318 745.957932
954.227332 738.737606
952.903981 745.446857
957.200417 750.861072
956.418813 751.907992
956.970046 751.220801
958.910356 746.329434
958.293229 743.443351
958.590986 747.286555
958.741817 745.541971
954.214427 737.328002
959.124607 745.010316
958.841145 747.298705
958.859186 746.538363
