271.351558 741.630468
268.710550 737.080561
271.747223 733.122999
265.001112 741.877329
262.283546 743.406700
272.088220 746.198538
269.312441 738.902803
269.929842 743.972553
267.998965 742.608384
262.077987 744.406825
272.817883 730.492705
272.947778 730.036350
270.848927 733.761549
277.542707 727.578825
272.797746 730.336815
274.517859 750.126511
267.983984 745.081173
273.850791 749.144079
271.707051 747.595557
281.352648 756.623292
286.444537 759.484423
285.012177 759.083821
291.277163 763.430952
281.472678 756.981197
287.338814 758.946480
287.389987 718.751650
286.630421 721.646598
282.501585 724.920932
284.414829 724.967213
282.299126 724.268333
288.299696 719.509355
287.808172 718.936640
285.950788 722.410401
298.418384 709.838837
290.825451 716.426834
291.326435 756.836260
288.636524 760.547717
287.735638 759.449163
289.306093 758.824779
287.780450 759.142628
294.804585 715.524487
299.219322 708.490236
301.145337 704.915873
299.605455 707.697212
298.924261 709.423462
294.729587 759.451982
303.319812 760.590027
303.620474 761.302463
305.617744 758.802086
302.225449 760.606719
304.163135 699.613916
302.565835 702.294088
308.155806 693.508462
303.913245 699.853935
303.091066 701.507009
305.607684 757.245185
307.266706 759.435994
306.707635 756.877591
310.073660 761.938201
314.283201 765.855928
309.614305 691.524031
310.444942 690.480180
310.754875 690.225485
307.076328 695.205091
309.185502 692.037709
321.582819 678.516592
324.563818 677.928031
316.405361 683.552547
318.681959 682.356657
316.029760 684.340963
316.875784 757.237560
317.852797 761.877716
322.847704 757.787999
317.888817 761.571059
318.493867 759.684150
329.327902 667.279324
321.000564 678.878682
325.674130 674.296480
328.701669 677.393408
328.082503 669.768875
331.333765 663.217993
331.332525 663.758569
329.501177 667.122328
329.992741 666.788044
333.362066 659.962996
324.290319 753.357326
329.437140 756.539360
330.863126 759.377616
321.941461 758.768340
334.073867 751.998829
332.425747 661.473080
335.508151 656.411047
337.108696 653.924231
339.300813 650.727778
335.991526 655.657859
334.208187 754.970370
340.047161 757.385145
337.173580 757.280614
331.756103 753.974151
333.092069 758.440899
344.180232 643.698227
343.574219 644.493306
339.492358 650.423468
342.952870 645.327483
345.825077 641.265440
345.625036 758.612579
349.051048 758.361945
343.217651 756.403020
342.101280 758.411275
344.499890 758.497682
351.271195 633.310251
354.229212 629.238346
347.233636 639.240812
354.832912 628.328259
353.600308 630.238174
352.680546 631.430943
357.731486 623.903531
360.918601 618.983067
354.893777 628.207320
360.408122 619.204514
360.268257 488.330923
362.895147 482.894957
359.640728 483.084675
357.758362 490.891980
360.506561 484.435399
364.762011 491.084252
359.843220 496.174099
358.902347 488.464812
356.708155 490.384051
361.138763 491.381496
359.916008 758.069601
360.240542 759.094705
354.592769 758.874602
359.449508 758.814123
364.711807 759.095084
368.612014 606.811801
366.076811 611.526285
366.260813 610.438810
367.584276 608.600368
364.928016 612.705407
369.172266 476.178973
372.305534 473.273395
369.114540 476.015581
374.964656 473.047156
361.857302 482.789242
369.397432 490.908764
368.552930 496.011741
363.317305 494.141886
363.456850 493.848645
367.931318 496.530000
360.911039 759.079868
370.909929 759.092116
364.766323 759.186590
369.500682 759.299435
367.247171 759.405735
372.349663 600.590792
370.971142 603.143943
374.029411 597.854299
370.446857 603.813503
372.313542 601.927801
371.706355 473.152701
379.019257 465.532027
373.002852 472.065878
375.364485 470.397712
382.004396 463.550639
375.930718 503.006193
377.414532 504.302242
379.700970 504.784968
381.492264 508.526894
376.182901 503.627229
381.621665 591.268901
375.708517 594.871676
375.574539 595.015517
384.473609 591.054680
381.717976 592.579736
372.213883 758.905010
380.753581 758.877511
378.769487 759.230667
378.945037 759.221954
378.564407 759.179628
380.705646 589.434953
385.452661 590.332376
383.113869 582.334690
376.733838 584.392328
382.436854 591.550199
389.503236 450.881426
386.697636 466.884397
383.933554 464.449938
386.002161 459.630141
384.347419 459.074735
388.532424 450.288082
388.771354 450.244302
392.184423 443.425022
383.220576 458.452550
390.072516 447.681644
376.100836 503.346567
375.895609 502.410672
379.413346 503.184255
383.359440 505.386565
389.593440 508.066486
391.672200 568.335638
391.440379 569.480243
389.637135 571.802014
389.463581 573.753015
388.511419 572.471867
392.706951 758.050059
388.719379 758.673213
391.041197 758.570910
382.851188 758.281457
387.728936 758.540550
393.815360 440.814832
395.331260 439.217342
395.944952 440.485236
393.551552 440.925805
393.558514 440.897513
392.331206 567.237853
395.301428 560.593763
391.839426 568.506853
393.859439 562.604586
395.065167 561.093834
389.430929 507.755729
387.298827 506.315748
400.451335 506.019098
403.711787 507.691762
391.436572 501.837087
400.894110 753.820757
403.657081 757.795589
398.337862 758.523601
396.940627 759.480479
389.743401 758.560246
400.049056 433.724335
404.833429 427.878619
402.150471 431.270023
400.024698 433.682160
400.461343 433.116364
401.644186 544.677921
399.097997 551.230748
399.931192 549.367263
399.397070 550.772350
395.935133 558.618928
403.045085 540.274936
402.020476 538.441978
399.700879 548.383702
404.832612 536.923508
399.495353 550.174409
399.938375 504.140545
407.714232 506.937366
398.177991 505.034125
412.513109 503.314466
413.705413 501.906214
409.105222 422.819172
411.912398 419.442559
409.505968 422.332855
409.398065 422.472945
410.377859 421.297222
408.373617 528.062699
409.852169 527.713808
403.556226 522.524622
402.901349 535.391832
409.887520 526.414323
409.572522 760.562693
402.862339 757.303265
407.925598 760.182926
401.423275 758.807563
406.855130 760.288797
414.413917 493.578048
405.845249 503.676991
409.606727 506.779770
412.617392 504.836203
413.868051 500.627791
415.976039 414.553379
416.531405 413.868679
414.782908 415.972378
416.977319 413.260572
418.268158 411.621982
417.669243 519.524476
410.079378 526.031424
415.747489 522.379321
411.621205 524.274115
418.097017 521.781946
420.909119 764.663702
419.756453 764.040802
417.137332 763.584727
420.030059 764.394219
418.724860 764.105856
422.946957 512.463288
428.586242 518.565688
427.281219 505.927970
412.247705 512.967146
422.682572 518.003465
423.684843 303.420235
423.780654 302.939106
430.342377 302.712647
424.945607 302.389505
425.348610 302.510243
426.149096 306.115337
424.920283 305.712768
420.043804 302.665671
421.369239 303.111164
425.723845 306.826864
422.822879 405.665934
427.988662 398.765928
424.784158 403.038061
427.688866 399.139790
422.037773 406.701921
426.589437 502.412776
427.539519 490.521481
425.251561 507.520280
426.526816 483.510954
420.235916 496.077874
432.422766 768.750963
423.068314 765.539702
427.293038 767.024712
426.375459 767.169885
419.245297 764.305704
437.829877 293.111449
440.376789 288.548431
437.788854 292.960655
439.418333 289.736850
435.358927 296.418829
432.153542 311.687966
435.389679 307.613118
430.790200 308.160536
427.467228 306.931307
427.149840 322.187072
433.157622 391.890210
431.632421 394.041096
430.924425 394.959073
432.174436 393.309411
432.371077 393.038490
435.759609 388.300309
433.446858 391.185489
435.152149 389.098231
440.542962 382.060647
436.414070 387.293391
430.898446 768.725492
435.385411 771.303185
433.320114 768.661250
437.756460 770.470781
443.230472 771.216746
446.578805 319.956574
434.957529 316.418681
438.024770 320.121349
440.076061 319.671152
447.300830 320.283211
447.713696 281.701025
442.243417 285.266110
442.455681 284.998847
442.442937 285.173301
442.107673 287.267692
441.420109 380.656474
444.265441 376.347876
442.848463 377.966780
442.979893 377.845786
442.671109 378.305895
447.023404 769.986489
445.445983 768.419039
446.427262 771.552313
446.366242 772.541233
455.052727 770.483250
450.027682 280.386382
451.863683 280.373008
448.858058 280.884600
457.907065 278.954532
454.599486 278.099424
444.587310 321.178023
450.908323 319.602003
456.536753 314.098387
451.131028 318.557231
456.659713 317.814662
456.751872 366.085079
450.404309 366.441434
448.717927 368.069912
450.378938 366.404090
449.863426 366.683507
457.406596 770.224259
448.432006 770.935060
458.697945 770.061605
452.232322 770.379974
456.344713 770.262714
455.106726 362.326865
458.130832 353.569484
453.101886 356.731781
459.806831 349.921137
454.507230 356.564319
462.536287 269.918011
456.409287 278.014255
459.786202 273.147628
464.496610 267.870781
464.416596 267.743822
458.260832 317.160582
460.641736 322.889768
454.813824 319.597120
461.868723 317.935113
458.832643 319.456065
455.893443 354.424724
459.905863 349.056780
459.735548 349.998665
459.896617 349.473065
460.373097 346.259282
472.231083 260.821562
467.608964 264.879289
473.099882 260.070242
468.458522 264.147716
464.812711 267.363078
463.965593 769.792791
464.335824 769.792127
465.864254 769.593500
466.510398 769.475302
467.140038 769.110223
466.934942 327.270738
465.889355 330.495124
467.870903 328.077134
467.264342 327.362978
461.824093 328.458025
470.162325 319.396282
461.986554 316.748443
470.588971 309.245602
468.534210 321.870371
469.171497 320.402750
472.665219 260.482657
476.486706 257.400741
476.005431 257.560587
475.466680 258.037705
475.934437 257.579370
473.992126 769.544922
482.839015 764.763608
479.455634 769.664216
475.358463 769.511911
486.329132 769.536937
482.439916 251.798821
482.679581 251.503058
482.187982 251.909241
482.831682 251.379433
477.557021 256.195839
481.511630 764.319529
489.742616 767.761624
489.971052 768.736294
482.158274 768.534843
488.041053 769.366692
490.858202 243.698192
492.584605 242.256978
494.082732 241.570596
493.686311 240.706622
488.884260 245.620640
500.111023 233.955892
500.095910 233.107772
498.080774 235.693308
501.840315 231.269818
493.510890 241.035257
497.993239 771.155188
502.563419 770.826124
504.680226 772.190421
503.617006 772.311216
495.050020 771.999343
507.169698 225.160474
509.899697 222.574883
507.444072 225.081088
501.557277 231.172822
502.396176 230.452007
500.601525 771.666539
506.527714 772.492380
497.791225 771.435119
509.749049 772.705796
512.648990 773.548991
512.176292 220.379801
522.022099 216.825200
513.025665 219.502478
509.798733 222.871643
513.806476 219.387531
519.756811 772.336693
511.342628 775.208976
513.175840 770.782470
513.291861 765.241337
517.330345 774.846140
524.124076 205.131652
523.899782 204.994736
521.335851 210.693452
524.976565 205.264095
519.953594 210.333212
526.312901 201.384959
528.741298 198.547269
527.565236 199.815801
528.810212 198.149923
528.737335 198.187521
522.655899 787.421123
523.458690 774.115836
520.121822 785.469782
521.683419 780.649742
519.041807 773.529075
522.028141 790.151528
519.136173 781.017832
519.110095 784.379727
519.178528 783.152762
520.957146 791.378756
521.519585 807.954568
522.827410 798.193290
524.258537 809.700517
521.925482 795.621995
522.869328 800.981654
523.972547 810.224562
525.900020 809.329466
525.421158 810.221357
525.865713 809.337697
524.306806 810.518646
518.324159 817.348793
522.990965 815.320127
518.083475 817.587170
523.010233 815.903107
521.961722 816.323773
527.130815 831.522196
525.737542 832.247089
523.283712 829.071258
529.965092 830.967393
522.635302 820.221859
524.327587 843.850714
526.688066 839.302822
521.211945 831.520873
522.285773 832.401702
532.154178 833.696963
520.637256 838.446479
523.628511 842.233305
522.342957 847.213715
521.929612 842.948630
527.795530 845.011842
524.943235 862.266780
523.733351 860.122148
527.530497 850.913330
524.196522 860.813225
524.212778 866.590485
524.708877 865.354994
525.575840 871.913328
525.707588 871.689526
523.744979 866.494723
523.741189 869.964115
524.415308 877.818327
524.324020 877.819512
526.681054 880.963138
524.340942 876.699807
524.699375 876.432165
525.077941 886.851492
525.368714 893.835452
526.052132 895.698603
526.611493 888.525532
525.100280 889.129084
526.898335 900.501438
526.321220 895.688057
525.487206 892.885516
524.734517 898.387313
525.907005 896.550965
528.309970 907.646979
532.901129 915.750906
529.236187 909.758927
530.972471 914.217538
525.796195 898.571938
528.730394 915.214339
527.705285 912.976050
528.455873 915.051420
529.421206 917.998613
528.344424 910.119663
529.322099 924.045679
531.303360 936.211596
532.615762 931.218576
532.075834 926.500829
530.663821 926.829117
538.389313 186.690883
530.145052 196.456916
535.976480 189.311773
534.092790 191.684554
538.318230 186.897049
532.406050 929.494799
533.124244 941.310753
529.008672 932.142687
531.673378 935.876638
529.052411 938.233034
531.652225 957.921980
532.953153 943.698227
532.803969 944.827239
532.867291 946.146701
533.025041 942.088110
539.441859 960.858390
534.750410 954.618455
535.431384 957.574521
536.800215 958.661607
527.913850 963.969736
528.117405 963.442660
532.091354 972.280704
533.720841 968.323734
531.803624 971.074081
534.406817 967.852647
534.141487 976.625192
538.867175 975.414028
536.552328 985.676452
541.330841 977.588153
532.477618 974.567735
533.400402 981.304539
537.412459 987.373799
537.367303 984.145388
532.995143 984.522892
537.268018 989.570415
533.486105 993.273702
534.411537 1001.924046
533.031232 987.505000
537.073816 988.057226
534.229879 998.681699
535.523501 1008.777495
537.158951 1005.015363
539.548580 1002.360554
535.298819 1004.761967
533.900809 997.745745
534.441294 1020.557663
534.700815 1016.785846
533.414625 1026.858446
535.023942 1013.611039
534.571438 1021.267452
535.175903 1026.784765
533.750041 1027.602587
534.380323 1029.804748
534.445274 1028.261800
533.342067 1027.242192
539.933536 1035.976281
539.004188 1043.481896
539.185608 1037.398250
537.968289 1046.430506
534.851048 1036.000607
535.411146 1037.904593
537.514655 1045.643193
537.594135 1045.873093
535.674626 1038.263101
536.163188 1040.573761
540.783918 1060.487084
540.135976 1056.277345
541.369476 1059.141148
540.380260 1058.043292
540.338346 1058.263174
541.464855 1063.263428
540.719051 1060.248576
543.923627 1064.537136
541.745135 1063.408781
539.779442 1055.913640
538.490679 186.717079
541.081518 182.723095
542.195651 181.848020
540.824444 183.509203
538.525795 186.872383
546.703459 1075.881005
547.084094 1076.957431
547.061856 1076.932868
549.927899 1080.585115
542.799463 1068.899901
544.449260 178.992796
555.615605 168.436926
545.331465 177.868380
552.206512 170.910935
545.676208 177.644760
553.816016 1086.526682
551.254197 1080.979429
552.632225 1084.132352
550.264037 1080.893496
552.976842 1085.872352
556.032714 162.845073
557.334640 161.219513
551.913153 169.199994
554.758895 164.891918
554.455735 166.171709
554.978283 1085.238257
559.401655 1088.145615
561.441567 1088.250437
561.198106 1087.057490
559.768004 1087.923193
560.651551 155.433810
561.597000 154.609803
562.278944 153.739955
565.695853 150.443270
561.661068 154.644783
572.276625 145.739590
572.716301 142.407031
562.678147 153.542555
576.197720 142.280101
571.256031 150.521826
563.502127 1087.725484
571.168298 1088.355764
571.295528 1088.281682
573.685841 1088.553561
561.289078 1086.565619
574.596731 138.373500
578.343078 134.522168
574.293962 138.496256
580.249334 130.017074
578.685272 132.236381
583.811104 1088.830398
582.382762 1088.652602
577.501438 1088.725258
576.873658 1088.633807
581.407977 1088.795687
586.620714 122.333477
584.972707 123.476588
586.237506 122.375157
584.668993 123.967378
586.038565 122.283942
591.793322 1089.070573
582.344113 1088.290549
591.502255 1088.742722
587.988086 1088.893735
595.717058 1088.309519
592.308508 119.784856
592.194286 120.171212
593.057079 120.305630
592.843811 120.024475
592.687597 120.060717
597.337174 1087.550604
598.270564 1089.163471
596.455849 1088.923593
598.931292 1085.166954
598.043226 1089.178107
600.966759 125.801372
600.597753 125.966351
595.824879 122.804215
594.952536 122.690804
600.455582 125.254236
603.198475 127.335814
603.917978 128.252886
605.236838 129.172303
606.259456 130.125578
606.922171 131.175896
614.967720 1090.792501
612.170916 1090.572488
608.423234 1089.981844
610.175100 1090.390545
604.212937 1089.063644
607.861608 131.820718
614.454800 140.074871
614.429169 139.305842
613.660422 138.299928
615.370294 140.648965
615.204992 1090.965059
625.230593 1092.452435
612.178765 1090.759122
618.153037 1091.388737
610.441964 1090.402918
616.576931 141.589475
623.327664 149.512145
618.082970 143.510238
615.865782 144.097301
618.574663 144.334653
624.661794 151.757856
624.079479 150.322191
626.110431 154.665554
630.473410 158.010323
625.917434 153.346233
628.130167 1092.789232
628.138931 1092.610102
629.227506 1093.025302
633.407161 1092.449042
623.721325 1092.395193
639.002909 166.611992
635.806734 163.240638
632.132835 161.051469
628.822915 160.666494
634.753851 163.961696
637.181276 1092.879475
641.408781 1094.935692
639.382837 1093.564277
639.466581 1094.789726
640.325001 1095.002556
635.035987 164.099014
639.636728 166.592966
647.321218 173.972996
643.954690 171.241461
635.122589 164.346453
647.023588 1093.949293
644.170078 1095.218797
647.285994 1093.638976
644.020817 1095.088797
646.106030 1094.144761
645.616610 172.746893
648.784565 175.274042
652.714952 178.811971
647.032424 173.781079
655.278862 181.237235
663.756952 787.284980
656.369838 788.562390
650.134475 790.897500
663.944729 787.066791
654.860804 790.394285
656.923829 182.920641
655.730339 181.582911
657.074253 182.919594
654.672368 180.576266
655.435194 181.338069
651.426660 794.239345
657.310858 792.700499
659.241963 793.928416
662.346411 791.892245
663.007428 787.073042
656.029694 1090.013113
656.031602 1091.554458
655.132609 1091.233764
658.061363 1091.159663
650.262812 1090.612982
660.207231 798.558227
665.447907 802.931626
661.127673 798.271042
665.333800 797.773976
662.670394 800.042593
663.042404 808.636826
659.537786 812.033262
659.446169 813.125047
661.709950 813.950823
660.376239 814.195424
663.763208 817.428822
661.820354 826.315092
660.222904 817.899827
660.021419 816.171001
660.033801 817.767487
661.122547 826.170801
659.293594 829.260755
657.551081 820.253966
662.568583 827.186301
661.613523 828.690959
660.504986 839.828242
658.531444 839.186712
660.582702 839.900411
661.364745 841.614987
660.029318 838.027031
660.625455 850.135510
655.772026 846.994551
655.373860 847.198914
659.726805 848.727315
660.650835 850.694871
660.208472 865.276535
660.572054 857.930565
657.655571 867.931921
660.384576 863.135951
660.600379 857.417244
658.761225 871.143137
660.020838 867.775489
659.566777 868.740666
658.513481 874.297044
657.666220 878.663729
658.432543 885.641516
657.594759 879.075071
658.277400 882.661440
657.745030 878.837078
660.061261 869.748323
654.223728 892.921934
659.500990 885.742390
658.961719 885.989358
659.181847 895.495336
658.944640 896.897260
654.901348 894.514355
656.816621 897.141695
658.751623 899.630304
658.672276 895.940352
655.411158 895.445022
659.808646 907.623235
660.077900 909.946948
659.597032 904.549125
660.070503 910.111936
659.456368 905.185450
661.455868 917.424107
661.902130 921.163240
661.652519 916.207240
661.744392 920.096157
659.621739 927.142805
659.766476 924.787946
659.254859 929.883820
660.012945 927.134673
664.588756 924.665446
663.956441 922.725809
661.314250 942.824865
657.335281 934.924770
657.864523 947.633186
662.330512 942.949429
660.299000 939.111469
663.881972 189.698872
666.079220 192.332390
660.940416 186.826447
658.324185 184.384593
663.076866 188.896555
660.610438 785.251950
672.416075 783.240854
661.397018 784.721065
665.691589 788.949648
665.751419 785.074542
658.174203 958.277220
663.864743 955.248718
663.471952 953.867780
659.313742 957.059060
661.968626 946.461039
664.753894 962.621444
663.322546 961.257927
664.699441 960.355137
667.087942 968.317639
664.117931 958.894995
665.737317 1088.716860
666.809514 1089.718561
666.425450 1089.714904
659.400252 1090.472284
666.346696 1086.775370
670.874069 198.043076
668.364035 194.852077
665.106932 191.127930
665.111135 191.099956
663.248063 189.021805
668.476361 970.842837
666.399174 969.153266
669.293672 971.995343
669.163492 971.747391
671.799764 977.137119
663.232170 976.463205
672.059601 981.313002
662.295321 975.289572
671.544369 976.598426
667.266304 973.185103
664.820202 986.286646
671.465706 982.281382
665.453604 992.674083
671.098827 998.829940
670.290481 994.137597
662.716020 993.727681
670.962891 1001.962271
669.501179 999.811704
664.965175 993.937928
667.649247 1007.879163
663.569652 1003.485348
669.246511 1014.194321
673.188704 1017.005714
662.858116 1005.672660
662.618617 1018.324491
672.513315 784.490693
672.059060 783.683709
680.804516 782.563954
677.505971 783.306083
671.536810 783.472768
674.130536 1016.018725
673.164488 1017.269896
668.359200 1012.628809
670.216185 1014.242174
671.814152 1017.240096
674.226933 1028.236256
679.239587 1025.839344
672.721068 1034.517346
680.292789 1025.248288
675.828891 1021.824982
675.195836 1035.102528
674.414653 1034.537730
668.676472 1042.219625
673.772164 1045.624362
676.896394 1041.896468
678.224930 1052.195733
673.006099 1039.696602
671.546413 1048.834681
671.501953 1049.414302
677.254815 1051.572373
676.840000 1054.886290
675.591560 1058.233042
675.653175 1058.132242
675.870633 1056.712259
675.219110 1061.542670
667.529762 1085.545363
671.002063 1076.106657
668.466501 1083.631743
669.016352 1082.566720
669.323625 1081.900894
675.017447 202.340141
675.690832 203.153229
680.356123 208.317174
676.314592 203.841823
676.239209 203.779552
675.511379 1060.572143
674.581015 1064.980693
673.295353 1069.225901
674.490194 1065.431684
675.825568 1058.404601
684.063559 212.561968
682.600365 210.817648
677.494883 205.212072
681.978670 210.131102
683.057838 211.337236
678.345689 783.839502
686.879803 780.853341
679.366382 782.471688
685.117360 781.276697
683.379586 781.728793
688.516144 217.886684
689.087631 218.583599
691.455213 221.439398
687.452887 216.883442
690.647315 220.171989
694.769832 228.399866
694.463899 225.595466
694.851926 225.651729
697.423057 233.819684
697.450121 232.409693
692.943062 780.509896
689.589849 780.173159
690.931229 780.314825
702.797641 778.759203
695.330082 779.510005
697.496197 231.251612
700.778975 232.122656
709.706987 239.994073
703.738666 234.828951
705.488937 236.818135
711.643798 777.353082
714.129834 777.381820
708.222827 776.806938
707.934709 774.011210
706.310017 777.118473
703.901723 234.947663
711.214521 241.254397
712.986423 242.870157
717.201145 246.919886
712.216717 242.246348
724.287324 778.363955
716.238148 777.931520
717.570234 777.914452
716.824377 776.655963
719.172983 778.687645
717.616152 247.541530
718.519844 248.292041
713.299437 243.148467
718.697508 248.432327
719.129296 250.124489
723.237664 310.052582
719.928308 308.817583
722.000237 317.873880
716.599433 309.376000
724.625811 313.357555
730.061390 322.331867
723.043167 321.472865
722.769278 320.377438
725.487485 321.131788
727.048136 322.861065
728.011446 778.103230
728.813889 778.782075
724.630127 774.858065
733.146131 781.439100
729.496853 778.464665
725.462205 256.556907
730.586506 260.274531
723.428786 255.126913
724.725669 255.118566
721.727059 251.956715
722.466825 315.567945
727.039412 317.020277
734.393527 315.686022
724.748930 312.635992
730.319152 316.414301
720.541968 324.228778
732.155106 329.975010
732.229272 330.116277
735.589895 334.163219
733.688115 332.803481
735.181309 264.317716
734.037717 264.363550
740.840126 267.466877
732.966505 263.271456
727.045373 263.454156
734.210301 782.958909
733.409748 781.188590
736.774397 781.026619
743.085532 781.194802
734.009200 780.370303
740.607394 336.565577
737.381143 336.593446
743.154208 343.700930
737.143410 336.796482
744.574731 345.300679
740.892966 318.059322
729.967802 319.326546
735.949609 317.951658
734.110276 322.106541
740.472267 317.927603
738.327405 266.252327
739.540015 268.457388
740.820335 267.460529
741.965444 269.123958
741.852452 269.411904
747.360362 350.470793
747.683225 350.779684
749.996968 352.622885
749.640441 354.386177
748.299359 343.198972
745.106083 780.706180
745.067298 780.831941
747.471324 780.680199
746.716663 780.699791
749.039887 780.669628
757.704957 313.296806
753.427665 313.352879
745.745890 320.830170
741.288122 318.255752
747.992733 316.755109
751.748864 357.775091
753.572188 360.170405
750.713881 356.301808
750.982098 356.721416
750.654834 355.880534
745.133698 274.287785
747.472010 285.514880
744.818597 273.877416
746.989292 277.602361
746.539938 280.115433
754.102446 780.597744
747.446248 780.673819
745.067137 780.928085
755.507415 780.578922
755.003734 780.622101
757.512125 366.295047
760.141894 370.211363
753.921513 360.545914
752.896094 359.110098
761.612109 371.994667
760.223701 294.180521
755.757593 288.089687
755.900108 288.342295
751.281680 285.181409
754.858821 287.303036
763.298622 310.253287
758.629599 312.937141
760.282278 314.542647
764.142805 312.565248
753.896892 314.319263
762.299523 373.082617
767.557350 379.921591
763.883045 375.065930
759.871588 369.841437
762.919205 373.879759
758.990877 780.576128
771.173256 780.540993
765.820583 780.397580
771.731452 780.589317
765.110206 780.510913
760.540758 295.524815
758.778967 292.465406
760.293809 294.994338
761.018387 295.428579
760.853451 301.122200
762.315058 304.568186
765.386627 319.582082
762.063772 301.980600
762.702089 306.579187
762.176022 303.084959
771.040538 383.836089
768.593248 381.110401
770.081552 382.795278
767.648549 380.082657
772.537385 385.243326
774.800315 780.757887
779.481296 780.686364
778.755372 780.671060
766.229299 780.400562
777.372119 780.712289
774.714423 387.759978
776.095279 389.288666
775.222929 388.348987
774.458266 387.327438
776.676714 389.923303
789.395977 403.186632
784.050244 397.552198
783.728991 397.215229
784.770937 398.302184
778.090783 391.378310
794.333880 779.583307
777.880759 780.728529
785.399262 780.586297
775.293377 780.581350
784.619900 780.419458
789.978756 403.922366
791.363938 405.273685
790.265899 404.058336
789.631015 403.394569
789.815115 403.797152
789.411553 780.629003
794.538244 779.219570
794.193523 779.304870
793.219350 782.591794
793.304280 779.396297
793.336820 407.462638
796.285929 410.800416
796.520146 411.118936
798.344182 413.083468
799.059775 413.911660
808.958008 425.446225
805.389207 421.192639
804.204083 419.723345
804.734174 420.321865
810.107116 426.864468
806.212827 505.469045
805.767326 505.658313
804.355657 507.411106
796.992942 502.679595
806.320903 505.295642
809.564151 775.277003
805.026974 776.979760
807.928371 775.898819
806.935421 775.987535
808.794046 775.610324
812.575303 513.519215
813.008365 512.964600
805.663403 507.047214
811.241127 514.062998
811.048865 511.867794
811.486623 428.665494
808.205064 424.496359
807.611028 423.807867
809.521292 426.110396
811.366039 428.572633
810.398910 508.562304
817.726047 512.282838
809.094967 503.802708
812.430170 506.497041
819.235900 506.269191
817.996861 520.208403
818.763853 522.144714
823.615052 524.186894
819.090348 521.804581
818.843451 521.915618
810.758432 775.173045
807.734957 775.887653
815.668656 774.554036
816.105827 774.181493
815.103984 774.340040
819.278838 438.219915
815.692381 434.245397
818.632935 437.560272
817.128896 435.616430
815.229160 433.830251
824.148063 525.744860
820.343976 524.488983
823.796521 525.611022
823.762797 527.225080
826.867471 526.710341
820.304377 507.588598
828.262024 507.282777
825.579159 505.785710
826.568969 505.845594
826.225635 505.872770
834.268350 769.374519
824.986329 770.883826
826.060164 771.093740
830.842120 770.016149
818.964624 772.795738
832.124357 541.841504
826.976135 532.603475
832.744406 543.920854
833.451138 545.297550
832.410016 543.457614
818.487273 438.055500
828.250464 450.261721
820.280492 439.528709
820.762290 440.324280
827.612123 449.354308
826.010766 448.787795
828.680847 450.274297
831.241466 453.846880
835.607019 460.238794
824.859798 451.198516
831.860183 503.985410
834.051837 501.272087
838.901096 494.528069
834.467684 501.567265
833.953502 503.485313
834.565141 545.538472
834.672290 547.380400
834.561336 546.557134
833.433432 545.160420
832.591474 543.423210
832.347643 770.185855
831.971759 768.914207
835.296410 769.459504
843.107301 768.441377
838.173061 765.825168
835.176267 460.995609
835.959301 460.701306
834.510171 464.635083
831.589071 454.221858
832.570021 455.741303
840.816721 557.671250
843.121987 560.867187
843.337739 561.156954
839.080826 554.437819
841.803016 558.811814
844.412925 470.216251
839.650915 466.775515
848.653036 475.666052
840.350241 467.548424
841.727230 469.800007
837.262941 492.995349
839.570983 494.878184
845.379383 489.304036
842.154947 493.954819
847.092605 491.327839
846.775388 768.553107
848.841420 768.472713
853.255108 768.953962
848.615610 768.550329
849.075882 768.757304
844.430646 563.357210
842.744441 560.522001
844.543048 563.418985
845.489574 565.361547
844.473310 563.737088
849.536330 573.384784
852.104533 581.153629
850.401954 577.408125
848.788870 572.111294
849.652419 573.620655
851.277126 475.278455
855.048250 478.233923
848.697351 473.941681
856.534003 479.535342
856.456396 479.484340
852.842717 486.753975
848.731544 487.603577
850.927806 483.022876
851.067573 485.674677
850.839716 486.310243
850.113395 574.886824
855.112051 594.057333
856.741053 588.384463
852.681171 583.151599
853.145998 583.047967
855.988204 768.888920
854.976025 768.731042
859.474514 768.160402
849.505442 769.168280
861.323446 768.414174
858.175117 593.361000
858.754339 593.038100
858.800378 593.045085
857.864532 591.280751
854.446231 587.846385
863.089310 599.986470
869.524207 608.767605
869.871041 609.127769
864.931635 602.227015
863.693101 600.363106
868.975425 769.559101
857.969704 768.687108
873.624663 769.529947
859.312426 769.112590
860.835193 769.586353
873.937292 616.052148
870.416369 609.843503
871.096397 611.128805
870.291586 609.770924
869.580438 608.945941
877.742601 623.368795
877.494999 622.601926
876.310124 620.227192
873.761561 617.513592
871.172876 612.007323
874.522391 769.706034
875.476305 770.138893
873.311173 765.846008
875.888033 769.495017
873.383121 769.464966
880.266935 626.579593
881.286935 628.160879
880.840535 627.897405
877.342385 622.116698
881.017754 627.841647
883.883998 634.927823
884.108415 635.908151
884.177650 635.709922
886.126766 639.268259
887.795923 641.597996
884.951313 770.613290
885.219800 770.706837
882.777595 771.306555
881.968381 770.616520
882.540746 771.340399
892.541036 650.632017
881.654942 649.085422
883.844557 647.833811
889.209769 646.682671
891.448598 648.644681
890.920046 650.857338
892.698216 652.220701
893.747250 653.872264
891.563772 650.570789
893.770383 657.558178
888.541691 770.277383
895.816684 768.757728
897.845048 769.060716
891.315132 769.841456
896.401685 769.055369
901.457396 663.528989
902.021478 663.755384
899.689394 660.304390
899.165089 666.211177
899.376372 662.179178
905.880205 767.431374
905.386936 767.963213
902.270261 768.136123
912.528015 767.266280
904.559952 767.902629
906.959492 673.196269
899.631655 669.095459
904.636152 669.854161
902.090366 663.993902
906.026022 668.977879
914.712474 680.573499
907.129494 672.959980
915.522933 681.615235
914.106041 680.013175
911.407495 676.987819
915.109493 768.511404
907.211271 767.009743
916.631478 767.662565
909.035315 765.911197
907.050687 767.271733
918.417196 685.524298
918.247237 685.164509
919.799199 687.437827
918.739240 685.982546
918.929779 687.187287
925.569391 768.100679
930.951181 768.683829
921.546786 766.703574
929.811943 768.982227
919.366922 767.373281
922.157239 691.622905
929.433644 700.472725
925.790704 695.166662
920.799409 697.678377
925.402202 694.874028
926.197172 696.499364
928.168583 698.792746
931.372809 703.118373
934.481466 708.442627
931.639089 703.478234
931.075833 768.573356
934.866150 768.302463
932.929853 771.467781
927.977137 768.290877
937.870549 768.098979
932.835975 707.594899
935.908397 711.677084
931.262135 703.283831
936.645845 711.953911
937.437994 713.963762
938.174990 716.477567
944.557155 723.578128
942.477721 720.490240
939.656870 717.086928
942.102468 720.507778
941.220843 766.036630
940.963143 765.952856
941.608526 765.643347
941.202028 765.833066
942.458766 765.249762
947.682177 728.625547
952.730444 734.952117
946.507522 726.495194
949.635410 734.623179
950.346273 732.097453
944.357232 758.757480
946.324514 758.359524
943.112817 759.394516
948.597064 755.474400
946.770463 758.284081
953.549450 735.979290
951.833137 733.556823
954.312276 737.077474
954.495873 737.434324
951.753595 744.774911
959.878942 743.604117
957.608457 746.750632
959.597386 746.372763
953.616206 749.084855
958.157027 746.019446
