83.546263 514.997198
92.524210 500.773417
82.273176 516.108238
120.611177 447.417469
108.212562 489.367477
139.586986 420.143268
153.056234 309.689682
140.936859 402.574568
156.386284 250.616619
188.106454 199.234522
141.799953 449.720474
218.748159 143.078280
184.576545 411.780820
209.507828 399.492795
244.615721 112.552369
241.484162 379.289762
263.582511 220.596365
270.589357 277.711737
297.390355 145.631931
318.609861 280.139688
336.731639 108.480597
327.443807 129.749553
320.733505 351.839034
374.323435 148.469785
391.233284 258.709741
377.979273 311.252053
405.440522 116.453764
393.264161 196.113021
419.370782 131.399829
433.370304 276.125685
469.344605 197.068906
494.152263 216.431554
