36.040642 212.991773
43.216126 209.670695
45.572081 165.008564
50.002969 160.154612
61.753982 280.245782
60.956356 281.193710
68.461464 139.099213
75.767448 141.852270
90.466471 330.411369
87.368566 335.025679
116.315503 137.886344
121.963374 146.615819
136.304954 359.326655
135.858163 361.184643
164.519738 148.014558
165.514495 149.407367
183.802062 420.011921
177.520350 423.743677
196.269151 194.697249
202.340651 203.912838
206.531103 469.184433
215.184126 469.186190
234.725225 540.215193
231.119784 535.407736
233.572429 219.410104
234.929191 219.045261
234.553970 581.325761
228.281025 581.790912
246.559026 634.186934
256.796941 636.228132
259.131098 260.666270
257.491010 253.711070
293.416987 226.787519
295.003221 222.745026
296.620365 696.914431
290.329593 696.386514
329.905763 192.156393
329.703716 197.967263
335.050986 737.209889
333.472249 733.118844
352.234838 416.778084
347.491253 415.371081
355.513428 364.205657
362.524552 370.087155
361.224315 169.479603
358.836138 174.688793
374.554842 487.097920
376.569188 487.881348
378.955242 748.700776
383.208770 749.122255
391.927717 135.157268
386.524150 132.821381
393.674207 323.894129
397.716605 325.665086
414.294127 523.899632
407.912930 525.211431
417.544277 759.793915
426.421100 763.208734
433.572041 124.913952
432.314112 120.579325
431.138972 546.467875
434.225385 545.841180
442.881483 265.266942
443.022755 267.920414
455.860178 582.336194
458.196762 585.064894
464.542442 760.308770
461.583916 749.965049
479.605103 108.330069
476.378956 102.828983
479.865538 270.984317
476.726971 267.111407
487.123716 600.752063
484.655152 594.504680
503.148654 764.652414
504.711290 761.212010
526.215309 284.768773
523.889800 282.745074
533.486107 78.172549
529.119154 82.971786
534.041003 623.893607
533.245256 623.809334
534.633599 788.615898
542.988640 789.682111
557.782586 819.304616
563.329058 817.687051
568.520748 611.919439
570.151740 609.069259
569.639898 61.670635
567.206400 60.045000
578.268906 338.926989
578.699398 336.222061
590.499605 433.236846
585.593038 431.590433
589.556723 372.404641
592.316000 379.258405
593.017084 498.459564
599.257380 502.147149
599.338736 549.365247
600.760421 544.590494
599.296749 868.758315
601.380829 865.816314
615.284625 56.379277
612.090713 60.119975
643.030167 887.615536
634.788766 885.351984
657.114367 50.928496
654.349202 52.662286
676.752515 871.902060
684.334621 870.574284
705.416578 841.745935
706.653839 834.543149
715.358988 72.907147
715.713551 70.096263
726.130689 459.133804
723.507946 452.376395
731.738964 511.959157
728.187188 503.033196
733.363398 402.681058
739.473275 402.900692
734.985877 561.784258
737.039531 567.958565
737.618010 354.323835
739.542403 347.815333
735.209116 802.036699
742.490952 806.534787
750.902924 66.855567
748.225606 68.648607
752.955885 313.313580
760.812511 312.571172
763.485691 615.023134
766.019659 612.435431
785.065610 280.320599
783.570119 281.219516
783.976104 769.380748
790.061094 767.279177
790.686095 80.086720
788.745451 80.479795
815.878581 614.292817
814.396054 621.339853
817.925137 757.948650
818.967920 757.617893
820.008552 112.625299
826.220006 107.235655
831.571009 272.787796
834.548781 268.420220
857.624740 761.435820
857.740106 763.842954
868.140177 124.609825
870.590817 122.377313
869.739949 585.554261
869.405277 586.635687
884.297383 287.667858
891.488929 279.562714
902.623783 755.423905
897.811141 754.973207
908.425317 145.909948
907.940077 138.689009
920.450783 533.010156
925.381871 535.098888
927.693035 301.062980
931.886303 304.058993
947.865669 186.088573
940.572775 186.003042
947.127132 737.480686
950.409672 739.579921
949.758395 357.473620
954.495791 353.862010
963.250081 396.312437
957.495064 393.330626
966.151340 471.492171
966.943356 470.909714
971.091491 202.408000
969.641132 207.355836
1000.348320 695.265132
1001.689406 694.097415
1006.689211 228.405307
1009.929327 227.370627
1030.821404 646.197300
1031.504081 643.371171
1040.084238 246.084220
1041.183124 247.206902
1054.143460 590.968040
1052.236423 581.376057
1077.441724 221.447427
1073.150937 223.053725
1070.626148 539.697475
1068.484810 542.052679
1079.211213 501.157036
1079.103763 505.250758
1091.834957 456.749452
1096.862204 456.206131
1103.153644 166.351041
1105.856750 164.296920
1122.745763 429.583650
1117.670980 431.929149
1152.637764 150.936604
1150.592529 152.607316
1150.441577 372.994033
1152.920504 373.487362
1175.093979 345.469479
1181.686739 336.775243
1192.303840 125.888683
1188.815493 127.970001
1216.355763 313.350559
1220.072439 313.141543
1223.697957 134.730088
1227.465326 143.236239
1244.073146 279.088413
1242.786920 280.148436
1243.885736 180.059696
1241.602511 175.502732
1260.930191 231.999963
1261.458452 236.285842
550.868310 307.934429
551.475101 306.085545
939.161797 500.794585
941.120006 495.429091
