42.286048 177.912552
43.605050 176.168931
48.924820 680.760081
54.424140 680.657404
39.036440 109.254291
54.332902 111.277311
56.479415 734.642129
55.091454 738.255350
68.505402 68.775778
58.082500 76.035953
63.957331 639.606266
61.497576 643.007115
62.324763 196.427179
65.962031 193.531173
78.484009 616.322071
79.298725 615.765454
86.225698 214.459867
91.965527 213.877478
86.956536 777.773453
86.456376 784.527302
94.819050 49.166403
102.524865 51.584055
121.765836 801.827150
118.099782 802.691252
125.882789 576.008377
118.479268 578.181747
132.108702 236.387119
116.422551 234.894618
138.990495 815.694753
134.808096 808.468905
140.180964 255.005793
142.181997 256.941954
144.772477 36.881502
134.500848 51.126354
150.640268 560.428267
151.308970 561.279675
165.095984 381.471867
167.589410 386.935812
166.118728 824.245387
173.548370 828.482801
164.719104 55.128628
173.417192 55.317757
171.754972 281.003209
176.244497 281.907671
180.973296 520.571693
186.852547 534.426877
195.037515 345.728008
188.453708 343.429301
196.515761 431.198204
193.633444 430.248368
194.363307 87.923419
184.736085 84.466191
195.721395 316.682301
196.569657 309.208129
197.963050 495.726243
195.514091 490.166967
210.900312 456.642377
212.996598 454.546715
220.677390 101.190794
210.586200 105.032393
220.772816 846.078390
225.913733 842.414843
225.138382 132.245228
232.834345 131.545729
240.712434 990.422247
248.558310 992.213707
242.092289 962.762717
238.277575 963.798124
250.131680 856.099297
249.871674 865.977385
247.932273 931.212146
243.040767 932.074144
250.502753 1034.377289
249.558389 1036.856569
254.174125 1077.584693
251.399007 1081.335447
250.885889 1115.202051
256.047702 1117.037693
248.988319 178.388021
256.686473 178.794541
261.214846 831.081740
265.609037 830.739089
261.587740 884.461978
264.398998 879.794942
273.900481 771.647418
267.619388 773.803659
271.809454 801.663243
271.482137 795.561567
284.079676 1156.175606
276.023882 1156.065215
279.803730 742.278239
270.735793 743.030687
282.355766 712.992457
282.506716 708.843099
280.722150 379.253633
279.095947 384.389489
291.405955 413.273632
286.705633 406.858627
292.710890 209.465680
291.828890 197.559446
294.277093 677.789107
282.491630 670.308626
290.993767 438.182416
294.442120 453.470058
294.888002 634.769671
295.667650 648.250453
298.737838 334.232424
298.480659 334.152232
306.788368 588.296448
306.911073 574.954868
313.777646 530.455929
312.729024 535.913202
300.968935 1180.195261
311.088343 1184.197183
313.984350 618.528545
313.444898 616.041032
314.312140 223.095299
309.964610 220.611064
317.827997 548.620974
316.866459 550.966783
320.573523 327.414006
328.262841 329.269618
335.739247 456.610936
334.558863 453.967488
345.139572 351.265878
343.068642 364.098485
348.015308 237.194665
348.952074 236.976060
357.014049 423.198217
350.654950 425.780927
353.238509 1185.435405
357.506128 1180.975807
353.914813 390.164227
365.803115 385.820449
385.663849 1156.850372
385.265044 1154.482903
387.412187 251.756597
396.509256 249.441001
420.831262 1150.294774
426.969776 1148.926118
435.850353 249.030456
435.942569 258.658339
447.549649 1183.628654
452.348964 1178.300019
477.423544 234.994272
483.187804 231.564522
495.993684 1187.021528
488.381639 1189.519085
502.526643 359.860785
508.088081 363.227334
501.834896 379.741666
516.396574 379.592633
515.494536 423.475206
516.018250 429.410699
515.369527 1175.275570
516.446213 1174.175103
534.409839 239.181069
533.063148 242.025410
533.647248 564.488649
537.306393 575.379760
539.354698 551.260310
538.694363 546.272589
533.601088 611.726696
543.339063 626.365265
547.914291 327.913468
544.534576 319.917670
540.626552 450.096386
543.333799 446.058277
540.578293 1156.108912
543.379090 1159.274970
547.623398 685.843510
552.762629 688.469859
548.078640 646.962406
549.839175 646.591035
547.393660 211.868628
555.053914 221.084322
554.162611 727.718657
556.547892 733.779990
560.374858 1123.320383
556.484471 1127.396103
571.924151 769.083706
568.605319 769.455680
571.684227 198.622564
568.759090 190.912541
579.723646 793.400786
574.766503 798.766909
578.681330 338.978344
576.461059 345.844315
571.531943 1070.799945
575.908349 1076.857114
567.972372 1105.107936
574.031819 1107.033115
586.235975 430.855699
573.653961 423.989142
574.572030 830.867990
577.858753 830.585422
572.910590 1031.582070
587.732365 1030.474273
581.331871 377.346434
587.823947 379.846866
596.251602 876.116145
587.934050 878.261483
587.352310 908.505216
586.905131 909.781744
589.896280 944.011363
587.615197 950.019626
589.824990 158.277921
597.865670 158.687923
591.837532 995.052525
594.459942 994.715397
617.051890 136.109910
607.969066 145.877359
607.794838 863.208021
608.857960 849.317150
628.248327 78.556094
629.558252 77.599478
635.407058 489.965190
634.088712 483.828374
632.926629 844.552184
635.693736 845.958043
644.794533 447.553003
642.722754 457.634740
651.422663 53.535334
644.622306 56.579157
649.452446 525.760537
651.821345 527.822865
653.352358 322.039833
650.190535 322.873597
669.111552 416.026664
665.311485 420.607161
666.174158 829.004207
666.683437 842.224749
668.026442 274.436206
659.106502 275.734728
673.735408 354.067967
668.283667 351.015151
671.315374 48.556456
671.842031 44.640920
677.305456 396.409776
679.323024 398.545210
687.953338 567.092434
690.259832 553.209192
705.979085 245.411985
702.464534 250.489823
705.763154 32.314411
704.070732 41.170812
716.332746 591.182187
724.980919 594.875892
725.781721 807.055468
729.404778 806.290875
726.404012 220.255469
730.149245 220.168197
738.814825 619.621047
739.466694 613.327511
747.457393 34.368750
746.476571 45.275837
769.065548 797.194120
760.709208 804.541890
762.654136 205.793773
770.056778 205.988528
771.065537 643.523579
778.605318 648.215813
790.458044 73.755064
780.821595 73.684342
791.229424 182.866747
790.322055 181.443639
804.107528 664.048151
796.363001 669.642529
806.175611 763.230905
803.858579 771.239180
807.081808 142.445485
811.253517 143.023343
809.995460 726.515946
814.376614 721.474236
803.923199 696.554760
814.082802 696.513843
820.686113 107.765942
812.580277 114.412613
