189.089303 521.988890
188.529869 524.588882
189.413039 520.667030
188.521356 531.373381
188.654144 525.958423
188.276484 530.330449
188.592851 541.561862
188.383601 535.578962
188.317760 541.238169
186.156616 555.245364
186.898594 553.619261
189.499679 549.468803
188.660394 563.198626
190.057418 569.816094
188.959970 561.121412
189.605588 570.054331
191.100648 575.390292
189.946214 571.056072
192.976359 513.010468
194.514157 508.822293
191.050500 517.984586
192.160887 576.402912
198.413161 584.543417
193.770085 583.190165
198.143127 502.584721
200.585623 497.870711
199.963174 503.045145
194.341378 584.656620
203.076973 588.330567
205.479320 583.328978
195.857527 595.271971
201.624303 599.997480
202.072285 599.557770
198.051922 607.312169
198.848003 604.427010
198.259108 617.345941
198.822338 619.858845
198.381413 627.481415
199.548061 618.366642
198.019670 628.388445
200.599940 633.513115
198.872725 628.541863
204.649560 635.545548
199.968539 640.693354
200.231977 639.397728
203.084542 649.156193
203.067106 645.091916
202.890361 645.437681
204.168416 321.988676
204.003704 321.983850
204.103165 322.079992
204.448148 331.977810
204.148449 331.906347
205.034810 329.674950
206.690891 335.332860
203.631144 341.530741
202.912768 347.289099
202.808725 351.247273
203.172919 348.496462
202.115797 347.553416
204.972487 364.722625
202.974459 365.660275
205.770182 360.685794
200.885918 497.284499
206.312068 486.775817
204.673866 490.581434
206.471500 662.618434
204.025869 653.327452
205.458831 660.040164
211.794978 309.898589
209.640540 312.868296
213.144439 307.649174
209.288913 370.730260
210.930269 373.594942
206.417703 367.512740
208.675215 668.146270
207.594365 664.444487
208.821719 668.167702
210.113042 679.712977
210.026009 678.248395
210.642355 682.193627
215.317058 477.800707
209.930061 479.603995
211.085989 481.984574
217.241504 302.300278
215.572228 303.246961
218.923894 299.657197
214.843954 381.355563
214.064219 377.545697
214.148760 378.919250
211.842794 683.599434
213.926810 691.208468
213.575597 690.155766
219.171520 702.601280
218.158687 699.836121
215.017162 693.868472
220.644420 393.268519
217.647325 389.042260
217.534624 387.234091
218.929689 710.826094
219.335556 706.120360
219.511303 706.537183
218.876602 717.340064
218.783349 719.356179
219.172670 720.096308
225.566570 473.115712
218.086661 476.578019
220.705339 475.188533
219.531856 722.549402
224.614068 730.860453
220.418901 727.644300
227.446646 292.561621
216.979034 300.884072
223.915501 295.422785
222.140419 397.572583
220.385345 392.848173
222.786133 398.382484
224.760903 748.241125
223.537932 735.637312
228.129652 731.455823
221.668469 749.253756
221.216114 753.390692
225.089774 754.326775
226.661936 763.656575
225.928454 756.984521
223.427937 757.885485
228.339828 768.889110
228.876489 770.501822
224.577436 761.740733
229.900303 408.828084
229.586733 405.668119
228.386500 403.187511
230.542657 781.046325
229.626582 777.017891
230.124725 777.591924
237.766387 284.630432
233.330176 287.757675
232.521227 289.358615
230.938278 469.676191
234.622310 468.826170
233.650207 469.264309
232.460819 789.782724
231.620368 785.860894
231.694027 787.117512
234.214579 798.652642
234.477181 796.976328
236.261241 799.119926
236.522403 424.122137
235.577280 403.859854
235.391904 412.432627
234.634623 469.759259
236.605421 465.181059
236.923192 464.800005
236.096995 803.426868
241.093094 811.150704
240.344567 812.025616
237.232743 815.922420
237.981227 815.611448
236.923167 814.330597
239.029073 284.636384
240.263774 280.418829
236.903058 285.420402
245.142395 417.834771
248.738606 416.710645
240.847353 419.761056
242.499208 453.963744
244.516386 451.258301
240.439721 456.762019
248.272286 825.520905
248.481008 824.897378
243.417906 822.280996
248.041405 273.387042
246.840486 274.511254
242.124619 278.396382
248.999420 427.985556
253.044525 430.491728
254.198251 429.662271
248.330408 443.014373
247.954628 434.624487
251.921222 439.507584
255.241370 836.512214
251.601385 832.531247
252.124095 833.582032
256.833581 268.951737
253.855603 270.966684
253.600095 270.398746
254.886983 836.267373
261.408357 842.779761
258.644640 843.311454
258.932119 937.638300
259.804387 931.712086
258.852439 933.199441
258.393304 940.859522
258.323307 942.933197
257.688196 941.577444
261.608654 954.646068
259.850252 952.416151
259.330576 950.360793
265.704438 913.714071
264.152082 911.395703
264.943132 917.537408
261.873109 955.041411
264.545787 962.234278
261.808545 957.674242
266.596828 974.476021
265.284064 972.014593
263.801016 967.230401
267.135317 265.200057
264.896639 265.707951
264.797193 265.767259
265.189748 844.547054
266.088498 845.866615
263.436686 842.461633
268.904274 906.811346
269.197687 906.970807
267.600075 909.096430
269.746470 980.742812
271.090122 983.952222
267.792101 977.585448
272.936116 1042.181084
267.878369 1050.499984
267.885591 1049.118605
268.576661 1056.341427
268.655307 1055.133376
268.772006 1057.156169
271.539665 1066.288775
271.111750 1066.751598
270.344943 1065.793082
270.190977 982.439014
275.371062 996.348689
271.965908 988.415045
280.291275 857.353381
270.533794 852.971109
271.849493 852.002972
274.047337 895.773132
279.974290 896.730288
276.543742 891.632170
276.085192 999.923237
278.249384 1003.495829
274.583805 997.351630
277.258609 1025.664997
274.880254 1035.164466
274.602477 1028.902705
275.284861 1039.775573
274.195780 1038.141768
274.416062 1037.207548
270.640401 265.911907
282.563670 264.254498
277.369302 264.547802
280.979046 1076.527852
283.346452 1077.238600
282.376238 1074.036290
279.494122 860.423950
279.791212 861.957016
279.353479 860.329709
280.267517 878.786598
281.253591 870.773707
278.585201 873.417592
283.300475 883.939540
279.867088 877.829488
276.890705 874.984614
278.646982 1008.251875
285.888407 1009.680142
281.358160 1009.329148
282.738749 1077.608968
284.934923 1079.673367
282.756107 1073.852214
287.532223 263.632948
292.383489 263.469333
286.772762 263.864221
289.125725 1082.483565
294.114517 1084.687424
295.564737 1085.576297
302.125021 263.235131
298.029924 262.950250
296.803080 263.374079
301.461709 1087.270164
305.942581 1088.448482
299.910172 1086.155519
304.237898 263.294826
304.994593 263.764926
308.401951 263.910096
305.835227 1088.728403
314.060086 1088.502190
318.931104 1085.470934
317.430746 264.925996
318.033261 265.433171
315.913388 264.629644
329.941283 1089.411802
328.133671 1088.781991
319.048558 1083.228100
327.402266 267.737505
323.808266 269.531551
327.072335 268.779898
331.153154 1090.850548
338.527924 1092.430417
333.630528 1088.256522
339.014659 269.738774
333.719651 268.550371
332.637098 268.662433
342.809298 1093.592701
344.508560 1094.729261
346.889098 1095.301079
343.479813 273.422750
343.784966 273.135774
341.230194 271.235143
354.009905 1096.252690
351.751038 1096.171298
354.628936 1096.007059
359.223783 273.319962
359.722623 273.359867
353.689056 273.201224
360.603383 1095.516766
367.450298 1095.387903
366.808163 1095.644296
361.358008 273.863466
366.657475 278.983715
366.638037 278.809957
375.465001 1092.968844
377.651911 1091.045917
368.919943 1095.039515
371.091717 284.574118
370.461773 283.287202
367.740098 279.846153
380.357596 291.010970
382.273025 291.878533
382.651233 293.985112
382.101082 1094.023982
379.719446 1094.263267
388.039454 1095.039520
390.889639 302.104439
383.672424 297.364082
383.461710 293.857729
391.891200 994.404382
390.224851 999.429794
390.987234 996.051065
396.179313 1007.414966
389.845193 1005.540589
391.126740 1006.331005
391.971519 1095.352238
392.123613 1095.514706
385.264614 1094.307376
394.035888 457.151971
393.118164 452.725397
391.896732 446.493433
394.234376 461.250982
394.700102 462.475200
390.544223 461.323768
394.758374 976.025604
390.747551 978.327999
394.219556 977.605645
395.112835 307.316128
392.279526 303.845040
394.724965 306.254933
401.472425 315.186832
397.916288 313.361783
400.852256 314.867914
400.578698 432.703079
399.112851 442.040110
399.609458 431.160384
398.822769 471.496267
398.128130 470.317051
399.356316 468.007805
399.004771 967.909811
399.292037 966.320585
395.513751 974.352504
403.648992 1007.388497
397.354406 1016.275282
398.742863 1014.432926
401.512399 1095.638830
402.815310 1095.683670
398.062793 1096.115484
405.858997 321.354558
408.092865 325.569225
402.558137 317.423827
401.698462 424.854881
402.272760 424.197454
403.247208 420.280608
407.360187 948.932473
404.608817 956.264135
406.457203 957.645562
406.522247 475.211417
405.360209 475.531315
410.186652 479.798874
403.140956 1016.428503
405.907303 1015.678198
406.493492 1019.312091
409.839978 332.187795
410.310136 330.126483
410.040544 329.832451
410.475326 341.249400
409.878404 346.738784
409.873836 343.483298
408.598294 352.864434
410.332157 348.014789
410.302894 351.120526
410.201538 359.490636
410.223901 361.705085
409.851982 356.268449
408.846866 377.041796
410.112387 373.199918
409.804664 370.461230
409.257145 379.669706
406.714077 386.429050
406.771922 385.596804
407.079664 395.966479
408.339981 393.181343
406.941184 398.052373
407.278557 397.513914
407.417952 395.616966
405.489516 403.733271
407.852885 940.677525
409.916027 937.387162
409.509333 938.027160
408.587319 1093.300381
411.855779 1092.995895
411.501106 1093.359978
412.414777 483.150712
413.595279 483.311598
415.729565 486.253600
413.909426 911.728995
413.884107 914.748224
412.583178 914.890057
413.785627 920.746039
413.135620 925.749259
414.008260 924.657667
415.884573 1023.213036
416.239904 1023.473461
417.307132 1024.589684
419.198606 492.028917
418.890776 488.848842
418.272178 488.672595
420.025645 902.389894
418.919898 899.014645
413.558587 897.278688
418.902130 1086.907420
420.932971 1083.602851
416.833817 1083.420968
423.636734 502.683979
422.987809 499.871096
423.800121 506.771254
424.170200 516.935385
424.988358 515.910389
423.010871 509.987179
427.988470 526.127791
425.137500 522.722555
424.755170 521.230194
424.438026 890.060390
424.959822 887.540470
424.767255 889.739980
426.321482 1030.776381
430.203628 1029.798396
422.273257 1032.664894
429.643666 1079.965136
428.825547 1079.913152
427.769314 1081.163743
430.215305 530.103215
430.449570 530.342312
429.542585 533.316177
430.798530 560.414411
430.928263 575.067048
431.358159 575.380417
431.117096 579.062368
431.073573 578.846708
431.229652 581.325474
429.283194 828.805093
431.995648 818.699926
428.564671 832.903886
429.859917 839.420179
427.117265 836.806058
429.785278 835.750176
424.543285 880.615813
428.472369 879.251763
428.461759 879.770459
429.299377 533.976169
430.347578 540.203589
429.658544 532.717519
429.174577 593.226244
434.788802 596.580187
429.267774 590.625387
431.753439 844.282450
431.841016 845.119862
431.390966 852.260154
433.621125 550.109833
433.507510 550.308202
431.956890 546.441862
431.591596 561.682979
430.041161 557.073244
431.411522 563.655137
435.867393 601.310271
429.310315 605.505965
435.567873 601.989262
431.844587 852.688526
432.585578 857.017265
432.035746 854.510279
431.912822 864.933938
433.155207 860.792477
432.848850 863.835811
436.195008 1031.291434
441.540406 1035.140562
433.351203 1031.259850
441.150537 815.254464
437.933134 817.017450
435.390102 819.127103
437.329421 1075.444173
439.773370 1077.085739
436.031582 1070.323156
439.375020 606.482169
440.415043 609.116297
440.336938 608.123745
444.402549 618.894163
446.115006 621.626718
445.449126 620.165859
442.182190 625.785351
443.400078 629.129779
447.413923 630.380644
440.727761 815.316313
442.743120 810.563869
443.449837 811.355863
443.969166 1035.497147
450.332572 1035.979494
445.215857 1035.764152
453.334171 1073.759224
444.337307 1076.922313
443.907587 1076.590829
451.673436 634.740913
450.052615 635.384435
452.351523 636.012819
449.883306 650.263583
454.907792 644.028585
448.831136 645.888144
450.118185 779.829927
446.335517 782.485956
450.637940 781.411923
450.282004 794.666774
451.252297 788.948652
452.161288 789.519428
449.217921 802.365082
449.438753 801.329506
447.597819 806.647747
454.387826 653.401054
450.713289 651.030456
453.728885 655.101547
459.590238 769.590480
455.744403 771.279953
455.635619 771.183612
459.776922 1040.351297
455.654749 1035.464505
457.081780 1040.673588
458.105918 666.093297
458.097002 666.271032
456.983869 663.660309
461.263141 1070.952739
458.071745 1072.548382
461.722874 1069.953670
460.305996 672.840905
462.403706 679.652797
460.969773 674.065412
464.027459 1044.250946
462.931606 1043.944336
459.135184 1046.838203
464.290808 768.058184
464.540963 766.519289
467.734382 765.133453
462.664793 679.639647
464.184986 684.999659
463.768951 681.926724
465.986964 690.460763
468.226609 698.393577
466.975504 695.246523
465.062207 1065.165013
465.230060 1066.613770
461.347662 1067.644680
470.811755 706.766626
469.752379 703.679021
470.066687 703.840692
471.707359 715.095210
470.542938 713.734831
470.518739 713.194610
471.044305 1052.363504
473.447577 1051.946890
467.752457 1052.072137
470.227296 762.924091
470.397475 763.360503
467.934314 762.726400
469.094922 720.063481
476.834153 723.721583
475.580803 722.747714
475.156403 748.352568
475.562566 747.150238
474.443769 744.490762
478.318428 731.288716
478.478678 734.770045
478.261916 735.724673
