191.421731 531.541669
192.981737 525.862318
193.078045 522.418931
192.027379 532.006270
197.139038 537.523529
189.166984 540.818732
191.594721 546.641280
188.929335 548.682618
197.020484 537.314038
192.302760 545.407090
189.214371 558.069768
188.379220 554.907872
190.645045 554.722990
189.011150 566.770270
187.364263 560.234342
188.988255 570.337096
186.543650 566.729607
185.783224 565.944496
196.515963 509.631755
200.070211 504.964883
196.131571 513.912264
193.860518 581.610036
191.615230 574.134913
193.436324 580.254021
199.902842 504.264325
201.504448 504.361138
202.019332 501.489304
194.965525 584.246595
193.566256 582.255043
196.517330 589.359333
197.400801 600.141075
197.314819 598.718721
195.766513 601.428813
196.525573 614.712242
198.012127 612.073872
198.058481 605.644749
196.515053 611.570606
199.057527 620.335093
197.269184 622.079265
200.039711 624.162372
197.936573 630.380720
199.495844 625.432400
198.980728 639.287159
198.738744 640.857297
198.527723 640.573872
202.303343 655.094444
199.638330 642.643743
205.356956 649.169414
205.597158 324.378222
203.983910 328.984519
207.792117 320.178390
203.529766 336.528543
206.943498 324.433263
203.877160 328.087411
203.567606 335.547870
203.397569 344.494609
203.828850 342.591324
203.864271 350.979393
203.757701 348.374846
207.328562 363.842925
199.000820 367.144767
202.167638 361.912198
198.958102 369.337701
205.163714 495.035605
210.688688 487.957543
203.871778 496.242441
203.292930 662.406463
203.557954 662.248221
214.867217 663.849924
213.079835 311.361215
214.470862 303.860466
211.082185 313.122020
207.472699 370.775082
214.418045 367.683407
210.466869 371.332575
210.387167 676.298761
205.561778 667.086501
206.188542 667.070331
208.580889 674.528125
210.261514 675.947142
213.251434 683.795762
207.194361 492.518313
215.585443 476.706232
215.260309 478.452400
216.968479 298.209583
215.464475 299.627839
215.949866 300.042119
213.989164 380.320414
212.493700 378.891076
214.124201 378.968836
215.035131 693.855179
213.252919 685.153027
214.581134 689.915186
217.016509 703.928050
216.228263 698.914327
215.728670 698.213803
217.042125 389.897235
217.742269 394.989389
217.023667 384.063525
218.970221 707.679578
215.976010 701.488490
216.812655 699.895833
219.321093 708.209298
219.621419 710.704141
220.766152 717.533949
224.033820 474.760604
218.481059 476.349081
217.886171 476.666865
223.557835 728.371202
223.115239 730.019541
226.371011 735.808987
221.723176 293.283061
223.058637 291.594622
221.890870 293.102044
218.695376 393.454145
222.016627 400.928238
218.501609 394.691123
224.379314 731.252064
222.055962 745.698261
224.964109 740.300647
223.137099 752.673446
222.044462 747.675750
225.081116 739.932610
224.631929 752.748820
224.221928 761.582600
223.211838 754.583388
223.233389 763.960301
225.909970 768.426940
226.322052 767.853553
226.955312 408.216209
231.980640 412.996510
225.982828 406.906801
230.017693 776.293142
231.487460 783.952821
229.999743 779.898716
222.900975 291.834135
229.512997 286.010592
225.258175 288.784955
229.534441 471.420224
234.326466 463.611637
236.057085 474.070399
233.259379 788.579095
231.807407 785.573378
232.898053 787.706374
234.988434 795.553026
234.699863 793.688914
235.435831 797.321267
236.214775 415.585303
228.690914 410.095671
237.932675 418.130976
237.260664 457.860225
231.970771 465.729662
234.742489 468.524640
237.780735 807.490378
238.456716 809.114524
238.631908 810.524351
239.208215 812.431205
240.949863 817.479238
243.351199 819.345541
246.786713 275.303348
239.478181 278.587501
237.016355 279.649192
246.264814 419.551625
245.520314 424.019627
241.672898 419.584500
241.827851 450.499963
239.862539 447.740781
237.996479 458.550601
245.426172 823.089452
251.069793 829.341607
247.271071 821.374235
251.378993 272.123710
247.831492 274.645434
256.608152 269.483491
249.218008 431.801346
245.966488 430.345922
248.765126 423.746786
248.230948 440.614457
249.175050 440.267619
246.707361 443.090977
251.944316 835.375079
251.621093 834.323949
251.617150 832.494146
252.338224 274.810416
252.314910 274.032893
258.940574 267.465782
260.162332 840.663117
262.669134 843.796266
261.708309 841.735735
261.802240 931.478572
261.089370 930.043380
260.139951 933.361900
259.098074 938.741171
258.872646 942.713226
259.750121 946.424465
260.473310 947.007233
258.914957 942.798444
262.763172 950.529316
263.784444 908.617382
266.239995 909.557857
264.475092 917.735067
263.957030 954.025252
264.049684 957.147500
261.885908 950.531989
272.190684 968.965146
267.104678 976.747801
267.378477 977.883266
264.617094 263.485247
264.044020 263.446373
261.225309 265.765726
264.972103 847.253692
267.463525 850.319591
266.315081 848.692405
270.635901 901.868139
262.342546 909.829463
268.795093 916.157413
269.907664 982.310447
267.634065 979.111482
269.899109 974.000440
272.184127 1046.434618
272.576893 1045.497659
272.848821 1041.420918
269.097847 1056.991622
269.283518 1057.281826
268.431123 1056.061232
272.258002 1061.020726
276.140953 1068.078300
275.590398 1065.727725
271.895706 987.027860
270.921576 987.203729
271.906928 989.179883
268.548313 851.581028
280.295651 849.035886
270.231821 853.239359
276.280144 883.337253
266.738694 884.696123
282.540548 896.805235
273.149575 993.635112
272.843569 999.143417
274.422801 999.650829
276.347673 1030.584031
276.327091 1031.643773
278.274859 1022.665624
275.842591 1033.055268
273.613713 1038.523003
276.951237 1029.532732
276.827509 262.348795
285.553522 263.839399
276.938917 264.449122
281.625337 1071.838056
282.289175 1072.825372
278.673112 1070.457558
272.155418 855.188943
283.486630 863.563028
274.423756 859.855186
276.303340 880.006826
283.245524 879.988779
283.263945 873.640636
279.199853 883.012548
281.527925 886.180227
276.507953 886.707333
279.877018 1010.313925
281.947144 1006.029024
281.458870 1012.443425
288.387049 1076.434327
286.947542 1076.807994
282.717671 1072.883810
291.463492 261.343180
291.136441 261.806659
286.915966 262.866696
292.899460 1077.165860
299.083361 1085.792401
298.309034 1085.880810
297.749534 264.798381
290.123498 260.860901
300.463351 267.138170
303.037401 1086.152059
304.258790 1081.189686
297.450858 1081.553268
310.673643 268.797406
306.906979 266.686484
308.844954 266.888297
305.162042 1084.783120
309.813859 1088.475444
318.762139 1092.648157
323.645628 272.431411
313.639612 267.814793
319.554395 269.171957
327.233116 1094.831700
319.868914 1092.771056
322.664496 1091.979132
333.470119 272.976751
324.827183 277.884937
323.738672 275.822694
335.824915 1091.696661
340.681022 1092.914691
328.324448 1095.665233
332.949506 272.161726
328.320413 273.686093
339.369712 271.763034
337.863501 1091.950825
341.484703 1094.377251
347.319276 1092.755915
344.836089 273.322433
345.640159 273.752982
350.456049 276.819028
358.785687 1095.417021
351.122611 1094.604970
342.633941 1093.444128
346.958835 274.979322
350.447152 275.739484
356.117333 277.479567
361.942916 1095.186907
361.959538 1094.664987
367.618227 1092.300478
364.863751 282.773504
362.898420 280.989548
361.975270 280.612849
371.105669 1092.334172
370.051369 1089.078601
369.175437 1094.140177
371.979465 285.954576
376.007639 287.880304
372.247467 286.951303
387.197989 294.724446
375.628541 292.961298
381.928978 292.453726
380.040981 1096.276483
383.097950 1096.435722
375.821390 1095.331433
381.008827 293.513970
384.378741 293.087459
383.340881 296.107212
391.658868 996.850654
387.285505 997.260464
392.229346 1004.543901
389.266993 1005.726925
397.086301 1008.751041
387.057491 1012.955733
385.982807 1097.129717
388.759075 1094.819769
382.751936 1096.577861
390.781913 460.756996
397.785677 437.510160
400.550924 445.891163
392.864887 456.329116
399.655546 459.481641
394.708558 460.101732
397.068386 984.294552
391.440934 980.929078
402.503932 989.195410
389.894883 304.885162
396.892006 314.253684
389.190823 301.414720
397.716623 319.395008
403.701373 324.916763
398.418239 318.921408
395.168605 431.102048
399.904803 441.575685
399.652027 442.724490
402.021061 465.390802
400.835062 461.705166
407.775651 471.931289
399.160184 980.431923
403.171318 961.507236
401.211608 972.534771
394.722367 1007.820346
391.190100 1007.492851
401.631053 1012.857923
394.965603 1096.119112
397.761761 1094.698585
394.566674 1095.888974
410.274920 331.930807
401.867171 325.115334
405.954383 327.782254
402.228242 418.766205
401.018220 423.511255
401.411150 418.870638
406.831336 955.552254
406.875514 956.762414
408.403241 950.690394
411.267969 481.741302
404.268207 469.866448
408.629533 473.735622
402.334880 1017.936795
405.846381 1030.237298
407.758975 1021.403967
408.618904 333.055524
411.211759 332.500503
409.954736 331.989540
406.034308 349.743365
406.133379 348.562151
412.719919 351.421319
411.688783 355.048785
410.581520 352.143203
406.886402 350.360647
414.954486 362.143588
417.022379 359.072552
410.704191 359.665662
401.219038 367.629206
407.270981 378.762571
405.176848 378.473058
405.779948 372.926782
406.141905 380.088759
408.085208 379.936524
408.435866 395.638563
407.485994 386.330552
408.259421 393.839803
408.346018 405.762572
408.131573 403.050976
408.813598 399.100874
410.699574 940.414305
410.759860 938.462185
411.670049 932.349961
411.134029 1088.782684
409.826549 1091.406326
412.737635 1089.144974
413.565046 481.877150
414.751994 482.944206
412.503989 477.915139
414.861697 914.558706
417.684095 908.065199
411.673633 918.111790
412.765676 922.830051
411.059820 933.394491
411.856148 927.476587
408.665160 1025.092975
411.044043 1027.901402
420.863856 1027.489486
423.137744 498.654044
415.951610 486.350581
417.017861 487.201918
422.800158 899.228457
423.180583 898.736120
422.504821 899.976380
414.909843 1089.200672
416.256785 1088.511314
425.303126 1082.401365
423.172012 505.308801
421.103907 494.432261
423.677936 502.568892
426.514378 519.560941
423.590060 502.281251
426.672579 513.634363
421.617131 524.360929
422.072700 524.196539
425.902144 523.619516
424.756731 891.312128
425.397109 889.940444
426.722912 887.050738
431.987751 1031.840866
426.638104 1038.818285
431.616782 1031.391426
428.256924 1079.631731
428.128669 1077.455748
433.869225 1076.400411
428.881283 535.055512
428.884596 535.985783
427.041021 526.316903
436.230233 571.121992
427.691607 577.482879
437.578237 578.063126
435.602440 572.272785
422.779164 575.067862
420.480386 579.380181
429.239783 822.706826
428.144121 833.975693
427.038122 820.364929
424.278645 845.231161
430.663012 825.861224
431.538938 829.551656
428.885090 879.390115
428.915904 875.164252
429.095851 877.563624
430.854308 541.372331
431.057746 539.597194
433.770559 545.528587
432.278479 587.817872
433.866502 593.400922
427.424468 586.653845
432.139279 851.832817
429.700187 838.276132
426.095188 840.054425
432.338557 549.260454
434.501855 553.206417
434.363522 548.469445
434.641592 566.621316
432.975395 564.791074
434.811590 560.284687
435.062731 596.956606
434.567968 596.616215
436.274791 599.532602
434.249469 842.480514
431.188439 852.736050
433.478657 851.829686
431.127109 858.573616
429.567543 871.120560
429.528453 865.543197
428.194627 1031.947837
431.733685 1031.389649
434.242642 1032.809883
437.970375 815.215018
437.175533 815.889596
430.664793 823.127382
439.476576 1075.184890
439.560034 1075.286953
436.672715 1076.692197
437.470904 601.661267
441.077666 611.397531
439.627289 609.692182
443.540962 619.381519
443.438379 618.727515
441.217625 611.637452
442.937162 618.357395
444.469660 627.674359
443.583456 620.689587
443.617152 808.056935
445.537644 805.638118
442.140217 807.040304
440.978309 1031.961376
443.325443 1030.867162
445.159670 1032.109911
448.768877 1069.973825
449.080095 1072.133665
449.430672 1064.331239
447.507272 637.833794
446.042033 634.004804
446.117280 635.061163
448.781692 643.423004
451.021254 648.101878
452.145111 650.434325
453.916464 774.800086
453.547164 777.498278
452.283023 780.676499
453.282567 791.154319
452.967853 792.151787
452.425988 788.678656
449.040053 800.323121
451.235954 799.660630
448.483516 801.035761
453.540190 652.509041
454.774204 655.660828
453.856223 654.085172
453.208436 778.716162
461.888571 766.203619
457.395472 765.406903
449.865985 1030.819854
451.413127 1032.922648
450.732728 1029.443724
461.207361 666.241955
458.959362 663.626006
460.075290 663.894503
451.973406 1069.451156
453.903153 1068.607472
454.100190 1066.934094
461.356025 676.452186
461.918796 677.909431
461.674626 674.854108
462.312872 1046.704402
460.946738 1045.879831
461.061774 1044.654585
456.689781 767.748192
465.649596 762.599015
460.476778 765.284430
464.274563 685.606058
467.261432 692.959221
464.483981 687.979081
465.534388 690.707948
465.818247 695.085092
467.076336 693.858548
464.829130 1062.437653
463.717415 1062.837079
459.594310 1065.000403
468.965347 704.541710
469.766364 709.762710
469.913078 708.783119
473.265303 716.622182
471.334757 712.027172
471.141122 712.044869
466.675340 1058.684065
471.340999 1054.969884
470.605054 1055.335816
470.018210 755.798328
468.605065 759.204420
466.642945 760.510200
475.204977 722.319935
472.891239 714.854341
474.603141 726.229313
475.947179 748.118689
470.240223 752.466549
476.253904 747.571572
476.515541 732.896696
476.454994 728.581513
477.435729 730.217724
