0.009299 0.258109
0.007106 0.277789
0.009589 0.294424
0.011616 0.242206
0.011770 0.307789
0.014643 0.220638
0.011984 0.327903
0.014706 0.200066
0.017469 0.189820
0.013563 0.336544
0.020421 0.170611
0.019769 0.359312
0.028577 0.155576
0.021642 0.377333
0.028168 0.148873
0.025246 0.378152
0.037077 0.124877
0.034615 0.404489
0.054151 0.785196
0.036701 0.124334
0.044639 0.755791
0.036317 0.411360
0.050041 0.101680
0.041565 0.731899
0.039493 0.418902
0.045404 0.432806
0.056219 0.463379
0.056044 0.474635
0.060744 0.795698
0.040899 0.715894
0.055530 0.080478
0.039142 0.717100
0.058550 0.485891
0.050224 0.691112
0.069804 0.806687
0.059934 0.075727
0.058658 0.676071
0.063292 0.661612
0.066198 0.501819
0.073819 0.064013
0.065424 0.652128
0.075312 0.818287
0.072400 0.623498
0.068854 0.503647
0.076322 0.612836
0.084830 0.051783
0.077580 0.595896
0.087347 0.833633
0.070176 0.521327
0.079583 0.546014
0.079811 0.580559
0.075988 0.564545
0.099990 0.037230
0.095446 0.837052
0.108487 0.035516
0.108244 0.845988
0.120090 0.028317
0.118375 0.870891
0.123254 0.028118
0.124954 0.876837
0.136799 0.021348
0.132370 0.886854
0.147827 0.022578
0.145358 0.903109
0.160435 0.014871
0.159802 0.916546
0.176424 0.008837
0.161331 0.923283
0.171804 0.010978
0.182112 0.944440
0.193613 0.006493
0.187840 0.947823
0.200397 0.004094
0.193622 0.953882
0.216468 0.007603
0.216893 0.965171
0.217135 0.009023
0.219825 0.970566
0.241529 0.010459
0.236684 0.960559
0.244274 0.953497
0.238497 0.028159
0.257371 0.949488
0.253716 0.017603
0.266641 0.819633
0.266498 0.849164
0.246085 0.858313
0.254642 0.881863
0.258478 0.932104
0.259359 0.891807
0.242170 0.906624
0.249672 0.919587
0.270850 0.019143
0.266392 0.812174
0.286142 0.028546
0.265926 0.808983
0.283860 0.027249
0.288482 0.815145
0.297353 0.035949
0.304388 0.817653
0.303446 0.041081
0.318988 0.826050
0.326417 0.046953
0.326079 0.827831
0.331511 0.047770
0.333917 0.831769
0.338071 0.057122
0.342259 0.833810
0.345161 0.060468
0.366933 0.840842
0.364027 0.076095
0.376198 0.835409
0.372504 0.083252
0.375369 0.841600
0.381155 0.097340
0.376141 0.844553
0.386112 0.103774
0.385995 0.119543
0.388092 0.128569
0.390635 0.832928
0.396665 0.153663
0.393547 0.151035
0.404324 0.172476
0.404253 0.807955
0.397857 0.803260
0.399543 0.779670
0.414550 0.184946
0.407404 0.764253
0.418182 0.740689
0.411289 0.199993
0.414049 0.732563
0.407163 0.217774
0.421427 0.711702
0.425582 0.691767
0.422712 0.221006
0.407965 0.608795
0.425014 0.641219
0.433044 0.682031
0.419993 0.232111
0.421440 0.653035
0.424484 0.663873
0.420640 0.250422
0.422238 0.281198
0.424029 0.288688
0.426438 0.303474
0.429836 0.303699
0.427502 0.326624
0.430424 0.346593
0.429281 0.361383
0.430638 0.373869
0.434844 0.614841
0.431526 0.394445
0.431149 0.415036
0.429283 0.429349
0.431475 0.427066
0.439277 0.450388
0.448935 0.455025
0.447886 0.615829
0.444220 0.485216
0.444569 0.500766
0.464272 0.608860
0.446951 0.506967
0.459750 0.522481
0.453408 0.532297
0.463447 0.601966
0.473306 0.558262
0.477594 0.573492
0.471613 0.585064
0.474206 0.575479
0.526580 0.595483
0.536640 0.567779
0.545199 0.621350
0.541361 0.553230
0.543511 0.546513
0.546720 0.536923
0.553372 0.625973
0.546871 0.526211
0.556549 0.492028
0.555266 0.467245
0.555717 0.497338
0.561472 0.623161
0.559140 0.438373
0.557409 0.460519
0.564151 0.192549
0.560684 0.405968
0.564477 0.428108
0.555758 0.163161
0.564394 0.213873
0.548903 0.384546
0.558994 0.386600
0.560113 0.345220
0.560462 0.358374
0.561498 0.137669
0.564869 0.224776
0.554262 0.332630
0.571782 0.135796
0.569209 0.668513
0.561157 0.249495
0.567618 0.310765
0.572883 0.635662
0.569009 0.120237
0.572319 0.256629
0.570187 0.648478
0.567222 0.678243
0.568908 0.301265
0.584198 0.273525
0.571672 0.287356
0.581478 0.703968
0.583237 0.104494
0.576591 0.273199
0.586479 0.716833
0.586661 0.101223
0.589350 0.727220
0.610614 0.077861
0.602293 0.741106
0.601517 0.749294
0.596946 0.766823
0.616202 0.787892
0.613207 0.075206
0.612800 0.801437
0.630343 0.061454
0.625874 0.801268
0.632118 0.065215
0.630219 0.796831
0.635586 0.057209
0.648588 0.794278
0.663294 0.044853
0.650835 0.789097
0.663026 0.045026
0.676869 0.790641
0.682171 0.040897
0.683310 0.786129
0.674464 0.041606
0.690099 0.792969
0.693897 0.040822
0.703387 0.801145
0.701618 0.817616
0.712618 0.041161
0.707900 0.828874
0.708104 0.839651
0.724118 0.845901
0.726124 0.977236
0.706827 0.913945
0.714027 0.923732
0.706316 0.925231
0.709533 0.946191
0.711330 0.962438
0.712052 0.867476
0.705731 0.878886
0.707814 0.894103
0.719363 0.986029
0.718797 0.040031
0.718889 0.979750
0.723850 0.039345
0.744846 0.983291
0.737357 0.035045
0.747816 0.980218
0.743627 0.031708
0.758784 0.967740
0.757011 0.026766
0.772360 0.966613
0.781049 0.025179
0.784136 0.960022
0.774797 0.021945
0.788142 0.956185
0.795512 0.019743
0.796976 0.948708
0.803611 0.022845
0.808973 0.946121
0.805493 0.024539
0.822453 0.935638
0.822654 0.036439
0.829210 0.928828
0.838918 0.045372
0.851600 0.923571
0.845303 0.056435
0.849106 0.680025
0.852194 0.690185
0.861526 0.917400
0.853099 0.062499
0.859292 0.694889
0.870612 0.712381
0.871717 0.668309
0.877315 0.733547
0.875438 0.908091
0.871570 0.084817
0.871363 0.749157
0.861484 0.758871
0.876202 0.665752
0.872773 0.769589
0.876747 0.098046
0.870804 0.912504
0.868796 0.794381
0.883752 0.810334
0.877789 0.663663
0.884484 0.102384
0.882451 0.897737
0.889631 0.817493
0.892670 0.659101
0.895552 0.120528
0.902064 0.892348
0.897498 0.822230
0.918716 0.646919
0.905178 0.142504
0.909048 0.883803
0.911963 0.846267
0.918754 0.145675
0.923702 0.632181
0.916825 0.871194
0.922836 0.857230
0.926751 0.156614
0.929376 0.626038
0.923094 0.868411
0.923013 0.857763
0.942876 0.168596
0.935832 0.614816
0.938139 0.606384
0.950091 0.177905
0.947513 0.586356
0.952434 0.570147
0.956742 0.557381
0.959067 0.185831
0.956398 0.549245
0.965794 0.527321
0.962417 0.193249
0.969947 0.381338
0.968060 0.414534
0.974503 0.427114
0.975234 0.505995
0.967830 0.365919
0.980646 0.447890
0.976158 0.212242
0.977287 0.493446
0.979776 0.453769
0.979109 0.362693
0.978958 0.473436
0.976842 0.488702
0.986018 0.231362
0.984606 0.348852
0.990365 0.235699
0.984927 0.266419
0.987632 0.334886
0.991858 0.267315
0.993127 0.296870
0.992600 0.311321
0.993333 0.309554
0.288432 0.906741
0.302652 0.901933
0.317024 0.908227
0.325918 0.912494
0.343150 0.921148
0.362806 0.928543
0.372626 0.928381
0.391761 0.937771
0.413672 0.932340
0.443413 0.928598
0.494355 0.928232
0.514732 0.934713
0.539341 0.923988
0.585531 0.926892
0.607667 0.916715
0.626401 0.924387
0.634352 0.904188
0.667876 0.884802
0.678937 0.874276
0.280110 0.917199
0.285876 0.920456
0.276791 0.938617
0.279587 0.950683
0.287266 0.952154
0.281696 0.955061
0.332604 0.968210
0.368032 0.984852
0.379248 0.962636
0.409647 0.958477
0.433177 0.959818
0.472299 0.977623
0.476326 0.978344
0.488031 0.990279
0.504596 0.973261
0.561525 0.974920
0.571803 0.990688
0.584095 0.983050
0.670254 0.945865
0.687988 0.949767
0.693587 0.948433
0.693868 0.922769
0.696717 0.894613
0.687792 0.891418
0.615196 0.974801
0.634597 0.969178
0.633805 0.970149
