0.019015 0.258495
0.018069 0.277842
0.018326 0.294199
0.021029 0.242690
0.019549 0.307248
0.022723 0.221581
0.020442 0.326681
0.024092 0.201340
0.025867 0.191538
0.021604 0.334927
0.029879 0.173344
0.026492 0.358188
0.035245 0.158947
0.029439 0.375072
0.036489 0.151510
0.030202 0.376879
0.043093 0.127300
0.036563 0.403976
0.068015 0.780202
0.042770 0.127344
0.059696 0.751860
0.038644 0.410608
0.057426 0.107359
0.053951 0.730982
0.040738 0.418538
0.045586 0.432755
0.056177 0.463241
0.058099 0.474061
0.072344 0.789940
0.052955 0.716063
0.066712 0.086221
0.053223 0.718970
0.059538 0.485704
0.056678 0.692971
0.079246 0.803962
0.068067 0.083004
0.061191 0.675187
0.062374 0.661263
0.066789 0.501618
0.081169 0.070681
0.064269 0.651821
0.083861 0.811883
0.069528 0.622863
0.068852 0.503637
0.071436 0.611800
0.091817 0.059718
0.074298 0.595552
0.095254 0.827031
0.071029 0.521130
0.079599 0.546239
0.078952 0.581775
0.075274 0.564562
0.106972 0.046734
0.100024 0.832417
0.114256 0.042863
0.111815 0.843889
0.123951 0.035361
0.117949 0.868509
0.125479 0.034827
0.127667 0.874649
0.139333 0.029656
0.135021 0.884405
0.151854 0.029155
0.149345 0.899379
0.162936 0.022100
0.162862 0.913212
0.178152 0.018311
0.160044 0.920129
0.173683 0.018636
0.185882 0.940113
0.194284 0.016170
0.185671 0.944744
0.200396 0.016190
0.192375 0.945527
0.214012 0.018326
0.218428 0.952487
0.212713 0.018160
0.229591 0.956898
0.241094 0.027761
0.235154 0.949804
0.237326 0.946253
0.238381 0.038282
0.254228 0.940170
0.252738 0.031273
0.267215 0.819838
0.266967 0.849334
0.246270 0.858623
0.254012 0.881739
0.253655 0.930580
0.257957 0.891754
0.241278 0.905490
0.246840 0.919501
0.270324 0.033437
0.266200 0.814098
0.283144 0.035288
0.265142 0.810450
0.281676 0.034605
0.288048 0.818429
0.295623 0.040127
0.310715 0.822530
0.300340 0.045131
0.324984 0.831974
0.324590 0.051268
0.334949 0.836294
0.331118 0.052311
0.348414 0.837949
0.335638 0.059668
0.350186 0.842492
0.342259 0.063351
0.371272 0.843332
0.361840 0.077916
0.378377 0.838205
0.372338 0.084995
0.377160 0.842011
0.379332 0.098409
0.377734 0.844686
0.385838 0.104940
0.385633 0.119798
0.389176 0.128388
0.393203 0.832538
0.396936 0.153543
0.393241 0.151253
0.404348 0.172460
0.407204 0.807203
0.401774 0.804766
0.402816 0.782507
0.414575 0.185050
0.410548 0.764994
0.418492 0.742869
0.411410 0.199981
0.416558 0.734125
0.407194 0.217920
0.424052 0.712366
0.428242 0.691872
0.422716 0.221049
0.409746 0.610577
0.428099 0.641538
0.434640 0.683330
0.419096 0.232198
0.425500 0.654065
0.428290 0.663386
0.420993 0.250371
0.424232 0.280840
0.426179 0.288295
0.428652 0.303128
0.429838 0.303725
0.429573 0.326372
0.430945 0.344753
0.431647 0.361313
0.431815 0.373853
0.437606 0.616626
0.434531 0.393980
0.433084 0.414824
0.429505 0.429779
0.432534 0.426580
0.444239 0.448505
0.453013 0.454237
0.449424 0.616669
0.449133 0.484514
0.450675 0.502061
0.464719 0.609622
0.452656 0.505108
0.460871 0.524600
0.457403 0.532955
0.463966 0.602175
0.473775 0.558630
0.477610 0.573523
0.471693 0.585087
0.473851 0.575394
0.526174 0.597140
0.534100 0.567957
0.544516 0.623164
0.537786 0.552360
0.539983 0.541488
0.541532 0.535705
0.551890 0.626832
0.543896 0.522221
0.552332 0.491468
0.554150 0.465553
0.552414 0.497298
0.558291 0.623845
0.557641 0.438380
0.555785 0.460303
0.562359 0.192594
0.557308 0.406525
0.564388 0.428579
0.555836 0.163334
0.563158 0.213849
0.548899 0.384720
0.556664 0.386436
0.556549 0.344515
0.554221 0.357885
0.561570 0.139166
0.564339 0.224770
0.552096 0.331432
0.573338 0.136523
0.569001 0.668574
0.561146 0.249395
0.565436 0.309911
0.571420 0.637264
0.568786 0.122704
0.572409 0.256595
0.568684 0.648973
0.567266 0.677920
0.568209 0.300927
0.584171 0.273495
0.571544 0.287256
0.584147 0.702878
0.588371 0.108809
0.577411 0.273201
0.589428 0.715289
0.592346 0.105732
0.594166 0.725601
0.614880 0.082245
0.604656 0.739392
0.604006 0.748085
0.599195 0.767856
0.617420 0.787011
0.617381 0.080329
0.614761 0.801651
0.630519 0.067801
0.627165 0.800710
0.636959 0.067586
0.630186 0.796525
0.639236 0.063757
0.647585 0.794783
0.663667 0.049074
0.650249 0.790336
0.665119 0.050639
0.675929 0.794240
0.682683 0.044835
0.681099 0.788814
0.675621 0.046441
0.689044 0.795086
0.694217 0.042810
0.703877 0.801979
0.701255 0.817806
0.712359 0.039710
0.707869 0.828882
0.708191 0.839661
0.724140 0.845811
0.730269 0.965156
0.707906 0.913938
0.714809 0.922726
0.707863 0.925199
0.713891 0.944996
0.716480 0.956441
0.711138 0.867227
0.705753 0.878580
0.707518 0.894059
0.719940 0.968006
0.718376 0.038454
0.722103 0.966553
0.723463 0.037682
0.741214 0.966998
0.737417 0.035970
0.742694 0.966901
0.744224 0.034963
0.758501 0.958979
0.758234 0.034191
0.768454 0.958520
0.777629 0.034664
0.781222 0.954411
0.774701 0.033679
0.786017 0.952428
0.795128 0.035156
0.798190 0.946876
0.802955 0.037464
0.805832 0.941473
0.802128 0.037017
0.819912 0.932127
0.816705 0.045407
0.824713 0.926043
0.830456 0.055269
0.847154 0.916248
0.838731 0.064181
0.849229 0.683226
0.854272 0.692034
0.858133 0.910870
0.845262 0.069206
0.860958 0.694342
0.871706 0.712493
0.876712 0.671174
0.876497 0.733409
0.869876 0.901987
0.864154 0.090710
0.869951 0.748742
0.860258 0.757854
0.879718 0.667978
0.869107 0.770385
0.872867 0.103924
0.866062 0.905375
0.864318 0.793756
0.875731 0.811597
0.882452 0.665673
0.878292 0.107599
0.875023 0.896704
0.881557 0.818470
0.894777 0.660437
0.890148 0.124418
0.889671 0.881828
0.887469 0.824791
0.916170 0.646591
0.900259 0.145946
0.900415 0.874028
0.901973 0.845488
0.912872 0.151243
0.921116 0.629958
0.907230 0.865696
0.912938 0.862315
0.920117 0.159428
0.925219 0.623941
0.909637 0.866314
0.913131 0.856978
0.936454 0.174939
0.930506 0.612458
0.933437 0.604352
0.943123 0.183316
0.940934 0.584087
0.946359 0.568146
0.949418 0.555401
0.950046 0.192918
0.950061 0.547157
0.957703 0.526037
0.953669 0.199871
0.967533 0.381107
0.963878 0.412821
0.968168 0.427385
0.964097 0.503855
0.967712 0.366476
0.970099 0.448464
0.962501 0.218082
0.966721 0.491986
0.969970 0.453223
0.973640 0.361969
0.968506 0.472857
0.966245 0.487735
0.971449 0.236380
0.976629 0.346166
0.971986 0.238553
0.973240 0.268596
0.979986 0.333041
0.976385 0.268639
0.981005 0.296915
0.983840 0.310541
0.983400 0.309335
0.282129 0.905952
0.294410 0.898355
0.304988 0.900870
0.314860 0.906166
0.331578 0.914128
0.350624 0.925299
0.364718 0.927776
0.390572 0.937551
0.414991 0.931824
0.447316 0.926022
0.495378 0.928086
0.514915 0.934379
0.540542 0.924747
0.592127 0.931564
0.614836 0.918694
0.631295 0.925535
0.639718 0.903480
0.672791 0.883172
0.682139 0.873365
0.275053 0.916525
0.280028 0.917286
0.270305 0.932788
0.279832 0.934315
0.283461 0.934072
0.275112 0.934516
0.332654 0.935918
0.345452 0.930263
0.377412 0.938014
0.394481 0.939958
0.431810 0.945915
0.479501 0.959926
0.481217 0.960189
0.483247 0.990101
0.502307 0.968812
0.561500 0.966783
0.559036 0.984655
0.575308 0.974215
0.671434 0.939261
0.691728 0.943397
0.700062 0.941021
0.697287 0.922271
0.698384 0.894604
0.691536 0.891453
0.614307 0.964639
0.633785 0.960178
0.627203 0.960629
