52.2 6.7
65.2 8.7
78.7 13.5
85.5 20.5
90 32.1
85.8 29.7
80.5 28
74.5 27
70.9 28.6
70.6 31
70.3 33.1
68.7 35.7
67.2 33
66.9 30.3
64.8 27.1
61.8 27.4
57.7 27
57 28.5
56.4 31.2
56.5 34.3
55.9 37.3
56.7 40.3
57 43.2
56.7 47.2
57 52.5
57.3 60
59.2 77.1
59.2 82.3
48.3 82.3
48.6 75.7
48.4 67.5
49 55.5
48.7 48.7
48.7 43.3
48.3 38.7
48.1 35.8
48 34
48 30.1
47.7 26.8
43.5 28.2
39.3 30.1
37.5 31.5
36.9 33.6
35.5 36.3
34 38.7
31.3 34.9
30 32.8
29.5 30
28 27.3
25.9 28.3
23.4 31.6
17.4 32.2
15 33
10.2 36.7
7.3 38.4
12.4 27
14.7 21.7
26.4 12.1
37.6 8.4
