56.531794 145.292479
76.323401 141.136880
88.531270 235.859329
90.995450 268.963061
96.386978 146.903195
117.838263 235.717148
107.852649 189.547210
112.945232 217.667151
116.131440 268.613917
127.261896 162.923899
134.300575 137.388033
124.659941 299.457682
141.200722 157.933495
155.542202 137.254695
166.323933 344.210357
173.479872 183.880693
186.862510 151.721608
175.990743 175.865960
186.211258 110.094327
183.367866 231.594323
192.505189 138.671877
192.339993 99.805091
198.980551 372.110172
201.209583 161.690352
202.939519 226.968660
207.419878 59.954050
205.267617 186.739661
209.815410 298.049220
205.102385 234.100825
219.216122 139.208443
214.369971 166.206684
213.098646 317.162065
220.738547 334.438602
218.342738 267.837567
224.014294 280.044463
225.121772 188.266064
225.654783 303.407852
216.663820 164.711461
226.791236 71.932125
234.859431 329.276731
220.650351 82.763857
238.941831 392.020485
246.584870 285.620083
241.445220 171.019860
244.557690 146.766422
245.964674 331.678674
251.379993 195.330318
254.201981 104.441142
252.310718 146.550253
253.933414 163.016375
264.549767 377.025146
267.209626 185.586496
269.659853 161.436948
264.423453 141.568983
276.775123 125.690287
282.742973 143.204441
288.061269 285.076983
295.824603 233.925993
293.100367 342.640633
301.464369 244.995380
302.670148 136.137762
321.855778 337.984897
322.377265 139.959822
344.470106 305.592266
338.058412 162.912506
343.137233 138.318970
344.596539 183.327582
354.641115 233.203918
358.377131 276.556477
376.962671 276.852481
379.322004 245.330449
378.986541 141.970190
385.878791 122.310712
212.071157 54.202202
211.877532 20.295298
224.550458 37.595883
231.058480 39.684483
222.854637 46.429007
221.061807 51.555100
239.736985 97.518921
363.225153 161.062315
121.373710 291.491294
108.918643 275.516821
97.262222 222.775800
108.060024 223.655266
118.510073 232.837346
115.112252 221.577155
116.343473 207.776952
159.025183 146.309063
168.163539 150.017081
232.902911 136.564354
300.460416 152.048764
308.392033 146.436639
305.386354 151.290792
322.134661 144.898831
321.508650 152.882853
348.446182 144.087338
359.080004 198.457849
361.304638 209.870033
354.684567 214.703736
373.521973 231.156410
369.704834 229.236004
377.465199 227.130944
359.247293 273.679337
349.916143 283.271351
232.509444 188.871055
274.467057 186.129572
294.131515 181.918288
258.143336 333.989591
270.299828 323.835743
256.580093 306.351310
271.684936 297.845194
265.986329 298.703058
201.451172 322.901421
195.640244 292.595961
200.239957 294.341263
201.017751 299.703048
237.700345 318.322775
249.626219 312.968433
253.318706 306.925285
203.628293 325.847829
188.486255 295.644876
206.560307 283.525095
222.057899 296.568059
234.250886 294.250776
178.813842 242.795742
178.868938 235.170461
177.962425 243.541840
158.926534 247.242701
148.350270 236.700653
146.179166 235.609481
160.003534 235.383216
164.514277 230.245143
163.792725 221.440934
178.395429 232.523652
184.319001 238.919041
197.565613 228.565324
171.561605 233.909215
152.495448 218.332584
156.033073 214.973479
158.365614 220.674320
171.465275 225.395165
175.861214 202.209884
200.275323 214.275231
273.091328 241.016584
285.383673 233.550681
281.984628 235.470517
285.199725 243.675011
319.888908 241.710552
314.912995 234.751217
303.570916 221.834577
305.081378 238.404181
295.596894 223.909042
287.703918 227.385945
284.847828 223.672056
276.302936 232.666444
278.730526 219.436409
290.731444 232.681632
257.298129 213.738889
267.431794 222.412368
274.500685 217.348595
294.362346 212.955109
306.843557 216.831066
318.830528 205.803804
318.960320 216.089755
