59.150749 132.973831
78.113643 144.637752
77.326651 240.044139
80.465645 263.820392
101.567024 138.903168
123.223827 234.144979
114.725680 182.213566
123.405169 211.394668
106.739016 254.938466
138.001468 166.041249
125.534982 142.742965
137.111104 305.273278
149.734910 150.323777
159.549709 136.588320
170.383973 342.662771
163.419976 188.074701
179.258223 140.348553
183.933634 184.796495
188.578461 115.507367
198.117999 251.729751
196.656978 134.160297
195.347948 91.264987
196.270220 365.631737
198.035145 163.570906
204.857995 230.391071
202.173593 56.177777
205.344251 185.815166
206.874616 314.462531
212.002619 215.307767
207.088003 150.203266
212.818568 161.230120
210.811155 302.115756
219.250898 334.424028
233.480212 256.814355
223.961730 274.144646
235.617942 174.461292
214.584374 303.563248
226.091056 165.929740
230.055546 66.721808
232.233995 335.927776
238.325634 95.896215
245.307390 378.056019
237.956256 287.235560
239.508999 164.760570
237.069812 137.103412
251.634441 332.246489
248.238788 194.852617
253.794919 113.553132
250.710120 139.691646
250.332612 170.872422
262.725582 378.131871
262.502739 189.175126
270.457899 165.289907
264.662546 133.652433
279.053908 120.878246
279.144584 153.635935
287.653095 294.063519
289.367274 243.613637
301.773138 343.799384
297.773118 246.186126
305.002809 126.558859
328.867062 328.392777
325.315077 135.203349
341.243166 295.681149
339.527476 160.612775
339.828996 144.590837
354.669502 178.133672
351.987063 240.103498
358.598537 278.748338
369.395781 270.821536
388.374108 253.185387
370.561534 142.582494
382.894177 143.949202
201.979101 27.494475
219.648661 24.066381
210.903476 31.374635
224.089931 38.662271
226.882192 47.640232
214.894716 49.602829
245.522820 111.787765
369.683981 148.079013
119.889700 284.320172
110.828276 276.481190
94.322040 214.589325
104.911034 225.473729
111.959630 219.649816
123.719400 209.503677
130.163635 203.773773
154.073092 149.472756
164.417481 143.418098
219.786871 145.878252
295.700560 152.904809
303.224751 164.202069
298.410939 140.933535
307.789037 143.863426
330.886645 151.987908
330.139328 151.063983
352.992162 199.326750
355.868603 211.755897
362.579253 230.905333
355.860769 227.810638
372.380533 227.274922
383.968036 228.384324
356.388311 289.879413
342.164954 290.006935
241.402407 180.754707
274.071615 187.532900
278.610732 182.353985
253.380966 328.740437
258.062821 316.380237
265.582404 312.925894
263.071750 292.969704
267.741993 299.458883
204.383239 334.016461
192.277352 291.313662
202.699636 300.059398
198.461475 293.234456
248.772770 320.386220
244.962354 307.540656
257.457292 314.041617
201.051238 324.221022
195.540512 308.027616
221.505234 284.032048
228.610194 294.137526
224.535501 297.176369
192.128111 246.608811
179.316134 242.658839
167.314681 245.198369
161.510169 233.223633
153.130247 241.561348
150.807484 238.424155
164.588895 222.988717
167.965944 236.793041
175.001793 227.149028
172.757137 222.790224
178.926227 220.696979
182.608980 238.650628
177.851460 228.112453
153.710540 216.918249
153.051011 222.951114
168.412824 222.678081
173.304512 218.132741
182.819422 207.881226
194.442532 215.714956
268.750652 245.039575
276.862862 233.501028
281.448723 247.369607
282.213971 247.267952
313.048692 238.489561
311.496748 223.113498
311.868906 226.573401
299.287390 224.598444
285.752446 221.303136
291.405016 226.126547
284.507099 223.112742
274.018082 234.049432
281.130697 231.789007
288.408601 228.973595
267.896828 233.305647
271.604340 208.527716
283.897680 219.242969
294.519335 216.172477
309.657979 221.621862
313.214208 210.857085
318.073505 210.025312
