54.248286 141.644425
78.040484 147.519107
88.282395 236.037065
94.787133 269.808794
99.445865 146.748036
115.636121 233.789661
115.197672 188.307666
120.177806 206.527043
118.850031 267.064299
127.395445 161.939118
132.309330 138.403629
134.946354 301.112888
146.969901 159.346966
148.467087 137.183907
162.576585 343.493038
173.140493 188.875424
179.596808 143.284661
182.202207 186.544356
188.469429 106.933703
192.514071 237.212119
192.066978 145.110834
196.681808 87.306043
196.364830 367.309621
196.525689 158.267997
199.861556 237.057771
200.802488 61.605539
202.932355 191.028175
202.304553 306.795239
202.128627 218.716062
211.692360 142.664844
212.799965 164.208522
211.306520 317.889144
219.087956 327.957857
222.969242 254.674462
221.418572 272.021776
222.174074 182.902122
224.440931 315.201478
224.172621 168.302000
229.916891 71.098122
231.860137 332.922461
235.460141 93.113041
237.093904 382.575285
237.908216 290.073619
238.193676 164.244021
239.746457 142.193180
245.576286 329.899276
247.449050 185.339825
253.685192 112.851570
255.784807 136.408741
251.577046 164.905641
260.059021 372.903692
264.817473 185.321379
265.686654 159.020559
269.165323 142.681887
279.575110 128.976181
278.845503 144.168910
285.874576 281.441652
295.359794 238.223267
298.511971 345.101974
301.467717 237.589641
305.558318 133.636901
318.667715 328.519663
331.274245 139.619592
343.680711 305.303092
343.931112 159.637380
343.151342 143.766999
354.839473 178.633227
361.280069 238.464064
359.539926 271.971565
369.679333 270.670587
381.254386 246.962348
380.472231 143.201634
387.334124 128.693922
208.382346 41.726993
216.916456 23.403019
218.002577 31.797338
222.053261 44.224399
221.652445 43.496378
225.177496 54.359890
243.430192 105.820114
370.435448 153.901104
121.254288 292.138677
110.979578 274.725929
97.588960 216.982532
107.952161 220.915853
118.903927 224.382664
121.042652 217.550589
115.953092 204.655320
154.372994 156.545613
168.353320 149.498875
230.561721 146.855719
291.031611 146.482316
299.570500 151.773851
311.431139 153.785673
318.709249 151.390142
327.211980 154.926073
334.963077 154.349675
359.229868 201.555064
357.669146 208.152308
359.466241 223.497156
358.433573 225.859831
374.687717 225.738675
381.223642 227.530434
358.933171 284.018018
350.467042 288.639131
237.620114 186.509816
281.590528 182.567397
286.116426 178.195179
259.176565 326.437660
264.588197 317.373691
266.424978 309.032718
267.138026 304.661213
267.805468 297.404609
213.048873 325.700743
193.293424 293.038504
196.030718 295.624868
200.703123 299.847311
244.192604 315.014733
253.821883 311.937531
259.025190 304.915295
198.563688 320.250191
191.011047 306.227031
213.761467 285.838873
219.841778 295.281639
232.904848 297.564613
185.720326 241.462159
180.026468 244.893475
169.977283 243.961694
160.069486 245.462896
154.257206 243.435042
149.112861 237.492725
157.707212 235.374139
163.688792 234.375265
171.431707 227.093075
178.328079 227.486322
186.672742 229.293756
191.996673 227.843264
175.126218 233.065573
146.573012 218.885736
150.888025 214.067380
161.908830 218.146493
171.235649 219.666791
185.669889 213.559823
192.338719 211.625914
274.923535 239.294315
277.847607 240.135503
282.589241 241.432577
287.743951 239.069632
311.717630 233.999933
312.563320 228.691136
309.326290 227.601815
299.918284 228.079564
296.993401 225.930572
286.992010 222.622405
283.272849 227.128536
279.336506 226.475953
272.136497 229.482314
289.231141 233.635012
261.018666 220.820689
272.675619 219.919505
280.234964 216.303124
299.547023 213.288589
304.948172 215.204362
314.978737 213.966698
323.493242 214.993281
