55.535653 102.725899
46.905247 102.330650
55.622291 107.938032
58.170234 100.473725
52.611273 110.290633
44.395130 110.270777
52.445471 113.593202
47.966479 103.391431
45.794398 124.789856
47.787669 120.459129
49.379075 114.362970
51.451910 118.117006
55.881284 125.194341
58.339841 130.281328
61.988757 134.819623
53.786579 137.615104
58.341567 97.225360
63.769468 100.100075
57.127913 104.052899
63.184788 101.531657
60.464639 138.224273
59.321063 139.978097
54.666010 132.760572
57.151898 143.023323
74.452998 91.899636
67.681420 86.579688
68.350755 94.985757
69.495558 94.123580
70.927027 142.738747
64.029911 141.730785
71.487047 134.255505
72.744790 142.181277
71.734132 90.945965
76.441786 91.190717
79.304684 88.679610
79.615009 89.880750
86.120786 146.115056
82.313245 142.383679
80.962821 147.933228
81.755571 147.102939
82.743184 91.556246
92.481893 78.972372
84.352589 93.033419
87.126294 88.583382
90.598784 151.680540
91.842143 147.510109
92.816309 152.176619
90.193997 150.412872
88.921668 84.070951
91.684864 83.835682
100.224254 75.724157
90.417831 72.114720
103.029736 150.907057
104.350219 153.078519
99.803561 153.192121
99.313078 149.490786
101.773437 72.539451
95.970482 72.293571
100.819707 80.014118
108.351607 67.087747
117.849029 150.021472
114.292006 152.557769
118.454930 157.222917
112.328108 159.745416
118.018774 69.499519
112.878343 63.540943
103.411392 65.385005
115.229178 63.524658
127.853102 160.404910
119.437954 162.394935
123.337051 167.034297
114.619469 158.042196
125.786510 53.769341
121.986111 58.911327
126.270047 64.302707
123.375850 60.581113
128.152190 157.095335
129.989018 160.151335
131.475457 163.676661
125.497359 159.878466
133.177032 49.443154
126.458089 46.135409
127.631236 48.986674
139.202480 52.678460
138.176963 165.016496
136.692722 170.959600
136.936956 165.629149
134.335395 158.844933
142.609688 44.929897
137.322013 40.046711
142.120345 55.866940
148.389543 45.194787
148.402604 173.877050
136.506125 168.283989
138.656220 168.483367
141.472594 172.409351
149.264672 48.214091
149.554090 44.347837
148.976030 49.937199
142.035291 53.078765
154.987829 176.997060
155.572224 174.667093
161.099360 173.809704
162.007626 172.366950
155.918508 43.215666
161.101536 47.667159
151.369535 53.328553
154.686489 56.073079
165.806644 181.162157
167.442027 183.081054
159.325670 173.569458
161.823785 181.508317
171.144115 54.919440
169.246562 66.443586
174.959208 65.237899
167.909992 59.808609
176.047281 180.368966
170.711773 181.627251
172.825217 193.514119
171.227535 188.270151
174.966662 54.367391
178.147408 60.110707
181.924339 68.981683
180.484016 64.653378
181.187573 52.578443
178.152836 54.296071
182.131902 53.461340
183.877675 53.759352
180.032911 194.148302
183.004138 189.950964
183.154444 190.119933
177.105189 190.186971
191.703560 53.577809
188.210640 51.278258
196.931487 46.829631
197.158143 50.717163
193.986438 200.631815
191.864343 197.428570
193.494736 192.885227
193.978126 190.426383
201.392569 202.700944
203.016256 204.112480
203.162770 195.227084
203.696497 192.361917
208.770977 46.969345
202.020234 54.065706
193.018702 55.571494
202.515693 53.475492
200.906950 205.932380
211.482285 195.392238
212.545502 206.647821
209.968458 205.016803
206.824487 58.622544
208.851957 62.120608
214.044694 49.403282
212.971176 52.749786
215.105546 63.665587
215.988754 65.198040
213.206229 68.971936
217.546251 71.633296
218.884603 72.897153
216.736051 73.278991
214.883463 79.601425
215.825779 72.073572
209.424977 82.835776
217.353289 83.050927
208.111768 83.192954
216.286586 83.526712
218.301840 209.206810
216.372112 217.782134
215.680128 212.245847
219.825315 212.601453
222.323637 94.386349
228.221495 87.101113
221.305824 85.995944
213.234928 89.127838
228.257098 216.488516
227.874545 208.907763
219.540323 215.303825
225.762804 220.608774
219.540784 366.067031
229.456625 368.727309
230.783439 366.628434
236.802508 365.094935
233.785471 84.139386
231.447355 89.487590
240.073926 94.399781
228.895802 91.881819
235.580064 223.209988
239.372711 216.897425
235.694165 230.437968
233.300474 216.622870
243.818454 374.738118
241.297835 369.351419
230.869760 373.400943
240.896761 377.909261
238.745413 346.992642
234.489058 338.591111
237.373172 345.350376
237.680962 347.222706
239.280025 348.137377
245.153142 357.980959
235.751359 362.329551
239.808184 356.887995
246.848133 92.263446
235.573899 95.114188
243.346262 94.547782
246.201348 93.265657
245.269281 223.013669
248.602050 225.759191
247.916771 223.824889
252.939011 228.853593
245.520915 365.463452
238.614970 371.459418
243.309030 370.159893
244.332175 378.152078
253.508243 328.134736
244.414853 344.276745
250.611065 333.093890
248.198549 337.902728
255.144892 95.563223
254.803381 92.752044
251.424134 89.457535
245.496284 88.928513
250.185017 237.405229
255.544539 223.278411
257.010499 231.553670
253.982853 237.197663
255.499073 333.446356
252.309507 321.742285
248.869020 324.376783
256.383113 329.473211
253.997832 376.148070
254.942732 373.003961
251.490563 382.851013
254.385360 372.575672
262.568131 290.214698
263.029042 291.007870
258.521355 292.535221
254.656167 294.449418
258.736517 303.883754
257.564740 309.551116
258.250839 301.887945
260.679336 303.851330
254.672524 308.258506
253.708876 315.103282
257.209717 307.140183
265.246231 305.264954
260.697222 363.499517
255.158447 358.122501
264.343081 367.194158
260.139033 365.349316
258.973860 107.321128
268.163696 103.549939
260.721240 99.526001
260.633903 103.912431
262.034091 238.920181
259.500610 235.142551
252.350664 238.465402
261.844651 242.256302
264.371990 256.994389
260.080553 251.866778
265.884084 259.053407
263.253195 266.868302
262.648024 264.788273
260.814245 267.008946
264.605265 263.031109
265.267028 266.100762
258.819198 278.360556
263.484319 276.900799
273.636991 277.156016
268.153030 285.822921
264.646252 355.873829
259.263090 352.856736
264.791803 353.916066
267.119139 349.943656
266.131830 255.480083
271.851800 249.277504
272.940140 242.409661
273.373449 249.305956
270.685192 377.155102
264.267879 389.082918
269.201146 386.217377
272.564588 382.186996
263.680824 399.765651
273.399167 390.224471
269.815919 404.723326
268.278515 398.448611
268.315406 330.912574
264.848388 337.649910
269.417830 334.282936
270.026591 335.181946
269.994416 344.998456
271.526956 338.192363
275.123519 352.021869
273.105659 339.284487
280.068514 100.325062
273.190005 99.267286
268.856920 97.159409
270.885682 94.141130
278.988052 372.421955
277.104912 384.050957
275.451262 369.300574
270.962176 377.146304
269.815065 317.077024
271.207351 321.777612
281.770039 316.097144
276.336511 311.918979
267.268054 401.205427
280.064804 406.378663
275.900903 409.700970
283.120977 408.214242
273.367090 364.183316
281.542840 349.056516
283.630424 360.958543
283.918203 362.967597
278.139790 364.066721
279.092641 366.811263
279.084671 367.172193
275.793243 374.023653
277.610355 282.064780
276.902202 285.793216
279.998258 282.359958
277.036545 290.236536
274.775953 301.587167
280.907934 293.212533
273.165783 300.536985
278.573666 296.539043
277.823325 309.597959
285.145815 298.504484
283.238305 307.745548
279.504058 302.417352
273.775850 94.070942
277.150664 97.567617
282.646305 92.039784
280.549543 102.384861
290.923644 343.420351
290.464105 335.073487
291.171506 341.978798
276.609304 339.076149
283.615768 351.520604
283.709807 343.729099
283.966972 349.458943
290.283005 341.201196
294.479867 270.253393
284.534053 275.800739
285.076609 270.045901
277.161653 271.627053
290.063797 410.510066
284.005029 404.989880
284.159447 406.440101
285.448629 409.188018
288.744158 297.985713
288.844533 299.324151
296.681807 296.830577
289.866752 294.498743
287.386338 310.476788
289.107944 304.198607
288.633762 316.596752
288.403282 310.384581
297.187752 320.885264
286.094698 320.199195
289.185732 321.602926
291.208383 312.106781
298.741434 101.687165
299.642049 96.443494
293.123810 98.536102
294.730802 100.607884
290.802152 272.912845
292.669012 276.639866
296.752996 268.352298
292.424174 272.200858
294.502579 293.300664
297.867577 287.504087
292.164268 277.163865
285.104872 285.054151
302.294335 405.383223
296.535450 395.288435
295.468102 404.739878
299.880280 409.508653
299.702654 386.980288
303.808577 389.846580
302.465559 389.621889
293.993498 384.713068
299.760814 395.305425
295.073790 403.660359
294.793028 390.167146
302.722906 396.288684
300.802812 95.097970
298.856399 103.241036
304.556849 100.104697
301.362765 101.096810
301.305836 358.126750
311.348459 354.130749
303.421041 355.712050
305.004049 354.975321
304.405843 366.419085
297.693161 368.937306
310.634617 371.222606
302.261683 362.462560
304.276141 377.177644
304.469109 375.950644
303.899249 375.069552
305.027986 374.943029
309.722746 321.993776
312.193352 317.221823
303.174339 324.829732
315.731697 316.921367
301.778810 333.091493
309.680090 334.923749
308.301784 332.794024
301.661797 335.710233
313.967996 344.913998
317.243632 351.300399
310.837559 345.736099
307.139559 340.186003
319.231721 98.444785
312.293095 101.920984
311.667953 99.553076
311.934816 99.057103
315.013531 304.973806
307.493596 307.600669
313.456014 303.926214
320.167727 312.474732
319.602566 287.384206
313.530551 282.872014
319.947012 283.205047
320.491111 293.242351
319.997038 295.023834
320.409721 288.142828
326.596275 299.090856
317.374153 296.707540
323.011250 99.321808
319.986037 98.093808
320.287991 94.123379
322.453128 107.383982
324.126382 263.426284
323.867105 263.809847
323.227138 258.136685
327.694922 268.546579
316.622541 276.412976
329.963652 268.395172
320.046866 268.740170
328.544892 274.864843
327.661955 251.350671
326.431352 248.377437
324.896021 245.138535
331.194244 248.642814
337.326594 101.672287
334.294521 96.383401
325.988621 101.361976
330.388210 99.838612
334.340972 225.874299
332.380876 235.282296
329.734670 241.553264
342.181422 236.851436
346.639293 99.553123
341.675856 95.797573
340.695566 101.768583
336.735869 95.980209
344.578710 234.773942
344.451961 234.266338
342.758927 229.957230
345.760812 236.646199
353.455628 98.319745
352.010223 98.950202
354.178262 97.733684
355.311035 96.459362
358.416035 236.447510
353.931207 230.053129
349.030392 229.046324
353.480213 238.397418
369.813117 101.553860
369.977811 100.003655
361.957927 96.928118
363.035923 98.795889
369.972730 235.225084
360.798885 242.119832
365.597973 231.492881
366.596485 236.566658
365.683635 93.832337
378.188436 99.691863
368.210882 97.781103
366.637523 91.587270
371.702985 239.831542
374.135459 236.861272
372.928126 227.070985
368.742458 233.604879
381.035901 97.100023
382.370313 98.726941
382.187647 95.230214
389.407674 92.327573
382.817734 244.024751
379.729312 234.776394
383.574107 232.475862
382.665379 232.228573
383.676182 95.968715
392.612899 92.120890
391.323287 93.580828
391.242809 99.431141
390.665541 236.018155
399.308361 223.484368
392.056024 235.916546
390.221907 229.314531
402.647770 102.383967
400.353092 95.409402
400.517108 100.503268
392.951111 103.040193
413.455849 232.705814
395.704387 224.510022
407.396274 234.435095
408.090394 229.311104
412.335960 91.581539
403.797457 101.840695
407.325262 103.914075
418.745842 92.314291
408.229505 216.251718
413.519015 225.602905
412.138038 223.929913
408.566414 229.191187
417.511102 99.369831
417.057265 103.574218
422.095014 98.656420
423.167308 93.961576
422.292044 218.340055
419.269296 221.536041
428.078719 217.870776
422.269612 218.828709
431.677151 98.859954
430.528984 98.388115
430.488980 98.435170
436.344186 94.826452
431.665318 215.861388
423.184590 213.033555
422.932381 217.548764
430.019451 214.794260
445.256757 222.735769
438.972093 222.947797
446.896551 220.406023
447.966122 226.880325
450.615334 99.758217
447.283518 98.853427
445.413678 100.155530
439.862744 95.836350
439.627867 233.621454
444.324716 232.598931
442.948956 227.187745
444.783286 224.903141
448.383102 239.627773
448.908150 239.809469
445.355007 240.627393
447.588091 243.107912
448.667505 252.815258
458.641523 252.341591
449.604790 245.550716
444.540640 250.326453
448.638285 276.009673
449.284198 270.245996
448.688404 275.463948
455.813603 266.024834
455.931917 352.601627
447.505951 346.129745
445.327619 353.666100
444.251545 355.685739
459.041496 94.109980
451.838890 103.547831
452.439939 98.332353
453.874264 101.210282
454.035810 276.452607
452.534640 283.217292
452.815299 271.853166
459.831791 272.168053
454.128212 285.561010
455.081036 290.654743
449.036078 293.104918
452.017022 283.722476
446.095516 291.083239
451.180553 298.216127
453.682366 297.139989
455.316408 290.162467
455.132123 313.455125
452.226767 325.290434
458.564368 321.642282
456.202911 310.208105
455.847111 328.638128
456.727896 327.961490
457.005085 329.686934
455.892576 326.806339
456.539093 345.846565
456.055558 342.132312
460.194516 334.754860
449.425464 340.513281
452.577722 352.182158
457.542425 357.211200
453.766360 356.077776
459.270082 358.346116
466.719689 305.997504
463.104173 299.011173
455.697060 308.048482
460.450801 296.115979
465.600467 91.679384
460.050638 90.150549
462.299228 105.085188
462.891400 99.421212
461.570882 364.018899
470.202999 359.475055
461.666401 359.278435
463.449991 358.448713
462.592953 98.363583
475.304352 96.790457
471.279040 98.486105
470.529403 98.328934
473.603902 356.882676
474.669373 356.888016
472.118295 354.613802
471.970702 355.229030
477.918441 348.685503
484.985664 350.881744
480.095892 349.314571
471.934056 347.595992
483.592224 335.550396
477.243375 333.752133
482.508813 331.927130
480.504767 337.972888
479.458564 102.480564
482.597560 99.608886
490.521296 101.572844
476.539859 103.421297
483.226638 248.245055
484.309399 240.234907
490.498736 245.929860
480.328208 245.019370
483.805740 247.440608
491.117317 246.888078
483.571557 250.868846
485.407153 255.189609
482.726610 261.658851
486.438543 254.278612
481.926801 266.147558
484.531751 259.638024
487.753049 267.808208
487.812709 271.358585
479.159750 263.972524
484.865447 270.661995
478.673128 286.572084
490.114398 283.373589
482.927963 280.042969
482.567860 279.647030
482.605038 286.391469
490.923125 295.096381
480.983540 291.313864
484.540787 289.291496
490.951412 295.285329
483.945834 291.865356
483.284749 294.898102
484.514866 299.174732
486.633449 312.588825
488.227034 305.927926
482.073152 314.033702
491.141083 309.188012
484.777543 320.369220
489.538663 325.208579
486.095226 328.539952
490.796785 327.422811
500.672838 98.829823
495.433198 101.453534
496.475285 92.586688
489.966781 99.555499
494.947801 258.457834
494.515657 252.312966
494.273877 256.668373
495.028959 255.237394
499.395385 266.054162
502.087761 270.751764
489.893878 268.352242
500.110898 257.249525
492.784373 100.744672
499.032097 108.643178
506.778940 106.566049
501.435361 105.357200
512.753299 111.523623
503.262409 113.464678
505.208016 112.593295
510.391684 117.076145
499.785898 267.688225
504.126648 274.585558
513.113986 271.289951
510.993847 279.286719
505.594470 291.287046
510.925359 275.261445
508.981516 282.012961
502.095042 283.381181
515.223010 119.440934
505.017484 116.012314
507.509783 119.939394
513.865813 118.978982
517.824901 291.568168
512.116634 286.223124
518.604439 285.063821
514.617970 283.131465
514.166555 299.925517
507.572365 294.828777
520.748712 298.798588
513.438635 301.058962
512.982221 315.861124
527.922213 311.510361
519.573929 309.330268
525.964358 310.519477
512.867016 313.796725
517.906472 322.040843
520.387811 318.588916
520.409671 317.053857
518.133846 330.420331
526.666037 329.919833
518.197903 331.723562
524.040878 336.486790
518.262141 367.161581
519.666305 365.921557
523.187941 363.366197
523.202827 365.435325
521.641744 378.338367
517.227772 373.845190
522.235937 378.853227
511.274325 379.736571
521.628381 132.019750
519.619804 117.052530
515.336183 134.011661
521.778954 126.338623
520.798520 145.937823
516.945707 136.300959
519.669636 134.045234
521.260599 144.383092
524.990189 331.376315
526.449081 337.214309
527.552610 337.281359
519.862285 338.963070
525.278856 351.107301
525.622914 350.751252
527.736578 348.020385
521.670437 354.341086
527.002831 144.901197
531.599159 147.478410
524.974513 145.777079
524.312202 149.426288
529.939843 153.890140
528.585377 155.752450
524.341625 163.759663
534.347166 153.201418
526.391658 161.909974
533.530692 167.077799
525.376008 161.474174
517.056905 165.539460
531.453803 170.267505
519.336221 176.431208
528.063981 169.419006
529.947849 170.917850
519.875206 192.007600
516.853899 187.989141
525.110471 186.099470
529.699385 189.067774
520.116150 200.500398
525.614219 204.368297
528.801542 195.524580
527.175918 194.936680
529.124691 200.836739
532.379349 209.853748
528.549448 200.572034
524.482809 205.373252
526.779844 215.824071
516.174441 218.655306
524.294469 220.288154
524.790705 221.216137
526.898044 388.488380
527.077100 393.127785
525.801781 386.437216
526.678097 382.047663
527.331072 220.180956
528.860088 226.586302
526.205628 218.809100
526.733562 218.757453
538.961622 232.767290
530.471565 236.772529
532.915970 234.962545
537.393028 238.552863
535.405914 386.408925
530.190359 378.694811
533.958157 383.254139
534.613899 391.388757
534.173816 252.552330
533.703214 252.226964
534.925552 240.637307
533.470181 245.014303
546.493956 262.242637
534.517925 254.784220
544.024464 257.062930
537.729183 252.492820
539.722483 264.892048
540.006141 264.936082
545.918092 263.694963
542.139511 265.883295
535.825569 268.351505
545.418447 269.185740
542.710852 277.063470
538.614691 276.306094
531.722363 285.233780
547.244273 288.575420
534.446029 288.775837
534.898442 287.079402
543.674579 303.803976
542.191237 294.735484
539.737942 303.598344
543.727639 301.277296
544.177798 305.245179
542.167736 301.797916
552.367540 298.580001
544.170205 302.805999
543.879268 315.569330
539.410257 306.369486
541.939173 314.291280
545.873804 313.156034
544.933804 321.358783
544.182838 324.658346
545.837834 318.409465
553.256815 319.251320
548.410745 384.139561
536.980372 382.658194
545.447410 386.693892
542.082990 388.879499
552.834718 331.250459
548.792282 332.867600
556.942793 338.423343
549.315278 323.277329
547.788137 345.936834
545.222808 343.570739
550.375321 351.911789
543.002689 341.964294
548.482364 353.532357
548.618558 352.403751
543.894714 348.406054
542.601334 347.121668
552.323310 364.449804
552.362088 371.174319
549.910810 363.410006
550.959821 364.558447
552.951166 366.514954
546.213270 372.222433
546.320434 374.506575
550.132277 373.571670
