49.728710 108.817459
48.462712 102.223181
47.953884 99.012764
46.868948 105.342697
46.739478 115.568330
54.525836 115.213937
41.953718 111.149430
46.642316 112.325347
47.902348 126.929656
50.967186 122.510169
45.210618 123.980660
51.088406 118.881893
53.331575 132.565839
52.046611 134.984357
53.157561 131.327312
55.511590 131.780407
62.741705 97.671274
62.977575 94.964976
57.137246 92.774937
59.602392 99.552488
62.083756 138.313190
61.326093 139.072222
56.569936 133.735057
56.682518 141.329407
73.268225 90.844544
65.186513 95.209647
63.921260 96.006155
66.962947 90.522121
71.485955 142.969132
66.387008 142.063292
70.681485 145.503287
70.938860 138.690839
76.549089 87.934651
80.232642 88.188628
75.036463 88.291008
82.041215 84.100194
81.943797 149.789599
78.108816 139.709547
74.598256 144.236748
87.667901 141.587319
87.256841 87.444721
90.968697 83.070978
88.546647 85.428239
83.759170 80.907943
91.098784 147.118569
97.121067 152.179406
90.299702 148.511613
92.798497 148.979216
102.359573 81.901021
98.561089 76.446186
98.851935 78.494804
96.963459 77.889064
97.610266 151.170617
99.278674 154.405380
99.083059 153.714466
101.498787 155.492854
108.654906 66.755053
104.467971 70.751853
105.762909 71.045503
102.236576 64.900451
113.930880 153.815458
104.035549 155.196621
110.235456 159.239102
104.022231 158.917685
113.966472 63.826157
107.068259 64.306136
107.879956 60.251521
118.028975 60.909425
119.196873 155.573646
122.232906 163.897343
117.888962 159.735239
117.768243 162.263125
121.415258 59.787419
120.307110 62.277305
124.298305 55.453078
121.733832 59.076337
125.143428 161.523812
135.764429 161.548766
128.042956 161.092819
125.261349 157.079198
127.134450 44.174380
128.461240 53.987407
130.263895 50.516538
132.028218 46.639131
136.861619 163.034941
136.323916 165.163768
142.661135 169.716781
143.862814 165.410536
134.759908 50.148265
141.881427 47.190045
142.462456 48.455470
141.076112 45.950790
143.937320 173.197051
144.100824 174.410269
137.508320 172.886380
152.205113 174.579139
145.326298 45.971963
155.113700 53.518397
150.747915 48.620457
144.584432 44.237858
153.786222 179.546320
154.921672 176.708838
158.248738 176.574427
150.447268 181.605033
155.218515 51.494175
158.944519 54.010297
160.110970 51.456614
155.064142 54.040934
161.437515 176.180920
158.289624 182.562037
162.813937 176.348081
165.750334 175.984777
170.882396 56.210639
169.160861 53.825948
166.087726 60.220881
173.220753 64.261851
174.295578 185.284394
175.046963 180.295721
173.046367 184.684423
176.101538 185.122776
177.185884 64.303163
180.678518 60.352597
178.650045 57.773990
176.356142 65.903392
181.436931 53.123648
183.376063 52.674192
180.358344 53.299766
180.321509 55.693377
187.429998 188.859113
184.206014 190.626781
186.106655 195.939651
184.724713 188.132943
193.702784 55.537146
189.397456 50.906172
198.026856 53.539297
192.041350 60.593503
189.093752 193.572077
192.663812 194.549772
197.660872 195.658549
190.575581 198.751451
199.989223 204.002368
202.203708 198.310087
206.307068 200.938929
201.837449 199.895819
201.942445 54.097789
200.220375 52.941055
197.442523 51.750617
207.097285 53.400748
206.265110 208.644951
210.854018 208.072236
208.853111 199.684982
206.003218 205.746049
211.801934 47.535738
208.159689 52.584001
207.060604 56.786518
214.449468 48.464579
210.707969 62.677774
217.481390 69.476446
212.941084 56.917603
210.732148 58.759161
211.257682 71.549410
216.002815 79.282661
219.520193 70.353519
207.847812 75.467765
215.012936 83.984868
214.109179 83.678775
217.438946 87.412980
213.588310 77.504644
217.643314 210.277911
217.174655 209.670095
223.566386 208.986095
222.708353 205.168266
229.765841 90.984961
222.815057 82.817049
226.406250 86.424066
223.094239 87.002770
230.539552 218.475459
228.251625 216.208738
226.633106 214.743875
228.666490 210.534488
228.027233 360.231756
231.484744 365.604258
234.297977 363.033240
232.378642 363.032246
232.313014 91.370535
234.623495 92.351374
239.750191 93.492539
229.229995 95.610648
231.802243 220.035014
237.591135 216.269277
235.291578 222.981189
235.160026 225.060354
239.329086 369.991670
233.953140 376.825638
238.639687 377.035853
229.177499 376.587229
238.304473 347.069285
238.250396 343.844909
237.447751 346.312442
235.643727 344.510184
241.934716 358.815296
236.938384 354.402719
239.998963 356.524891
239.020749 356.975402
239.225883 96.072298
236.177820 95.231416
244.094882 93.346464
237.647468 99.250519
246.315894 226.240251
248.939956 225.991675
244.531469 223.143161
240.924174 225.007073
244.421103 373.298978
246.960184 374.702473
245.304627 374.578833
239.867942 376.630241
250.067521 335.040055
247.074168 332.986828
247.700383 339.342927
253.374394 335.379953
257.278505 96.364579
252.320129 94.254226
254.212037 95.815080
254.188372 96.296079
249.797628 233.300543
257.635717 236.183672
255.605476 239.319371
259.596872 230.556323
250.955988 332.004815
254.195650 320.694955
254.364845 329.675732
258.266184 321.796589
254.335608 375.171867
256.156918 374.434638
257.077703 381.406674
253.420334 373.320871
261.480929 295.662486
258.733412 290.564547
259.489523 291.814430
259.157729 289.007828
258.089898 298.847232
259.681219 302.778761
262.708482 306.924175
264.406999 301.046193
253.641596 311.728494
259.142672 309.901412
254.409656 309.486410
258.980764 311.958880
259.373595 367.128056
259.249196 359.841416
259.996647 365.000202
261.555577 366.806201
258.585224 104.269769
262.038462 97.853222
263.462190 105.273274
263.089098 92.867511
266.789298 234.722481
261.467980 239.208442
254.750304 240.172650
263.529728 234.432122
264.679711 256.452787
269.449311 251.888294
259.715994 252.643501
264.021829 259.737358
264.617182 266.146930
262.015822 270.377329
264.485615 273.720377
264.622880 267.129729
263.383925 276.363844
258.120924 272.693849
267.259707 280.392302
265.972185 272.113900
263.139969 355.867850
265.027420 352.722716
266.815236 349.630880
259.101505 352.114930
269.482031 245.640242
273.640776 244.370645
272.323089 243.644844
264.800917 241.995756
269.599982 387.367333
268.657902 387.223407
267.939101 393.624364
273.371374 383.425070
267.555193 404.269030
270.966009 397.761979
268.356059 393.798770
269.604366 392.746405
268.958541 339.651815
270.010648 334.980542
273.140625 341.389935
270.082413 335.154439
270.695972 345.480698
275.375215 340.370810
266.196602 348.836666
269.783140 349.983709
267.499343 99.109056
274.348140 103.016272
270.937610 97.941753
273.431790 98.430833
276.019905 373.969355
274.169506 376.416003
269.152684 378.164221
270.877394 372.087142
276.348455 324.994002
279.815825 316.269800
277.538490 325.019826
277.820934 321.877517
273.202182 406.576033
277.330848 407.104098
272.552781 406.939747
275.037168 404.996447
272.295918 358.153643
274.382877 361.139483
276.053719 358.303708
279.660008 358.364190
275.961791 368.497630
275.173023 367.648071
282.358400 363.100272
277.636892 365.659498
275.651521 281.569060
285.936671 284.749621
284.580923 284.592970
285.688197 289.485200
282.792293 291.414987
285.011264 293.865876
281.732062 295.506375
276.459328 291.000956
285.605579 307.599517
277.280477 305.652075
276.246988 301.655562
276.217654 307.373814
282.405255 96.193918
282.853456 100.584919
282.686687 99.745615
286.183022 102.122129
283.733401 336.958801
282.819259 338.556595
290.890245 334.996497
287.359979 331.170372
284.570464 348.411633
284.164659 348.222005
277.111415 346.586343
288.047985 347.355259
279.924584 271.285597
283.100909 271.102092
283.330761 277.112018
291.579083 273.551730
286.685514 406.800425
285.034567 410.427379
287.698942 411.368495
281.400231 399.641296
290.754795 301.475512
291.826172 302.602411
295.000542 299.813963
289.000577 300.249396
287.211503 310.606140
288.553375 309.475404
294.732875 308.186313
282.572648 313.601959
295.810401 318.678179
287.197005 315.256105
288.980143 322.135697
287.714140 323.734768
289.004753 95.965955
299.098242 97.544163
296.678671 98.320303
288.902382 92.884402
294.650705 275.414271
293.881391 275.000235
287.204053 274.355850
295.017956 268.664246
289.339322 279.143081
295.636524 287.345529
297.849756 284.432290
294.479136 282.252361
295.044630 405.970389
295.125727 405.280986
293.324816 403.754989
297.405786 403.057652
301.897344 378.006817
298.791249 391.127353
303.754978 384.692301
294.289921 387.371936
302.416269 393.320548
299.916348 394.473871
295.027513 391.296310
299.812942 395.639856
295.553713 100.622894
307.578116 99.045528
301.192071 101.026773
300.954670 96.123679
303.067052 353.776884
305.017243 357.137844
307.172988 354.869295
301.132893 348.716221
309.267153 363.928293
305.048937 365.096101
308.132857 359.872126
308.485779 368.659600
303.852688 380.466573
306.308643 369.055789
304.975779 371.881512
305.171514 374.901555
313.963298 322.239613
315.311518 323.592537
307.425574 315.639362
315.863202 318.368185
311.542218 336.026916
316.387772 337.088289
315.976505 337.690770
310.008791 327.752786
308.924130 343.967539
305.740644 339.721332
310.167718 344.172792
307.339810 343.596250
311.802281 98.636421
318.322429 100.089036
314.477720 102.251272
310.561791 100.270502
316.693682 304.140027
312.455526 302.172883
319.689189 306.009858
315.877112 304.103013
313.641911 284.015800
314.961722 280.052154
324.773466 283.264278
321.451377 283.277600
320.294815 293.337338
318.117138 299.337706
320.911067 296.255894
318.225059 289.168234
321.389523 97.765871
321.237161 101.822124
322.002916 98.186961
325.389404 102.525043
326.002489 264.310114
324.947873 265.431179
324.989407 260.564258
329.015242 260.571719
323.592597 278.837950
324.340491 271.649787
323.276056 276.673271
320.589005 274.027807
331.130032 250.390859
331.827670 256.421337
332.123469 249.940683
329.475922 249.346741
330.188251 100.226716
331.907172 99.149122
329.373700 98.152703
329.762100 99.732392
332.981443 237.200210
332.309447 229.048799
335.181279 235.580457
334.149970 228.621264
338.794009 96.859937
342.281627 99.045589
342.027623 98.991734
338.624879 103.480141
343.997799 228.451812
342.706887 237.405163
346.769275 230.788253
340.508456 229.966927
352.983765 96.838964
357.849140 99.255821
351.358685 96.887427
346.475901 98.294455
354.427018 234.450394
352.705662 231.686827
354.132087 235.088508
361.008360 237.130846
362.000665 99.020900
364.996991 95.636054
365.505512 96.379444
355.884606 96.527321
368.306551 237.635185
371.304737 231.895535
359.108218 236.389965
363.606371 232.645754
373.009303 105.329704
370.997613 101.481356
369.482376 97.448066
378.050613 95.852498
375.457292 236.213023
370.484183 230.993806
380.785468 233.296114
371.163779 236.111734
382.596874 94.858879
379.205612 94.700388
381.977458 99.494240
380.258605 96.025219
382.827565 234.223636
383.259386 228.271367
391.613221 237.115355
386.505794 241.086927
393.665596 100.925896
395.153837 102.112018
392.928196 105.833935
392.737396 99.281762
389.733181 227.597107
387.347526 230.359734
398.111300 225.013797
392.619298 223.963208
400.185623 98.872926
407.148640 98.660625
399.484994 99.070880
397.182537 99.675418
401.127025 231.754699
402.383210 229.872954
409.795008 229.074165
410.243913 230.789583
411.794609 100.494851
413.644706 99.076534
409.106869 95.725045
409.102265 99.389167
415.124564 223.903193
414.025569 216.874221
413.795523 225.866208
415.545385 222.733735
422.741416 97.671782
420.178717 105.382961
422.797729 96.069869
420.881314 100.321567
419.844511 217.808652
415.872170 221.870861
426.334725 224.348527
415.098229 218.430667
432.543836 99.014520
432.400593 101.698139
431.646775 99.235965
432.826973 98.028954
437.990640 215.612213
430.748514 216.400056
437.218356 213.872111
429.497989 213.575612
443.748213 225.803156
441.923942 222.937525
444.645640 224.794601
434.977382 222.220579
445.005041 99.004271
443.967191 100.104545
441.698648 97.642590
441.724184 106.007884
443.047396 226.281200
443.232892 229.284980
442.303335 225.726733
437.931647 227.964509
449.279521 236.783548
445.986356 234.810200
450.121986 235.164853
448.877182 240.971949
447.669106 252.580166
447.521390 250.668755
444.188890 251.206397
443.624113 248.107642
450.018818 268.363032
442.045798 266.404728
448.382303 265.996718
454.344231 263.860969
451.491047 348.488671
443.085557 343.390328
445.964514 345.119906
453.578709 352.047923
458.451098 96.698219
455.902285 103.763989
450.834403 97.826007
453.118610 102.723416
456.974092 272.259804
453.639398 275.455380
458.767674 279.242821
455.393797 276.533342
454.105220 284.961496
458.974045 280.782713
454.949204 288.869270
448.751386 291.115467
450.488705 292.787927
456.446293 297.499023
453.149062 292.405935
454.021148 297.016841
453.521628 314.265788
451.194354 321.662546
454.661446 322.141860
458.745887 314.930719
453.506851 327.005614
452.799851 326.617208
455.382293 329.096623
457.589340 328.895862
451.760800 340.355286
447.284086 337.657600
453.540762 340.068481
458.313449 335.559017
451.937571 356.492506
452.822320 360.814619
449.789543 353.020745
456.588526 352.346028
453.320698 306.666572
463.013291 304.914752
458.787025 306.017570
460.842522 301.277030
462.254401 103.428301
460.619591 102.375188
461.019063 100.705621
462.028000 99.003537
457.693233 363.996993
464.620292 363.888935
461.434195 361.881119
461.304967 359.618265
468.441101 97.602709
473.373051 100.730045
476.503207 102.560133
472.026270 99.752318
479.546010 361.399939
479.026971 352.103900
471.555325 354.083835
469.491007 353.506433
484.693010 348.226921
476.250686 348.595010
475.158027 343.796539
477.577283 348.014527
475.372690 335.149762
484.958779 329.347336
479.999038 330.000382
477.490982 328.444850
483.397781 101.949885
479.087859 95.816010
482.147094 99.700574
485.748445 104.602358
490.192416 238.348531
486.004210 244.174686
482.165182 243.380272
483.864482 239.465304
483.834803 256.460426
489.060264 243.729532
482.438249 244.634149
477.961992 248.581657
480.281969 254.950137
488.919490 254.141646
483.915719 259.800742
485.864943 263.137429
489.539586 274.362906
492.252894 270.151299
488.586228 275.427604
484.638423 270.281575
482.870204 280.735286
488.528136 276.122057
489.013747 279.125503
485.887755 279.806835
489.259664 293.283059
485.570040 282.913406
488.684680 289.945995
481.609111 287.356617
487.897900 296.449607
485.698576 298.239759
485.170962 296.958771
481.169415 299.410274
484.303755 310.023415
482.572761 313.061923
480.896416 305.340511
486.456619 310.835707
485.904544 320.319566
485.932913 320.411500
481.423184 320.814420
489.625050 320.527900
496.113805 104.354865
491.402541 106.334785
492.632193 98.805042
496.225141 105.150600
492.179489 255.104681
498.871867 252.063700
491.249781 258.446615
487.966646 254.860478
496.659350 259.694562
498.154086 264.590914
490.388941 266.132295
500.440370 267.622844
495.181795 104.174529
503.671872 102.480604
502.257839 102.291208
503.213253 108.392478
502.551330 118.708515
507.074369 113.510844
504.992995 108.381136
504.973833 114.011899
504.935664 272.786934
505.821861 267.206275
502.097806 276.935704
499.636374 266.774276
506.767394 285.341025
513.129194 281.260017
510.181223 282.813069
508.616012 282.412038
513.503851 117.435406
511.326660 113.827608
510.772172 117.408035
517.088232 116.419208
512.024821 291.308064
520.789950 290.688264
510.346832 290.969684
513.136313 288.603948
517.066660 300.540675
512.981961 300.161858
518.454137 295.496172
513.308711 300.041857
520.446844 303.466628
518.432671 310.070540
517.462445 309.729944
519.273659 310.614932
520.572862 320.055350
519.175379 319.976057
518.190091 316.326024
520.696372 313.441813
517.464706 328.587166
521.483048 329.449857
517.956407 328.597000
523.295562 335.245366
522.553897 366.335377
518.304749 370.682596
515.508486 369.299205
520.006495 367.765188
519.741249 377.732348
525.757560 375.270208
519.272420 377.015427
521.689237 380.043840
517.582660 127.390911
521.223021 122.743665
520.323269 128.880392
519.874151 131.487912
519.996072 136.860450
524.369357 133.812445
522.305233 141.540460
517.545378 138.682336
522.467733 335.412012
521.635824 339.459340
521.675455 340.509506
524.848194 340.130426
524.678348 349.816896
523.349200 349.071478
520.615421 348.860082
524.461724 350.824072
523.549124 149.181795
523.179350 146.341696
524.330064 148.810197
523.935602 146.666348
527.560428 155.114359
525.252826 156.073485
525.309568 155.839609
518.909261 153.735183
525.556997 166.769935
519.935002 166.395225
527.384319 161.812036
526.422829 172.912830
530.216948 175.982161
522.798597 181.493627
526.177939 177.066957
524.628591 176.884982
526.080359 184.202441
526.069524 183.814783
528.035864 186.884963
520.945731 181.195992
526.807090 200.410115
523.962759 191.989423
524.863768 196.037857
525.964082 195.193910
518.876600 208.784699
518.889993 208.015305
521.807159 211.764464
529.637010 210.548602
522.057689 217.167331
524.618587 211.041853
530.019330 214.139651
526.231826 220.414600
522.657533 382.080622
524.358620 387.158693
519.686828 380.346021
524.503093 389.158972
527.423081 225.816229
522.684169 224.886086
530.225603 232.514522
525.837670 228.730347
535.106016 240.041289
530.461031 235.617249
532.283191 233.357737
535.403474 231.309960
531.764799 382.016247
533.201537 377.912329
530.739053 388.541878
533.170609 383.644076
543.134182 247.032531
531.486236 240.384793
540.867392 247.178489
539.228284 247.939661
541.541021 257.453778
541.733240 253.614123
537.064282 261.062980
533.150905 255.327117
538.429200 260.948899
537.648211 263.338487
539.039802 262.337241
539.089874 269.643491
542.344297 276.240066
539.858219 276.278645
537.655066 274.544549
541.645682 269.707682
537.816201 283.273381
540.006936 284.989128
543.335909 288.173991
538.322345 286.091396
543.538696 291.653094
540.677061 301.395836
539.906478 296.315374
539.562043 293.661356
550.970674 302.099763
541.131146 304.695438
549.076577 297.931841
544.002477 303.978685
544.900364 313.975962
546.029810 314.303306
544.182564 313.240662
545.399548 314.415874
544.826643 331.107661
545.488115 327.738696
551.484375 327.130678
546.559684 326.250055
545.127206 386.961639
545.252730 385.644322
551.216646 384.207722
549.587053 386.930387
546.265227 337.440086
550.548715 328.922994
549.964919 332.856395
547.134493 330.464537
552.965182 339.368501
552.171736 344.870868
548.020841 340.312673
549.391983 343.077874
546.844406 351.897051
544.426130 349.345702
552.423888 346.983145
553.691873 354.968980
549.910562 367.071539
553.136637 364.043400
553.334036 362.473789
550.170485 360.915196
551.599364 380.221123
552.722259 373.427082
554.077423 376.512434
550.381198 375.427000
