197.722495 943.813469
198.798134 851.714861
192.792003 717.108777
172.393042 588.719888
170.270605 456.220920
145.314636 369.908176
175.780755 340.126133
198.723458 264.293497
164.415654 107.348304
226.893538 102.179008
268.562527 202.352619
289.420412 280.609319
370.311440 352.141296
396.074686 401.165919
427.966085 469.029285
501.603114 372.411660
467.899839 353.322799
538.864039 295.114072
537.243378 203.913959
542.866232 194.970784
522.664105 112.413081
606.291081 118.183444
578.467988 216.818578
574.794731 244.359634
621.434573 278.196082
631.477574 354.936065
571.390668 459.297952
585.748473 579.922820
608.160558 636.752561
631.164699 786.074279
599.777859 866.013786
635.486837 927.076847
930.056824 931.077803
876.055268 896.096974
877.080925 796.311746
862.470430 693.769205
917.103414 585.895783
827.264285 503.238108
871.501986 419.203138
834.254882 426.993106
841.957513 384.175508
856.284672 243.122217
867.932395 177.270429
805.762372 77.452263
893.033370 97.744024
938.448426 81.568628
1012.260707 120.997541
1052.558381 113.372030
1040.426685 186.516092
1113.980734 284.916156
1123.036080 341.124841
1036.135763 438.812864
948.499265 421.273511
925.107581 400.479582
1303.410916 80.717950
1323.308988 301.161279
1327.400649 433.110193
1343.681783 561.048622
1349.522796 695.175720
1308.129427 796.889364
1316.777043 913.856891
1370.852833 948.901857
