211.577729 938.607123
202.269217 850.307685
180.556772 715.248805
202.563001 597.753421
206.794625 478.482283
193.857971 380.952469
199.983326 309.929580
178.336680 276.231754
179.423001 108.354947
241.487737 108.950052
287.774218 211.301341
328.530314 275.353350
376.882113 347.493296
405.541125 397.633648
449.717622 467.871426
478.871284 393.814307
500.131682 347.243254
513.877578 278.274114
507.049884 221.530619
542.492073 185.042794
551.152256 105.198848
578.383269 120.244502
604.540996 168.914704
596.425509 234.110595
605.756711 285.931326
605.943769 357.458434
617.375433 448.300699
620.695126 566.336869
630.360235 659.168261
635.822921 777.002299
652.830043 867.378188
636.858204 942.521391
863.106307 924.387745
865.370058 867.798488
868.702383 785.624998
864.091756 679.720219
860.628766 572.056516
847.415481 490.434778
853.397209 441.596728
854.981178 406.291063
843.927360 343.558410
840.544765 258.420522
821.451252 166.024730
817.767625 92.840057
856.210805 89.801936
917.379064 76.897136
999.435339 95.940946
1051.411855 144.222913
1096.122357 203.038641
1094.804925 266.559522
1084.246966 363.891315
1038.234539 396.360056
972.536684 423.660390
952.211896 437.416982
1309.614320 69.919572
1311.040319 285.982663
1346.224843 428.459235
1342.947191 542.243626
1343.102148 676.167787
1327.448697 803.011573
1344.016534 893.624762
1356.936081 952.104136
