30.581128 142.105106
27.001437 53.454467
30.552485 75.276227
31.675243 92.204983
28.411763 128.821909
34.283798 15.463140
30.608649 38.489354
88.242765 141.965524
90.831389 123.467811
92.986859 52.761540
92.054014 72.798952
91.677212 91.272289
96.720534 107.874381
93.072434 16.101218
94.688765 35.740746
155.603100 91.866855
157.482252 114.405125
152.038314 123.656082
154.307459 18.701545
153.954396 34.501268
151.290723 57.517235
151.662041 73.078069
202.664763 57.967648
209.492541 71.673357
208.640098 92.473249
205.813804 20.722292
206.736290 40.316303
206.227702 108.836343
31.938958 109.186099
29.365398 164.333313
