51.197088 307.045434
48.044980 305.045285
59.375539 276.970384
55.276633 289.904277
57.183616 320.530329
64.535453 323.819162
64.248503 68.522100
60.398133 72.738495
78.241676 254.339092
69.195196 259.755487
67.616136 47.335372
76.243133 52.302075
90.099025 327.542500
76.364200 327.488860
84.703734 81.095959
88.955971 79.149798
98.718924 231.332458
94.047518 226.817522
104.998436 247.959075
109.421914 251.917978
108.080757 210.273834
98.372776 204.269469
112.390154 304.441692
101.307434 295.911202
118.088917 174.726303
110.901346 189.895412
110.305930 337.773899
114.477380 339.197975
115.123402 235.739399
113.651678 245.200188
116.649586 158.904871
118.563236 155.600386
126.323893 270.851506
127.049339 265.928601
127.863810 138.689812
121.578414 132.754348
127.854411 125.353314
137.330621 122.620747
127.891248 312.736578
134.917982 307.625644
148.004647 231.089415
143.419718 237.886854
152.810418 115.063496
155.656504 118.787293
156.234867 129.930504
149.075427 138.125130
170.702815 339.257646
163.563463 338.760863
169.408885 262.526404
163.975945 272.768595
166.586588 174.313320
163.622957 171.544878
172.798267 240.261481
167.482186 242.002382
167.848081 183.513406
165.454648 183.556587
177.825995 279.133976
185.039276 280.430988
182.048137 309.323266
182.226047 300.481408
184.536968 198.494335
181.218002 195.758489
186.383991 241.267679
180.639402 246.949150
185.017315 298.997661
182.758701 301.618041
194.202602 219.817493
189.124401 222.978665
190.776861 21.413979
203.633844 19.399419
205.418367 244.900835
204.355497 243.503736
231.038711 258.761155
230.527685 248.690444
233.052956 178.350647
238.263723 178.317511
231.788918 321.459839
233.382935 315.888598
242.217942 156.655284
250.625492 161.486952
253.586857 202.045931
238.782554 196.813227
244.960791 275.298041
251.602593 272.955899
246.724866 149.227876
239.489369 146.346795
247.270710 297.657879
241.241966 300.094959
262.270294 95.708897
261.789293 104.226184
267.418578 196.186489
262.422493 198.242201
271.487711 235.788773
272.674367 238.985959
283.822275 108.640054
279.247549 106.727853
274.390611 135.758073
267.375195 135.711730
278.099995 179.298636
277.399373 187.315323
295.155348 183.005572
293.215463 180.591602
295.166147 124.464190
299.709192 123.756580
317.144883 133.780123
318.363979 134.468076
327.317881 291.397581
325.560975 290.437256
330.027955 277.970854
327.774156 273.255308
330.200292 286.251832
341.971788 276.188017
341.809400 300.604553
344.067873 291.327060
323.704712 310.598032
327.624809 305.102967
323.772851 307.089839
319.877332 315.483332
378.531696 231.198221
386.596007 239.437929
383.416215 226.224724
377.023789 230.554470
377.553732 226.429012
375.437902 222.986347
367.094050 216.193014
363.153279 212.259800
361.949525 209.974388
362.134377 215.439744
358.182605 204.616524
345.489169 211.975864
352.046825 213.705333
343.754373 219.624571
354.850963 224.889381
349.406809 222.113650
89.127560 30.789766
82.234926 32.781481
98.888577 78.516600
100.578930 82.828711
107.995963 71.802513
106.440078 66.088809
108.172294 59.494418
113.027460 57.505045
108.235248 52.661475
111.159793 45.718843
90.540476 42.631076
106.037764 51.227509
81.838566 41.505294
81.376671 52.052993
85.109919 54.528803
79.661869 51.353245
80.400693 57.735628
82.282369 54.166057
78.903832 55.528979
74.924127 69.076519
88.563174 65.774256
95.664092 62.074982
92.244440 58.206847
101.189520 58.014958
92.281998 54.510492
89.805189 59.187749
74.040927 179.034417
71.294782 178.010781
149.316421 82.645084
139.034747 76.299008
152.868576 92.928325
141.631796 91.645257
144.961630 95.676493
144.499653 99.898092
148.456816 101.988444
144.559061 108.727421
129.301630 105.615762
126.130888 105.106326
81.745476 246.027058
80.193556 247.447623
79.715601 246.125348
80.887556 246.884200
192.301906 231.564720
196.994546 227.474986
195.026767 243.277346
198.909815 240.896940
151.116012 314.090604
145.911443 312.553715
158.963925 312.990887
159.849463 315.674055
116.415384 283.433838
104.802932 275.486258
110.702908 278.853739
106.386399 273.360213
145.759505 259.874981
145.305482 268.077994
148.290869 262.997465
153.435539 266.324728
137.422145 291.246792
129.297044 289.906625
135.223781 294.195580
129.845054 289.291454
137.255780 304.389126
134.916791 297.694187
148.488260 300.075874
149.730147 305.651878
158.839468 294.427163
158.070291 286.339303
162.440706 289.553683
163.162540 292.728489
207.625367 131.072242
207.138791 142.704287
221.136703 146.911130
208.753310 149.978263
224.664145 160.538255
222.680355 165.939402
233.681999 190.045368
231.856872 183.580520
236.272420 189.072090
230.722158 197.636261
314.792483 151.748887
316.517217 146.594569
325.560122 138.043285
320.327486 147.182043
287.184499 113.671492
282.938995 118.615979
257.041187 133.585094
264.007214 130.407116
253.093498 158.111092
264.473658 158.096159
278.566058 169.643037
270.024218 162.958332
279.232358 158.969036
282.298658 168.254185
266.111281 153.610369
279.714395 145.169009
264.771219 141.886202
271.753892 144.727219
257.912315 155.617812
267.629281 154.956412
