88.988251 137.308813
82.266069 140.179803
85.150870 138.275982
87.714594 148.632279
82.762767 135.646001
86.311038 136.694383
89.816808 134.593526
83.408119 134.305691
77.660240 126.062491
79.861829 129.841181
80.793708 136.688524
80.166575 131.828575
70.804940 117.799056
66.369495 119.651842
66.514478 114.596852
73.878687 114.807805
88.303429 125.089991
87.486937 122.256536
87.352408 123.984195
89.946419 126.062809
102.518181 125.818458
101.554502 126.015735
95.368706 132.817399
98.393843 125.244376
96.130242 128.781386
102.737253 128.981569
105.270543 127.283089
104.559062 131.922369
104.685503 131.247985
99.009077 127.787393
104.677917 136.953314
102.874165 134.441210
96.000327 147.452731
95.171313 149.820641
93.662225 151.384307
94.008662 148.335646
103.456829 158.681116
99.079225 158.277242
102.802317 154.941092
106.587395 159.710362
103.866212 163.962012
102.947581 162.177672
105.380328 165.650254
103.101624 162.265295
106.169761 170.634379
109.432077 165.376359
109.696171 168.146356
110.656963 164.211264
116.273838 167.823109
109.153495 171.558404
108.507114 172.541274
115.163610 172.331476
167.773510 157.562092
168.762297 155.072854
170.610834 157.035069
167.408371 159.307239
171.680200 154.103093
173.150235 157.301853
169.869402 152.942073
173.293592 148.638118
189.239034 158.853512
192.139139 158.011887
187.461770 160.554155
187.889171 158.402946
192.379786 160.010169
186.895664 160.598850
198.051542 161.270939
193.190594 162.525656
207.672864 162.188236
209.662069 170.098213
209.399581 167.119591
208.729520 165.741334
223.610663 173.011173
217.789500 161.760913
222.350705 165.505199
223.280696 166.335020
222.085758 159.184416
215.991840 153.528692
216.385968 146.462805
218.401847 159.080970
217.685201 103.819499
220.604284 100.845757
220.870674 101.044012
215.336860 101.270936
220.522350 100.087942
217.153700 93.031040
216.024278 87.412425
219.677671 93.710775
218.838356 88.450525
222.963665 82.676199
224.504781 84.955501
220.957747 80.392357
225.324580 80.831644
218.726382 81.041211
218.675591 84.255681
217.310533 87.906497
218.713738 65.677082
216.491487 69.647396
219.088660 63.955682
213.773451 64.704700
219.035781 46.650253
214.878189 41.406900
218.023488 46.892612
219.751851 48.393011
219.338118 32.101551
220.436215 34.061339
218.859823 36.198669
221.765353 34.993748
212.980994 34.689773
211.744959 26.944647
224.313922 31.419645
218.235386 27.582311
233.872508 35.314366
232.504296 34.713785
233.925791 34.976367
233.624294 38.250708
237.358944 38.035930
238.082011 40.243298
238.013141 34.844750
240.445924 36.729529
244.513904 44.674450
244.693407 43.025922
235.981730 46.103204
244.365397 45.366932
238.004115 50.519949
244.097390 50.520958
244.170842 49.223950
246.747860 49.592740
253.268895 63.533128
259.020315 59.125056
253.570741 61.927630
257.557207 64.121486
269.877214 79.542140
273.428627 79.008357
274.211312 81.070921
268.380029 81.831759
283.163928 99.163516
279.906201 99.224984
281.699443 103.669245
277.479732 96.580023
288.266904 112.787333
288.860163 114.640277
289.805485 115.718474
288.627829 112.569592
293.751049 124.339727
294.281504 116.088111
292.188306 112.362984
287.726226 121.989544
307.166088 148.549135
307.263429 142.837764
311.286416 137.577114
312.718851 140.538429
314.232531 142.774152
311.958462 135.248607
313.179251 143.587718
312.578177 138.670687
320.499621 123.807874
323.003660 123.149538
327.036159 122.836085
318.845709 122.879383
334.500475 109.718506
331.079494 108.937000
331.284535 112.994201
327.175402 112.289394
335.297941 112.613898
335.649036 102.120172
333.216359 109.954845
340.369780 105.582499
338.792197 106.591721
335.496111 102.346246
341.957959 102.300940
334.754026 104.079840
346.866812 94.356647
343.439670 94.697142
341.477628 98.939177
348.356115 94.127344
346.210782 85.933878
345.299578 83.053632
352.262469 90.058481
344.527675 90.476969
350.246335 82.057163
353.060433 85.703167
349.292417 83.493103
345.479696 82.172157
348.622946 87.269810
356.739835 80.152831
348.213051 83.902268
357.019802 83.930400
356.181920 73.874300
355.935251 79.485437
357.960442 76.349140
349.287128 75.091036
380.452107 33.636662
387.365610 38.547492
379.141711 35.736940
382.152671 33.883533
393.190717 18.803427
394.949567 24.480873
388.296184 16.406288
398.272459 18.880467
390.246918 17.589075
394.923957 9.383466
398.922571 18.925022
399.425974 11.046520
400.429275 8.901619
393.102783 7.826109
395.999377 13.278638
398.352006 12.365119
400.304291 11.308717
399.287358 15.989052
402.289648 17.434379
400.655134 12.121571
398.433899 16.277688
402.830936 14.418034
398.683618 20.663894
399.117378 19.122297
394.258902 23.261913
397.232804 33.742538
398.929062 27.367259
395.251315 28.227405
396.989438 32.870253
401.743821 29.995822
400.889912 37.008381
396.451613 33.206693
397.740385 42.425649
398.565892 44.099432
395.335943 43.274560
402.197084 42.836051
398.689542 70.955482
396.928825 71.420374
393.338865 68.505102
398.813359 70.359056
400.393690 76.233459
400.685280 75.402751
397.120226 73.447265
403.235787 70.812055
396.368683 85.149576
404.324446 84.400811
400.348275 86.557995
398.405024 79.732905
401.019398 93.096608
398.344725 89.722741
393.376559 91.906289
399.791144 91.817766
398.147288 101.922522
397.722628 104.302866
396.302584 105.241644
397.600145 104.340637
403.160985 107.260428
399.832446 108.933814
391.552434 113.602768
401.992470 115.582041
402.510098 117.015372
400.140609 114.349224
397.288075 112.287081
398.889620 116.043475
396.456662 129.381014
397.574628 129.593786
397.222502 129.657733
397.346124 129.739139
400.777773 171.336008
401.217450 169.422540
401.978552 169.111814
399.929301 175.848426
408.357377 166.659228
404.245024 165.623155
408.990743 167.272111
406.525624 170.161046
432.812132 162.661713
429.262385 161.795075
421.683630 160.119611
430.062994 166.169591
439.492917 151.638527
441.115967 155.102063
440.606511 153.584972
447.423090 158.720755
446.989463 154.882939
449.154679 154.356131
441.790919 150.723353
446.248940 150.623517
454.254576 151.654213
454.189028 151.348699
457.484011 150.121094
454.771554 145.930533
460.286350 148.302586
457.813242 148.623960
464.583317 150.996754
460.746218 149.121858
480.220064 147.409318
468.106458 143.220090
474.090030 141.490995
470.843206 147.999418
482.445552 140.436991
485.023795 138.682023
487.227738 144.608790
483.436005 135.495626
485.421371 139.688593
485.188275 136.194786
489.369735 138.857178
488.576421 137.258922
510.765449 130.655958
504.122442 133.962645
503.466439 131.172432
505.167524 132.713920
514.283330 132.513782
509.461473 124.461799
507.061479 136.209734
517.355442 127.350105
547.668399 117.320553
551.335969 115.524719
549.597569 117.953730
551.581702 121.812525
543.145471 125.489673
543.523418 128.674057
544.499366 116.764447
540.079225 126.146081
543.500276 127.443254
542.851088 125.427825
547.346986 122.264469
541.349180 123.721908
526.309535 140.927468
526.887349 137.774386
527.801218 147.469062
530.626290 142.460035
522.747721 160.196992
512.874562 154.764239
515.812104 159.699742
519.938596 154.656029
498.843592 185.299736
492.351690 189.658403
495.883396 185.817106
492.629759 185.756158
484.614019 197.693199
487.554125 191.830508
490.572372 198.884372
489.510598 200.858854
480.404607 198.315262
480.138643 204.169650
486.686292 202.759478
490.670328 198.738585
468.173767 216.005791
460.559929 226.721539
462.285685 224.767549
465.728585 222.945756
459.389655 226.616742
466.742487 226.002659
463.607667 220.780460
463.825333 220.625635
449.723173 244.583988
450.602529 235.355096
454.475846 239.657665
455.498867 238.695994
448.089967 246.710454
456.616955 242.316719
453.257891 246.191626
452.299574 252.700316
476.774270 248.795481
481.498542 248.404127
482.738088 252.238423
484.389955 249.965932
490.607915 255.975130
488.296026 256.058601
491.898379 256.373987
490.109361 262.061516
499.318944 263.117460
498.966342 260.190393
495.871951 264.051186
498.343768 261.874407
510.039989 266.062432
505.913510 266.631534
514.023504 261.480984
513.284788 260.379166
510.061807 263.678400
517.717991 270.282225
513.429782 265.817141
513.713052 269.731901
524.214288 267.574454
523.901024 267.221458
524.218703 267.891252
526.600242 263.333677
535.162866 263.559862
537.690761 268.831482
534.364692 269.203199
532.640511 276.532515
541.925055 278.736020
542.214002 272.619599
546.245443 274.023169
540.640663 273.597741
537.845879 311.175710
535.731608 312.445537
532.766663 312.455747
540.727283 311.912770
525.383377 320.963920
525.730473 315.343567
522.349106 313.909022
524.919708 315.691455
518.711560 321.131847
518.170950 315.796761
510.380015 321.712510
520.985349 316.604867
511.080529 322.165288
504.447977 320.751370
502.465039 319.548140
508.749139 326.961895
487.568053 327.077407
482.851061 329.192755
481.458649 328.984077
494.085737 321.994318
484.172292 328.187332
487.275441 333.579110
483.118059 328.962642
479.813937 327.630215
475.222610 322.795777
473.574259 333.772760
483.193695 330.976360
476.743335 326.260524
453.342104 342.988371
454.429174 338.177975
451.739232 346.564864
450.761977 339.235898
468.436821 354.747360
466.971023 357.817455
467.006848 358.842622
459.175473 359.838576
473.362310 358.139568
471.096079 365.482810
467.287806 355.427175
468.784688 366.462059
475.242082 371.009639
470.222781 371.033340
469.783432 369.392202
477.707003 368.337418
480.126217 380.223339
486.840111 382.906791
486.961658 386.729355
481.776159 384.015816
492.842841 390.294405
487.425075 389.975926
490.168773 388.775174
496.879813 393.834662
501.093013 401.523667
495.966123 398.476408
499.893277 401.775994
491.551361 401.239677
513.403783 423.818746
515.399640 420.186364
508.256939 413.244092
514.084182 424.090158
521.571270 417.498190
518.169250 424.735624
516.730245 423.952036
512.794285 419.650106
524.060494 436.996775
525.796944 435.950587
529.706444 440.810908
525.128690 433.836653
539.610069 461.924757
539.994893 462.323625
542.173879 464.666032
543.691941 468.240288
537.215714 461.864502
537.570449 462.059901
533.400120 461.518027
543.676910 464.980585
529.884142 458.767811
521.251237 459.547563
522.839481 463.833004
527.939756 458.142773
511.001523 459.574699
516.352867 453.505548
520.885909 454.262379
510.288999 451.953716
513.196528 449.952400
512.054338 455.447325
513.312854 445.994591
514.217695 453.220915
509.591889 454.759853
501.753736 453.406311
510.981634 448.619958
506.215225 443.905756
495.445858 445.126865
491.506816 444.272745
496.209113 447.733506
490.487889 442.712715
481.004759 443.925689
483.756882 444.411587
488.935251 445.547773
485.913078 444.099382
478.118148 437.874362
479.970420 443.172919
480.434033 444.447494
473.893749 444.698262
444.887782 423.875341
443.362384 420.702026
442.884514 430.713570
441.446354 432.722268
433.974814 428.370423
437.675084 426.770731
436.487931 433.016003
440.469825 427.879758
430.949308 426.012506
428.402929 428.399133
430.567547 425.078929
431.861764 423.492150
424.710245 417.137803
426.527749 422.096009
429.432802 428.837865
429.933179 423.259037
425.447852 418.642904
416.228497 420.424899
421.103877 417.465789
417.521709 421.451800
414.037544 415.719034
410.776014 414.825323
420.567803 419.158058
420.943732 418.290218
398.245434 411.530817
401.982889 414.245434
395.828229 418.746623
393.363389 419.256703
395.208878 416.449152
391.810800 419.091926
390.645494 419.999732
391.814455 422.755063
393.992329 420.729811
393.708511 425.979118
395.708773 432.635712
393.075666 422.956069
393.046913 436.207378
397.653637 434.623818
397.181604 435.150525
397.126214 435.086587
401.475208 444.716470
391.782023 446.394401
395.359886 442.385557
396.865950 443.434979
400.839196 450.790989
400.726066 451.094437
401.844145 451.014468
396.233421 453.417254
402.828193 480.905391
403.404507 477.933017
400.058107 473.680349
396.537960 477.058153
401.930814 482.130395
399.206699 486.522080
398.786491 484.169738
402.688136 483.129521
395.030448 498.936005
398.232520 498.131863
396.255574 501.753426
399.417024 497.307608
399.332309 515.499605
395.823684 513.854437
398.262989 512.167519
402.486440 515.638734
400.182775 543.015567
395.845342 534.312772
400.795555 539.995613
401.997131 530.885029
402.801372 549.577543
401.596330 544.428299
393.933255 547.335050
401.528722 544.809638
399.868772 550.717922
399.256265 555.040340
399.048034 547.619834
392.680302 552.741756
401.686135 550.790678
404.837756 560.648115
405.387314 557.498822
403.523273 555.588468
399.703976 559.186184
399.872711 562.735573
398.005681 556.185293
400.334358 556.153450
399.721084 564.290977
400.387393 564.816899
402.674182 564.937100
405.020890 564.914694
395.355052 561.749305
403.596674 562.217013
400.111449 569.792972
394.905973 566.681557
384.731309 552.678142
383.308972 548.270915
381.489875 557.751815
385.494721 552.559744
366.166187 533.750787
376.011856 534.474739
371.905824 540.677898
374.793493 533.378744
361.182601 528.259324
364.864859 521.883997
362.578450 522.024544
366.396571 524.817169
361.304407 512.102199
360.161475 513.229241
360.548698 521.373435
366.013618 524.616755
358.163565 519.248668
355.019292 511.952206
360.459939 515.065510
354.918971 514.065874
357.379476 507.480022
350.607974 508.880508
355.404964 507.019936
360.826582 506.787597
348.026681 500.951259
351.649856 497.480243
346.866840 498.279269
342.226106 490.314791
332.989817 474.140929
330.634638 473.512551
332.686826 474.429382
332.948778 471.958214
314.857830 454.446477
322.783127 450.121626
315.895938 447.335362
316.245340 451.187978
303.738960 447.167514
304.835835 440.138930
305.307463 447.348201
298.383210 443.590207
302.318508 449.941947
302.615723 454.164271
307.183923 450.270012
298.637705 456.282388
287.740845 463.379382
299.909489 458.187494
298.937466 463.038090
295.865753 462.921135
283.226155 483.562277
277.308012 476.187846
274.817507 479.500146
278.982562 479.097454
285.066295 486.550189
276.693318 485.353539
271.494589 487.362564
278.352563 483.615133
272.914746 492.066380
273.612221 492.051741
273.003533 492.007533
272.595013 492.155112
265.258389 512.025904
263.130406 508.859889
261.713168 509.350922
263.301422 514.013209
258.623178 518.639210
258.905898 516.803862
255.210843 514.551578
256.584124 510.897630
252.596087 518.396136
254.139539 518.090793
252.531419 513.382993
257.572785 512.767636
242.320777 537.093277
237.852256 536.217611
238.501328 536.479361
243.062528 534.110598
236.780676 541.981503
240.460557 538.477038
236.276313 538.119516
235.963550 546.791173
225.761747 564.841428
233.483978 563.645193
228.616200 558.063021
222.429849 563.487599
219.981907 570.463506
225.945202 574.336489
219.968896 569.749154
226.360276 570.439476
215.314376 574.727012
218.767725 569.273871
216.266142 574.750346
216.310331 574.319030
220.367987 560.985858
215.544261 556.814840
216.407334 556.084134
216.347292 551.142611
214.193830 546.214314
217.035433 547.986968
216.278847 545.531428
217.320175 555.837174
220.568346 537.465666
217.759788 535.477256
214.612892 536.156559
221.113839 533.232568
218.467565 509.929905
221.881740 510.957575
219.418794 513.515025
214.822955 509.291631
219.569356 506.008800
216.233117 507.338099
213.905579 508.939874
219.547981 508.117064
218.867015 496.393408
218.482649 497.746751
223.307283 499.881846
216.625845 496.266699
223.863141 471.034324
214.130907 472.047467
212.117353 471.881885
223.687167 476.028490
226.699127 465.981041
216.996298 466.348412
219.035871 465.724694
216.216581 467.835156
218.350069 464.977386
218.975618 455.584683
224.042886 454.596281
221.208846 456.859535
219.627255 441.706533
220.693627 445.219843
222.630045 439.704591
220.332023 440.279510
180.184435 426.505903
178.250151 419.953963
172.621036 425.635223
178.077664 430.619946
146.680096 435.062746
151.332970 432.541006
140.863342 439.966603
146.582548 434.331853
136.199108 445.802086
127.462908 441.574884
130.236579 445.889574
128.666970 443.223162
120.049767 447.686915
120.428180 442.878066
120.235289 445.526336
118.718293 447.614327
117.193648 447.207252
117.503989 442.112151
112.310804 454.852933
110.689261 447.509503
112.629012 456.659535
107.278603 450.227791
109.991194 450.078120
106.807725 452.317802
100.136089 459.048302
93.461617 452.232881
96.713050 455.274338
93.847742 461.362242
93.523768 456.452484
95.018468 455.466173
90.444663 459.160174
98.616936 452.021244
85.791580 456.949890
81.098278 456.893241
84.279938 460.209577
89.953153 463.233881
71.083997 466.220499
76.200465 464.598950
67.954887 466.744035
64.536792 465.635018
72.331582 463.239663
72.308408 462.043478
71.160977 461.218622
67.263140 461.531796
78.569689 449.481655
70.130839 453.735062
77.273012 462.323624
76.129500 456.218212
80.520262 442.423159
88.117271 445.962755
85.644362 443.422218
82.121292 441.998139
110.733259 400.001965
111.666395 406.146954
120.676391 400.025744
115.616192 404.704320
119.262339 394.231828
128.293760 390.959691
124.278195 393.885909
124.724720 386.713596
121.998175 389.282283
123.161389 394.415308
125.121021 391.649429
126.472077 391.359381
140.136679 375.099878
136.851899 376.371858
135.285851 372.431974
135.169657 368.823066
140.905534 374.847454
134.092277 377.462139
142.064968 372.462746
137.210588 371.961295
144.495004 368.764810
142.999610 367.774301
144.144143 362.239137
147.655508 366.044337
148.735913 361.602037
144.847383 360.920270
147.932149 356.214555
146.829163 358.365530
163.505110 350.171171
158.468951 351.692885
155.923658 350.868696
157.384621 349.501835
161.608257 344.361475
153.850550 343.602739
162.660368 352.056645
161.575811 346.363685
162.114645 343.929419
164.497224 345.796622
161.293949 339.896366
165.216311 341.804642
165.444507 335.760477
165.545879 340.967974
160.771255 338.266889
163.587986 336.685343
154.821138 332.600063
153.799709 339.881038
154.401665 330.991484
158.701993 330.374725
150.399229 337.960388
151.226670 333.046270
152.056419 330.065743
150.397105 331.343868
146.380909 331.779047
149.403727 337.188074
145.792045 332.298427
150.132589 333.797288
143.231222 328.153243
141.727689 322.086592
142.909404 330.120448
146.415047 329.344246
133.632246 329.097712
137.399091 332.590807
137.820391 331.332990
132.322179 325.947660
134.982396 324.491085
138.856155 326.349675
131.362998 322.402543
131.280002 326.241801
126.943526 318.593981
123.616088 324.208536
123.442739 323.043250
122.617401 326.129159
89.987332 314.492315
84.811152 319.704228
91.659957 310.674517
95.139823 311.922050
46.090776 299.412080
44.015549 300.946885
52.441249 299.267337
56.744675 302.394564
46.793331 302.352411
43.924402 300.673665
37.079844 302.987827
40.286723 305.720101
34.451346 297.485747
33.252125 293.743894
30.744827 297.882472
36.781890 293.749761
10.731115 287.662145
13.419243 292.524866
11.926428 287.328042
17.757687 291.773689
35.704319 284.929634
42.477052 282.713079
37.283985 286.265852
43.876619 285.055369
45.980760 277.028047
45.885407 282.739112
41.294545 288.240613
43.362925 280.769538
57.711780 280.982318
60.262702 276.422767
59.060121 274.608221
60.469399 278.992195
64.530954 271.478966
61.844875 271.764516
66.599848 278.058118
64.633459 274.972227
94.409868 264.778134
94.574010 266.720464
85.207870 263.354328
89.436415 262.006841
95.388891 265.834245
98.957105 266.842205
99.550850 271.225013
99.188214 267.600948
100.463297 263.727445
103.455181 265.203543
99.787393 264.940537
96.910488 263.548523
129.530605 256.047399
129.384931 255.571008
126.257665 254.813248
130.024538 251.765073
128.190120 253.945442
127.666631 261.230600
130.061699 251.799763
133.698432 258.150194
137.360413 256.915919
135.798548 250.483475
134.121688 260.827074
136.984017 257.986931
145.341793 252.104302
136.057048 255.843720
139.497041 254.919380
143.341623 256.435904
141.053067 251.919167
149.203585 246.831034
144.510389 246.732585
149.103867 253.381623
166.639791 237.271184
160.404349 243.615606
164.801573 238.865873
164.576333 243.266352
161.224820 243.765023
162.784617 241.376579
163.270698 234.886352
159.143417 238.023944
144.601147 224.989034
149.952118 223.171068
152.930385 225.069368
143.996145 227.153473
142.295982 218.646299
147.540127 217.206162
145.870805 218.142938
146.870498 217.145115
143.494064 213.934419
144.470497 211.949729
145.030327 214.222183
141.862961 217.523895
145.282784 207.619067
141.248646 210.086789
141.274145 203.811746
140.169232 210.246559
140.463135 207.749863
138.745325 200.647042
132.902619 208.218067
132.066328 208.230786
133.571464 205.233655
141.030010 200.236193
131.218897 203.762342
130.274881 199.530505
573.954077 283.212382
575.845377 281.356148
574.013379 276.066339
575.440062 285.086690
578.702590 282.549696
579.543453 280.288277
578.359206 278.033254
579.028112 283.663911
590.416801 291.640441
594.606867 294.023692
591.979194 288.207277
585.251009 288.046964
577.583806 301.543475
578.724279 298.835795
586.095417 294.974026
584.013144 303.633934
570.658958 305.648373
569.588336 302.697068
570.153771 295.294089
578.739286 300.166658
567.801654 303.279003
566.371273 295.926772
562.828026 301.810937
568.055047 302.930534
