46.732715 298.864006
43.529155 293.273437
56.126273 314.388344
66.917198 69.956640
74.124316 256.636990
73.077930 40.117883
82.667264 325.915735
81.242387 74.453800
96.803433 221.725782
102.986347 251.460893
109.131152 190.181205
106.216963 304.032863
116.969265 182.369329
111.199139 343.137480
116.956438 243.616110
124.144603 162.399026
120.833718 270.436354
128.758932 149.032536
131.799631 133.562927
129.153230 319.101720
139.028510 225.100357
149.790636 106.738994
158.344084 133.617910
167.941355 324.958442
163.434693 252.134795
173.694896 160.888918
173.170651 241.661364
169.868356 182.439228
184.180638 274.744280
180.259359 300.003258
175.321100 187.392735
179.265100 254.343655
187.521265 284.093108
179.904814 218.433108
198.223654 34.413424
207.023570 259.099759
238.414225 249.001915
227.881203 176.465506
239.086508 330.660602
241.469349 160.443125
237.126873 201.560246
244.620346 271.122266
261.516538 141.712266
245.925691 293.273745
256.142014 92.915694
259.995072 201.229380
278.021726 239.572197
267.992882 109.453151
269.117287 139.991056
277.953103 181.656296
295.906259 180.096727
297.324517 122.367866
328.345878 129.895588
323.737736 292.528177
329.257389 288.169115
340.795619 276.824593
330.831265 299.046235
312.287319 297.655208
325.880134 322.560468
374.656704 232.445811
372.448106 229.730178
374.350520 221.209858
375.808758 215.264124
354.577429 204.740870
349.314240 209.422353
346.802339 220.387667
345.991107 222.699160
87.434530 27.634939
89.229323 70.807574
102.218765 69.227089
106.363761 47.174260
110.802141 52.263040
100.454507 58.715909
90.539827 46.271899
72.646717 37.735019
85.101418 69.477630
80.026523 59.494116
89.539740 62.640375
81.066609 55.567858
103.424336 43.226143
81.787064 171.268170
151.583574 80.777955
145.980328 89.432212
161.746797 97.363231
145.982855 106.817748
138.587851 95.095769
87.952629 238.635430
85.714700 242.156123
201.510547 225.468268
196.231067 235.548024
155.101625 315.249087
172.380562 318.856294
107.502488 287.134133
115.017229 270.704645
133.157641 258.266381
160.288233 259.595191
125.407385 287.777296
137.379859 293.382636
134.676526 303.130471
141.879107 300.599320
162.004831 303.362555
146.946588 283.533803
212.178124 137.800880
225.122703 152.111202
218.945144 173.649893
244.849900 198.272016
237.015222 205.199483
317.268621 151.878438
322.129004 143.836078
303.482340 115.774075
248.901963 147.276940
263.976920 159.510870
271.617657 161.917572
267.657581 155.705030
272.549799 149.139794
283.754728 136.120155
267.109833 159.410405
