115.734172 578.777445
137.272279 582.415875
145.662031 572.008835
151.301828 556.415261
119.848470 557.146981
113.132839 508.157488
122.811685 494.080947
148.627781 500.280328
150.645962 453.127621
150.766689 409.810028
122.675834 411.849697
122.122464 388.192346
120.895772 353.016519
149.724711 364.397444
121.119828 295.680354
96.850585 282.175062
66.197813 238.920146
38.321266 230.390620
35.415343 201.121137
19.999294 167.376817
20.349825 156.082586
21.564315 123.518793
15.231303 116.943860
13.991062 73.843525
13.182972 73.460893
14.343515 39.107808
18.535023 13.049617
24.672401 28.128594
33.343905 70.515764
33.222844 74.222603
34.005536 92.161574
36.037182 101.301692
44.201374 134.524067
46.435994 145.115591
60.229425 163.538029
81.661394 154.014847
78.024873 135.238331
75.585927 116.121017
83.707157 83.893363
83.074230 84.239469
80.007555 59.146303
77.192803 36.184291
83.383774 27.340675
92.275078 39.479003
109.817951 64.932201
104.298794 103.844475
122.963668 137.678744
120.131045 166.072669
131.257120 157.880413
136.953193 99.447780
150.207869 84.557485
146.668608 58.159419
154.848816 29.512186
165.243969 55.864201
169.614876 87.305583
174.490250 107.357247
172.395519 116.399747
179.832207 144.482371
198.555486 149.183281
205.808336 117.072080
203.696210 102.198008
207.559705 95.783068
220.839485 52.692025
216.751335 26.216024
227.832367 25.752445
236.040202 22.604040
230.547469 39.007412
233.882974 43.339215
244.949337 94.183005
242.295281 118.871523
231.113982 148.640007
233.228478 164.856036
226.064407 201.589351
219.221753 233.873409
201.798097 254.783280
180.696579 260.272409
157.268011 277.591286
148.568395 295.058664
152.837826 317.505388
