105.698498 211.624786
105.503488 195.477048
103.011936 229.439306
103.547484 233.756502
112.388655 186.665575
114.345606 236.258295
112.613258 193.891348
126.515135 250.693744
124.130500 177.301253
128.668923 267.428960
140.740993 162.639245
145.257105 153.508571
145.507371 251.688268
154.296781 154.028315
145.295244 253.369359
150.705274 154.951516
164.389544 260.935930
160.557401 135.586367
170.048622 267.316858
172.414888 152.926481
177.630893 276.502980
188.779862 282.066887
189.368997 137.226906
193.979751 293.059905
192.004018 111.907701
198.278998 125.748401
207.093020 138.058712
200.017697 293.007947
210.442680 374.262089
200.058165 94.882644
199.723402 91.368219
210.307271 364.567355
216.926681 301.376819
204.485785 388.485036
210.565610 92.356510
214.656315 353.809396
227.606965 64.788622
212.014177 395.571105
213.858264 295.838715
208.354196 344.811700
216.078165 57.931003
218.893125 309.159542
227.482659 383.227475
238.365701 317.428865
225.550399 46.914163
236.223496 346.598170
225.900896 319.013181
229.111092 387.515266
238.131715 335.916949
247.793732 154.956574
243.786745 53.972625
237.632248 142.606636
242.952665 382.989198
248.647936 154.858944
249.614613 41.351037
244.967088 142.377481
262.119081 70.214101
257.167523 388.053857
266.072191 125.963067
257.300448 148.058114
262.879845 47.619740
262.754477 70.432411
258.327612 105.963149
277.060851 93.202251
258.476107 100.449652
262.230069 398.224018
267.144055 148.310707
268.957409 387.248238
276.315614 142.811789
283.617287 395.996324
283.495840 143.448166
309.239503 386.052281
282.997389 140.664061
297.431611 391.384749
317.300238 159.983829
319.900951 381.569073
314.675903 148.135789
339.891197 389.185696
323.120857 151.171199
330.646978 382.183278
345.977180 142.296713
341.652686 397.931092
348.561534 138.841927
349.335977 393.804184
352.655696 150.547370
375.024477 390.187259
367.131181 147.905259
372.943057 394.485015
378.613659 152.455395
388.538355 392.833336
392.640335 154.641426
387.867768 387.212016
409.606300 142.976699
409.767037 393.436482
400.750252 150.157152
412.292961 392.436626
416.380925 144.776024
427.338066 384.835819
431.544699 144.053484
435.603423 162.538097
432.387402 394.660786
435.028138 166.935428
450.209279 393.320650
450.648678 178.464475
459.060971 392.116701
469.145708 183.727192
476.170188 366.892569
452.491906 391.084016
460.526884 175.200272
483.468280 367.320162
467.729925 365.012248
469.174443 184.438200
481.776629 189.875845
500.612098 359.595639
484.822748 206.409707
484.602107 222.557634
493.093164 365.428783
503.153802 224.468336
505.152927 366.484230
501.306218 231.856526
516.205801 236.400708
512.717325 291.957672
504.383956 297.947282
507.397734 354.255083
517.640318 244.444570
530.164426 257.846799
511.534944 281.427419
509.236998 310.174097
526.423201 269.070227
532.672055 359.876411
543.210096 324.897223
532.223341 327.690848
525.278313 354.084348
536.276088 338.228180
