0.007942 0.533801
0.011523 0.527087
0.011443 0.536386
0.005647 0.534952
0.007316 0.531709
0.005607 0.534518
0.010400 0.532783
0.009119 0.540197
0.010202 0.540022
0.006458 0.535254
0.012024 0.548523
0.008021 0.538069
0.010351 0.542549
0.009449 0.540782
0.005048 0.552216
0.005475 0.549882
0.005613 0.550822
0.007048 0.551214
0.005127 0.551755
0.008089 0.550221
0.008102 0.550336
0.004229 0.565019
0.012888 0.559361
0.004258 0.564454
0.005606 0.553982
0.005896 0.566667
0.005380 0.561280
0.013187 0.559308
0.006607 0.568607
0.006885 0.569846
0.002764 0.573555
0.002593 0.572515
0.006768 0.568819
0.003837 0.575933
0.002457 0.572708
0.004120 0.577899
0.004874 0.578895
0.007733 0.569833
0.003083 0.574435
0.006933 0.575475
0.006301 0.582226
0.006247 0.580502
0.007231 0.591629
0.006568 0.590505
0.008435 0.594180
0.006629 0.590607
0.006460 0.585788
0.007339 0.591927
0.006574 0.590659
0.009031 0.597436
0.008905 0.597479
0.011066 0.597070
0.009785 0.597016
0.010274 0.599434
0.010132 0.597436
0.008658 0.597463
0.008388 0.607145
0.008281 0.607441
0.008314 0.607480
0.008499 0.608333
0.008614 0.605800
0.009557 0.599173
0.008300 0.607644
0.009716 0.615287
0.009107 0.612233
0.009196 0.612884
0.009620 0.613605
0.009681 0.615204
0.010164 0.616563
0.011263 0.620569
0.014140 0.496292
0.013441 0.498399
0.011430 0.504983
0.011125 0.505460
0.011971 0.503359
0.012745 0.500736
0.010883 0.507071
0.011835 0.504632
0.011690 0.510850
0.011268 0.505208
0.011341 0.508898
0.010923 0.507684
0.011205 0.508318
0.011428 0.509082
0.011462 0.518105
0.011865 0.514171
0.011814 0.515937
0.010498 0.521492
0.011312 0.519298
0.011439 0.521102
0.012271 0.512127
0.012724 0.625097
0.016484 0.622743
0.014638 0.622083
0.012703 0.625354
0.012742 0.624950
0.014222 0.622740
0.012320 0.624333
0.014302 0.635747
0.014283 0.632962
0.013268 0.629738
0.013142 0.628294
0.013910 0.631988
0.014509 0.637195
0.013507 0.631075
0.014663 0.638983
0.015308 0.643378
0.015645 0.645260
0.015114 0.642258
0.014565 0.638611
0.014719 0.639629
0.014797 0.640177
0.018255 0.475870
0.018883 0.477952
0.018796 0.477668
0.017581 0.482966
0.018430 0.476452
0.018388 0.476311
0.020344 0.473943
0.016666 0.488073
0.017335 0.485581
0.017038 0.486702
0.017289 0.485888
0.016873 0.487346
0.016192 0.489575
0.015983 0.490227
0.016347 0.649024
0.016840 0.651667
0.017053 0.653609
0.017127 0.654297
0.016908 0.652294
0.016838 0.651642
0.016840 0.651666
0.017381 0.656579
0.017491 0.657554
0.018725 0.666307
0.017806 0.659848
0.017596 0.658346
0.018891 0.666968
0.017749 0.659386
0.019203 0.668976
0.019050 0.668215
0.018845 0.667028
0.019508 0.670140
0.019365 0.670180
0.019533 0.671067
0.019766 0.672365
0.023619 0.461583
0.024776 0.456655
0.024270 0.458376
0.024839 0.456533
0.026240 0.452520
0.024302 0.458269
0.025765 0.454099
0.022234 0.469222
0.023657 0.468637
0.021631 0.469606
0.023077 0.467926
0.024650 0.467951
0.022871 0.468684
0.021662 0.469549
0.022842 0.684311
0.023964 0.686940
0.020533 0.676229
0.021476 0.680587
0.022116 0.683710
0.021102 0.679034
0.021033 0.678097
0.022793 0.687036
0.023286 0.687979
0.023520 0.688433
0.022661 0.686840
0.023826 0.689014
0.023455 0.688269
0.022540 0.686654
0.030505 0.440610
0.030624 0.440036
0.030921 0.439206
0.028141 0.447275
0.027904 0.447923
0.030054 0.443170
0.030485 0.440758
0.028876 0.696634
0.032686 0.701938
0.027895 0.695299
0.031189 0.699379
0.028686 0.696663
0.029728 0.697803
0.025452 0.691454
0.033422 0.709839
0.031787 0.703807
0.032807 0.701974
0.031128 0.702177
0.031478 0.701569
0.029618 0.697748
0.032637 0.707153
0.034915 0.426419
0.033150 0.432120
0.035474 0.424974
0.032256 0.434873
0.034397 0.428084
0.035332 0.425291
0.034644 0.427280
0.033762 0.711448
0.034691 0.714125
0.036636 0.720811
0.034041 0.712117
0.034289 0.712998
0.033579 0.710918
0.036345 0.718450
0.038771 0.416696
0.039402 0.415154
0.037749 0.419282
0.039473 0.414973
0.036966 0.421189
0.039354 0.415502
0.039434 0.415054
0.037532 0.721886
0.036136 0.720266
0.037841 0.722320
0.036246 0.718815
0.037847 0.722176
0.037840 0.724884
0.037652 0.721500
0.039675 0.730869
0.040946 0.734239
0.041655 0.735424
0.039610 0.730832
0.041484 0.735510
0.039534 0.730700
0.040125 0.732210
0.043384 0.405827
0.044467 0.403430
0.043722 0.405116
0.043031 0.406647
0.042176 0.408662
0.043425 0.405736
0.043121 0.406426
0.046242 0.744829
0.040747 0.733912
0.044610 0.741700
0.045025 0.742394
0.041345 0.734926
0.043196 0.738767
0.045370 0.743192
0.047255 0.397245
0.048660 0.394148
0.049643 0.392121
0.053231 0.385565
0.048541 0.394497
0.050359 0.390721
0.049425 0.392497
0.049520 0.751696
0.049156 0.750539
0.049847 0.752344
0.049033 0.750315
0.046935 0.746189
0.050324 0.753319
0.049211 0.750708
0.052012 0.757247
0.055370 0.764845
0.054250 0.762530
0.052531 0.758478
0.051181 0.755290
0.050661 0.754108
0.054561 0.763308
0.054918 0.382386
0.057500 0.377966
0.052785 0.386255
0.054772 0.382553
0.055190 0.381841
0.054970 0.382190
0.055967 0.380916
0.058218 0.770734
0.058053 0.770271
0.054547 0.763270
0.055539 0.765505
0.055572 0.765560
0.055827 0.766053
0.056461 0.767279
0.058677 0.376125
0.061592 0.371484
0.062621 0.369836
0.064010 0.367606
0.058626 0.376188
0.057422 0.378100
0.058483 0.376410
0.060211 0.774666
0.061426 0.776863
0.062451 0.778873
0.061911 0.777941
0.061613 0.776995
0.063436 0.780315
0.060325 0.774841
0.064520 0.366748
0.063258 0.368813
0.068348 0.360392
0.061578 0.371499
0.066364 0.363681
0.063210 0.368856
0.065810 0.364432
0.062997 0.779847
0.066625 0.784827
0.066203 0.784236
0.066676 0.784977
0.066621 0.784882
0.065639 0.783056
0.063169 0.780079
0.069416 0.358615
0.070474 0.356622
0.070584 0.356444
0.069431 0.358614
0.071992 0.353812
0.070409 0.356762
0.068338 0.360410
0.076039 0.792137
0.072406 0.790712
0.074798 0.792469
0.075596 0.792038
0.075532 0.791986
0.074626 0.791607
0.073645 0.791223
0.073667 0.350787
0.075251 0.347938
0.075816 0.346813
0.077505 0.344599
0.075569 0.347346
0.076256 0.346205
0.074795 0.348678
0.078493 0.800805
0.077614 0.798673
0.077602 0.802999
0.078407 0.800733
0.078443 0.801118
0.079989 0.806303
0.077362 0.804942
0.085669 0.334115
0.086201 0.333412
0.083085 0.337383
0.085520 0.334306
0.085624 0.334173
0.079681 0.341802
0.080055 0.341268
0.082260 0.808651
0.083083 0.809519
0.077990 0.804267
0.083016 0.809304
0.083174 0.809568
0.085050 0.811894
0.083101 0.809526
0.091547 0.326303
0.088538 0.330316
0.095171 0.321464
0.090179 0.328131
0.087178 0.332120
0.091471 0.326402
0.090478 0.327732
0.090429 0.818636
0.089857 0.817878
0.089948 0.818076
0.088641 0.816359
0.090006 0.818076
0.089619 0.817585
0.092000 0.820661
0.095088 0.824673
0.095282 0.824897
0.090231 0.818375
0.095995 0.825814
0.094070 0.823313
0.097740 0.827958
0.098933 0.829418
0.097136 0.318843
0.097407 0.318481
0.097954 0.317844
0.097263 0.318669
0.097288 0.318616
0.096813 0.319254
0.095630 0.320848
0.101787 0.832959
0.104455 0.836204
0.103703 0.835269
0.097906 0.828157
0.102177 0.833432
0.100213 0.831019
0.104610 0.836383
0.105614 0.307552
0.105663 0.307546
0.110593 0.302611
0.105587 0.307661
0.105713 0.307457
0.105883 0.307320
0.107474 0.305748
0.105609 0.837491
0.106276 0.838272
0.107749 0.839905
0.108180 0.840369
0.110146 0.842520
0.111277 0.843784
0.112401 0.845066
0.113017 0.300224
0.113394 0.299644
0.112980 0.300030
0.112091 0.300969
0.114279 0.298893
0.111968 0.301149
0.109183 0.303909
0.112999 0.845702
0.118925 0.852202
0.115688 0.848501
0.115549 0.848362
0.115397 0.848237
0.115711 0.848648
0.114459 0.847251
0.121550 0.292234
0.123305 0.290673
0.119496 0.294117
0.125379 0.288846
0.120334 0.293574
0.121233 0.293008
0.120950 0.292816
0.121022 0.854512
0.122340 0.855995
0.123448 0.856663
0.122220 0.855853
0.121946 0.855513
0.122364 0.856025
0.118150 0.851357
0.133729 0.281734
0.129075 0.285702
0.131010 0.284003
0.133557 0.281856
0.127068 0.287368
0.128595 0.286083
0.133459 0.281923
0.129948 0.861835
0.130244 0.861966
0.128002 0.860230
0.130141 0.861826
0.130894 0.862788
0.129692 0.861712
0.128592 0.860728
0.134117 0.281410
0.133025 0.282269
0.134841 0.280850
0.137147 0.279041
0.136830 0.279290
0.137029 0.279134
0.139337 0.276779
0.137079 0.869432
0.135839 0.868098
0.140603 0.873079
0.136703 0.869037
0.138825 0.871236
0.136675 0.869006
0.133833 0.865981
0.148245 0.268478
0.143890 0.272511
0.144561 0.272167
0.144522 0.272131
0.143880 0.272505
0.144574 0.272154
0.148487 0.268288
0.144013 0.876407
0.142128 0.874609
0.140302 0.872764
0.143466 0.875907
0.148729 0.880596
0.142345 0.874819
0.148563 0.880102
0.152310 0.265224
0.147861 0.268843
0.157967 0.261404
0.152706 0.264793
0.152878 0.264662
0.152740 0.264750
0.154330 0.263725
0.151346 0.883265
0.151798 0.883445
0.150225 0.883092
0.151852 0.883591
0.151933 0.883636
0.151514 0.883381
0.150376 0.883138
0.165389 0.254999
0.161630 0.258902
0.165129 0.255299
0.161664 0.258878
0.160297 0.259792
0.161526 0.258878
0.157409 0.261736
0.162654 0.891098
0.162626 0.891073
0.162907 0.891346
0.163239 0.891664
0.162579 0.891022
0.162873 0.891627
0.163576 0.892026
0.171219 0.249255
0.167395 0.252973
0.171961 0.248586
0.170877 0.249605
0.173785 0.246819
0.168378 0.251986
0.169470 0.250918
0.168573 0.896541
0.167861 0.895917
0.167658 0.895730
0.168731 0.896677
0.165655 0.893966
0.169479 0.897294
0.168170 0.896195
0.176429 0.244640
0.175559 0.244563
0.179190 0.242985
0.176934 0.243898
0.175008 0.246112
0.176382 0.244784
0.174527 0.245051
0.177317 0.903710
0.176409 0.903002
0.175628 0.902357
0.180510 0.906147
0.176426 0.902968
0.176297 0.902732
0.174724 0.901590
0.184563 0.239514
0.185205 0.239075
0.188436 0.236786
0.185341 0.238970
0.189130 0.236178
0.188029 0.236933
0.184178 0.239757
0.179654 0.905472
0.183847 0.908564
0.190539 0.913331
0.187866 0.911402
0.183979 0.908682
0.184547 0.909071
0.183513 0.908236
0.197236 0.229691
0.196715 0.230010
0.190904 0.234742
0.193630 0.232639
0.193956 0.232321
0.195702 0.231096
0.193404 0.232843
0.192976 0.915060
0.194023 0.915800
0.194815 0.916303
0.193990 0.915775
0.190564 0.913368
0.194588 0.916158
0.193426 0.915389
0.202789 0.921415
0.204285 0.922525
0.203752 0.921870
0.202870 0.921573
0.204085 0.922405
0.200485 0.920024
0.204806 0.922846
0.203391 0.225615
0.200029 0.227200
0.196618 0.230119
0.198580 0.228555
0.200773 0.226876
0.202268 0.226107
0.200611 0.226896
0.218143 0.219179
0.207573 0.223694
0.218457 0.218970
0.211290 0.222063
0.207268 0.223831
0.208133 0.223488
0.211792 0.221617
0.206976 0.924287
0.212147 0.927441
0.210605 0.926538
0.209810 0.926148
0.215726 0.929384
0.216052 0.929582
0.209978 0.926218
0.219898 0.931614
0.220092 0.931703
0.219206 0.931256
0.218025 0.930635
0.222710 0.932946
0.215544 0.929309
0.220607 0.931916
0.225450 0.214012
0.226058 0.213358
0.224118 0.215144
0.223063 0.215761
0.219973 0.217911
0.221067 0.217175
0.224775 0.214254
0.229579 0.936380
0.226681 0.934949
0.234098 0.938629
0.228666 0.935923
0.224198 0.933639
0.231430 0.937325
0.232702 0.937922
0.233377 0.209212
0.231970 0.210176
0.234698 0.208350
0.226907 0.213334
0.227930 0.212636
0.228522 0.212153
0.228495 0.212334
0.235604 0.939378
0.233707 0.938425
0.244081 0.944008
0.237097 0.940157
0.238218 0.940769
0.240373 0.941958
0.236190 0.939681
0.235425 0.208109
0.242664 0.204329
0.239756 0.205851
0.240306 0.205509
0.234598 0.208416
0.241144 0.205127
0.240279 0.205522
0.249670 0.947106
0.247922 0.946134
0.245438 0.944760
0.246706 0.945465
0.249860 0.947209
0.247447 0.945878
0.247756 0.946049
0.249332 0.201053
0.251926 0.199829
0.249483 0.200971
0.250735 0.200373
0.254164 0.198799
0.251308 0.200124
0.250824 0.200329
0.259863 0.952616
0.252030 0.948394
0.257304 0.951199
0.260916 0.953151
0.258338 0.951799
0.254723 0.949852
0.255818 0.950445
0.258452 0.196875
0.257375 0.197332
0.261075 0.195694
0.260511 0.195937
0.260329 0.196042
0.259530 0.196372
0.257060 0.197475
0.261018 0.953168
0.266503 0.955973
0.266780 0.956127
0.267235 0.956314
0.266506 0.955994
0.269054 0.957031
0.263736 0.954563
0.270664 0.191725
0.274012 0.190648
0.268534 0.192476
0.272482 0.191109
0.274877 0.190329
0.269345 0.192176
0.268232 0.192613
0.276360 0.959787
0.269658 0.957295
0.279335 0.961987
0.275552 0.959458
0.273774 0.958916
0.273483 0.958852
0.275783 0.959603
0.283292 0.187410
0.278564 0.189395
0.282972 0.187522
0.280947 0.188329
0.283195 0.187455
0.280974 0.188268
0.279636 0.188789
0.283986 0.965060
0.282701 0.961897
0.286485 0.961782
0.283224 0.965240
0.287018 0.961843
0.283324 0.964866
0.286500 0.961984
0.293401 0.184881
0.290974 0.185425
0.288628 0.186001
0.284437 0.187091
0.291405 0.185299
0.296771 0.183960
0.286774 0.186496
0.296708 0.966240
0.298003 0.966932
0.292929 0.966248
0.295452 0.966489
0.299973 0.966999
0.295818 0.966524
0.301725 0.967501
0.300085 0.183481
0.302611 0.182017
0.296482 0.184020
0.301911 0.182962
0.300830 0.182720
0.298595 0.183789
0.298721 0.183722
0.306862 0.967890
0.304245 0.967912
0.301161 0.967379
0.309414 0.967049
0.304432 0.967861
0.305654 0.968103
0.298276 0.967015
0.309713 0.179141
0.309970 0.179032
0.306830 0.180428
0.308618 0.179619
0.308373 0.179703
0.310520 0.178829
0.311133 0.178635
0.310134 0.967512
0.318082 0.970757
0.320278 0.971557
0.312104 0.968855
0.316293 0.970298
0.316007 0.970200
0.311028 0.968102
0.319176 0.175816
0.326406 0.173946
0.320208 0.175499
0.321377 0.175185
0.315845 0.176942
0.320163 0.175508
0.317079 0.176511
0.324829 0.973139
0.319617 0.971447
0.321708 0.972070
0.319951 0.971559
0.326485 0.973677
0.330483 0.974883
0.326388 0.973637
0.333040 0.172343
0.337302 0.171146
0.329740 0.173050
0.330471 0.172855
0.333667 0.172094
0.334537 0.171836
0.331815 0.172521
0.330636 0.974755
0.332381 0.975405
0.334181 0.975942
0.337393 0.976835
0.335349 0.976290
0.336932 0.976611
0.328934 0.974444
0.342508 0.169865
0.341848 0.170020
0.337129 0.171186
0.344892 0.169233
0.341738 0.170062
0.339268 0.170651
0.341880 0.170027
0.347930 0.979393
0.343005 0.978325
0.344012 0.978569
0.343391 0.978433
0.344267 0.978537
0.348932 0.979611
0.344638 0.978677
0.348325 0.168345
0.353968 0.166970
0.350706 0.167823
0.351564 0.167705
0.348822 0.168230
0.355464 0.166776
0.353077 0.167253
0.360554 0.981861
0.357178 0.981502
0.349426 0.979715
0.362241 0.982087
0.356889 0.981467
0.359273 0.981780
0.353800 0.980705
0.359795 0.165906
0.356541 0.166395
0.355767 0.166649
0.353564 0.167090
0.356857 0.166344
0.359127 0.166086
0.361000 0.165740
0.362401 0.982030
0.365562 0.983681
0.363178 0.982292
0.365493 0.983647
0.365713 0.983698
0.364336 0.983051
0.365433 0.983667
0.363526 0.165401
0.369366 0.164967
0.368764 0.165024
0.373864 0.164603
0.363978 0.165349
0.365645 0.165268
0.368632 0.165046
0.378800 0.985334
0.375769 0.987647
0.375384 0.987858
0.376311 0.986654
0.376249 0.986675
0.378959 0.985512
0.375469 0.985873
0.377136 0.164212
0.386140 0.163399
0.383438 0.163783
0.384264 0.163773
0.386006 0.163571
0.379788 0.164112
0.386291 0.163551
0.379168 0.985746
0.385807 0.986421
0.378399 0.985942
0.385083 0.986354
0.383484 0.986120
0.388079 0.986704
0.387818 0.986881
0.390068 0.163224
0.389959 0.162695
0.391565 0.162210
0.385773 0.162992
0.393595 0.161757
0.394147 0.161552
0.394880 0.161551
0.396113 0.987582
0.392686 0.987236
0.391543 0.987145
0.397326 0.987727
0.387762 0.987051
0.401077 0.988085
0.397301 0.987669
0.401468 0.163254
0.397956 0.162266
0.397485 0.162175
0.394838 0.161580
0.400876 0.163060
0.405602 0.160197
0.400692 0.163036
0.404242 0.006857
0.404220 0.006835
0.405415 0.007393
0.404213 0.006838
0.405564 0.008870
0.404690 0.007986
0.405291 0.007773
0.405720 0.011352
0.407343 0.019150
0.408728 0.023769
0.405088 0.009039
0.406021 0.010310
0.406495 0.015144
0.406525 0.015262
0.404488 0.988302
0.408740 0.988586
0.398911 0.987894
0.408920 0.988595
0.404685 0.988387
0.404970 0.988406
0.399738 0.987973
0.407328 0.026045
0.409300 0.024861
0.409673 0.027724
0.410659 0.026968
0.412277 0.028335
0.406746 0.032551
0.408234 0.026713
0.416894 0.160197
0.408836 0.160167
0.410062 0.159084
0.409318 0.159822
0.415902 0.160028
0.410566 0.159054
0.410864 0.158716
0.410851 0.008693
0.414116 0.009024
0.408881 0.008826
0.414038 0.008901
0.407337 0.008030
0.414654 0.009043
0.417732 0.009876
0.418037 0.038480
0.413019 0.032390
0.408717 0.031507
0.414329 0.033041
0.413794 0.032779
0.417972 0.030733
0.419631 0.039793
0.417285 0.988977
0.413310 0.988822
0.416623 0.988970
0.415441 0.988913
0.415941 0.988942
0.419199 0.988945
0.418773 0.988989
0.422214 0.043952
0.419976 0.041501
0.420205 0.041587
0.419973 0.041518
0.421895 0.044194
0.420583 0.042194
0.419394 0.040189
0.426150 0.160777
0.420945 0.160471
0.418520 0.160285
0.420831 0.160465
0.423228 0.160625
0.428130 0.160860
0.421257 0.160497
0.423531 0.011665
0.418029 0.009775
0.421399 0.011940
0.421555 0.010912
0.421102 0.010726
0.425950 0.012588
0.420278 0.010391
0.426580 0.049617
0.428228 0.051468
0.426300 0.049259
0.431541 0.055200
0.429291 0.052719
0.427357 0.050536
0.424317 0.046541
0.419941 0.988989
0.426910 0.988835
0.422432 0.988921
0.430005 0.988757
0.427266 0.988826
0.420176 0.988984
0.423132 0.988924
0.432401 0.016044
0.432615 0.016283
0.433550 0.017297
0.434308 0.019039
0.429688 0.014103
0.431849 0.015727
0.431852 0.014872
0.430259 0.160889
0.432232 0.160909
0.435844 0.160539
0.427324 0.160829
0.432566 0.160863
0.426405 0.160837
0.432640 0.160335
0.438175 0.062497
0.433450 0.057224
0.432476 0.056218
0.431153 0.054871
0.433485 0.057297
0.436503 0.057430
0.431069 0.054735
0.437799 0.027483
0.433844 0.017745
0.434845 0.019673
0.436116 0.022628
0.436339 0.022901
0.436098 0.022330
0.434905 0.019715
0.432484 0.988689
0.436127 0.988588
0.436579 0.988572
0.442722 0.988415
0.433760 0.988668
0.440912 0.988440
0.437594 0.988557
0.438118 0.062394
0.440146 0.066117
0.439232 0.064866
0.439453 0.065182
0.437470 0.061874
0.439381 0.065141
0.437113 0.061546
0.441654 0.033996
0.442210 0.034738
0.439723 0.035382
0.440934 0.033225
0.439915 0.032662
0.439548 0.031034
0.441172 0.033394
0.442568 0.160192
0.440833 0.160324
0.436968 0.160548
0.434038 0.160749
0.437064 0.160539
0.446367 0.159768
0.444768 0.159975
0.445062 0.074171
0.447005 0.076415
0.445182 0.074501
0.444064 0.072260
0.442064 0.069169
0.445384 0.074806
0.446702 0.076102
0.441221 0.043807
0.445786 0.041771
0.445951 0.040751
0.445895 0.041101
0.439889 0.044628
0.440667 0.041037
0.445369 0.044112
0.443040 0.988406
0.446136 0.988342
0.446845 0.988324
0.446619 0.988333
0.445989 0.988352
0.442967 0.988411
0.445868 0.988356
0.455979 0.055006
0.445439 0.047731
0.445797 0.042068
0.445977 0.054673
0.444651 0.045959
0.446082 0.050433
0.445044 0.047652
0.450741 0.082064
0.450369 0.081078
0.455011 0.079548
0.450403 0.080942
0.447516 0.076897
0.454805 0.078966
0.451508 0.080747
0.450699 0.159448
0.454152 0.158245
0.453294 0.158196
0.446349 0.159838
0.451159 0.159230
0.453505 0.158265
0.458410 0.159081
0.458219 0.061221
0.457515 0.057914
0.457476 0.057784
0.460318 0.057906
0.459112 0.057435
0.460321 0.058226
0.458150 0.058777
0.451172 0.082039
0.456555 0.089463
0.456582 0.090209
0.457074 0.090446
0.450666 0.087470
0.457594 0.091358
0.450755 0.090069
0.459414 0.987908
0.455353 0.988089
0.457084 0.988043
0.454276 0.988064
0.453342 0.988132
0.455577 0.988072
0.456879 0.988054
0.459962 0.094994
0.461632 0.097610
0.462457 0.097191
0.460413 0.096581
0.461508 0.096669
0.460949 0.096235
0.461807 0.097135
0.462761 0.159999
0.468392 0.160689
0.457320 0.159532
0.458015 0.159005
0.462306 0.159746
0.458537 0.159103
0.463180 0.159914
0.463802 0.062712
0.463934 0.062915
0.461336 0.057867
0.467637 0.068047
0.463706 0.062562
0.464350 0.064210
0.467959 0.068562
0.466230 0.987543
0.472513 0.987254
0.461977 0.987776
0.465057 0.987610
0.469921 0.987369
0.467241 0.987507
0.466693 0.987562
0.468646 0.069839
0.470845 0.077086
0.469813 0.071581
0.470311 0.072315
0.467245 0.067534
0.470970 0.077938
0.469505 0.071307
0.471775 0.105468
0.468794 0.105362
0.471747 0.105626
0.467393 0.105836
0.467373 0.105753
0.465910 0.106222
0.468362 0.103076
0.469101 0.160799
0.472952 0.161285
0.468990 0.160787
0.472155 0.161220
0.467253 0.160520
0.469349 0.160848
0.473882 0.161433
0.478443 0.079614
0.476126 0.080328
0.475134 0.079333
0.476125 0.078586
0.477468 0.079516
0.473529 0.078784
0.473684 0.077205
0.478498 0.110734
0.475107 0.110056
0.480332 0.111020
0.476823 0.110611
0.479207 0.110850
0.477633 0.112250
0.477464 0.110548
0.475546 0.987048
0.475495 0.986905
0.478989 0.987137
0.475349 0.987413
0.477921 0.987119
0.478342 0.987112
0.475604 0.987214
0.484302 0.162470
0.480514 0.162261
0.482235 0.162494
0.480000 0.162088
0.481900 0.162549
0.487553 0.162167
0.482914 0.162527
0.477801 0.085100
0.479284 0.084120
0.479825 0.088067
0.481022 0.087916
0.485782 0.094152
0.475144 0.084142
0.480410 0.087919
0.485211 0.119401
0.486649 0.111087
0.484328 0.112129
0.487672 0.124670
0.485674 0.120368
0.483421 0.115444
0.491572 0.115978
0.486659 0.987372
0.489106 0.987428
0.487078 0.987380
0.480151 0.987234
0.486692 0.987373
0.486368 0.987366
0.488212 0.987406
0.490340 0.096756
0.486863 0.094575
0.494141 0.097615
0.490397 0.096303
0.486616 0.094483
0.492799 0.097012
0.483293 0.096650
0.491313 0.132510
0.487920 0.125162
0.486559 0.122289
0.487956 0.125287
0.489253 0.127873
0.490894 0.131255
0.490093 0.129539
0.491599 0.133136
0.492159 0.137021
0.491985 0.135472
0.492297 0.137045
0.490330 0.130809
0.492501 0.137934
0.491511 0.132152
0.485177 0.162382
0.492737 0.161361
0.494015 0.161419
0.493516 0.161701
0.492646 0.161731
0.493351 0.161676
0.492886 0.161616
0.503594 0.098425
0.502263 0.098771
0.496096 0.098227
0.496345 0.098287
0.497944 0.099091
0.497156 0.098478
0.499882 0.100478
0.497638 0.145276
0.496430 0.143636
0.493291 0.141261
0.497799 0.145538
0.498128 0.146106
0.499517 0.148783
0.497337 0.144843
0.496713 0.987533
0.503729 0.987674
0.496388 0.987550
0.495907 0.987520
0.503506 0.987663
0.498098 0.987556
0.499951 0.987593
0.502025 0.153878
0.502139 0.154136
0.502751 0.155600
0.500181 0.150092
0.499271 0.153397
0.502947 0.155540
0.498878 0.147529
0.506070 0.159734
0.499590 0.160907
0.500976 0.160708
0.503294 0.160024
0.504390 0.160565
0.501167 0.160708
0.503942 0.160521
0.507518 0.096149
0.500705 0.099945
0.510538 0.097219
0.511977 0.099257
0.509985 0.095180
0.505594 0.099095
0.499626 0.102524
0.507743 0.987736
0.507787 0.987949
0.510881 0.987556
0.504301 0.987752
0.506863 0.987775
0.507283 0.987736
0.510674 0.987086
0.515887 0.090644
0.510807 0.093613
0.520891 0.089275
0.513802 0.090076
0.513791 0.090093
0.514294 0.091487
0.513398 0.090905
0.516164 0.988925
0.517551 0.989372
0.515923 0.988789
0.514898 0.988979
0.515509 0.989134
0.520242 0.989881
0.518174 0.989540
0.531563 0.085920
0.529423 0.085866
0.517482 0.089534
0.523762 0.087440
0.523770 0.087506
0.521710 0.088147
0.521260 0.088264
0.521501 0.990110
0.532855 0.991559
0.524992 0.990574
0.528310 0.991008
0.527540 0.990912
0.534011 0.991682
0.521793 0.990156
0.530599 0.082497
0.532360 0.076928
0.527947 0.080138
0.532813 0.074602
0.530842 0.078628
0.527851 0.080081
0.531176 0.078822
0.541315 0.992415
0.539423 0.992248
0.538496 0.992099
0.538811 0.992194
0.537666 0.992080
0.540593 0.992363
0.533513 0.991623
0.536301 0.062415
0.538248 0.064287
0.536749 0.062583
0.538137 0.064190
0.536353 0.062235
0.535924 0.061831
0.542148 0.061236
0.545048 0.058786
0.546713 0.057648
0.546418 0.058020
0.546820 0.057929
0.549077 0.055623
0.546850 0.057742
0.549893 0.054914
0.548071 0.992955
0.552669 0.993259
0.551842 0.993139
0.553569 0.993322
0.547911 0.992944
0.550147 0.993094
0.547497 0.992865
0.555271 0.049797
0.558227 0.047600
0.555449 0.049663
0.555371 0.049794
0.555317 0.049763
0.555936 0.049303
0.560897 0.045948
0.556217 0.155723
0.555099 0.154435
0.557147 0.157103
0.557217 0.156757
0.557670 0.157143
0.560547 0.159659
0.557184 0.157116
0.560906 0.993754
0.558497 0.993609
0.558073 0.993637
0.563895 0.994200
0.559544 0.993654
0.560534 0.993608
0.557902 0.993630
0.558372 0.153216
0.561811 0.151410
0.560844 0.155872
0.566332 0.148770
0.560563 0.152662
0.555139 0.152519
0.563407 0.150476
0.563899 0.044148
0.563269 0.044396
0.563957 0.044111
0.560107 0.045520
0.563191 0.044344
0.568522 0.043599
0.563521 0.044171
0.564756 0.165229
0.565967 0.165026
0.568252 0.162676
0.565164 0.162663
0.563883 0.163892
0.565566 0.164756
0.562556 0.161269
0.570818 0.143618
0.569583 0.146730
0.570900 0.148236
0.568376 0.146922
0.569283 0.144972
0.569421 0.145607
0.569830 0.145357
0.567902 0.994810
0.573711 0.995926
0.568946 0.994952
0.565712 0.994511
0.562187 0.994042
0.563149 0.994143
0.564202 0.994306
0.573223 0.040340
0.575050 0.043059
0.575301 0.038138
0.568262 0.042163
0.568485 0.042105
0.578682 0.038927
0.575895 0.037682
0.574588 0.138385
0.573524 0.139829
0.575322 0.137362
0.577277 0.134777
0.576209 0.136259
0.575983 0.136517
0.573567 0.139812
0.576097 0.162259
0.569602 0.163231
0.576908 0.161069
0.576072 0.163504
0.582944 0.165035
0.582730 0.165005
0.574807 0.164080
0.573860 0.995390
0.578334 0.993596
0.578264 0.993331
0.579016 0.993502
0.573888 0.995289
0.578327 0.993568
0.580924 0.993759
0.581041 0.129735
0.580944 0.129816
0.580195 0.131143
0.584085 0.126238
0.585327 0.124804
0.582764 0.127750
0.577973 0.133915
0.576951 0.037022
0.579319 0.035567
0.581707 0.034130
0.583379 0.033393
0.582073 0.033973
0.581371 0.034343
0.586103 0.031893
0.580427 0.163362
0.590295 0.163037
0.589781 0.162972
0.587263 0.163416
0.584497 0.163934
0.589712 0.162779
0.579946 0.163986
0.585400 0.124724
0.584228 0.126077
0.588607 0.120843
0.584708 0.125527
0.592653 0.116903
0.592159 0.117892
0.588231 0.121419
0.587845 0.993426
0.591900 0.993222
0.592555 0.993006
0.588487 0.993399
0.587966 0.993435
0.583253 0.993572
0.588368 0.993413
0.592053 0.028978
0.586320 0.031862
0.585794 0.032026
0.587105 0.031339
0.590054 0.029865
0.591440 0.029191
0.591301 0.029237
0.594900 0.114690
0.592081 0.113412
0.596635 0.113077
0.593091 0.113581
0.595596 0.113687
0.593065 0.116249
0.592640 0.110977
0.601514 0.164394
0.592158 0.162836
0.600994 0.164791
0.602930 0.164642
0.596667 0.162562
0.596992 0.161677
0.596244 0.162510
0.599376 0.992995
0.599596 0.992962
0.607207 0.991202
0.599335 0.993009
0.600156 0.992771
0.595814 0.992989
0.599287 0.992882
0.595049 0.027999
0.604461 0.026026
0.604737 0.025942
0.597120 0.027508
0.601405 0.026565
0.597759 0.027103
0.603722 0.026463
0.604786 0.108947
0.605583 0.108771
0.609178 0.108042
0.604757 0.108954
0.607703 0.107775
0.604986 0.108903
0.608882 0.107963
0.607802 0.165905
0.605249 0.165256
0.602397 0.164482
0.609191 0.166235
0.607347 0.165803
0.610247 0.166439
0.604283 0.165008
0.610010 0.990594
0.609866 0.990620
0.608455 0.990919
0.607089 0.991225
0.607687 0.991098
0.612190 0.990190
0.610121 0.990543
0.610696 0.024991
0.612536 0.023657
0.614397 0.024004
0.613112 0.023716
0.614302 0.024356
0.611480 0.024949
0.615853 0.024075
0.619245 0.103560
0.617823 0.104871
0.617098 0.105046
0.620828 0.104831
0.620867 0.105150
0.616927 0.105146
0.621583 0.104591
0.616095 0.167420
0.614340 0.167172
0.616741 0.167482
0.609503 0.166246
0.613449 0.167025
0.621222 0.167582
0.619081 0.167783
0.612945 0.990027
0.617491 0.989165
0.621846 0.988367
0.617430 0.989175
0.615252 0.989589
0.616340 0.989389
0.623039 0.988103
0.621384 0.024361
0.622961 0.024468
0.621252 0.024357
0.619351 0.024232
0.626904 0.024722
0.622088 0.024422
0.622793 0.024448
0.625807 0.099575
0.625853 0.100523
0.628675 0.097189
0.624590 0.099891
0.628143 0.097422
0.622237 0.100901
0.626017 0.099191
0.626631 0.169033
0.626240 0.168757
0.627753 0.169195
0.625758 0.168842
0.620959 0.166964
0.628437 0.169254
0.629268 0.169333
0.633252 0.986623
0.621849 0.988387
0.627097 0.987269
0.631182 0.986846
0.626175 0.987515
0.632216 0.986714
0.630659 0.986892
0.635396 0.025145
0.634631 0.025150
0.627712 0.024765
0.635045 0.025116
0.634644 0.025133
0.629582 0.024871
0.633685 0.025090
0.631330 0.095005
0.628976 0.096940
0.631254 0.095082
0.629317 0.096672
0.630295 0.095870
0.632254 0.094087
0.635393 0.091097
0.638370 0.170422
0.638491 0.170444
0.640906 0.170839
0.636598 0.168794
0.632042 0.169656
0.636300 0.170025
0.635614 0.170016
0.641025 0.985489
0.632220 0.986713
0.637300 0.986049
0.641775 0.985359
0.639135 0.985803
0.638866 0.985837
0.642120 0.985290
0.638263 0.025263
0.645328 0.025474
0.635153 0.025172
0.642306 0.025386
0.644923 0.025454
0.642487 0.025391
0.642319 0.025410
0.638149 0.089344
0.642502 0.086335
0.638793 0.088911
0.640229 0.082373
0.640049 0.088174
0.644287 0.086102
0.642396 0.086344
0.649723 0.172653
0.645531 0.171997
0.644184 0.171794
0.649256 0.172581
0.642001 0.171418
0.644198 0.171771
0.650221 0.172708
0.646009 0.984564
0.653796 0.983035
0.644396 0.984875
0.647862 0.984234
0.652819 0.983235
0.649714 0.983872
0.649105 0.984010
0.652543 0.025658
0.655565 0.025763
0.655035 0.025736
0.654777 0.025735
0.645669 0.025473
0.658157 0.025886
0.657646 0.025867
0.645012 0.085852
0.650336 0.085118
0.653353 0.083626
0.652088 0.084131
0.648859 0.084921
0.652442 0.084019
0.647575 0.085220
0.663095 0.174255
0.650194 0.172713
0.652290 0.172865
0.656911 0.174065
0.658512 0.174432
0.658249 0.174461
0.659644 0.174369
0.660015 0.981638
0.658808 0.981908
0.660190 0.981604
0.660417 0.981551
0.664267 0.980750
0.665614 0.980469
0.654383 0.982903
0.660737 0.026073
0.662646 0.026199
0.658067 0.025866
0.664101 0.026320
0.663589 0.026404
0.666549 0.026554
0.666967 0.026682
0.661970 0.082129
0.666012 0.081340
0.665361 0.081414
0.662200 0.082077
0.666000 0.081344
0.667663 0.081021
0.659793 0.082540
0.673047 0.177515
0.668382 0.176525
0.672427 0.177214
0.673158 0.177499
0.674171 0.177908
0.668747 0.176592
0.672574 0.177282
0.668701 0.979824
0.669269 0.979696
0.664536 0.980670
0.669178 0.979707
0.672029 0.979019
0.663680 0.980871
0.675470 0.978082
0.666981 0.080837
0.671891 0.080413
0.675462 0.076994
0.671130 0.076617
0.676669 0.077180
0.672127 0.077929
0.673856 0.077404
0.678481 0.027341
0.677436 0.027100
0.674013 0.027387
0.672537 0.027278
0.670451 0.027052
0.675445 0.028943
0.672826 0.027717
0.679727 0.179708
0.673365 0.177575
0.676043 0.178465
0.675919 0.178429
0.676170 0.178508
0.674164 0.177907
0.672573 0.177281
0.681726 0.976383
0.680529 0.976713
0.675233 0.978164
0.679218 0.977060
0.677431 0.977586
0.681006 0.976495
0.672626 0.978877
0.676129 0.077222
0.683723 0.076583
0.683916 0.076579
0.682464 0.076701
0.681715 0.076766
0.682627 0.076689
0.683284 0.076635
0.685436 0.027136
0.689570 0.027084
0.682920 0.027189
0.686540 0.027126
0.682980 0.027194
0.684873 0.027318
0.679346 0.027882
0.686298 0.182342
0.686398 0.181840
0.682272 0.180611
0.686234 0.182661
0.686425 0.181722
0.687246 0.182122
0.686383 0.181928
0.694077 0.972533
0.691085 0.973513
0.687968 0.974511
0.694475 0.972418
0.687005 0.974788
0.692782 0.972862
0.689722 0.974006
0.695458 0.073102
0.688640 0.073530
0.697969 0.072365
0.691457 0.073831
0.693446 0.073219
0.693739 0.073303
0.693278 0.073339
0.690158 0.028233
0.689201 0.028191
0.696825 0.029404
0.692821 0.027037
0.693107 0.027274
0.694499 0.028385
0.692517 0.026857
0.692080 0.183650
0.692110 0.183648
0.697494 0.185297
0.699230 0.185864
0.696451 0.184972
0.698524 0.185647
0.693505 0.184072
0.695952 0.971918
0.704377 0.968096
0.700474 0.969989
0.698504 0.970873
0.700943 0.969763
0.694171 0.972487
0.696223 0.971817
0.704274 0.072686
0.704999 0.073373
0.702998 0.071304
0.702745 0.071275
0.705089 0.073446
0.705990 0.070215
0.703952 0.071413
0.703860 0.033426
0.701444 0.032148
0.703114 0.032744
0.699611 0.030817
0.703517 0.033137
0.701082 0.031682
0.706098 0.035552
0.711642 0.190346
0.704847 0.187766
0.703480 0.187298
0.707788 0.188848
0.706237 0.188274
0.704796 0.187772
0.704261 0.187640
0.709538 0.965428
0.712257 0.964636
0.709494 0.965441
0.710135 0.965261
0.714926 0.963925
0.712889 0.964469
0.712731 0.964549
0.709850 0.040616
0.710171 0.040080
0.706890 0.036454
0.712479 0.042887
0.713395 0.044503
0.708743 0.038295
0.711789 0.041808
0.709084 0.066465
0.707072 0.068986
0.710154 0.065081
0.711991 0.062649
0.708418 0.067310
0.715868 0.063572
0.710121 0.065128
0.715980 0.192023
0.709234 0.189403
0.718528 0.193061
0.718565 0.193033
0.714184 0.191326
0.718303 0.192932
0.719166 0.193283
0.716628 0.049247
0.716383 0.049612
0.716823 0.049778
0.718707 0.053867
0.717911 0.052684
0.714883 0.046287
0.713210 0.043812
0.720148 0.059392
0.719246 0.055036
0.716272 0.054917
0.714782 0.055179
0.719475 0.055654
0.718064 0.054719
0.719592 0.055342
0.717024 0.963354
0.713752 0.964247
0.720740 0.962322
0.715993 0.963643
0.722914 0.961695
0.722457 0.961790
0.717932 0.963105
0.727713 0.196790
0.727326 0.196639
0.725662 0.195933
0.722757 0.194745
0.729168 0.197498
0.726348 0.196241
0.725125 0.195712
0.728987 0.959913
0.734911 0.957253
0.729170 0.959836
0.728507 0.960003
0.729411 0.959700
0.734219 0.957545
0.728593 0.960009
0.739320 0.201774
0.730473 0.197930
0.730565 0.197997
0.729800 0.197648
0.733471 0.199206
0.732147 0.198647
0.733325 0.199154
0.739643 0.955048
0.736119 0.956563
0.738254 0.955720
0.737736 0.955964
0.742769 0.953453
0.737643 0.955937
0.742430 0.953671
0.745380 0.204455
0.739653 0.201940
0.746407 0.204873
0.750013 0.206505
0.742502 0.203165
0.747929 0.205543
0.747790 0.205477
0.743630 0.953101
0.747466 0.951226
0.745034 0.952416
0.749804 0.950051
0.750624 0.949599
0.748412 0.950755
0.743268 0.953270
0.753005 0.207932
0.751826 0.207369
0.753595 0.208226
0.753603 0.208203
0.753452 0.208135
0.756691 0.209741
0.749160 0.206111
0.760073 0.944633
0.750164 0.949866
0.759765 0.944793
0.757578 0.945949
0.762017 0.943624
0.751739 0.949034
0.758085 0.945680
0.762613 0.212660
0.768396 0.215177
0.766802 0.214556
0.763447 0.213073
0.763546 0.213265
0.766480 0.214463
0.764993 0.213974
0.766678 0.941377
0.766465 0.941463
0.768350 0.940645
0.769005 0.940461
0.769353 0.940270
0.766962 0.941254
0.762338 0.943381
0.773830 0.217242
0.773832 0.217243
0.773594 0.217184
0.773877 0.217254
0.771562 0.216441
0.773701 0.217212
0.772368 0.216922
0.777493 0.936476
0.775689 0.937385
0.776885 0.936739
0.781431 0.934949
0.774775 0.937806
0.774261 0.938055
0.777713 0.936431
0.780351 0.220915
0.782674 0.222282
0.779484 0.220430
0.780343 0.220904
0.776823 0.218937
0.781861 0.221859
0.782206 0.221988
0.786961 0.932338
0.780481 0.935228
0.787795 0.932840
0.790703 0.929625
0.781184 0.934729
0.787191 0.932477
0.789750 0.929882
0.786283 0.224310
0.788311 0.225561
0.790837 0.226906
0.791014 0.226915
0.791391 0.227037
0.792622 0.228300
0.790152 0.226635
0.789411 0.930180
0.796116 0.925779
0.798032 0.924710
0.798721 0.924282
0.799312 0.923908
0.796104 0.925865
0.794526 0.926879
0.805755 0.237841
0.800756 0.234920
0.800693 0.234685
0.798267 0.232599
0.799526 0.233674
0.797421 0.232298
0.799812 0.234519
0.802324 0.921995
0.803507 0.921239
0.803134 0.921497
0.801153 0.922705
0.805299 0.919947
0.806350 0.919176
0.804249 0.920512
0.805441 0.237653
0.803603 0.236541
0.808274 0.239373
0.811355 0.241368
0.808104 0.239261
0.808090 0.239251
0.807927 0.239154
0.810080 0.916401
0.812820 0.914306
0.815366 0.912438
0.809033 0.917191
0.809372 0.916935
0.812792 0.914338
0.813986 0.913453
0.821079 0.247775
0.816507 0.244760
0.820855 0.247657
0.821470 0.248138
0.810773 0.241016
0.819363 0.246790
0.815792 0.244269
0.820550 0.908620
0.819286 0.909553
0.822634 0.907071
0.817143 0.911131
0.817653 0.910758
0.819105 0.909689
0.816752 0.911421
0.825041 0.251421
0.823792 0.250190
0.824643 0.250964
0.824900 0.251216
0.826807 0.252893
0.825258 0.251488
0.823434 0.249860
0.829769 0.901732
0.823676 0.906296
0.829816 0.901677
0.830355 0.901321
0.827875 0.903174
0.833726 0.898851
0.830155 0.901381
0.832397 0.257866
0.831183 0.256777
0.832736 0.258165
0.834700 0.259821
0.834751 0.259900
0.834417 0.259611
0.836757 0.261523
0.838160 0.895563
0.833582 0.898956
0.837887 0.895764
0.838424 0.895360
0.835674 0.897417
0.835588 0.897478
0.838715 0.895126
0.844086 0.267446
0.843106 0.266657
0.837236 0.261925
0.844748 0.267957
0.842855 0.266455
0.842550 0.266222
0.841777 0.265593
0.847672 0.888145
0.843482 0.891422
0.841146 0.893261
0.848870 0.887161
0.843722 0.891236
0.851784 0.884832
0.844300 0.890803
0.848886 0.271256
0.849283 0.271590
0.844618 0.267871
0.848509 0.270986
0.846152 0.269055
0.848307 0.270796
0.846109 0.269022
0.854924 0.882109
0.856223 0.881249
0.856434 0.881059
0.857800 0.879667
0.856939 0.880537
0.854855 0.882250
0.858013 0.879064
0.851897 0.273738
0.859267 0.279865
0.854003 0.275513
0.861222 0.281539
0.855083 0.276376
0.855883 0.277040
0.859828 0.280321
0.864809 0.872344
0.858835 0.878427
0.862755 0.874462
0.860350 0.876790
0.858553 0.878819
0.865901 0.871172
0.861653 0.875637
0.867991 0.287692
0.861717 0.281979
0.862728 0.282871
0.862408 0.282620
0.860465 0.280881
0.862031 0.282240
0.867934 0.287659
0.873224 0.863243
0.866189 0.870854
0.865225 0.871901
0.867098 0.869843
0.869787 0.867030
0.870962 0.865763
0.869496 0.867346
0.872122 0.291469
0.872095 0.291432
0.868407 0.288073
0.872297 0.291639
0.872566 0.291911
0.872381 0.291720
0.872289 0.291626
0.880212 0.855108
0.876215 0.859889
0.875579 0.860581
0.878014 0.857752
0.875910 0.860261
0.876120 0.860012
0.873350 0.863104
0.879886 0.299480
0.876877 0.296507
0.879858 0.299479
0.879447 0.299034
0.879317 0.298906
0.883910 0.303354
0.878644 0.298216
0.883611 0.851005
0.884086 0.850428
0.880758 0.854474
0.879652 0.855727
0.880401 0.854883
0.884866 0.849468
0.885707 0.848398
0.887316 0.306672
0.885825 0.305788
0.886138 0.306195
0.887877 0.307195
0.886360 0.305850
0.887220 0.306624
0.887364 0.306691
0.890093 0.843022
0.890431 0.842641
0.892337 0.840479
0.892578 0.840226
0.889969 0.843041
0.892421 0.840381
0.890229 0.842916
0.893592 0.317993
0.892918 0.317417
0.891717 0.314743
0.893443 0.317287
0.893145 0.317587
0.889969 0.311927
0.893560 0.317435
0.897241 0.834841
0.894436 0.838127
0.895324 0.837075
0.897467 0.834575
0.899903 0.831555
0.894425 0.838127
0.897495 0.834542
0.898976 0.323076
0.898604 0.322510
0.898828 0.322713
0.899081 0.322976
0.899408 0.323351
0.898909 0.322819
0.893975 0.318186
0.905046 0.330199
0.901055 0.325319
0.902676 0.327275
0.904514 0.329515
0.904427 0.329948
0.905048 0.330262
0.905450 0.330806
0.907068 0.822846
0.905080 0.825468
0.903957 0.826733
0.900951 0.830371
0.905363 0.825028
0.905270 0.825206
0.905136 0.825388
0.908838 0.335734
0.910265 0.337858
0.910539 0.338420
0.913148 0.342368
0.911736 0.340142
0.911170 0.339291
0.908426 0.335147
0.913650 0.814017
0.914826 0.812489
0.913871 0.814095
0.913520 0.814680
0.911416 0.816695
0.914695 0.812738
0.908692 0.820726
0.916732 0.348011
0.915010 0.345281
0.916256 0.347220
0.915240 0.345636
0.916578 0.347767
0.919611 0.352408
0.917056 0.348507
0.915882 0.810666
0.916380 0.809919
0.916823 0.809158
0.918512 0.806300
0.915399 0.811483
0.915148 0.811951
0.916216 0.810182
0.923478 0.358559
0.920527 0.353850
0.919590 0.352371
0.920276 0.353456
0.919718 0.352589
0.921950 0.356093
0.924096 0.359516
0.921202 0.801739
0.923341 0.798419
0.921216 0.801690
0.929525 0.788905
0.922283 0.800032
0.926924 0.792955
0.928016 0.791271
0.927463 0.365015
0.929909 0.369435
0.924275 0.359955
0.927009 0.364278
0.927037 0.364627
0.925788 0.362228
0.926491 0.363350
0.930273 0.787730
0.930554 0.787291
0.929800 0.788475
0.927211 0.792533
0.932515 0.784255
0.929821 0.788441
0.930709 0.787050
0.928652 0.367074
0.929351 0.368440
0.927972 0.365863
0.928003 0.366082
0.927848 0.365615
0.929292 0.368270
0.930694 0.370958
0.934013 0.377205
0.933141 0.375551
0.933945 0.377073
0.936380 0.381224
0.938090 0.384097
0.936819 0.381935
0.934005 0.377233
0.936630 0.777840
0.938333 0.775171
0.936686 0.777793
0.938026 0.775659
0.935494 0.779637
0.938049 0.775645
0.937888 0.775901
0.938871 0.385376
0.941184 0.389142
0.944373 0.394244
0.941486 0.389589
0.939222 0.385932
0.941443 0.389580
0.940711 0.388374
0.942296 0.768685
0.941972 0.769232
0.943665 0.766356
0.942348 0.768623
0.942475 0.768408
0.941709 0.769623
0.942047 0.769023
0.944209 0.394283
0.944322 0.394202
0.948079 0.399955
0.943258 0.393330
0.946838 0.398189
0.946254 0.397197
0.944209 0.395368
0.947296 0.760221
0.946970 0.760768
0.949391 0.756895
0.944895 0.764275
0.947422 0.760021
0.946257 0.761094
0.945085 0.763962
0.949954 0.403370
0.950064 0.403483
0.949382 0.402249
0.949696 0.402770
0.951325 0.405661
0.947838 0.399603
0.952766 0.408439
0.951740 0.752767
0.952381 0.751864
0.950737 0.754764
0.954111 0.749751
0.956735 0.745301
0.952800 0.751230
0.955847 0.746172
0.955251 0.413297
0.958385 0.419474
0.955911 0.414552
0.954740 0.412189
0.956629 0.415907
0.956020 0.415074
0.953834 0.410500
0.961606 0.740626
0.956279 0.743518
0.955708 0.744501
0.955538 0.744473
0.957951 0.743760
0.961575 0.740527
0.957762 0.738378
0.958413 0.419598
0.958354 0.419876
0.958191 0.419108
0.960155 0.424245
0.959141 0.421444
0.961723 0.428176
0.958175 0.419181
0.963843 0.433727
0.964001 0.433906
0.962758 0.431054
0.963893 0.433840
0.962430 0.430162
0.964894 0.436262
0.962823 0.431220
0.961897 0.726954
0.962067 0.727252
0.962020 0.729775
0.962077 0.728804
0.961947 0.727041
0.961851 0.726873
0.963340 0.723672
0.966446 0.439601
0.966679 0.440126
0.967415 0.442470
0.965743 0.438579
0.966674 0.440108
0.967156 0.441652
0.965840 0.438644
0.966399 0.716305
0.968380 0.712274
0.968408 0.712218
0.968147 0.711330
0.965386 0.718794
0.968193 0.712644
0.967352 0.714309
0.970912 0.451394
0.970469 0.450268
0.971098 0.451871
0.969326 0.447389
0.969658 0.448226
0.970705 0.450865
0.967887 0.443666
0.972909 0.456496
0.973745 0.458777
0.972483 0.455398
0.973082 0.456940
0.973219 0.457311
0.972490 0.455414
0.971309 0.452408
0.970707 0.697693
0.970285 0.697352
0.970470 0.699265
0.970913 0.697105
0.971962 0.694823
0.970451 0.697730
0.971123 0.695317
0.976143 0.465587
0.976125 0.465413
0.975921 0.464930
0.974566 0.461140
0.976810 0.468232
0.975546 0.464059
0.975004 0.462372
0.979892 0.479194
0.978274 0.473946
0.978196 0.473739
0.977516 0.471821
0.979117 0.476699
0.976139 0.466090
0.977408 0.471468
0.975127 0.686838
0.977793 0.682944
0.975586 0.680670
0.978639 0.674027
0.974753 0.682441
0.974956 0.682602
0.976972 0.683848
0.977008 0.683992
0.975004 0.687025
0.977862 0.682957
0.976000 0.685517
0.975581 0.686959
0.973877 0.688799
0.976747 0.684400
0.981140 0.483507
0.981119 0.483419
0.980205 0.480327
0.981396 0.484812
0.980761 0.482094
0.982175 0.489566
0.980555 0.481382
0.983421 0.496146
0.983436 0.496327
0.982291 0.489692
0.984149 0.500911
0.983454 0.496338
0.982092 0.488583
0.982888 0.493116
0.983938 0.652389
0.982847 0.655754
0.982713 0.656338
0.984013 0.652117
0.980508 0.661558
0.982128 0.656546
0.979955 0.662072
0.980820 0.666382
0.980268 0.664471
0.980313 0.667947
0.980787 0.666308
0.980976 0.666893
0.980874 0.666548
0.979857 0.669919
0.985029 0.507013
0.984212 0.501176
0.983457 0.496341
0.984825 0.505352
0.984872 0.505699
0.984447 0.502738
0.984459 0.502800
0.985408 0.509698
0.984972 0.517767
0.985376 0.509449
0.986057 0.515159
0.986286 0.516625
0.986323 0.518142
0.985718 0.512236
0.985046 0.520628
0.983944 0.518782
0.986910 0.522340
0.985866 0.517576
0.984166 0.518933
0.987847 0.527738
0.987070 0.524033
0.988642 0.531720
0.988378 0.529998
0.988588 0.532341
0.988792 0.532914
0.987378 0.526672
0.988550 0.531193
0.988256 0.529543
0.988758 0.626973
0.988135 0.628781
0.988588 0.626431
0.988745 0.625555
0.988485 0.624809
0.988276 0.628597
0.986634 0.631103
0.987646 0.636454
0.985512 0.633346
0.987795 0.632132
0.985789 0.633597
0.987333 0.630300
0.987226 0.636737
0.987694 0.630145
0.988006 0.640814
0.988005 0.640800
0.986216 0.645893
0.987980 0.640963
0.987111 0.643237
0.986388 0.634978
0.988047 0.640667
0.989232 0.539434
0.991181 0.541785
0.989489 0.538400
0.991115 0.543701
0.991306 0.543456
0.989178 0.539869
0.988669 0.532062
0.992713 0.547276
0.992550 0.546436
0.992635 0.546815
0.992527 0.548047
0.989447 0.541185
0.992073 0.546199
0.989102 0.540846
0.992217 0.559984
0.992638 0.557430
0.992082 0.563267
0.992676 0.556944
0.987769 0.562253
0.988534 0.562826
0.992694 0.557636
0.992036 0.565661
0.991329 0.566083
0.992147 0.566239
0.990338 0.572187
0.993703 0.567278
0.993214 0.567160
0.992371 0.566360
0.992648 0.577920
0.992476 0.576228
0.992801 0.578657
0.992401 0.576123
0.990738 0.571497
0.992150 0.575905
0.992387 0.576190
0.994105 0.586420
0.987482 0.585684
0.994489 0.587690
0.989396 0.588381
0.994702 0.591242
0.994180 0.587648
0.987442 0.585010
0.991074 0.588831
0.989903 0.589036
0.994297 0.591581
0.991112 0.588636
0.993701 0.596900
0.992784 0.597574
0.989958 0.589467
0.992832 0.604616
0.993186 0.602216
0.993073 0.603706
0.992896 0.604319
0.993021 0.603776
0.993190 0.602216
0.992812 0.604600
0.990687 0.614719
0.991489 0.610850
0.990544 0.615443
0.991548 0.610586
0.991569 0.610483
0.991167 0.612389
0.990865 0.613851
