33.815043 282.664508
103.295928 274.160510
101.403488 284.440484
150.889118 288.985167
145.210408 271.068867
218.041250 265.908465
212.981288 298.183960
235.397571 297.048153
260.459396 298.215960
245.123387 261.790710
269.325865 261.350690
285.005254 238.048621
277.659551 214.554961
272.617024 202.045859
264.576760 176.325023
252.913636 112.633461
243.119528 59.790963
227.240698 15.380344
252.646793 53.889778
270.067040 110.505331
290.633094 156.680938
299.378228 180.118537
307.051504 197.435848
318.528934 226.908249
337.270417 238.359445
357.922474 227.236972
377.806430 218.070034
406.804201 202.590084
423.934303 185.574171
461.534505 161.367002
486.663921 146.477945
541.614899 115.030739
495.079255 159.691545
459.202983 184.779644
433.140062 216.036916
418.988204 222.174477
376.098631 263.583048
360.121132 264.408958
366.518643 294.271703
385.814275 306.380847
399.393081 317.133522
428.973915 340.891281
468.498443 371.414973
493.254179 400.052802
540.370388 445.293637
488.337113 409.527580
434.364655 373.103569
373.633463 344.074003
368.280655 333.596494
339.279472 319.291927
321.160761 325.891773
309.418891 356.747571
304.111563 368.496835
288.054916 401.049949
258.750380 484.493382
230.537737 529.845350
241.903222 480.766951
271.631958 384.780597
274.957400 339.976579
282.026994 321.138280
280.956320 295.854704
