11.444867 269.143782
116.446873 289.776117
86.226141 287.773541
145.073642 285.769513
163.180455 283.386660
209.974599 261.415088
199.593267 301.788986
239.779345 280.702139
259.916310 283.512509
255.648729 281.412806
261.518013 272.930037
269.927157 240.753535
275.914264 223.060809
245.238370 206.501557
267.890245 184.875674
255.518826 109.652270
240.375928 49.147071
243.101849 12.895486
254.827209 54.824452
290.513559 123.185989
289.346358 161.813189
283.892962 179.147297
333.876256 197.017749
335.899732 222.305301
325.001178 240.447569
354.080364 232.239253
375.773355 229.456275
404.763571 207.353576
428.401142 192.745536
450.068036 154.778307
509.895052 153.041541
544.631996 119.696931
488.420290 140.832890
445.866751 171.584323
434.393323 207.796039
419.942678 221.788437
384.286787 247.730245
377.049291 263.231708
366.177873 284.322721
383.012691 313.125547
405.691033 319.772807
402.098628 351.428515
465.684680 376.587232
482.538800 394.205087
542.231436 454.156614
480.547102 399.747999
459.539467 378.357449
368.798633 330.573871
371.476477 346.096053
349.952132 318.311938
334.803128 314.520793
324.899784 362.257886
301.558587 368.474922
307.648711 394.504877
260.235480 477.627458
233.719179 530.413996
245.761957 465.469676
265.664160 381.850946
276.454833 332.609574
273.459086 307.398695
292.555637 304.994026
