429.000000 847.000000
429.000000 857.000000
429.000000 867.000000
429.000000 877.000000
429.000000 887.000000
429.000000 897.000000
429.000000 907.000000
429.000000 917.000000
472.445333 956.482447
429.000000 937.000000
429.000000 1047.000000
429.000000 1057.000000
429.000000 1067.000000
434.000000 822.000000
434.000000 832.000000
434.000000 946.000000
434.000000 1037.000000
434.000000 1076.000000
439.000000 797.000000
508.469428 839.285479
439.000000 955.000000
439.000000 1085.000000
442.000000 965.000000
442.000000 1029.000000
444.000000 782.000000
445.000000 1093.000000
449.000000 767.000000
417.297881 956.406345
451.000000 1024.000000
454.000000 752.000000
455.000000 1095.000000
459.000000 742.000000
459.000000 977.000000
461.000000 1024.000000
464.000000 732.000000
465.000000 1095.000000
469.000000 722.000000
469.000000 980.000000
470.000000 1029.000000
475.000000 1095.000000
477.000000 714.000000
478.000000 985.000000
480.000000 1032.000000
485.000000 1095.000000
487.000000 709.000000
487.000000 990.000000
488.000000 1039.000000
492.000000 699.000000
495.000000 1095.000000
497.000000 994.000000
497.000000 1044.000000
502.000000 694.000000
505.000000 1095.000000
507.000000 995.000000
507.000000 1044.000000
512.000000 689.000000
515.000000 1095.000000
516.000000 1000.000000
517.000000 1044.000000
520.000000 681.000000
525.000000 1095.000000
526.000000 1000.000000
527.000000 1044.000000
530.000000 676.000000
535.000000 1095.000000
536.000000 1003.000000
537.000000 1044.000000
538.000000 669.000000
545.000000 1095.000000
546.000000 1005.000000
547.000000 664.000000
547.000000 1044.000000
555.000000 656.000000
555.000000 1095.000000
556.000000 1005.000000
557.000000 1044.000000
565.000000 651.000000
565.000000 1010.000000
565.000000 1095.000000
567.000000 1044.000000
575.000000 646.000000
575.000000 1010.000000
575.000000 1095.000000
577.000000 1044.000000
583.000000 639.000000
585.000000 1010.000000
585.000000 1095.000000
587.000000 1044.000000
592.000000 634.000000
594.000000 1090.000000
595.000000 1010.000000
597.000000 1044.000000
601.000000 629.000000
604.000000 1015.000000
604.000000 1090.000000
607.000000 1044.000000
610.000000 624.000000
613.512445 1005.184044
614.000000 1090.000000
617.000000 1044.000000
619.000000 619.000000
624.000000 1015.000000
624.000000 1090.000000
627.000000 1044.000000
628.000000 614.000000
634.000000 1015.000000
634.000000 1090.000000
640.305986 573.791007
573.733755 1025.175427
644.000000 1015.000000
644.000000 1090.000000
647.000000 609.000000
647.000000 1039.000000
574.192501 1015.053760
654.000000 1090.000000
656.000000 604.000000
657.000000 1039.000000
664.000000 1015.000000
634.118915 1055.232386
666.000000 600.000000
667.000000 1034.000000
673.000000 1085.000000
674.000000 1015.000000
676.000000 599.000000
677.000000 1034.000000
683.000000 1085.000000
717.668556 997.931186
684.000000 1025.000000
685.000000 594.000000
693.000000 1085.000000
695.000000 594.000000
702.000000 1080.000000
705.000000 591.000000
636.419052 1089.915845
715.000000 589.000000
722.000000 1079.000000
725.000000 589.000000
732.000000 1075.000000
734.000000 584.000000
742.000000 1075.000000
744.000000 584.000000
752.000000 1074.000000
754.000000 584.000000
762.000000 1070.000000
764.000000 584.000000
772.000000 1070.000000
774.000000 584.000000
779.000000 462.000000
779.000000 472.000000
779.000000 482.000000
750.477092 1064.546321
784.000000 452.000000
784.000000 491.000000
784.000000 584.000000
789.000000 442.000000
789.000000 500.000000
792.000000 1065.000000
794.000000 584.000000
797.000000 434.000000
798.000000 505.000000
802.000000 1064.000000
804.000000 584.000000
807.000000 429.000000
807.000000 510.000000
812.000000 1060.000000
814.000000 584.000000
817.000000 429.000000
817.000000 510.000000
819.000000 532.000000
822.000000 1059.000000
824.000000 522.000000
824.000000 541.000000
824.000000 584.000000
827.000000 429.000000
827.000000 510.000000
832.000000 1055.000000
834.000000 545.000000
834.000000 584.000000
837.000000 429.000000
841.000000 1050.000000
843.000000 550.000000
844.000000 584.000000
847.000000 429.000000
849.000000 558.000000
849.000000 568.000000
851.000000 1050.000000
857.000000 429.000000
783.387806 1037.269475
858.143011 423.160448
870.000000 1045.000000
877.000000 429.000000
880.000000 1045.000000
887.000000 429.000000
890.000000 485.000000
890.000000 495.000000
948.045707 998.318979
895.000000 504.000000
895.000000 530.000000
895.000000 540.000000
895.000000 550.000000
897.000000 429.000000
897.000000 560.000000
899.000000 490.000000
900.000000 1040.000000
902.000000 569.000000
904.000000 509.000000
905.000000 525.000000
907.000000 429.000000
909.000000 490.000000
910.000000 1035.000000
911.000000 574.000000
917.000000 429.000000
918.000000 485.000000
920.000000 579.000000
920.000000 1035.000000
927.000000 429.000000
983.702495 500.728744
930.000000 579.000000
930.000000 1035.000000
937.000000 429.000000
938.000000 478.000000
940.000000 579.000000
940.000000 1030.000000
945.000000 470.000000
946.000000 434.000000
950.000000 460.000000
950.000000 579.000000
950.000000 1025.000000
954.000000 441.000000
955.000000 451.000000
958.000000 1018.000000
959.000000 574.000000
1007.643678 1028.853851
960.000000 990.000000
960.000000 1000.000000
965.000000 566.000000
915.039250 994.531287
973.000000 559.000000
980.000000 975.000000
982.000000 554.000000
990.000000 975.000000
991.000000 549.000000
1000.000000 975.000000
1001.000000 549.000000
1010.000000 975.000000
1011.000000 549.000000
1020.000000 975.000000
1021.000000 549.000000
1030.000000 554.000000
1030.000000 975.000000
1040.000000 557.000000
1040.000000 975.000000
1043.926742 584.975445
1050.000000 975.000000
1059.000000 566.000000
1060.000000 975.000000
1068.000000 571.000000
1070.000000 975.000000
1075.000000 579.000000
1080.000000 975.000000
1084.000000 584.000000
1090.000000 660.000000
1090.000000 670.000000
1090.000000 680.000000
1090.000000 975.000000
1094.000000 586.000000
1100.000000 660.000000
1100.000000 684.000000
1100.000000 975.000000
1104.000000 589.000000
1110.000000 660.000000
1110.000000 684.000000
1110.000000 975.000000
1114.000000 589.000000
1120.000000 660.000000
1120.000000 684.000000
1120.000000 845.000000
1120.000000 855.000000
1151.086308 829.530059
1173.373941 859.779501
1120.000000 975.000000
1124.000000 589.000000
1125.000000 884.000000
1129.000000 655.000000
1081.753936 843.377133
1130.000000 684.000000
1130.000000 975.000000
1134.000000 589.000000
1134.000000 879.000000
1139.000000 655.000000
1139.000000 837.000000
1140.000000 684.000000
1140.000000 970.000000
1147.822516 868.889880
1144.000000 589.000000
1149.000000 655.000000
1149.000000 679.000000
1149.000000 835.000000
1260.249622 934.999895
1153.000000 874.000000
1154.000000 589.000000
1199.244940 628.443475
1159.000000 679.000000
1159.000000 832.000000
1160.000000 965.000000
1162.000000 869.000000
1164.000000 589.000000
1169.000000 652.000000
1169.000000 679.000000
1169.000000 830.000000
1170.000000 960.000000
1163.305582 893.978057
1174.000000 589.000000
1179.000000 647.000000
1179.000000 679.000000
1179.000000 830.000000
1180.000000 955.000000
1181.000000 874.000000
1184.000000 589.000000
1185.000000 945.000000
1188.000000 674.000000
1189.000000 642.000000
1189.000000 830.000000
1190.000000 879.000000
1190.000000 935.000000
1193.000000 594.000000
1195.000000 888.000000
1195.000000 925.000000
1198.000000 674.000000
1198.000000 825.000000
1199.000000 637.000000
1200.000000 897.000000
1200.000000 907.000000
1202.000000 599.000000
1207.000000 629.000000
1208.000000 674.000000
1208.000000 825.000000
1210.000000 605.000000
1212.000000 619.000000
1218.000000 674.000000
1218.000000 825.000000
1227.000000 820.000000
1228.000000 674.000000
1237.000000 669.000000
1237.000000 820.000000
1246.000000 815.000000
1247.000000 669.000000
1255.000000 810.000000
1257.000000 669.000000
1265.000000 810.000000
1267.000000 669.000000
1274.000000 805.000000
1277.000000 669.000000
1284.000000 802.000000
1287.000000 669.000000
1294.000000 800.000000
1297.000000 669.000000
1304.000000 797.000000
1307.000000 669.000000
1314.000000 792.000000
1316.000000 664.000000
1324.000000 787.000000
1326.000000 664.000000
1334.000000 782.000000
1336.000000 664.000000
1344.000000 777.000000
1346.000000 664.000000
1354.000000 772.000000
1355.000000 659.000000
1371.503855 722.453571
1365.000000 659.000000
1323.123042 761.917436
1375.000000 659.000000
1384.000000 762.000000
1444.487353 695.776688
1394.000000 757.000000
1395.000000 659.000000
1404.000000 755.000000
1405.000000 659.000000
1414.000000 752.000000
1415.000000 659.000000
1424.000000 747.000000
1463.534448 719.607231
1432.000000 740.000000
1435.000000 654.000000
1442.000000 740.000000
1445.000000 651.000000
1451.000000 735.000000
1406.339173 634.567072
1461.000000 735.000000
1465.000000 646.000000
1470.000000 730.000000
1475.000000 641.000000
1480.000000 725.000000
1485.000000 639.000000
1490.000000 725.000000
1494.000000 634.000000
1500.000000 720.000000
1504.000000 632.000000
1510.000000 720.000000
1514.000000 629.000000
1520.000000 720.000000
1524.000000 629.000000
1530.000000 715.000000
1534.000000 629.000000
1540.000000 715.000000
1544.000000 629.000000
1550.000000 715.000000
1554.000000 629.000000
1560.000000 715.000000
1563.000000 634.000000
1570.000000 715.000000
1572.000000 639.000000
1579.000000 710.000000
1581.000000 644.000000
1587.000000 704.000000
1589.000000 651.000000
1595.000000 659.000000
1595.000000 690.000000
1630.237456 644.874525
1600.000000 678.000000
