189.000000 522.000000
189.000000 532.000000
189.000000 542.000000
189.000000 552.000000
189.000000 562.000000
189.000000 572.000000
194.000000 512.000000
194.000000 581.000000
199.000000 502.000000
199.000000 590.000000
199.000000 600.000000
199.000000 610.000000
199.000000 620.000000
199.000000 630.000000
199.000000 640.000000
202.000000 650.000000
195.190470 328.685123
204.000000 332.000000
204.000000 342.000000
204.000000 352.000000
204.000000 362.000000
204.000000 492.000000
204.000000 660.000000
209.000000 312.000000
209.000000 371.000000
209.000000 669.000000
209.000000 679.000000
212.000000 484.000000
214.000000 302.000000
214.000000 380.000000
214.000000 688.000000
215.000000 698.000000
217.000000 390.000000
219.000000 708.000000
219.000000 718.000000
224.581523 519.915488
220.000000 728.000000
222.000000 294.000000
222.000000 399.000000
224.000000 738.000000
224.000000 748.000000
224.000000 758.000000
225.000000 768.000000
229.000000 407.000000
229.000000 778.000000
230.000000 286.000000
230.000000 471.000000
230.075299 792.050829
234.000000 797.000000
237.000000 414.000000
238.000000 464.000000
242.698221 803.799075
239.000000 816.000000
240.000000 281.000000
244.000000 422.000000
244.000000 452.000000
246.000000 824.000000
248.000000 274.000000
249.000000 431.000000
249.000000 441.000000
251.000000 833.000000
257.000000 269.000000
259.000000 840.000000
259.000000 932.000000
259.000000 942.000000
259.000000 952.000000
264.000000 917.000000
274.145737 940.532406
264.000000 971.000000
267.000000 264.000000
268.000000 845.000000
269.000000 907.000000
269.000000 980.000000
269.000000 1047.000000
269.000000 1057.000000
269.000000 1067.000000
272.000000 990.000000
274.000000 853.000000
274.000000 892.000000
274.000000 1000.000000
274.000000 1027.000000
274.000000 1037.000000
260.858895 287.612390
277.000000 1074.000000
279.000000 862.000000
279.000000 872.000000
279.000000 882.000000
279.000000 1009.000000
285.000000 1080.000000
287.000000 264.000000
294.000000 1085.000000
297.000000 264.000000
304.000000 1085.000000
307.000000 264.000000
313.000000 1090.000000
317.000000 264.000000
317.844133 1104.688660
326.000000 269.000000
332.000000 1095.000000
336.000000 269.000000
342.000000 1095.000000
345.000000 274.000000
352.000000 1095.000000
355.000000 274.000000
362.000000 1095.000000
364.000000 279.000000
372.000000 1095.000000
373.000000 284.000000
382.000000 289.000000
382.000000 1095.000000
389.000000 297.000000
390.000000 995.000000
392.000000 1005.000000
392.000000 1095.000000
395.000000 450.000000
395.000000 460.000000
395.000000 980.000000
397.000000 304.000000
400.000000 314.000000
400.000000 435.000000
400.000000 469.000000
400.000000 970.000000
400.000000 1012.000000
402.000000 1095.000000
405.000000 323.000000
405.000000 420.000000
405.000000 955.000000
408.000000 475.000000
408.000000 1019.000000
410.000000 332.000000
410.000000 342.000000
410.000000 352.000000
410.000000 362.000000
410.000000 372.000000
410.000000 382.000000
410.000000 392.000000
410.000000 402.000000
431.801383 892.456477
412.000000 1094.000000
415.000000 483.000000
415.000000 915.000000
415.000000 925.000000
417.000000 1024.000000
420.000000 492.000000
420.000000 900.000000
420.000000 1085.000000
425.000000 501.000000
433.274060 507.327131
425.000000 521.000000
425.000000 890.000000
426.000000 1029.000000
429.000000 1080.000000
430.000000 530.000000
430.000000 570.000000
430.000000 580.000000
430.000000 825.000000
431.337294 787.660502
430.000000 880.000000
432.000000 540.000000
432.000000 590.000000
432.000000 845.000000
435.000000 550.000000
435.000000 560.000000
435.000000 600.000000
435.000000 855.000000
435.000000 865.000000
435.000000 1034.000000
421.014152 809.962194
438.000000 1075.000000
440.000000 609.000000
445.000000 618.000000
445.000000 628.000000
445.000000 810.000000
445.000000 1034.000000
448.000000 1075.000000
450.000000 637.000000
450.000000 647.000000
450.000000 780.000000
452.000000 790.000000
453.000000 803.000000
455.000000 656.000000
462.238593 749.125037
455.000000 1037.000000
458.000000 666.000000
458.000000 1073.000000
460.000000 676.000000
462.000000 1045.000000
476.961172 746.827760
465.000000 685.000000
465.000000 695.000000
465.000000 1065.000000
462.311626 689.802625
470.000000 714.000000
470.000000 1052.000000
472.000000 759.000000
475.000000 723.000000
477.000000 749.000000
480.000000 732.000000
