-4.971672 207.680580
8.801822 206.531831
-1.729030 207.733584
-2.561879 208.846442
0.723663 205.974808
1.098195 197.014594
-5.447670 200.126398
-2.274932 211.657158
0.991338 220.578707
-1.098244 218.675130
1.596384 224.666059
5.595690 214.080340
2.389909 217.326733
-7.603532 213.665646
5.287401 234.970495
-1.432098 234.071616
-2.588928 239.612959
-4.039471 234.089253
0.407695 230.368764
-1.514502 237.032203
-0.264733 235.108446
1.706187 200.998519
1.870216 190.788972
10.004892 197.074555
-2.073510 188.075641
2.492845 192.528700
0.594515 190.718760
2.071241 197.190407
0.205394 259.271340
-3.737623 251.871456
-2.937052 247.494680
-3.538773 256.860186
9.293789 246.532773
4.209145 247.764956
-0.450007 248.835184
10.443963 168.505205
2.506018 173.782071
4.352643 175.740059
2.382326 178.821473
10.070343 174.068278
6.401740 166.490449
6.405704 176.805059
4.644518 270.360140
4.309686 265.233007
8.355129 271.274380
6.763649 266.568889
6.745985 261.074460
-0.297596 268.697817
8.810424 263.271567
4.655309 164.385969
6.937176 161.950520
5.061586 160.680106
14.255094 162.683137
1.131083 164.171503
6.350905 161.420535
1.983413 161.140238
9.241992 146.242255
4.073391 141.197174
13.137780 150.933033
3.227121 153.968528
15.904931 151.898424
0.618557 145.125973
2.737233 146.501636
4.216657 275.308558
1.738165 281.909495
14.462912 275.552577
8.226187 283.130257
16.109764 270.491425
9.644523 276.466289
13.267879 276.113711
9.153131 134.210538
13.426376 135.538081
11.859926 127.246013
9.419206 135.915519
14.544083 129.649323
11.188325 128.656279
20.041765 129.270862
23.260459 285.754909
16.292885 285.657452
14.653881 288.535432
14.521357 288.361549
18.996656 280.345672
15.766516 288.100384
20.442878 295.821318
12.962840 118.726042
18.782847 123.272747
17.500682 123.234560
11.579831 125.239686
22.889094 120.265871
17.347775 123.181956
17.896301 123.209352
24.381559 302.063756
18.048776 297.919170
19.322692 299.550262
11.638056 299.221216
20.286378 300.606836
19.268034 306.250102
19.484970 299.458967
19.998657 105.467153
18.959704 106.139479
18.870001 117.239401
20.221752 108.910844
20.042173 117.732099
25.178170 111.234050
22.955687 103.767267
28.981541 310.150691
24.746357 309.166543
27.206677 309.317500
25.117764 316.482197
21.598782 306.194276
24.473086 311.024634
24.945213 303.940273
34.266339 100.925389
32.880667 97.604344
26.538470 98.632510
28.194831 101.687148
25.087170 95.937799
26.507315 98.526532
26.274493 98.708522
23.373893 316.581613
32.116981 311.547692
30.983016 320.440241
30.537195 320.851070
23.602681 324.283629
28.443085 323.358565
26.418814 316.431547
32.119552 635.699069
35.076495 634.929087
34.320849 636.589729
31.698791 634.809836
36.955289 635.988981
30.197177 636.515173
24.392098 637.125731
39.160727 91.535957
33.289650 92.419428
24.641440 85.214467
36.001009 85.766455
32.518457 94.084578
24.867981 85.045446
24.625087 93.829501
32.749841 612.672801
34.994279 621.173862
30.490824 619.492102
34.710147 614.984435
27.502136 618.991551
36.100338 608.693240
28.491041 607.593797
32.968364 326.570773
38.047987 339.148228
37.739547 329.881056
37.440824 327.746068
38.504502 333.720762
33.694540 334.075307
33.284130 323.266898
35.189695 72.715366
42.503778 75.050111
38.083176 77.649646
33.103577 74.487589
37.764625 67.789235
35.855015 69.089777
41.407845 76.956673
31.016276 596.556790
38.999929 602.603613
32.267133 597.884926
38.650887 600.452738
41.119212 598.747536
41.460600 595.743584
34.537882 597.973603
36.863657 341.243447
31.043543 343.398049
37.497958 339.434618
35.129012 337.836608
28.335288 341.314560
41.261905 332.258144
36.244911 338.542102
44.745675 353.708775
35.431802 349.259358
37.398123 352.190568
37.575240 345.221652
34.212079 348.186039
40.378869 351.609866
38.171891 347.576173
31.272402 372.867951
32.267207 365.652809
35.115385 365.024676
36.912846 370.382620
33.935660 372.316634
42.889140 365.120300
37.089185 366.338121
39.847715 380.748641
46.688758 379.452433
41.202031 377.387685
33.835921 383.744565
40.429124 379.309070
42.751308 380.405456
42.735379 379.421537
49.112749 655.432094
42.152415 649.175602
47.544188 652.212259
43.254515 648.314171
48.783032 653.945878
42.283642 647.451194
38.877781 648.651308
42.436635 590.911568
40.810047 597.015066
40.329985 588.197691
49.877952 585.211378
41.488971 586.978210
44.500012 590.616453
39.543006 588.969257
40.234556 66.773635
41.477293 56.652765
51.860199 65.323773
43.164938 59.394218
46.453890 64.281690
46.327416 72.775756
48.919160 68.349294
45.652964 574.271200
45.086152 572.940201
44.858082 572.682971
44.929326 581.891969
44.922722 576.158877
44.943755 573.453462
45.058144 578.440759
51.472014 392.977048
50.963310 395.277259
54.975425 387.519243
47.602219 384.667602
45.195290 388.410030
55.339588 384.206325
58.331990 388.857702
45.739056 565.881405
45.239873 563.197339
43.673063 570.431291
54.091269 554.246301
55.554895 556.505539
55.025234 566.591261
56.469791 564.828253
62.037805 654.425125
56.339234 653.091999
55.148099 657.931912
53.739828 657.226660
50.875039 656.423567
53.350065 657.308171
54.556596 653.025848
56.044637 54.331230
48.866313 60.961383
54.058369 53.688478
60.775013 47.396582
53.663684 55.626625
49.830583 54.841062
49.717375 49.953124
52.127260 555.822222
55.179935 550.993282
56.149727 540.336151
52.855461 549.463782
52.397425 549.425343
50.672848 548.594408
50.857836 549.294870
52.730924 531.727179
63.440277 529.236258
48.717292 538.715899
51.499652 539.090810
63.241257 533.290908
55.146933 530.775266
56.750549 535.698600
59.688377 405.936278
60.513307 394.407313
59.393523 400.698471
57.647938 401.774779
61.808091 402.308555
63.066237 403.499233
59.696494 403.718297
71.847084 38.438381
73.857233 44.368976
69.187402 51.568570
65.111385 41.062027
63.674731 49.041680
70.644460 46.413250
63.454890 46.981791
55.016811 525.583008
53.557994 523.229348
58.359822 516.584047
62.379385 529.605961
65.525604 526.340162
61.448068 526.176601
61.181424 529.728832
71.420087 673.443872
61.651274 672.201068
58.654723 665.610201
63.901655 665.673745
65.946053 668.213730
65.233787 666.626251
68.392673 675.995438
66.479163 510.992310
62.411234 510.608717
61.329654 514.591731
57.085537 508.143938
68.634768 504.637179
73.203404 507.234714
69.075577 509.207550
64.538565 417.059896
68.437761 415.256178
65.310698 410.256530
66.972225 409.465300
73.743684 415.115724
75.568367 417.140688
66.622593 414.360145
62.688757 489.407565
74.487190 490.367810
66.191927 495.336632
69.178169 498.211079
69.282407 497.922850
67.224082 497.496146
70.669074 498.416703
76.421552 34.965274
70.079256 33.613456
79.058927 33.043822
70.006153 39.256808
75.770267 34.927857
74.003310 41.882440
75.530306 34.505650
71.756636 486.150257
69.926130 489.362234
69.756187 481.315117
72.979418 483.754697
69.507900 479.504759
75.738486 492.342806
75.204375 481.378942
72.984351 680.272014
76.159286 675.851472
73.060333 678.978872
76.251267 673.993363
76.561847 677.881293
73.528152 678.839623
74.494829 679.169200
80.735510 418.731091
72.595127 419.704570
73.252298 422.978924
73.746230 424.719459
76.849278 428.417014
70.180416 422.028382
71.686354 422.126274
70.431695 433.143594
75.265606 441.060657
76.499972 445.323758
75.047503 437.040945
75.930192 441.972616
77.267380 439.160759
74.929095 437.858574
79.605833 474.508606
74.402877 479.464597
77.742145 471.196308
70.194365 469.014179
84.566593 467.071285
77.453596 475.277434
84.438169 470.275919
81.604599 463.266155
80.286475 457.323318
83.971370 458.980602
72.591638 457.588950
75.347999 454.081247
77.680898 458.708443
74.646032 459.195161
84.555637 21.333881
93.743308 28.358708
83.827237 21.809413
82.682830 23.300765
85.499206 31.144168
86.163397 31.819987
86.908855 30.588402
83.910185 676.877428
87.508567 686.066683
87.370725 685.998447
88.088836 684.620070
88.175313 686.059838
87.625860 686.123449
90.549961 693.481238
97.383780 22.989265
87.615287 22.406661
91.164067 28.586803
97.055656 18.791294
99.378512 25.482688
96.044873 22.429347
102.233700 29.557368
105.563661 694.339773
98.491534 695.927125
98.172570 695.630957
103.288971 701.824096
104.362209 690.894814
104.941690 691.019595
94.782584 696.064233
107.257248 9.304928
109.457748 22.003206
101.982191 18.796788
115.982212 24.669020
106.003145 18.085874
105.728508 20.049583
114.542102 19.956462
112.594433 703.672386
110.561624 704.063654
111.028315 705.537887
107.259523 708.691597
118.662247 708.136537
107.602845 708.898920
109.878960 708.761656
115.186912 10.289934
119.596245 13.365736
126.000375 19.079254
112.700389 11.100980
119.078980 16.386589
113.888983 6.939006
112.157097 9.346567
120.185156 714.861741
116.344493 714.980647
117.815765 710.073076
120.773818 715.794774
121.590888 719.976333
127.089450 717.139249
118.102016 715.000543
123.524762 6.160906
128.013508 15.568021
131.303959 9.763538
126.729916 6.399151
137.778775 7.684236
128.788601 13.595450
137.075732 4.498070
130.338297 730.915053
132.022825 722.458379
137.126679 721.311556
130.236653 725.279587
129.674289 727.001774
127.068593 722.226085
134.858739 722.982023
145.000681 9.509120
139.807012 7.633449
140.270895 6.917744
150.007615 5.073381
142.291146 11.679551
145.071931 9.037248
142.696293 8.435391
142.402257 733.032356
150.026981 740.556641
142.655259 728.933159
142.573137 734.095215
142.999783 735.775489
140.681527 734.749000
145.998511 735.073743
150.722474 6.506090
148.166785 7.616848
151.320923 2.318161
151.105442 3.748985
148.939633 13.675096
150.289018 6.088729
145.744081 9.627254
153.489465 742.861111
151.890474 739.305344
153.288938 744.494598
155.255169 752.316920
153.398893 743.707757
145.070324 745.501346
150.910828 736.751260
160.442959 -0.545399
156.987384 8.473816
163.305236 -4.605644
165.205385 1.235922
162.124486 0.391505
161.009197 -4.605796
170.414405 5.517210
164.493253 753.201826
160.812244 750.708700
168.002663 755.583536
161.542353 753.684799
162.914537 762.060852
169.066472 757.565947
158.149059 758.332199
173.677532 -6.150427
173.919818 0.779091
177.178714 -1.537477
179.294213 -0.895144
170.265418 -5.284694
174.634371 2.770852
173.694119 7.921276
170.118468 764.123529
178.224260 755.109022
178.251784 769.055762
176.921472 757.818812
175.134268 762.628747
181.003320 764.876212
170.542707 770.893625
183.193486 3.282765
187.143084 4.363598
183.455817 5.798407
189.328444 -7.808511
184.912986 -1.344234
176.313220 4.391462
184.594484 3.889168
188.557914 768.057453
183.878258 775.271182
185.590837 773.262876
183.538133 769.701802
190.610728 774.300916
186.499923 772.288670
183.601492 770.849314
199.606242 3.595324
189.941425 6.988532
194.287259 3.319786
197.317372 2.816670
198.354617 3.943319
200.347238 2.764037
194.861916 3.548673
200.302624 782.691693
197.639561 782.054686
197.125179 781.122433
203.750217 781.051341
195.377018 788.332384
193.391908 782.030548
195.558797 777.040617
214.748764 -4.191619
212.235317 7.236385
203.558166 -3.915029
211.822628 -2.194549
208.189560 10.046990
207.000599 -4.120452
204.968982 0.838353
203.220033 786.257471
215.840435 793.343444
203.763446 785.947640
206.388212 796.202118
208.721533 794.253606
216.715416 792.454808
209.930164 788.558347
217.249604 -7.986374
219.342170 -0.107078
222.871606 -3.473977
218.470341 0.603111
227.156648 4.552053
218.361415 -0.122980
215.579246 -4.330615
220.094419 800.620660
219.266354 789.780645
217.795889 805.609070
212.474260 798.245807
209.901037 799.850346
222.049935 795.147464
218.922329 803.849616
236.926269 7.169162
234.740904 4.992734
228.227827 -1.594561
233.234165 -2.118797
230.342335 1.605563
228.458743 1.019485
238.262320 1.485036
233.700254 792.824671
231.225024 783.736087
230.603849 796.559171
227.504349 793.277503
229.963619 790.970608
232.863422 785.641990
225.957184 798.046446
239.519598 787.954337
237.306064 781.104704
241.309715 780.499253
236.605539 780.357953
233.433530 779.696636
245.124289 781.763949
235.989937 785.067647
239.629052 2.201108
233.928727 0.613375
242.364755 3.960312
245.421542 3.023352
240.874571 7.117034
233.677053 0.239388
241.597668 2.094878
246.450329 767.652496
246.273404 770.546214
242.816047 769.868558
251.528681 766.663272
243.710559 774.441046
245.541748 770.557865
251.884990 764.982181
250.254989 1.667005
245.931958 4.857310
251.184522 4.828918
251.030752 0.135840
251.084733 5.620311
251.824545 0.354135
241.964551 4.704775
252.419497 658.166989
252.823839 668.523889
252.501130 663.645872
253.349376 670.759395
254.855164 656.946255
252.747535 660.530772
251.198090 664.247635
251.133372 695.661143
258.243477 698.993142
248.929533 685.595153
253.933944 689.714175
252.711723 685.386200
255.018366 691.642089
251.629117 691.799033
256.196500 705.328842
254.011582 701.721865
253.828473 690.493398
247.364660 703.141195
255.409758 705.865292
261.335365 697.231239
256.693918 701.534847
248.523842 717.435406
253.027577 712.164024
244.607142 709.066936
253.407642 712.774106
250.139758 721.375175
253.701295 718.443574
248.009702 706.206873
254.272912 770.340814
255.345401 759.354905
259.119890 763.935218
257.815914 759.862104
254.799478 760.823765
253.186918 760.864745
254.275844 761.710183
252.413964 719.501187
253.411193 716.784754
258.219654 721.694758
253.855773 721.122167
254.031962 714.558330
257.122048 720.801132
246.358405 719.135713
253.303109 727.893707
254.822358 735.339509
259.679580 730.273300
254.646002 741.516940
255.975126 735.238565
254.698400 736.262124
261.577768 735.223618
250.186131 738.765208
255.366467 743.126942
259.738148 738.317205
260.143864 740.101104
254.572724 743.681995
255.578136 744.067631
251.792618 736.637826
270.387977 10.498701
258.087334 5.636197
260.350551 2.135385
259.841655 -0.825916
264.676953 12.710165
253.604593 5.634849
255.391192 11.965470
259.148658 649.805093
263.732025 654.080884
263.683693 649.372664
264.880078 653.630556
259.750148 659.985863
272.335426 655.664506
270.980838 652.720719
277.657744 7.634408
275.440066 3.413091
272.447418 11.288268
273.866147 10.669442
270.428536 6.871951
269.453451 11.128315
273.352884 10.550720
273.408786 656.104032
269.076908 661.025074
272.501901 663.105144
280.167749 650.955156
276.610936 655.941434
271.687497 656.375645
272.707103 649.069323
279.817926 17.584657
285.414136 15.910518
284.169192 15.365986
290.306636 10.358228
289.137356 13.960357
283.271012 17.655543
283.715031 16.232873
286.014627 656.018202
292.053920 653.878338
280.384490 657.371482
285.435616 656.926470
292.462275 657.299509
280.773338 655.454954
287.565042 660.468516
296.098282 15.030137
295.101564 14.676706
299.855131 26.746592
299.038833 22.804638
301.597259 22.704787
295.207617 23.213726
298.829233 22.942663
300.199842 665.437324
296.833142 666.547464
306.447975 663.813710
305.210963 660.553805
297.263872 659.193777
296.967590 663.971622
297.578897 671.134257
300.585768 31.994761
307.142767 26.795241
300.986212 17.772947
310.564455 22.375000
312.710334 24.843916
309.045939 25.402311
304.056093 19.962596
300.821350 671.229798
310.879696 673.991400
311.038714 670.147616
310.173145 663.326882
309.539849 668.506687
313.070299 669.418201
303.926635 662.858803
317.648899 25.544159
325.240422 24.493213
322.762242 34.636188
319.502222 28.793013
323.288547 25.953473
320.848802 35.330720
312.483682 37.582937
327.753022 671.574743
320.499745 670.587062
326.475718 672.318894
314.570838 671.204375
328.478686 674.455524
316.048491 672.416239
322.230303 669.331637
330.178245 33.828906
336.493764 36.696370
330.613685 37.778899
328.480208 34.791280
330.126642 37.890883
321.970663 34.766898
330.321597 45.247029
335.523619 669.054462
330.521929 675.448892
330.701573 674.341024
323.377123 674.304140
333.130484 676.057547
332.636906 676.485061
331.884905 675.194853
344.016045 41.215847
341.145880 42.349177
338.742933 41.493131
340.041408 41.903705
337.866890 47.393442
339.509404 41.357377
343.002077 38.488761
344.250147 677.155040
342.863609 680.074260
338.209912 683.049320
349.254336 672.489785
347.029282 679.183930
342.388556 675.002919
346.627973 680.841946
358.092864 51.865178
355.557544 43.407225
358.769619 51.017655
354.699206 46.956396
354.489462 48.157001
345.642557 47.857376
353.700661 50.716678
352.568064 677.363265
351.853850 671.937036
351.264336 681.169703
346.210688 685.513998
347.184772 683.532642
359.000427 683.536003
349.402919 688.665172
362.874813 59.283381
365.449482 63.396439
363.299662 47.065053
364.987807 53.301034
356.476728 56.896109
356.101057 48.594827
368.280339 48.189987
362.429092 678.342887
362.863817 683.296630
365.052235 682.887391
367.750362 682.130390
361.896344 682.045475
368.737752 678.104083
360.055782 675.241878
373.788953 55.530007
379.062277 55.263732
364.307856 58.283535
372.584321 60.477516
380.677944 63.230955
377.514778 66.390303
379.004512 63.534544
368.303228 686.532530
374.555094 685.785258
370.764481 687.214870
375.657976 680.401262
373.321150 685.479751
372.854485 685.856824
372.102711 691.519220
389.328816 67.559386
374.576445 75.029092
375.530949 62.234020
376.488064 70.869092
384.356315 75.634359
375.620004 74.324691
380.716476 64.030574
383.597807 676.172282
388.986671 674.021759
383.001322 671.249966
392.686575 684.352964
392.492113 676.337288
380.598102 681.381901
383.779304 683.279084
379.936039 80.216462
385.774397 82.007226
387.412112 82.182653
383.845816 74.027596
380.841471 75.269311
382.811139 81.767748
385.552571 83.479270
390.677206 86.010534
388.125547 91.380241
393.490678 86.226022
394.683288 90.603984
391.996838 91.635695
389.867614 93.286290
386.048615 85.831505
393.039595 104.308168
392.459392 102.484890
389.555408 106.367071
400.758386 103.982326
392.360247 104.062814
387.452845 98.828772
391.431793 103.800237
403.131278 665.470167
402.282900 661.009344
394.030123 669.793531
391.959355 661.116095
389.307935 668.602724
401.380711 666.171564
396.209138 663.428667
396.880055 113.651818
394.545883 117.424904
393.967883 108.644908
394.413925 109.182954
390.047841 111.259513
395.543392 112.317454
402.851837 112.358243
403.248628 120.545202
408.372062 121.622315
402.755805 124.461905
405.052644 129.698698
399.315900 122.959130
399.586119 122.845598
399.396406 124.084068
400.219342 139.835192
398.884739 138.666341
400.514146 129.296408
397.334955 130.168291
400.431933 132.652481
412.643911 137.634352
404.561756 136.715695
401.562426 663.482357
405.132542 658.197853
404.617623 654.000442
402.969063 658.052007
402.892037 658.760842
411.773087 657.465017
404.924384 667.322765
400.182522 647.651467
401.566262 638.905541
401.300497 649.897149
396.569401 644.192915
405.048673 645.778399
401.777656 644.324617
406.028225 641.381050
401.667164 632.150210
400.898378 634.077439
400.613752 636.415565
400.557405 633.562836
405.766550 635.175219
399.612500 637.850451
407.630664 641.371927
414.005671 152.940460
407.566811 146.102899
408.910718 145.598046
410.195608 155.048558
416.136255 147.507641
408.797752 145.878827
403.383143 143.256795
409.611546 626.575851
408.137308 624.970913
411.558699 620.080317
401.167452 616.543213
405.976069 628.699405
407.402102 621.929168
410.767641 627.924670
409.873083 604.363858
412.615668 606.997318
404.814222 595.845365
410.705319 608.682235
409.421109 603.355907
409.150744 602.874950
410.524342 603.173594
415.195958 157.998464
407.342170 156.780258
408.352816 156.933132
411.076645 161.834922
411.635113 158.370929
412.326639 156.389237
411.526506 164.664043
412.210936 588.971521
415.118901 593.213752
418.880917 584.216775
419.976534 583.252335
412.499685 588.475772
419.672116 595.411040
411.347470 589.690092
416.555540 159.823978
415.054231 167.151230
417.666411 169.241878
415.444234 164.945985
417.332231 169.051524
419.537910 169.754018
416.565391 168.371131
412.617265 574.030076
421.736579 576.300118
412.908329 576.331953
417.406657 575.760146
417.108943 576.893189
414.717710 571.606593
413.585972 565.538327
419.544560 563.250805
416.988997 560.404956
410.460724 556.217498
423.276389 565.559625
418.562418 559.191653
414.816774 558.402533
416.229410 562.449523
419.529515 176.346584
414.041852 173.654308
415.513250 180.625399
417.983776 176.759377
419.918555 175.683043
422.682814 172.118580
421.886402 174.141017
428.586618 502.757830
425.193951 499.604363
422.979415 498.649628
422.699361 501.988213
433.122336 502.369007
427.860847 499.005181
423.783205 502.826097
420.695129 520.407212
422.607127 527.453565
418.737511 518.772709
428.753542 514.003485
413.015719 522.820299
422.630457 515.027476
428.104960 517.702476
421.619390 543.783542
426.430972 549.160780
422.117481 547.060531
427.514235 551.236420
418.398394 550.398742
423.945474 547.101252
420.514925 546.486008
422.266424 189.773838
416.644317 188.518240
427.007375 183.381686
420.603103 191.276396
427.136350 197.478286
425.933122 197.717820
419.938033 182.062708
415.743436 523.994427
418.215046 524.854532
421.913536 526.826590
421.040718 527.419899
419.987084 525.447295
425.150224 531.126198
422.102623 531.947623
421.811178 539.611096
423.255458 538.977324
424.512965 542.359503
414.202390 536.773981
416.234264 539.108719
419.725669 538.973211
418.610657 546.474670
422.609296 201.753628
429.835614 206.488034
427.720937 208.280614
423.586217 209.646099
415.918181 203.450252
420.763520 213.159759
420.063173 202.663903
429.215453 211.361992
431.732763 219.990827
425.700510 214.890659
425.924846 214.586047
423.436934 217.355881
421.458838 215.000544
430.566426 216.595193
428.962672 226.010443
419.256779 232.169093
419.080755 227.716122
430.657012 223.750435
428.522932 226.585208
426.748740 234.041596
430.034262 222.265180
425.954115 237.142461
422.914279 236.867635
423.605749 238.534975
432.554134 238.493263
421.929336 247.913079
425.067012 233.322488
423.631319 242.451451
422.545249 244.566298
434.377583 253.991467
427.853854 260.730906
426.070178 252.898154
430.485822 250.499536
428.784239 247.246243
435.580845 247.453010
427.089849 262.993139
427.699650 262.181542
421.689100 269.132178
419.840012 263.345408
422.968144 255.995881
419.478744 268.999571
425.163482 269.130621
435.180664 270.691739
422.584403 277.963019
431.913552 272.853035
427.330812 280.669875
426.575277 280.953330
420.971580 280.299412
419.670676 279.373216
428.064322 286.493368
434.651928 290.953266
425.128998 285.567202
428.156861 286.642610
427.380570 278.660160
429.240437 287.920067
439.038562 285.376348
433.683279 290.589312
426.931896 299.752503
431.015662 300.004400
431.405102 299.686787
435.854636 301.961341
430.770191 300.356891
437.997308 298.413065
436.640742 493.871684
437.963764 493.898545
431.880966 488.039129
436.549529 489.809272
436.361747 500.190067
435.826476 496.260869
436.136100 496.740231
424.397251 306.279636
433.903271 318.119408
435.575160 312.024607
432.591462 311.486060
430.317091 312.492298
430.571139 310.066610
428.700336 310.284397
423.213394 323.265806
439.909230 325.365886
429.837000 325.812526
430.612341 323.560765
433.098127 324.989247
432.392863 323.809479
436.431568 326.729484
429.429566 331.028097
431.225897 344.553286
433.861073 336.181961
434.197277 336.619629
432.910539 335.602475
428.905306 335.717713
435.958514 327.314410
430.713325 341.455297
435.259113 347.902675
435.416835 344.169180
443.969383 347.244423
439.897987 345.777024
429.959601 348.145014
435.984269 343.214833
442.572352 366.406531
438.227808 356.509297
433.524900 364.221453
440.094069 367.624495
431.677221 357.584030
436.025950 358.197228
427.464624 361.581559
443.449368 373.939415
442.154218 371.225434
440.277015 383.400184
440.662218 372.173064
441.905881 377.718357
436.600642 365.360038
437.234534 369.688383
440.613769 496.664171
450.751017 503.655639
444.668298 485.975842
448.147590 494.464438
449.685902 494.368251
446.075803 494.806937
448.420665 496.475871
448.069984 390.244942
443.862160 384.100054
446.676038 392.101517
443.645826 382.852107
445.251275 387.467536
441.364932 389.541300
438.374674 382.911663
452.492543 400.833857
444.940400 399.368634
456.821970 399.593329
460.042573 397.143963
449.230209 408.816584
445.569804 402.274988
450.164726 398.940631
456.606640 494.419821
460.122783 495.789167
460.129124 497.802827
464.730695 493.955967
457.319472 493.464652
458.540336 496.124723
452.691052 487.421435
452.280602 405.885649
462.984614 409.647093
454.478912 412.077072
451.541520 406.222943
449.390612 410.343694
451.887199 412.427109
458.168816 403.258139
464.147012 418.962590
461.115772 412.126803
465.638714 421.205836
457.892147 425.088253
462.724411 412.813110
459.184588 420.812587
458.924218 423.210015
459.485667 430.851905
459.443725 432.379835
465.450163 432.305048
463.050771 433.107641
461.958692 432.379386
467.857288 431.874778
461.587240 431.293268
469.241097 497.506043
469.537189 490.442949
467.983488 498.867971
468.448479 489.607181
474.576612 496.432790
470.131070 488.051993
472.105069 485.003376
463.254508 447.497370
467.071246 443.235328
473.447636 448.511593
467.016286 445.338453
462.212429 439.039877
463.793859 451.596544
469.731702 441.756052
472.717195 449.024711
469.073058 449.461614
475.775334 462.640462
472.443299 454.924391
468.072294 454.799347
474.330197 456.923632
472.478439 455.257212
474.096360 469.323133
477.096839 476.647373
478.225863 476.499293
478.723991 475.726231
472.215104 481.971919
467.956841 472.360936
474.762809 476.053089
481.479425 465.131803
483.535026 468.740672
471.019566 465.623980
476.572215 467.103103
475.467980 466.747307
482.313465 471.022379
470.087900 473.602715
533.271303 486.651067
535.908260 480.491965
545.154037 482.216564
531.449867 474.471383
533.642611 482.276527
533.848189 487.888502
536.568566 479.121819
539.159429 465.974076
546.964175 466.456010
542.157585 469.412602
540.350590 467.157297
540.885993 467.447945
547.274618 470.358599
531.722648 467.118093
537.678221 501.769842
548.858951 505.779034
542.958198 501.769003
546.972304 502.625779
542.588558 503.463304
544.558534 510.116298
545.264415 500.932148
547.504342 450.317009
547.385461 459.481742
543.282422 453.417756
537.625577 450.455065
545.362629 462.733569
537.928370 450.281897
540.792468 461.885137
545.096103 443.970349
551.910520 438.076502
548.787998 442.280178
554.100985 440.197911
543.363804 435.188486
541.158452 438.355642
547.560504 441.261209
545.889293 421.628943
547.768623 425.772087
547.500922 420.933929
546.677326 424.078265
554.624085 427.296441
549.818784 434.325385
543.011680 426.177054
554.653377 499.314003
554.510172 505.807452
556.735890 506.537290
556.364118 499.096523
557.521121 513.511820
550.704312 504.323893
553.752742 504.670750
558.492522 419.852303
552.252256 411.922270
554.447102 412.556306
552.933962 413.135997
547.917394 422.532065
556.676737 412.173545
560.411940 415.517722
553.440289 400.785712
551.128176 406.503482
561.234937 407.232671
556.756086 404.523643
564.352339 409.327835
558.956419 409.529656
550.152627 408.087620
559.804131 373.252950
567.146486 377.839002
562.011071 373.914985
557.189050 378.418067
562.117872 372.935089
561.744689 373.892902
559.264431 377.005826
560.098382 391.373033
562.230816 395.698255
560.464545 391.567698
560.958947 389.959802
558.811370 400.673712
558.910810 384.313811
552.201409 386.598989
565.117286 507.127122
565.115287 510.420608
570.251030 507.238910
560.854481 504.907215
568.320692 504.078645
567.123431 511.472999
566.739688 509.450745
562.643033 356.953519
553.059761 355.742340
556.858928 354.440971
569.072467 354.817405
562.519398 357.218540
553.620108 348.133209
560.449632 355.331477
553.973669 368.096363
558.803127 365.362005
560.462712 367.529700
565.295624 370.345883
566.385465 367.732047
564.300959 363.231364
561.292787 366.561215
562.928998 148.528124
565.587206 144.271232
559.530969 140.668449
565.639652 144.108656
562.270820 143.130730
563.193239 148.220392
561.908391 150.395912
554.645495 327.167528
569.589299 326.601985
567.932086 328.193252
556.974130 329.915092
562.846617 329.787551
561.842106 328.740823
562.165925 330.132832
570.240618 344.301460
561.928491 349.668351
567.045953 348.337604
563.781361 343.458057
562.033065 342.782689
561.931385 346.287325
563.342186 341.778843
559.651796 122.546663
564.491951 127.167227
571.823762 125.254697
555.525248 131.807461
573.827397 129.274171
564.029653 128.506479
567.520073 128.887037
565.809623 166.094248
559.707790 164.574799
561.470877 159.942697
565.277429 166.869484
562.031103 162.821578
568.803078 158.172526
563.583801 165.725323
557.360847 311.715119
568.097526 307.200854
557.075339 311.336659
561.100992 299.169202
557.726640 300.170078
567.288175 306.257045
563.221298 308.673968
565.474472 314.316570
559.474113 317.845590
561.689101 320.457485
563.736842 323.707839
570.876907 320.830066
566.116653 320.504099
562.505909 326.813998
572.188498 275.248588
566.268892 281.648086
572.669512 287.069979
565.365405 281.630067
569.218983 277.086638
568.510625 274.772851
565.345957 273.446645
564.504983 297.489268
560.558959 296.373354
572.760670 294.693861
557.477402 303.047607
573.174347 299.708390
566.382593 297.505712
556.189176 298.940209
567.294009 113.476420
566.301482 113.405074
574.588660 116.230576
566.354226 110.800119
566.052369 113.623261
563.766417 117.154200
566.027746 114.806370
565.850572 185.781742
569.457947 174.747296
566.453873 181.364924
570.587100 174.289707
567.851026 178.247831
563.373194 178.415068
573.214594 175.719304
569.172085 275.286247
572.626838 260.467328
574.012379 263.205337
563.286144 268.029659
574.403796 262.047529
569.181675 268.453693
573.900009 276.361637
573.569391 102.510857
569.316730 102.260955
574.711151 104.557874
572.969215 101.380007
572.940345 100.878819
571.615397 93.102090
570.773987 94.069321
565.201534 534.626508
581.082207 535.457046
574.928899 536.968957
568.238679 533.359452
575.153553 535.047426
578.014977 534.669309
565.463795 537.955410
575.383284 197.113279
575.432830 185.565983
573.888979 190.045648
580.491887 189.437062
571.000411 189.507422
570.792470 189.121449
565.355235 181.693026
577.450210 260.501475
568.400861 255.739493
568.707874 251.424999
575.912017 259.263346
572.608866 256.250139
572.588533 255.400275
575.822518 256.446157
576.357333 509.223448
575.090583 511.893541
567.630330 508.763218
579.703903 510.883330
576.268475 507.895028
578.432330 512.775397
582.366420 509.237706
569.288477 83.762483
576.555771 89.675315
583.974916 88.547627
578.768897 92.053124
578.375109 91.602712
573.061872 93.211928
574.987910 93.070401
575.142013 205.147548
573.365804 192.321530
578.408157 205.906260
577.746557 194.598282
566.050603 198.255937
575.971780 200.869573
575.144880 199.039818
565.427133 526.181885
572.051048 525.161739
575.029440 515.206352
578.205844 524.481659
574.729724 528.082778
568.977068 528.884768
573.607714 520.280950
582.651450 545.843342
580.461819 554.002693
575.104016 555.777627
576.368784 552.546862
581.560652 550.609913
578.467680 553.631847
569.536284 553.864580
577.170733 241.432568
575.607920 242.551244
578.451714 239.439753
585.943568 243.640697
576.025669 245.047043
581.638501 240.528892
581.182600 246.342266
585.926899 211.692942
582.052677 221.657913
569.807084 210.628125
581.750660 206.868170
578.093773 211.986942
577.955628 215.455009
570.289921 213.788260
587.803397 235.103804
589.355382 230.638820
584.030217 224.026296
580.384455 233.207590
579.269078 238.543705
577.216444 226.236723
589.939465 231.985349
583.124512 567.675553
580.231525 561.661093
580.829646 566.066796
576.579419 569.831733
575.293170 568.170007
587.633889 570.209344
579.391991 568.209330
585.444247 78.702452
583.020148 68.977074
586.111954 76.810614
590.049172 75.729531
584.953811 82.105533
589.587868 80.746568
583.475882 76.389774
589.952492 229.048272
588.818363 229.812015
589.862663 217.626092
581.774087 222.527703
575.869366 229.160622
581.298757 222.687748
586.530494 219.376268
588.484366 578.827613
590.691470 578.136095
589.211720 582.770167
589.894412 580.688799
587.589941 583.360223
586.454642 578.110164
582.965054 573.429287
604.234261 68.845809
603.019718 62.778575
603.041875 73.879967
595.062870 62.833079
601.893904 63.515087
591.195600 74.280736
594.797940 67.346170
597.391131 582.248043
589.787425 585.611147
600.289705 572.685901
604.785546 579.135618
594.783947 576.767795
600.227944 575.153442
595.859443 580.015056
607.587708 57.179644
607.978637 56.995112
602.629695 63.527763
600.998937 57.167958
601.622091 60.762319
600.532666 61.423094
606.091984 62.656535
601.777426 600.440784
593.806616 598.041264
603.977441 600.867859
601.995207 600.020503
600.703329 598.412098
601.989446 599.993876
602.515738 601.131250
596.273607 605.200977
598.964547 608.913457
604.825518 608.861264
595.801689 614.157366
612.038172 610.181909
604.050368 602.691576
603.170740 612.527979
608.903936 626.204232
605.796544 631.887002
610.044800 626.265358
597.104838 627.253328
606.590810 623.007877
610.538330 626.575089
612.168400 630.006803
604.503999 642.097181
608.395811 639.850919
607.148581 646.906184
610.201996 643.843119
610.394867 643.501080
618.677079 638.780610
610.839882 642.502206
616.189463 42.916004
612.349432 53.829498
617.134895 52.701283
622.902238 50.443712
616.012692 56.002950
626.716038 54.160639
616.030660 55.956566
623.858561 658.480744
628.756084 654.962780
618.304185 645.867298
622.343624 660.041242
621.076339 646.215189
627.004212 644.260116
614.738870 653.916585
633.147783 39.676573
628.349694 44.509579
625.992210 52.822177
628.593520 38.186439
621.358845 43.670403
621.868471 49.374078
636.473108 46.183322
641.186734 653.771950
634.735721 650.670122
624.140953 650.504272
630.899177 656.121683
635.324385 661.885244
629.924746 645.140544
632.075088 651.807328
640.160072 42.108701
634.935854 33.766132
635.735619 46.789090
635.400136 39.536728
633.640625 44.879263
637.680729 36.009075
643.752364 35.087448
644.093870 642.134284
648.352896 641.056262
649.818106 643.395517
640.366203 640.051517
647.299843 643.042502
636.269417 649.414867
647.961375 650.902943
650.960346 37.525309
646.582332 35.511825
658.131548 37.168394
650.793512 39.880439
650.420911 37.270635
649.981271 37.226073
653.286450 37.979300
655.763012 646.250922
663.578105 644.157108
654.068646 647.529743
652.258028 645.752811
651.035768 644.646704
655.208907 643.674665
660.225209 644.740139
662.069064 33.480870
655.610252 25.769751
659.567860 30.307567
662.370836 32.813816
659.327807 35.389354
660.704259 36.396406
663.562576 32.647523
665.682943 640.589164
667.562773 647.254929
668.508669 642.880300
660.836209 640.504776
665.488724 640.717467
656.609868 640.827563
665.725008 639.830502
674.254354 22.881422
672.120743 38.091962
672.872042 24.653620
673.937909 34.146897
663.778692 28.596932
676.035111 20.741110
677.814338 37.453140
678.079515 632.980737
681.848010 634.611583
685.213712 643.417730
678.242286 646.849588
672.842232 635.937992
672.889599 639.660517
678.924406 630.933607
683.262128 31.182404
684.203453 22.732055
683.111187 30.294970
692.303516 25.584883
676.712984 27.742316
685.404213 28.212672
688.669595 36.498216
684.495415 645.312456
686.231518 646.436959
678.059899 641.510844
687.906740 639.894718
695.721053 640.024692
687.436326 632.342128
690.383158 638.686017
699.825102 30.047499
693.132248 19.908980
700.859309 23.562483
686.959873 25.273668
693.083018 19.468725
693.346369 28.548411
690.472431 26.528841
699.862591 637.818805
695.254991 643.292104
704.155286 638.002856
694.034603 645.326303
699.417289 642.884342
705.453306 637.349414
695.604488 638.825198
706.744229 27.522824
706.062920 25.178459
704.619829 27.793603
701.842513 21.869966
714.207196 27.678252
696.803105 24.398539
705.524830 28.452758
704.679680 644.519747
714.297745 643.791759
710.049022 633.008174
711.536695 644.891271
698.895492 642.900726
703.239679 637.281576
712.654243 640.312344
705.973028 659.505747
715.503691 658.824017
710.552167 662.291837
717.195414 656.300784
717.616578 651.856453
710.920883 657.378492
709.212223 657.889086
710.223746 24.946408
712.774451 32.752616
717.405573 22.209627
717.244232 31.716717
723.726625 32.904170
712.003096 27.129266
720.138209 31.524365
704.442049 668.912693
715.002577 671.947503
713.255838 668.965549
715.098864 663.959223
713.496737 669.467898
705.682480 670.360885
713.944491 670.571612
713.655850 675.085652
716.690520 682.486669
716.594951 682.709731
717.084286 682.567586
723.554318 682.634743
719.145485 689.146952
717.899686 682.829161
725.012053 688.624695
713.475159 698.574903
717.995382 691.365995
722.233959 699.465834
717.585192 696.486698
715.587708 694.318085
718.842413 693.075463
717.348840 789.053747
712.974102 793.301103
726.766081 803.304702
724.146699 794.998375
716.492812 802.072636
715.581491 789.415076
722.394035 794.713433
714.519219 740.986358
717.105657 736.981495
727.157745 732.366774
718.465987 727.180759
720.145438 735.278164
721.182496 738.207266
718.124041 744.041987
719.460853 746.458711
717.418577 742.981429
723.652632 749.787416
718.321968 747.492925
716.482971 748.698371
717.528872 745.240109
720.398985 748.116964
720.884085 761.730490
719.104585 756.249357
720.351981 749.641879
712.718224 764.375446
718.072389 766.640434
718.629731 757.839911
717.456300 767.188661
724.669010 770.389309
719.473477 769.161339
723.926738 763.557155
716.599851 773.252226
718.413188 763.229553
719.344314 769.097514
720.140589 764.788657
719.708650 780.791748
721.508482 778.913999
719.505345 779.335991
727.967058 774.399458
713.641760 780.660502
725.202476 782.285697
713.030618 775.962624
723.501984 699.723089
725.775744 697.701333
712.609507 700.806772
725.666664 699.548790
717.916822 700.879021
711.740946 700.111660
719.623667 704.823594
715.756028 712.889386
719.208563 709.981132
723.601451 714.755233
722.014073 710.252225
719.048417 714.386464
717.753057 705.720028
720.776907 712.732364
723.340581 722.697577
720.445609 724.486577
721.578004 731.144543
713.570029 728.598554
715.168373 731.770651
713.006258 722.825393
724.960858 718.391634
728.866577 800.591785
736.013447 807.422641
729.987978 802.251377
724.825180 800.086331
718.837887 804.566430
724.041209 809.314892
728.933571 796.833268
736.152066 23.640901
733.983487 30.967179
729.603347 30.617918
727.207262 28.945293
726.238596 24.588256
720.342156 22.095824
732.294236 23.488831
731.587125 805.685109
736.527234 812.556338
736.485213 801.547209
734.098521 808.355430
738.901496 802.697857
737.511635 808.025564
739.797637 811.566832
737.969740 25.386542
738.052025 29.716566
736.731833 34.747922
744.415041 26.199049
735.866381 25.087755
739.893498 26.150455
738.909137 26.797577
748.627570 806.520670
758.337905 806.414356
744.044256 811.710157
741.166601 804.595215
741.544757 802.670875
748.444243 806.690199
750.524523 815.325338
747.230778 27.116063
747.688279 16.059362
740.217383 26.501672
748.298141 15.650259
740.708479 28.043009
749.976278 30.170018
753.539448 23.101354
761.454996 797.455302
756.284684 803.254945
759.872567 799.633851
757.848735 800.813394
766.928922 799.950328
753.020720 807.759997
760.245286 801.488432
760.428405 21.436251
759.563037 20.492201
760.807883 26.261197
761.400545 21.203397
757.531337 22.881125
768.309461 18.522269
758.021253 21.620475
775.838981 799.292531
769.719635 796.278252
775.338168 795.351214
777.911259 798.707298
779.197455 792.419820
780.112124 797.345803
774.929158 802.233985
780.494322 13.156479
773.100129 20.956792
766.939503 14.997903
773.708472 17.202988
764.935151 15.691057
770.736392 22.409049
770.385925 14.266888
780.866696 790.285545
789.552421 793.517280
771.715661 790.368950
779.301180 792.116163
773.848239 787.278020
781.738712 786.673739
781.067913 794.532036
781.984637 14.911550
787.101175 11.907676
782.611548 9.580453
780.901717 12.313577
776.659970 4.172166
789.726839 15.183975
786.391619 14.560422
795.751915 785.877866
791.642571 778.433133
792.901347 784.631227
790.892008 790.693909
794.307635 776.550931
792.596683 784.993729
792.396024 785.480424
801.234500 8.558118
785.420659 9.197041
794.012852 3.326852
798.370332 1.339990
799.604635 4.351188
793.365664 5.525897
792.102405 12.052918
800.668823 787.281282
803.938222 781.325442
805.851178 778.574521
803.482289 781.008493
806.111818 787.311619
799.415096 785.632542
800.038552 786.112971
797.869401 4.394961
795.569556 2.539995
811.368026 7.449370
807.876328 0.443562
804.609404 4.957897
803.988770 0.679111
813.388106 5.577680
815.340412 773.997613
816.544466 766.925808
818.983908 781.881013
820.718564 767.974285
816.959451 780.490412
813.752729 771.720172
811.354372 766.039482
816.719887 -0.304020
816.378302 7.121439
815.930103 0.552474
813.592624 7.843922
815.158234 10.745274
813.695801 7.276356
816.125726 5.269068
816.679007 770.066939
827.835146 760.868179
833.015319 769.464122
827.479705 769.113746
826.858591 762.544987
828.188768 771.731318
823.067494 769.409497
826.779054 12.523807
822.362894 9.368989
828.712848 11.699642
830.177320 13.699140
831.538387 15.386959
830.117076 11.700453
827.436353 11.257647
829.890207 764.564421
836.151846 756.569137
841.410599 766.723388
827.687654 768.632028
835.788761 764.843537
834.278426 770.494505
839.218371 764.068699
832.301509 22.166741
839.958853 17.603189
841.424484 11.720893
837.563819 22.885763
837.791401 17.773925
838.450270 21.176972
838.975869 17.340863
843.154528 758.046658
841.414223 763.523739
850.570065 758.615800
844.298257 763.193347
847.401364 759.146933
854.447807 763.225354
845.782941 763.076626
847.230368 32.320881
846.713534 29.491365
848.925324 29.629930
852.073687 27.100037
849.905520 18.813174
846.416413 33.491929
839.407144 30.104836
858.805858 752.498154
862.303144 751.426175
855.463222 750.762078
864.362808 759.461204
854.137483 749.006907
859.257979 754.737598
857.487370 752.310854
864.006365 32.566819
849.550530 37.047293
865.391415 35.487475
863.884903 45.753254
859.822388 36.850714
855.148391 41.750311
859.833703 37.684009
858.880139 540.586711
872.603478 538.387057
864.857755 541.380293
867.423746 543.604233
865.247614 539.236912
858.121202 538.172467
866.641001 539.097016
863.636537 556.171926
870.302618 553.141803
858.291635 562.976685
864.523226 555.941104
859.883461 564.438018
862.872063 549.803091
864.579216 555.734052
867.958225 745.484526
866.841401 744.164785
871.365424 740.882211
867.231316 754.075019
872.421939 749.258487
874.136639 743.996605
875.852194 751.502728
874.218648 53.165270
870.469362 53.076859
877.123918 42.026207
876.694923 51.731244
863.641156 51.491039
870.493663 44.880564
870.738751 48.506302
868.915204 570.317313
870.453117 564.700674
866.665684 574.262997
873.142713 566.425329
867.502475 568.025436
858.553191 566.610799
870.860611 570.017499
873.124944 579.276931
863.327532 580.911252
873.622707 577.057833
872.217274 571.801352
871.363804 580.058411
870.139820 578.438313
873.293837 582.386634
880.356078 534.694068
879.051226 538.572290
880.054616 529.794563
884.915635 540.018163
880.491744 535.278681
878.163924 532.044821
882.960738 530.603714
875.082787 591.791799
873.276796 597.950342
882.390497 591.637654
866.659213 592.130411
871.386359 597.428129
867.232643 588.413226
874.517630 591.993122
877.020801 740.530985
878.746753 735.864090
885.080919 736.139011
884.576609 739.929940
887.291162 740.618659
881.023594 743.442053
889.668815 746.220052
884.525896 58.507551
881.635808 55.929064
887.655626 54.792636
881.749457 57.866754
881.119475 62.193529
883.108823 57.584206
877.206685 50.069338
883.111936 603.922492
887.033914 608.783200
870.553598 608.542526
884.031983 602.860404
883.702101 604.369200
879.327666 605.465538
879.355155 611.519405
877.507658 616.064642
882.941327 614.571280
883.977791 619.504974
879.624719 613.643650
874.243731 615.228432
882.074112 618.640851
881.499054 609.043048
890.746045 537.557999
891.261188 528.413333
886.793834 533.210848
880.666826 539.036449
887.689728 536.225038
882.856438 530.604843
886.548553 535.108695
887.031985 632.330456
893.093193 632.809070
884.854332 625.844935
881.722850 628.132769
884.667976 629.669002
885.697972 632.830180
885.063478 630.166555
890.572746 61.971717
882.110031 73.725873
896.449829 76.027086
892.875268 78.406419
893.940946 65.065341
891.514552 72.868584
890.856507 70.448474
898.946066 742.551755
896.763328 734.493679
889.654994 737.410210
886.858140 746.477454
883.318289 739.477514
888.945618 743.624088
888.725497 741.912341
889.580596 641.981207
886.102198 649.717260
894.531645 641.366469
887.103193 645.171662
883.406395 646.753068
888.865970 637.306460
891.851661 642.762547
904.012679 648.644501
896.562370 654.329068
900.227292 654.696808
899.418597 659.962182
904.131754 660.188118
895.351504 654.565427
897.185473 657.585623
894.842037 528.667447
897.233917 534.703345
891.529842 529.946064
899.630452 538.804177
897.489722 527.824715
903.249556 531.631886
897.157082 532.591064
904.707918 84.459856
901.820667 83.833774
893.186200 83.785399
902.459105 80.205627
905.492861 83.739197
910.333624 79.273247
908.349509 75.745917
902.854373 737.385726
905.443619 739.220883
896.651900 727.246809
902.006755 726.471836
902.411889 736.660734
902.461113 732.344729
894.611247 726.536860
907.550281 671.581106
917.356017 664.557117
909.784995 669.951227
911.916118 659.348156
911.378791 667.983526
905.167824 662.955799
901.724033 669.281611
909.985088 526.187137
909.344492 531.335069
912.325388 530.233046
910.774323 532.464860
913.085359 524.011430
908.955244 529.568562
905.145227 519.734741
911.044538 92.985611
915.715317 91.380396
907.462477 94.420214
906.542645 101.009926
903.789571 93.522255
915.049145 95.304446
911.222075 95.657121
912.968609 724.895775
909.429632 726.193518
906.989194 730.701329
913.867742 726.692989
914.393021 727.342751
919.875653 719.681693
913.438044 727.433823
918.544603 671.293161
919.552523 670.226784
916.686255 673.853135
919.646607 669.201629
917.984582 671.949810
917.985572 671.827274
914.601130 677.491717
917.554137 521.378021
914.693012 520.403763
925.010528 525.040787
923.346277 521.910538
920.609695 526.366353
917.692096 525.503621
921.087326 522.739256
924.367789 104.702870
921.133644 96.676867
918.633612 98.339645
923.102060 103.246716
922.279273 98.901730
919.120299 108.341632
921.460839 103.915370
916.679470 719.863656
928.501619 724.660458
932.175194 719.446622
919.643172 724.124800
922.884306 730.518268
926.145043 719.264018
923.012281 721.527420
921.441591 676.671912
932.452934 676.386778
936.913823 683.817315
929.538973 680.439029
924.589447 673.778740
933.981801 679.521522
928.480670 679.170993
921.995516 113.478707
939.224280 111.687416
935.935923 105.058015
930.643216 113.522701
932.930013 114.905349
928.945801 116.048452
936.834679 113.387210
931.469368 514.203306
928.302134 519.123444
921.813663 515.054645
937.145133 514.012767
931.069185 506.745614
929.532686 510.947091
931.799571 511.018410
931.454001 715.678665
944.686258 714.043154
925.676670 715.409317
937.788302 720.492417
941.952961 719.669210
936.964374 718.047330
936.830202 720.584955
938.846798 690.491070
945.595962 692.057295
934.321375 692.759840
938.637177 698.844598
941.784581 689.131070
944.470239 694.318424
942.357837 680.526793
938.034869 125.409855
942.779415 124.049748
936.678315 126.942402
942.866838 128.878941
935.286900 125.477927
950.379011 124.351909
944.337019 114.580884
943.088531 500.441842
950.490643 513.225044
944.813273 509.746942
940.492649 507.372730
936.347250 507.946635
936.064456 506.226028
951.671470 506.922675
939.388939 710.676573
939.766711 709.319041
943.885717 708.841083
940.991813 708.845341
941.598915 715.137113
934.521653 705.527487
944.578725 707.226204
944.079554 704.137648
946.397924 697.244121
942.333002 694.029763
943.775979 704.181656
947.454388 699.778973
942.049136 696.115308
947.658810 699.712563
955.014296 125.034284
959.814759 128.034058
956.388277 121.735758
949.614404 129.856525
952.577511 130.595860
955.341522 133.624906
948.321269 131.418035
942.826723 495.607860
952.383918 497.774540
956.169806 506.476976
950.768297 502.737963
946.547781 505.604560
943.371551 495.267107
944.215775 501.398464
961.933139 491.098032
960.951707 490.330420
950.395119 487.238963
956.500118 490.489358
963.840520 485.601699
956.658027 488.242880
958.325773 487.295167
961.853483 140.290148
968.626256 137.297749
968.336025 141.994406
967.049752 139.615143
969.266660 136.265949
967.318198 137.234183
956.033473 142.386500
961.993426 479.348540
959.248154 478.419237
960.169698 473.284412
961.652587 478.618208
961.865869 474.857979
963.552100 477.305999
961.600168 474.745897
973.732905 461.019988
962.753748 465.867693
968.701708 469.124841
963.848542 470.553927
958.752129 457.904446
968.591559 454.571565
974.248783 468.389759
976.031616 456.479701
973.753546 446.751939
973.364253 450.573233
973.205473 452.731670
965.993212 448.004677
971.711797 460.807856
966.622339 444.162499
976.909268 145.455771
967.636195 145.896293
984.506231 152.020098
972.116568 148.953188
969.622628 147.510402
985.212430 149.779670
971.756472 139.830699
969.753051 445.658964
973.342272 442.307616
978.980408 432.745996
967.142787 442.176518
984.054108 445.576261
974.416670 435.208140
972.054455 444.788069
983.582947 432.175609
988.936299 428.069987
989.379263 427.451161
981.477478 426.475333
976.803767 429.318466
987.665649 430.852002
981.012454 420.673435
980.887202 158.752232
982.676748 158.902861
984.789750 159.593699
988.903104 159.002125
993.776712 157.015121
986.580177 161.675891
985.828568 158.515264
985.231303 315.561954
987.616299 309.923977
985.103187 308.809898
977.237626 319.090669
989.804565 309.287699
983.333576 312.833062
975.445011 314.732195
987.948075 329.245339
976.314319 330.643374
979.931305 334.416921
980.347605 328.576402
978.830706 328.341920
980.057588 327.895469
983.112746 332.767526
986.789672 348.240818
982.579837 348.970270
979.985704 342.093923
988.317725 344.437569
992.641969 349.083413
980.813666 341.667253
989.217387 356.059935
994.534896 420.440459
988.771322 410.925840
986.396268 418.537963
978.421477 409.948564
986.955065 412.581917
987.723814 424.726196
985.371935 415.847432
988.820422 300.441407
987.034557 300.308674
982.987965 298.357253
987.472883 299.773152
986.549007 306.011517
982.057526 295.030008
983.982472 299.210771
988.797301 359.504528
988.360596 361.508402
985.227164 355.203687
981.865495 360.801746
988.144315 359.068585
984.730252 353.797854
993.042558 357.689284
993.651854 167.528009
990.528019 171.684058
996.853811 169.842703
986.347382 165.753902
990.890889 170.277375
993.004993 161.596257
987.036713 170.424393
992.948844 402.546005
991.475493 403.570389
987.534932 403.099884
983.963494 406.397960
993.154524 400.907415
986.321038 396.745997
990.866982 399.666048
987.437018 373.722782
990.864354 377.766875
993.236941 380.998563
995.600353 375.602396
996.187795 375.946620
991.677134 368.920060
994.401316 378.739585
993.004939 288.580272
996.735925 293.842392
990.710097 296.178590
994.765698 289.418216
997.081051 291.056941
989.592401 298.318200
994.282230 290.785925
995.434038 385.178113
992.295878 389.200836
1003.972563 386.464595
998.049661 378.195197
997.627073 383.579797
995.812583 384.091585
997.769555 388.725783
996.169084 397.258330
1000.822739 386.242748
986.334663 391.191538
1002.797568 394.800901
996.223400 393.950573
996.841128 388.984335
997.700749 387.195610
1002.366649 184.426955
999.364022 181.882904
1005.939208 184.896146
1000.695904 180.130705
991.529414 189.497223
1003.769052 178.294036
991.486624 186.112629
1006.920883 277.556438
1003.573170 278.468189
1006.240047 273.754554
1001.029735 276.013591
1010.625591 278.579731
1003.157210 282.087497
996.551028 279.987031
1002.393372 200.566461
1000.788828 186.387597
1001.711222 193.049546
1000.378491 195.186616
1000.962560 195.173132
998.186767 199.199228
998.611781 187.912198
1003.455101 201.396914
1006.566020 202.289935
1004.419074 203.560464
1004.136463 203.002239
1004.685402 208.331488
1010.255198 209.793848
1012.650168 200.869157
1007.020206 267.626820
1010.167119 271.224030
999.671297 270.469471
1007.581062 269.670895
1007.913238 269.442306
1012.070465 267.747614
1015.782869 270.495671
1004.778896 223.760885
1006.450666 215.643512
1006.373758 219.060831
1016.140664 215.658711
1009.874365 216.498156
1008.126290 221.003435
1006.390882 211.793802
1008.400079 229.262028
1009.883495 234.330657
1013.293734 228.397596
1019.320019 227.352733
1011.712344 234.953179
1007.501750 226.839747
1016.370671 232.406664
1007.899892 265.211402
1016.259565 264.846497
1012.034995 258.361047
1010.289761 263.842564
1011.284553 252.536134
1020.604529 260.222100
1010.679752 259.110578
1019.227254 249.423255
1006.343495 249.938392
1015.579894 240.422034
1016.626743 247.734230
1004.195747 245.459301
1008.399530 243.294013
1009.138686 248.789103
297.738135 728.389146
305.914281 729.067775
299.652206 732.607439
296.087288 729.839331
299.887926 734.213835
301.769475 733.768022
299.667176 729.399943
298.554876 737.658520
300.228932 733.565240
310.183502 744.548202
305.752204 738.108679
307.211767 740.454314
305.455383 731.453896
305.412398 735.425863
322.855374 738.418064
316.936421 746.775093
316.497898 735.968018
311.911118 742.691108
311.558777 739.583859
315.158577 737.160237
309.199992 741.121170
329.725961 739.016022
329.795810 740.212548
330.870306 748.732955
330.977657 749.830724
324.002902 750.821902
336.567235 750.093994
327.619911 745.483612
347.314145 745.948319
345.884634 751.669590
347.062422 749.558932
344.632187 751.394837
345.474230 750.942837
339.421754 746.083591
346.219886 755.539310
367.619263 750.439246
354.714381 757.375376
355.606830 748.927853
356.044929 754.192351
363.810386 749.246240
361.963153 754.139267
363.020629 753.738763
382.988260 755.786998
379.596918 751.794214
382.751323 757.824206
380.293154 755.075467
385.500055 759.221827
387.043057 759.723396
389.056216 761.092682
393.694212 754.135961
401.559469 760.578091
400.694705 757.082006
395.482332 762.760495
393.224638 756.292087
400.920399 753.135632
410.128796 757.135763
427.476664 763.398230
425.657137 762.346318
430.586375 753.250300
416.756037 760.908744
424.983515 758.147578
424.811731 756.363749
426.272006 766.137951
452.640799 762.787468
451.147801 755.040267
455.858999 753.821092
448.040314 749.244689
454.594529 756.066502
448.507773 757.096334
458.028186 756.082685
492.541749 752.439414
489.671758 755.884918
499.199508 754.531572
489.872446 760.319741
494.363306 745.662107
497.242016 760.071959
494.097826 752.652513
518.188872 750.561151
512.937202 744.889468
519.541272 751.587793
522.832520 755.430834
516.449959 748.136350
521.221826 757.644555
516.004190 753.589108
542.225447 751.386075
548.235506 747.037657
542.701990 752.851936
548.605752 758.236046
539.297023 751.827600
540.318339 756.665277
540.838611 751.339747
570.509140 750.246999
573.344731 747.421483
569.789382 747.837533
577.358476 744.795801
566.812460 744.796498
576.213360 749.359347
568.691030 749.908922
591.902143 744.276580
598.772325 741.895279
595.852739 745.259329
602.949118 751.827063
592.574760 738.521285
594.500661 742.676789
594.661270 747.236314
614.714191 741.641715
609.911220 734.396733
609.484659 739.382280
616.070576 740.783604
617.509877 736.850345
607.006902 741.792425
612.622812 742.565744
639.085968 732.195430
640.308595 733.093042
632.725077 731.203765
641.957514 731.887864
638.402082 736.898794
637.209358 731.170696
635.038448 727.772522
665.576512 722.401294
660.947649 729.567490
666.639073 723.090773
659.188592 724.735429
660.641490 716.940593
665.103009 726.594177
659.242579 725.706930
674.367596 716.545229
678.454370 707.787328
670.955680 716.672570
677.781674 715.309030
682.078185 712.669586
678.984895 708.263512
672.617941 713.347903
293.742705 742.666420
292.862522 741.015209
291.040731 742.338360
294.457937 744.637618
291.577767 733.118213
291.215302 738.543922
286.858429 748.487848
288.993111 743.191661
284.534219 747.035928
285.547370 750.122839
285.339783 754.052367
294.137514 752.593582
287.553087 743.480595
284.583012 757.612938
291.418671 761.321491
280.579792 765.902879
282.552309 753.584848
278.496939 756.571233
290.228838 761.887268
282.603026 758.070492
280.654682 768.107112
281.226667 778.458485
282.459714 772.119547
275.383145 783.938887
280.328252 775.319661
279.247551 779.174515
280.337844 773.892158
282.730120 785.186812
286.719378 784.174846
280.632619 788.087626
284.621869 795.392834
282.265580 789.152188
290.361730 794.394853
290.534624 788.009682
285.668462 788.960304
311.019351 797.606190
310.188487 790.850040
311.662544 789.773826
308.432181 795.322425
303.499394 793.311801
305.521589 787.331878
306.518324 792.946140
316.869018 806.408727
317.991994 798.227179
330.513387 800.395462
323.485972 801.861031
326.603591 799.528891
326.914717 796.046664
315.953020 806.200066
354.975076 811.210979
346.298373 806.938546
354.969034 804.305893
348.271801 805.960772
349.385817 814.251414
345.298801 806.414713
350.001330 811.443400
375.584324 814.828502
375.884940 815.869675
373.294930 805.843383
369.534242 802.507097
369.121789 806.023129
373.208479 806.802276
368.523545 811.116007
399.073532 809.133349
397.619738 809.295172
406.304908 803.140146
397.549223 809.927659
405.693181 805.510214
400.691748 808.221548
399.465869 807.968813
422.135189 809.799516
428.638195 809.511566
421.185786 810.474793
428.211782 806.177020
427.167607 808.401523
434.039976 812.881915
430.914648 801.865396
458.702698 809.525011
456.780133 801.774490
456.041282 809.612224
462.208129 801.353711
467.493748 810.106491
455.987532 810.910387
466.703657 803.482849
480.992737 809.190305
487.226978 806.541513
477.114333 803.545797
483.708295 813.211396
483.380792 808.828787
476.703208 804.199645
481.516613 808.651622
504.158436 803.642990
515.052788 811.386182
500.151093 817.025026
497.366097 807.313340
504.120469 800.087794
503.136591 808.645824
506.376078 813.624281
540.658380 806.077205
536.889046 808.133171
537.454274 802.667148
541.795739 798.792194
540.093389 799.446455
529.256042 808.706131
541.676176 798.724884
564.433309 808.884565
568.587470 801.331899
564.729462 808.955902
558.896355 807.210691
567.667622 804.740521
570.152736 812.060254
561.502738 816.252421
584.107056 809.457622
584.794308 809.365774
592.299939 814.701412
581.778091 807.846670
580.242863 808.329559
580.694931 801.692636
586.662200 802.191068
597.848115 809.749133
599.027141 802.658119
608.062583 807.243224
609.410008 808.853520
605.904685 805.574777
609.596337 809.665601
607.297231 804.928727
666.156777 773.685376
667.437203 786.017346
669.169118 780.540652
671.206440 789.606656
668.730011 778.869506
670.738496 780.211094
674.387843 783.521830
685.751007 770.048489
688.378823 778.522908
685.468380 771.652596
681.945057 767.491209
682.041406 767.084347
686.061339 769.895346
681.630053 765.591052
695.892029 763.118629
700.215650 759.803371
697.107136 756.606857
698.426484 764.986684
690.963357 755.720374
694.586821 758.146706
695.528766 763.314138
696.051991 745.653815
701.292347 744.596745
701.179958 749.683145
695.562226 744.279534
696.274706 743.385824
702.268938 748.553318
689.502574 742.927557
685.750964 728.258939
684.733494 737.804023
688.117627 727.948262
688.428913 720.093987
684.039833 735.625305
688.508248 729.894270
688.431575 730.960231
673.865166 715.102949
685.924444 719.143714
687.383649 718.073429
688.661091 718.593166
686.625623 725.542657
675.162912 719.054535
678.037254 723.319535
621.956084 804.780123
614.780646 800.855896
628.244529 799.093532
622.820114 803.022825
628.144398 801.253700
624.380816 807.040512
616.898189 809.499428
638.714126 795.746611
648.880428 802.122742
640.621416 800.531056
640.777332 797.761266
633.560521 796.678823
645.081727 789.531546
637.526119 798.536284
659.971618 794.688069
650.403430 787.480407
652.900545 782.370596
658.341033 792.057596
656.823778 789.918157
655.271855 786.763232
657.780285 781.747116
