89.154535 380.674051
81.761073 395.785433
101.837448 411.714797
102.679573 412.691693
109.954669 456.563993
101.268074 461.002248
208.276380 270.113678
215.399686 262.382724
237.459687 227.174797
233.464496 226.514771
269.054195 187.766986
268.250715 188.281958
289.886733 132.744051
286.771820 128.816401
307.143252 79.387825
299.261093 73.688739
310.345895 15.110644
299.716748 25.458684
317.586309 76.165743
318.822416 64.546202
338.300189 130.633882
331.164543 129.459485
351.695858 172.037236
359.518372 169.087611
382.617364 474.943649
376.485094 477.165333
381.192470 214.988774
387.272763 211.423199
395.244571 438.592640
390.867812 433.045605
379.736833 512.714415
388.764954 520.863910
409.514729 257.702684
403.022977 259.942397
422.088000 551.868213
409.386407 550.113365
424.619798 418.755241
415.534627 409.154820
435.785376 535.388495
430.607059 531.207179
467.491915 404.836985
476.887620 405.330987
507.035201 383.895003
507.946197 396.196914
549.494265 414.032384
544.155408 405.369084
546.256802 500.063534
548.527255 500.196342
580.571657 417.735293
573.038341 415.703225
588.456419 506.075074
583.392295 508.893976
615.268755 214.713547
612.747694 223.561766
613.769969 449.096487
599.812153 450.041850
628.991205 480.164646
617.721808 475.359210
610.983880 501.161847
618.398193 507.233346
634.691361 176.343530
638.133089 169.506273
660.268133 148.296136
659.286095 146.777755
678.475026 105.288062
691.803857 112.133400
772.302952 98.412008
770.884707 106.337261
774.089234 138.458445
776.259771 130.268571
776.025158 65.966726
779.639641 67.883867
781.925778 32.782373
787.155509 36.548116
825.902817 342.746014
825.568752 340.592828
821.940572 370.983716
823.513260 370.302222
848.392358 320.252787
840.732063 319.902382
845.106263 391.709142
842.459520 396.094046
861.907876 298.381822
865.488702 305.714832
882.538667 402.964246
882.164963 413.086344
898.799835 303.418805
896.309512 313.568148
915.706670 336.613957
917.182046 351.119247
912.696127 362.783069
911.930682 382.964636
