51.920521 140.446513
82.740774 148.703776
89.699783 237.883053
91.748507 266.957993
99.350769 147.886554
116.893883 234.667116
117.226859 185.890496
120.537521 209.416040
119.471344 264.298405
130.054351 162.108750
133.297823 135.237977
134.879212 300.808964
148.103327 156.644431
152.373458 138.810975
165.768756 342.578661
168.487414 187.574998
177.840307 142.428031
180.985391 185.140007
190.331290 108.296236
195.561417 236.257412
196.205152 143.521683
194.943851 88.579931
197.336309 364.140047
197.217204 160.099873
201.561756 238.496089
204.367440 59.445006
203.087216 184.919310
206.322397 306.929747
204.815613 219.579290
212.240979 148.306189
212.552345 164.542235
213.215080 311.862791
219.879554 333.686503
220.923515 252.708366
219.628615 273.959737
222.840414 184.600720
225.802218 318.126800
225.611226 163.946362
228.067683 70.975200
229.566293 332.242185
233.969531 90.771178
238.735637 385.735946
237.479246 290.403980
241.463691 166.235166
242.337998 142.855382
246.231916 329.511148
252.131132 184.660922
256.684943 113.175870
251.369383 140.828969
255.788401 163.230524
260.233648 371.931739
260.422520 184.915118
262.326943 156.868171
266.201190 137.013943
278.729084 130.753512
280.369446 142.794924
288.443943 281.137735
293.583087 240.112212
297.375210 348.302671
301.686408 239.714762
303.279977 135.502067
315.593766 332.503855
328.056705 140.154473
342.025185 306.383279
344.926657 161.618260
343.790143 140.569490
356.431934 179.666859
361.817546 238.503555
359.522082 273.281838
369.103475 271.918518
379.787731 252.396456
382.354353 142.691039
387.035559 125.364899
210.230450 41.698415
216.910805 20.019241
217.798029 28.239109
220.184712 39.140072
219.743211 48.022313
226.475280 53.788811
241.181530 102.251313
372.537310 150.918155
121.981519 294.500400
110.654301 275.687473
102.437209 219.110058
108.002196 218.503549
120.388405 225.004644
118.992864 217.129539
123.335028 203.326721
158.870026 153.572428
167.375116 147.203401
231.554916 143.134108
292.064865 146.862575
298.504234 153.016797
308.316893 149.770036
324.056789 152.737995
325.508544 152.632059
337.134558 152.351597
356.936649 201.784866
359.441242 208.511937
360.864211 221.180527
359.647682 230.677668
371.308164 222.897232
383.172576 226.159496
359.910285 283.360895
351.294750 292.882166
238.638600 183.345740
279.491229 181.469541
285.031432 181.175424
256.760760 329.405884
264.207378 318.790977
265.206736 309.983317
271.208687 304.850174
267.551280 295.914491
208.762464 323.899190
191.245891 290.937189
198.005118 296.349120
201.414902 305.751930
245.688286 315.814587
252.732875 307.911976
258.465057 305.654787
198.816457 319.832786
191.104992 306.160406
214.228112 285.680132
220.958590 297.179918
229.296515 293.904773
187.326916 244.359298
175.907441 241.513506
172.260586 247.524130
162.691452 244.524937
156.275964 240.244392
153.415054 235.764320
156.150051 234.311275
166.416613 231.479580
171.742156 225.115212
179.167293 229.860814
186.813156 229.744832
192.148499 229.803305
173.299746 231.351470
147.112227 217.153362
155.019911 218.338332
167.324168 217.869409
172.643300 220.165303
183.655976 218.075517
193.796696 218.280856
272.211960 241.370628
278.364483 241.037901
285.114645 240.689767
288.774812 240.628876
313.242425 236.779467
313.210330 227.459020
310.301303 226.232346
300.576925 224.374501
296.609912 223.094766
289.404734 224.323791
286.072066 226.748075
278.381591 224.079261
270.230165 228.821194
288.892148 234.192197
262.887614 217.832419
272.715600 214.137841
281.731107 215.508002
300.169253 215.391042
305.100150 214.128138
316.909137 215.536601
321.496298 212.246455
