53.635996 137.312294
77.137134 159.641569
95.358212 235.508585
91.148941 257.462029
101.018411 147.225161
128.704163 229.038405
120.794238 190.673543
114.155999 203.961280
117.141523 252.429528
138.167693 168.688918
133.187674 137.281184
129.564840 293.488773
144.203982 146.968855
158.576932 141.746981
165.273033 346.561950
176.427285 187.986181
172.240590 140.785225
171.651634 180.914238
184.478064 117.124513
186.767560 233.775701
191.932966 138.843056
196.414072 89.881603
202.900147 366.473273
204.437658 158.165816
196.295608 240.772516
202.522583 62.901388
203.444981 186.388364
204.467895 298.329805
204.971700 215.895661
216.504714 147.823112
210.716539 168.493768
216.759962 304.508133
227.739530 334.918121
226.896882 247.790903
218.110699 276.239536
218.955575 184.378597
215.426375 308.642592
224.499174 161.759057
235.970493 72.136744
234.820829 325.242793
239.512867 94.086068
241.558247 383.236988
244.946186 296.658014
237.057525 175.622542
239.801188 128.800372
250.171329 332.664435
242.737169 183.487097
253.008198 113.253145
259.400624 139.005361
242.580448 175.997253
263.066710 385.471901
253.232635 182.967833
261.251030 158.443825
276.614490 135.027268
286.713622 127.765432
275.797733 140.871605
294.284668 280.942407
292.881867 239.900772
295.411720 343.262802
312.980638 246.106659
303.058527 136.802861
318.144023 327.181205
332.520122 142.488600
348.795715 304.404248
348.202979 166.907093
349.518751 139.006241
360.808162 185.124802
354.625144 231.195124
368.561587 270.121680
372.855602 266.192808
382.143215 253.182383
383.699612 145.145620
377.262301 128.201005
214.427170 42.531805
216.022503 30.256756
212.107178 32.720092
221.340467 43.107850
223.497074 44.184097
223.688347 65.568453
242.430516 98.124265
365.936423 144.291729
121.956586 293.899273
104.190327 278.282291
103.579559 215.697182
104.050678 221.565639
125.599252 222.956474
108.990991 215.037880
115.184432 204.196331
158.886284 155.568721
160.730309 153.093425
226.333026 144.313933
291.418096 150.968098
301.464783 156.039295
310.212254 150.001348
317.091646 142.396227
322.028289 148.858135
333.226840 153.878114
355.555412 196.791155
355.902694 214.396817
368.063416 219.018996
350.484635 230.110482
374.667265 213.419101
377.904326 232.277958
360.423319 295.664530
351.672155 289.981950
244.679481 187.502986
279.569555 170.555916
292.611353 179.171812
252.483261 332.336301
270.777030 319.308135
265.147387 308.744177
269.264122 308.234018
269.061252 295.751967
208.108082 328.265015
198.906243 300.195573
198.214352 290.586053
201.901381 300.861123
245.929016 323.297722
254.339939 304.552739
253.717123 297.393937
196.145993 316.074044
199.704360 302.906333
213.484793 287.776315
231.966958 298.785545
231.207249 288.931074
194.431282 246.978347
169.976840 244.983688
174.103213 237.421998
158.162470 253.065158
154.241744 245.525080
154.979560 234.828008
157.516168 234.513364
166.003993 228.455413
166.297821 223.614930
178.959487 225.825618
187.360418 231.039326
180.804055 232.310254
178.364423 229.200133
139.640663 218.552908
148.330479 215.483802
159.040029 217.903411
167.478550 216.662201
174.845544 224.069540
190.647298 211.487111
265.958480 250.786831
282.976437 240.997915
274.286088 233.230104
295.991988 238.714155
322.095109 249.602033
312.306084 219.126429
310.593176 226.663294
304.567449 227.525629
293.512877 226.017648
283.551360 222.804691
285.803227 233.205690
284.439233 229.344269
271.754329 232.605224
294.871526 226.786445
258.435309 202.751401
270.291535 217.048076
281.797360 212.729053
294.571296 210.178961
314.377324 212.158086
318.799342 213.354694
324.219503 211.398541
