52.945292 138.170575
78.197900 147.120904
90.605041 240.395095
94.804609 269.697132
98.214707 148.948232
120.057456 236.315306
118.281916 183.903457
117.090236 207.987826
121.708896 267.663740
128.863583 169.636784
135.276480 141.715481
140.878559 293.464959
147.452758 154.413466
154.583518 136.422787
162.520465 342.584491
171.529915 189.806716
181.511482 140.682168
179.981486 188.515885
189.580783 111.814555
195.798548 235.993624
189.139861 145.198210
195.599741 88.391206
197.195486 361.124140
198.168180 163.617576
201.861936 236.629584
205.495649 56.608918
199.887579 185.665358
208.628704 304.310762
196.890337 214.958850
211.038416 151.662606
215.603103 166.350943
213.215741 311.054612
222.059284 332.111367
222.370770 255.712128
223.162279 276.087230
229.514106 185.453976
222.303246 314.820091
226.013332 170.413416
232.802135 74.771703
231.953053 328.914486
233.929592 89.545094
237.848333 379.957185
241.375469 292.343395
236.076995 169.847948
240.990789 145.292360
243.539626 334.634838
241.549669 181.088278
248.380904 113.306595
253.130837 140.516838
257.774242 159.756034
265.910819 372.494312
260.462777 183.003557
267.831460 162.070022
261.180354 144.071470
275.383964 132.616853
279.682952 149.541349
285.711464 280.531680
294.635551 244.098771
292.285680 344.207398
304.712462 242.688813
304.710140 139.263251
318.840551 330.092202
325.248542 144.124622
342.986544 307.909430
340.326950 163.899692
340.023155 139.538964
353.745817 173.127136
358.745481 227.360945
351.619861 279.978190
368.807788 267.655079
379.001335 250.144329
380.921207 147.443500
388.457354 125.530708
207.794982 45.807828
209.790382 26.583554
224.700775 31.207243
224.094856 40.109856
224.575374 49.167558
219.510436 56.607389
247.963778 104.698853
369.159375 144.072474
120.311488 288.283111
111.585005 269.658867
93.056138 220.391960
114.786788 218.374473
117.736827 224.566144
118.137911 220.792056
119.025161 204.696665
159.393172 149.596945
168.352696 149.063577
235.542286 148.626795
294.165977 147.991831
306.652740 150.929670
307.381393 149.840268
310.723693 142.488144
320.902770 153.625947
335.209548 157.247085
358.970855 193.524972
349.624106 210.780793
357.548995 225.652393
353.250937 224.630135
370.875523 227.169258
381.500628 228.351068
352.098690 281.903021
349.918650 296.893166
234.641416 179.334060
277.278529 177.151338
288.146085 187.047710
254.580172 326.108947
264.175232 315.368741
267.319985 304.297026
267.580745 308.100366
270.695576 302.271236
208.517379 326.628065
189.380715 288.451909
198.898136 299.963950
202.844801 298.642906
243.154560 315.438062
256.515699 311.620923
259.743822 303.530651
199.274652 321.025847
191.205860 311.027895
217.256961 286.710162
218.376709 293.877309
230.840177 289.564587
187.056107 238.769485
177.170261 239.396828
173.908602 245.368630
162.102934 248.356776
151.010658 239.433499
147.629574 228.265340
157.414478 230.309528
165.812357 227.212471
172.128960 227.997221
177.089450 227.609762
186.211384 229.358065
190.277012 228.602802
182.794458 239.470431
145.493176 220.015257
159.567587 219.522465
166.102510 214.963533
167.041843 213.623535
176.088553 212.260091
191.918067 211.562524
271.383712 236.134563
278.252717 234.958591
289.017250 240.009980
288.338519 240.969116
309.092993 233.281273
316.844420 228.640177
305.657678 230.810457
305.893500 224.938459
300.158427 217.643556
288.034067 230.509257
286.299946 224.216287
280.026520 218.995830
265.716036 227.471321
290.911797 236.046132
264.415977 216.150100
274.061465 215.460215
280.348573 216.130608
296.936014 216.486128
305.940873 219.209554
317.890886 217.361587
325.305305 215.937694
