55.734098 149.362066
70.543462 155.685621
89.059621 233.619193
94.666937 267.669001
107.419745 147.972313
121.536666 237.305767
134.174664 191.791914
118.826427 206.026623
130.122702 275.863055
131.303525 163.580295
141.423735 151.830231
136.009018 314.241936
142.021090 151.762779
160.879593 148.349377
173.503350 335.430311
161.685153 196.153034
166.866102 145.239180
185.678995 195.394931
186.770435 104.771909
195.669915 240.924517
184.822272 150.462885
200.772296 92.776660
201.386076 350.365340
195.374807 165.048499
205.643810 231.689320
212.127326 49.118976
208.238723 198.753463
201.270832 314.009413
207.719508 222.502892
210.887310 140.131387
221.496717 157.553093
217.084307 329.115326
221.125702 329.864696
228.150261 249.740100
227.901089 271.637978
229.375003 176.997705
234.658309 314.905581
224.865504 162.744354
224.377209 67.829753
228.530528 326.576467
211.660314 87.986483
247.513875 375.342155
244.286208 292.796996
236.346626 160.329181
235.868049 136.576810
251.860581 336.674698
244.715073 182.362808
268.434488 113.429913
261.257329 145.399731
254.351709 160.324820
261.600921 376.466620
264.545987 182.648999
264.522705 151.481116
269.642042 131.307433
271.000140 129.662506
276.565929 133.696075
282.489758 291.156115
281.570098 246.968079
291.582648 341.378929
310.505442 236.749658
302.487230 131.496805
317.282284 336.174090
324.850629 143.031157
336.314879 298.305881
339.269741 172.591585
346.178720 139.712343
358.400588 173.934135
368.008545 244.058825
362.347830 281.594115
376.936003 276.947696
379.533945 245.323767
368.956351 137.566067
381.233881 124.329255
212.909587 50.534706
211.626488 18.198930
210.471903 23.207974
227.115874 47.623529
222.314452 39.279808
221.252495 50.215904
245.109081 99.413117
371.964600 163.999899
115.922797 288.658142
116.243752 270.104387
102.789850 214.828982
110.036844 215.739146
128.114165 227.332071
121.799005 208.631251
110.370540 211.579611
159.318927 158.050294
173.760056 149.122170
229.271788 149.346872
306.881076 146.513937
300.620726 148.883780
298.186603 145.994320
309.550532 153.261758
329.721940 143.951623
342.496966 163.936984
351.870750 194.495791
347.440806 211.307680
355.602851 205.656939
359.617007 237.115963
372.068356 229.231522
378.570964 231.526930
369.039309 293.483470
350.513120 287.480708
239.836496 189.142213
281.068708 198.686145
285.536280 172.564184
271.806704 335.446754
264.201401 321.831238
265.031717 306.355183
268.469792 295.849443
271.856847 301.344997
207.769983 324.541086
190.790962 302.973290
193.409536 303.038267
196.218003 293.341727
235.575025 319.405216
247.101395 315.921069
254.080743 290.625002
202.102563 322.997317
181.753971 300.113466
206.749635 271.656738
228.746548 300.692530
231.580422 305.760284
192.010086 261.891909
183.456155 240.486607
176.610733 240.427963
154.691085 237.594030
164.291792 238.610801
148.795818 245.006568
165.357955 237.470728
169.284253 240.005867
156.766505 223.982323
186.233393 228.363213
189.645735 219.732864
197.041515 217.854375
175.126515 233.220450
132.778493 221.579624
161.468195 226.755558
163.190398 216.930602
167.157962 233.342150
188.981553 216.505661
190.998472 214.252372
265.505038 236.330666
275.242915 234.106963
284.675806 229.776102
287.538190 244.951103
314.823262 240.897264
305.059142 229.501968
312.304302 235.758780
315.121494 232.292439
293.496569 218.801783
298.626626 224.901375
278.042087 226.278941
280.543418 236.083746
265.902440 226.747712
292.746865 222.632159
264.389552 209.537946
264.845794 226.708910
278.621231 227.983800
310.909821 220.318027
308.466329 213.513518
330.367137 211.346192
332.713420 223.849561
