-217.012317 -7.102412
-214.246081 -5.396985
-210.051313 -2.138675
-209.848923 2.532007
-206.338755 1.797770
-202.058444 2.057497
-193.700893 1.720045
-192.336447 1.843859
-188.002252 1.619312
-198.821899 -19.001957
-194.112119 -14.674363
-189.502213 -10.118273
-188.385422 -5.387637
-224.766037 -23.483771
-217.020653 -23.667799
-208.104059 -21.566773
-232.654502 -22.808213
-240.826590 -20.011094
-247.548895 -15.993851
-247.632173 -13.226494
-254.731234 -4.424316
-254.985640 5.933986
-250.160398 15.053563
-239.066166 20.285305
-236.167503 21.794171
-230.805344 24.091959
-225.124896 25.626501
-217.650612 26.867625
-209.907585 32.978733
-211.263616 42.125521
-221.101563 44.668889
-228.416290 43.021988
-232.052864 36.957983
-235.363521 32.305606
-238.875730 32.003160
-248.369598 32.023238
-257.507343 32.150269
-256.520414 39.729215
-254.515095 49.839225
-246.495333 55.667366
-236.981316 59.130169
-221.499423 60.819552
-211.942728 61.068407
-197.448371 58.702055
-191.340099 52.924050
-186.976695 46.222073
-185.095526 40.953918
-185.703190 35.257154
-186.219943 27.537294
-189.580028 20.594934
-194.209086 15.051068
-201.963437 11.254492
-204.487122 9.349057
-207.594000 8.842458
-212.436544 8.032315
-216.327341 6.275710
-224.762572 5.938723
-230.789015 3.228959
-233.489087 -2.420524
-229.085143 -7.082845
-221.111880 -7.368587
-143.232919 -2.980108
-131.855190 -5.852915
-123.814371 -2.433505
-119.339126 3.050126
-149.068717 4.464619
-153.456623 14.484906
-153.610034 26.658347
-146.418661 37.209953
-138.906408 42.725604
-130.625047 42.729039
-126.555080 42.211365
-122.409080 39.837742
-119.376325 35.524147
-116.900600 29.649080
-120.881827 29.720634
-126.692898 29.524888
-132.329020 29.265223
-134.474042 20.927094
-132.225864 13.961629
-127.785078 12.833034
-121.782919 13.222961
-115.375591 12.412582
-108.005681 12.875754
-101.748303 12.658757
-93.056981 12.515296
-94.780625 20.679436
-92.764783 25.801467
-93.408526 33.940767
-95.761534 41.319208
-93.891195 47.333894
-100.165763 50.749083
-110.398249 56.515114
-117.188921 60.087029
-127.711343 59.766495
-137.452724 59.582401
-146.812066 57.857984
-157.870159 54.769418
-166.326169 49.700219
-170.177206 41.680281
-176.141378 34.384569
-175.855341 26.262842
-175.677154 18.186465
-178.225743 10.423042
-177.704805 2.790060
-170.862505 -5.216896
-166.486884 -11.378154
-157.717512 -18.065305
-146.260029 -21.011221
-133.454486 -22.675351
-121.270090 -22.636937
-112.848358 -19.306004
-101.806949 -13.859191
-99.347699 -6.521301
-96.026319 -0.048979
-113.735877 3.039198
-111.079032 1.929578
-104.564503 1.266335
-99.206260 0.164104
-84.536649 -22.996225
-86.010400 -10.585988
-81.766357 -3.124037
-82.086341 6.293309
-83.286731 14.433043
-84.348626 23.787355
-82.103368 31.284885
-84.666543 38.215405
-81.974165 44.385437
-83.563680 50.834527
-84.778744 56.661741
-83.545064 61.765664
-75.448465 61.686724
-69.689519 61.072740
-59.797525 61.186104
-56.820808 61.255941
-56.083169 55.448860
-56.929958 46.409979
-58.848678 35.488776
-56.047146 27.515666
-53.504631 27.321583
-45.229464 27.603774
-36.063651 26.860169
-27.493746 25.882018
-20.888616 21.358697
-16.426126 12.478262
-12.101241 4.117214
-13.603468 -3.583133
-16.693382 -14.122792
-27.548644 -22.663666
-43.042026 -23.077668
-55.461949 -23.478919
-66.646158 -23.373304
-55.115898 -5.174398
-58.803462 -1.182657
-59.235945 4.337045
-57.268864 9.208558
-55.759538 9.542011
-50.263666 9.854656
-45.496971 8.388977
-39.410664 6.463183
-39.460031 1.865266
-38.057802 -4.270230
-46.074654 -5.950712
-53.251736 -7.112679
