669.921263 1147.354067
664.993445 1152.218409
665.819822 1152.003869
680.597855 1126.199831
672.323083 1152.322922
682.999766 1124.630715
691.125173 1154.005823
695.232086 1120.806431
693.095364 1151.636318
704.614103 1117.147155
708.908724 852.503308
710.137699 862.929180
700.932476 1153.705598
713.910209 841.579195
702.823029 889.299357
715.868089 1119.321868
719.908461 828.946954
720.093696 1151.370295
725.267600 819.672254
719.432951 873.889611
714.043007 1113.856136
729.148576 806.342213
725.783524 1158.392590
729.930067 802.459949
730.874293 874.329645
737.910097 1110.342052
731.562965 797.455898
731.342784 1156.274652
742.038755 777.536821
748.145820 862.047848
743.669088 1123.296156
747.630340 764.137695
741.057781 1156.197156
749.817220 861.129977
750.562117 758.282717
739.267761 1114.335866
758.765901 1150.923355
754.489702 741.070463
756.643568 865.293383
756.489396 735.765404
757.880038 1126.697783
768.527256 289.043816
768.096635 298.399449
770.763846 309.134818
769.279270 321.299409
766.252172 331.592819
769.556775 346.307748
766.636797 356.377597
767.260106 352.196949
767.198930 363.304577
771.387937 379.663120
763.031823 713.845864
764.057177 1149.110654
777.809437 270.228732
772.954341 383.011716
765.657587 703.511864
770.290308 856.925764
769.497512 1127.473717
776.740658 272.364027
780.471000 394.421725
773.534119 687.659990
769.829559 1150.899001
781.512383 404.248677
781.561195 843.340481
786.476830 252.181254
778.519668 674.461110
789.472610 1129.179789
788.160443 658.571562
784.418943 1148.397130
788.449480 857.078121
787.340266 250.900800
790.449244 409.628041
790.078064 639.782530
789.399549 648.981780
792.471781 1120.977854
792.825813 621.855606
796.943861 1146.562766
802.786000 235.733075
797.660219 844.748326
792.224797 411.747690
796.577974 1128.095971
797.804952 598.405706
796.968689 605.630829
804.853835 233.191464
797.756595 1135.541982
794.576129 414.351539
805.113307 574.373728
800.573611 589.645392
804.798505 828.621736
797.681840 1148.792885
812.414695 229.142971
809.375876 543.860358
807.617097 566.113195
802.512309 429.810580
807.162085 823.385117
816.291865 1121.579652
811.787752 538.642407
823.727380 1148.415665
825.091907 221.687705
808.210035 435.108930
818.526708 510.854241
817.291978 516.825591
820.096828 1014.626308
819.120024 1033.658777
820.307144 1035.996756
817.418978 1039.779141
815.401053 1043.432644
816.351411 825.397382
818.658186 1130.459555
824.591906 498.469277
826.128050 511.952467
824.971404 989.686607
826.633341 1000.314576
827.382545 1064.414967
819.997254 1146.123564
829.510407 218.564777
816.727804 443.814539
819.229156 813.706189
827.382916 487.885337
826.508224 961.833049
829.413177 969.101609
830.598644 969.248933
835.292166 1069.432776
834.632381 1145.379032
836.447717 455.942161
831.759538 467.417259
831.283033 460.307915
828.407715 478.897809
838.012796 932.296644
833.750096 1148.455965
836.103446 795.851109
842.701913 216.105313
839.725815 919.444931
836.887626 934.148011
840.213608 1069.121522
843.786912 1138.707392
840.970580 813.017699
844.267923 911.346499
845.797064 1151.638504
847.399137 1086.611942
842.910110 214.775202
849.213266 900.918236
850.421927 814.835366
853.012160 1118.891576
861.118545 1088.068215
855.802918 1153.915435
851.522641 835.669413
854.000532 842.791967
853.341639 213.194451
852.709355 876.277334
856.498736 844.340314
870.872519 852.797241
855.390971 855.115285
851.189277 866.983828
866.161393 1107.882041
862.197536 1087.803687
862.716689 1151.034742
865.733684 210.555720
864.314816 1113.384654
871.649396 1094.510598
875.743701 1143.302088
877.941615 211.464998
888.954390 1146.921477
883.476332 1081.569038
884.959912 1081.740943
885.815021 1087.566044
889.545883 1100.005492
891.222254 1108.391779
877.034118 1120.098594
892.508368 1133.724968
892.654549 209.679491
896.122390 1066.881341
890.996796 1145.385715
896.011832 1129.664927
889.542305 1059.126223
899.492990 210.480750
896.379229 1143.224610
892.783437 1052.252576
907.558804 210.983029
914.638379 1054.679289
920.788568 214.896584
917.192135 1060.618083
921.055594 215.168394
933.008110 1049.557901
938.353466 217.754047
940.077237 219.414878
944.631864 1034.389394
949.319105 226.076109
952.757405 1018.508428
965.186576 1034.281166
964.731426 230.632276
977.236361 237.480198
972.688440 1040.656941
974.453628 1145.412950
976.893499 1144.878468
977.645535 1150.582518
974.897307 235.854969
984.915915 1030.258865
979.575581 1131.086858
994.714548 1156.161277
988.591860 1118.610222
985.484320 247.459494
991.660956 1049.123053
1000.146216 1055.546054
995.771999 1113.615173
1001.524143 1154.789928
995.923991 249.249571
1000.731294 1058.368559
997.146274 1073.305205
996.175654 1091.827659
1000.550825 1102.952666
1001.990249 673.601130
998.925407 260.422581
1006.342270 277.198277
1003.299146 1155.860464
1006.278296 283.044213
1015.265383 283.932492
1012.892541 302.431566
1011.929708 314.190054
1011.304134 311.323638
1010.461802 331.863594
1004.948980 329.819897
1016.587417 352.492227
1018.208634 354.035588
1016.590072 1142.178811
1015.919798 656.529353
1031.856747 365.401789
1020.561226 659.654889
1020.791481 1107.079282
1025.105651 1109.983184
1017.775912 1150.030067
1022.081310 352.939540
1033.174092 665.388412
1034.771258 710.060431
1034.764472 740.963779
1035.374696 740.089006
1031.216297 750.477561
1030.315060 765.348444
1030.783496 767.177160
1035.009543 783.353522
1031.557280 804.672999
1031.202741 655.735405
1029.746858 1100.938235
1033.561521 811.381359
1033.194290 814.166103
1035.709135 829.136012
1035.336157 1123.955375
1034.633574 1146.379631
1036.146528 337.925215
1037.833031 838.040103
1049.410495 649.087961
1039.981078 1109.983663
1041.045252 327.320880
1035.808828 672.303872
1040.208488 729.033110
1037.583458 831.213062
1043.416436 857.025761
1046.325331 307.452917
1045.416059 645.108280
1045.773980 873.214155
1043.095838 1106.030704
1046.697838 1135.245582
1047.797434 1146.168584
1049.621894 672.490500
1054.029782 721.942184
1051.006150 877.711827
1044.796603 885.611670
1050.131423 894.081323
1048.339659 308.952547
1054.112063 617.655940
1054.249900 1082.607107
1053.772784 905.393332
1054.657995 916.582674
1058.716668 1127.953224
1061.817620 1144.233724
1057.096125 683.362000
1060.631988 1069.785722
1063.334938 716.929319
1058.791392 294.131562
1056.698306 604.971418
1054.071410 913.457177
1064.727688 935.870086
1062.188255 1062.507364
1071.254768 725.004701
1060.635275 288.475041
1066.913648 936.449294
1067.937721 1058.623468
1066.905847 1126.313455
1066.928277 696.600481
1066.917888 1147.455222
1063.943704 586.660048
1069.594523 946.967214
1070.296404 736.359694
1067.512184 1021.898350
1068.677388 1040.054732
1065.627522 280.690182
1075.786193 590.784377
1074.504460 690.496836
1072.460973 956.838940
1076.911272 1011.036282
1074.256112 1009.415584
1072.539048 1131.128408
1082.084987 1148.369240
1075.997744 746.627886
1087.651848 283.146746
1077.265961 586.408372
1077.853351 696.959847
1079.118068 965.007661
1090.060678 996.235524
1085.264564 1120.831933
1084.225682 1151.740489
1082.686692 741.956092
1091.558162 571.231635
1087.007788 708.291803
1092.033649 294.570217
1092.314738 756.031335
1092.415749 973.976051
1094.069216 992.924246
1092.903685 1125.991883
1094.461201 1146.947187
1103.530661 560.340218
1091.889996 718.123894
1110.026157 269.300280
1099.738641 756.764965
1096.818252 971.400341
1103.701255 556.816963
1105.058416 732.017134
1112.842674 1001.403776
1105.801285 1116.205976
1099.730078 772.149068
1107.974041 1154.289508
1112.584751 265.158978
1120.284941 537.238033
1116.987658 542.849963
1114.492044 730.723588
1116.273067 774.567495
1108.923728 967.061547
1112.023010 741.942344
1111.955056 1002.165042
1115.980198 1127.782852
1123.959709 1152.245519
1114.214489 262.890032
1125.036178 794.000758
1121.729496 529.865346
1118.078021 748.935169
1120.536720 977.293752
1124.653941 794.579805
1122.670354 1004.599615
1123.665964 1133.491693
1130.218592 1147.192003
1126.820003 752.401928
1127.501872 256.055005
1129.646324 534.737438
1128.480820 806.437177
1130.636424 982.502906
1139.238499 1019.637038
1132.794980 1130.455545
1146.692590 1154.006439
1136.813373 755.387317
1137.822024 249.978450
1132.208772 535.261391
1142.918751 813.982705
1140.670880 971.901668
1140.516975 759.918611
1151.949982 1033.799411
1144.767484 1119.030977
1152.357510 1159.252848
1152.875446 250.733949
1144.320882 540.850350
1145.460111 811.901182
1145.693327 993.026526
1153.111424 762.911917
1156.599890 1038.895347
1162.054939 1121.727873
1156.972445 1162.715242
1146.511071 822.837265
1157.709518 250.740236
1156.541339 541.805792
1161.793406 987.965842
1164.965895 774.779204
1168.108502 1019.708322
1165.346176 1117.387983
1167.877660 1169.595814
1167.693091 813.629136
1164.696143 549.506953
1168.796678 253.118080
1169.274963 994.306106
1165.875782 773.370320
1168.072244 1023.313076
1178.504600 802.256465
1174.354732 1112.683543
1171.281899 1169.787751
1173.811447 545.148244
1180.743729 257.765011
1185.575587 989.704228
1183.361814 772.034215
1183.813989 1026.825719
1187.733609 807.044589
1189.757550 1111.349622
1177.349800 1161.860916
1190.328635 549.586550
1189.159447 252.654723
1190.048220 986.457538
1193.532424 786.133257
1191.723923 1009.624448
1190.092339 806.776955
1192.120986 1124.890394
1199.503728 1156.711211
1192.331524 539.903200
1201.047044 253.971870
1199.423047 989.838979
1201.124311 782.182104
1196.344232 1119.396244
1200.230394 1014.927249
1192.981760 805.082944
1198.598693 1155.061886
1203.763554 1140.436535
1206.937837 544.482066
1209.320750 255.996302
1212.100263 984.086389
1203.819992 1145.706700
1205.345174 1144.084883
1215.479959 786.965884
1209.079131 996.239311
1205.279381 808.262921
1220.393701 544.931258
1219.347321 980.978012
1213.373318 257.763837
1224.012954 782.417147
1216.998802 993.010933
1222.710189 825.275487
1232.016143 964.681048
1230.802812 532.836399
1229.224740 262.493572
1228.024781 790.325413
1221.388278 989.655511
1234.175085 814.252116
1234.392721 956.791902
1239.412239 530.653486
1233.982203 266.264334
1236.831889 971.835844
1243.067826 786.497484
1236.242155 955.653692
1239.967394 825.011628
1242.849169 531.446095
1248.733429 966.787584
1241.598150 272.914707
1247.112972 795.315449
1250.379848 931.145875
1251.926846 510.637783
1250.495656 802.679483
1251.065122 816.823614
1251.809283 281.996852
1255.246901 504.753617
1249.570353 924.399175
1252.434990 969.965936
1256.691163 285.843264
1261.158555 902.939238
1262.210316 496.546487
1262.037395 292.910230
1261.350576 970.598152
1269.597838 916.272672
1267.818517 302.048696
1267.342062 486.404526
1275.745356 310.643398
1274.119706 479.598529
1275.980485 960.528723
1277.758695 905.931943
1281.107066 320.410076
1281.673286 886.734686
1285.931335 470.502576
1280.720803 955.280457
1287.499682 829.392632
1291.024477 842.602572
1285.439558 841.492202
1285.644560 854.793451
1288.931840 877.751085
1284.080536 325.624277
1289.448790 947.855850
1287.841234 803.143010
1281.815776 808.436196
1283.918167 810.855078
1290.910301 813.569513
1288.721696 332.217304
1284.185659 460.298403
1284.737572 931.368029
1299.110915 776.312110
1289.699603 430.513924
1291.996308 911.704461
1293.169351 346.042058
1302.299507 761.736840
1301.832623 766.782615
1296.488011 426.471570
1298.110898 892.730938
1304.601400 752.915813
1299.596292 352.339118
1304.448817 417.654454
1300.737510 892.763572
1308.021935 745.977731
1309.632629 367.780887
1308.113906 405.780439
1304.800688 885.647307
1310.700856 370.944425
1313.022393 388.586198
1312.481574 391.949990
1314.646665 797.452594
1320.479802 815.651441
1318.425748 821.465242
1315.696119 825.421583
1318.125934 850.966877
1313.259508 856.563018
1314.993572 859.206951
1311.785361 865.379945
1322.172106 741.418496
1320.565069 747.927042
1316.013562 760.994725
1317.628000 766.658045
1320.113791 782.111223
1311.458832 791.957495
1328.521716 732.777429
1326.194796 748.436528
1334.464290 719.314960
1329.235730 742.472227
1338.256944 700.721661
1339.257378 731.783321
1351.693932 711.389355
1349.405323 719.573514
1364.156938 701.129547
1363.579749 714.345546
1363.409421 692.954215
1363.999887 722.022789
1379.653940 696.643043
1381.185824 704.301032
1387.174909 693.168779
1396.519111 697.957198
1390.244746 699.980815
