669.124979 1146.282951
664.990875 1152.166153
665.834244 1152.366238
678.318160 1125.459022
672.150618 1153.492245
681.760184 1120.930424
690.324733 1157.742627
695.232086 1120.806431
693.381565 1155.247214
703.325670 1114.938740
709.103097 851.906848
709.237119 862.801216
700.173310 1159.638011
713.910209 841.579195
702.123682 891.403077
715.561092 1117.805877
719.235540 828.640926
720.223588 1156.044446
724.978029 820.091994
719.603366 874.665270
714.043007 1113.856136
729.148576 806.342213
725.461142 1160.705206
729.930067 802.459949
730.392731 876.072844
736.748838 1108.726409
731.562965 797.455898
731.400811 1162.329028
742.038755 777.536821
747.810674 862.725074
743.882496 1121.967161
747.630340 764.137695
741.138278 1159.967270
749.228847 862.217942
750.562117 758.282717
740.715798 1112.495493
758.544347 1154.644342
754.489702 741.070463
756.022282 866.400913
756.489396 735.765404
759.368068 1122.180402
768.527256 289.043816
766.623672 298.084012
767.115347 307.727658
764.518433 319.487533
766.252172 331.592819
769.233755 345.759579
766.636797 356.377597
766.480843 351.990899
767.198930 363.304577
771.387937 379.663120
763.031823 713.845864
764.356676 1153.713495
775.545932 268.994709
772.954341 383.011716
765.657587 703.511864
770.290308 856.925764
768.568336 1122.591073
774.052262 271.046812
780.471000 394.421725
773.534119 687.659990
769.817357 1156.909411
781.512383 404.248677
781.393293 843.763218
786.476830 252.181254
778.519668 674.461110
788.238359 1125.274226
788.160443 658.571562
784.826154 1154.417563
788.268671 857.507405
787.340266 250.900800
790.449244 409.628041
790.078064 639.782530
789.399549 648.981780
789.449885 1117.428859
792.825813 621.855606
796.989309 1151.566754
802.198974 235.045317
797.587124 845.162511
792.224797 411.747690
796.098975 1124.575937
797.804952 598.405706
796.968689 605.630829
803.607122 232.027083
797.732864 1135.426241
795.023910 414.077083
805.113307 574.373728
800.573611 589.645392
804.689714 828.470568
797.480969 1155.500531
810.700785 226.515874
809.375876 543.860358
807.617097 566.113195
802.512309 429.810580
807.130699 823.446537
815.616084 1120.327447
811.234173 538.442068
822.608533 1154.133521
822.978677 217.433270
808.805911 434.691937
818.218345 511.059221
817.291978 516.825591
820.096828 1014.626308
819.120024 1033.658777
820.307144 1035.996756
817.418978 1039.779141
815.401053 1043.432644
816.375939 825.206602
818.907617 1129.949062
824.591906 498.469277
826.175719 511.845479
824.971404 989.686607
826.633341 1000.314576
827.382545 1064.414967
819.460847 1149.438888
828.603246 216.139108
817.993649 442.659420
819.311668 813.478936
827.461413 487.900353
826.508224 961.833049
829.413177 969.101609
830.598644 969.248933
835.442445 1069.256920
835.222164 1148.172757
836.267246 455.327160
831.688667 467.400369
831.477876 459.835954
828.489845 478.844830
838.012796 932.296644
833.068920 1152.814020
835.985342 796.177796
841.879649 212.837996
839.725815 919.444931
836.887626 934.148011
840.432515 1068.447723
844.137793 1141.663161
840.970580 813.017699
844.267923 911.346499
844.489576 1157.142255
847.586738 1085.841984
841.874014 211.193076
849.213266 900.918236
850.463567 814.977073
853.405515 1120.391852
861.429396 1087.368862
855.420982 1160.983385
851.498788 835.702761
854.180468 842.461417
852.631030 209.865074
852.709355 876.277334
856.585967 844.222826
870.930629 853.306338
855.390971 855.115285
851.075800 866.851096
865.931643 1109.201169
862.195552 1087.050303
862.450580 1158.962299
865.511409 208.874554
864.327473 1114.746002
871.588211 1094.998222
875.534046 1153.397035
877.910085 209.598623
888.462882 1157.577051
883.301793 1081.319930
885.399111 1082.110652
885.898229 1088.510662
890.093573 1102.029770
891.028558 1109.642905
876.833876 1122.889192
889.265862 1137.946791
892.654549 209.679491
895.259227 1065.764746
890.642686 1153.695655
895.538475 1132.561262
890.033464 1057.519385
899.675949 209.367663
896.279825 1151.915231
894.406535 1050.010896
907.558804 210.983029
913.700954 1051.394531
920.788568 214.896584
917.652703 1057.450808
921.055594 215.168394
933.582168 1047.627802
938.353466 217.754047
940.562177 218.246330
944.878520 1033.948453
949.877836 225.180511
953.021400 1020.607608
965.179230 1034.815883
964.731426 230.632276
977.636271 236.909987
972.440403 1042.050566
974.453628 1145.412950
976.893499 1144.878468
977.645535 1150.582518
975.114448 234.634358
985.559219 1031.401976
979.549708 1131.149185
993.121427 1159.395476
988.531096 1118.396305
986.059346 246.805360
991.650774 1049.133705
1000.116147 1055.373229
995.383355 1112.204931
1000.945875 1163.500966
995.923991 249.249571
1000.929123 1057.858392
997.662175 1072.749964
996.277759 1090.606934
1000.462212 1102.095192
1002.079655 672.785189
999.535105 259.994932
1006.342270 277.198277
1005.221234 1160.858202
1006.687648 282.671165
1015.320624 283.707531
1012.892541 302.431566
1011.944361 314.538078
1011.301735 311.312000
1010.461802 331.863594
1004.948980 329.819897
1016.587417 352.492227
1018.208634 354.035588
1015.993386 1149.589337
1016.564325 655.131626
1031.856747 365.401789
1020.631207 657.692965
1020.771602 1106.907161
1025.115051 1109.911950
1019.030086 1158.938505
1022.081310 352.939540
1033.710334 664.318554
1034.754745 710.192901
1034.121179 740.778838
1035.487534 740.136284
1031.216297 750.477561
1030.315060 765.348444
1030.656841 767.344739
1035.009543 783.353522
1031.572846 804.767382
1030.492380 652.919728
1030.333731 1098.762355
1033.375440 811.455919
1033.194290 814.166103
1035.709135 829.136012
1034.566479 1127.073052
1033.758954 1157.312560
1036.146528 337.925215
1037.833031 838.040103
1047.354598 644.386328
1041.335876 1106.880521
1041.045252 327.320880
1035.976719 671.528326
1040.276748 729.165073
1037.583458 831.213062
1043.036893 857.132616
1046.313698 307.849996
1044.699166 639.873247
1045.773980 873.214155
1044.456624 1102.091056
1046.438526 1140.707947
1046.529591 1155.307890
1050.383867 671.082096
1054.061147 721.784331
1051.062553 877.805886
1044.805503 885.711189
1050.131423 894.081323
1048.339659 308.952547
1054.112063 617.655940
1054.313493 1080.313554
1053.960391 905.252037
1054.657995 916.582674
1058.423452 1128.921163
1060.971103 1155.038258
1057.596283 682.634461
1061.163826 1069.144173
1063.432145 717.064767
1058.791392 294.131562
1056.698306 604.971418
1054.014896 913.473220
1064.727688 935.870086
1062.138382 1061.747571
1071.293687 724.325573
1060.594218 288.001282
1066.913648 936.449294
1067.645774 1057.376610
1067.149091 1125.316059
1066.559367 695.424883
1065.217408 1156.123981
1064.045652 586.390611
1069.600875 946.964478
1070.244560 737.034044
1067.662661 1022.351696
1068.917100 1040.536230
1065.691338 280.109898
1075.627458 590.474227
1076.713627 688.622623
1072.400567 956.741962
1076.924446 1011.058992
1074.845381 1011.439155
1072.746525 1132.834217
1079.353463 1155.227422
1076.233636 747.498624
1087.651848 283.146746
1077.382877 586.609907
1079.332461 694.418144
1079.240127 964.782439
1089.830964 997.876271
1085.541755 1120.101564
1082.790957 1158.363779
1082.695046 741.977553
1091.530995 571.207930
1088.667882 704.303724
1092.244913 292.326213
1091.545283 756.968596
1092.551767 972.759762
1094.115035 994.837837
1092.840587 1125.778384
1094.650655 1154.264693
1103.140611 559.590776
1093.987883 712.776836
1109.609638 268.372584
1099.731411 757.321322
1096.950352 969.665398
1103.048499 556.184797
1105.506438 727.831781
1112.653348 1005.311782
1105.961757 1115.396889
1099.991970 773.047653
1107.062283 1162.964087
1111.908084 264.197890
1119.135968 535.224692
1115.106662 539.804536
1112.715298 725.949267
1116.108862 775.359563
1110.019274 964.883877
1112.651246 737.878488
1113.166064 1006.299891
1115.773864 1128.373591
1122.401985 1161.601410
1114.214489 262.890032
1125.085988 794.383726
1121.391014 527.021915
1118.102341 745.734747
1120.529381 974.985595
1124.197790 794.952593
1123.137078 1006.355874
1123.839725 1135.413048
1129.471553 1154.333570
1127.294594 750.316807
1127.501872 256.055005
1129.594483 532.775307
1128.480820 806.437177
1129.801513 979.339582
1138.996728 1018.314291
1132.666357 1131.477936
1145.646079 1159.103186
1137.736749 753.331616
1137.822024 249.978450
1132.783185 533.283616
1142.918751 813.982705
1139.975045 968.878016
1140.110510 758.399392
1151.126920 1032.114528
1145.069520 1120.221623
1150.746786 1165.633335
1152.759397 249.392291
1144.629550 539.333129
1145.579329 812.908754
1145.930487 990.197065
1153.111424 762.911917
1155.540786 1035.710118
1162.055795 1121.770176
1155.999959 1167.557479
1147.012645 823.494676
1157.810495 248.156716
1156.892785 539.843928
1162.047803 984.092174
1164.503177 772.956046
1166.906829 1016.764879
1165.346176 1117.387983
1167.877660 1169.595814
1167.820991 816.189562
1164.206857 548.936976
1169.177030 250.524710
1169.125672 990.727688
1166.200618 772.200496
1168.072244 1023.313076
1178.337435 805.195864
1174.354732 1112.683543
1171.281899 1169.787751
1173.786971 544.441154
1180.830413 255.591342
1185.400383 985.722018
1183.863969 768.439288
1183.575803 1026.327977
1187.080871 809.152929
1189.757550 1111.349622
1177.904204 1164.213674
1189.555203 548.541571
1189.192112 251.619997
1189.690351 983.105198
1193.615982 782.760995
1191.992286 1010.499975
1190.133040 810.515732
1192.120986 1124.890394
1199.503728 1156.711211
1191.973872 538.725556
1201.213113 251.311774
1199.290710 987.751332
1201.533438 777.890901
1196.344232 1119.396244
1202.406592 1016.769619
1194.121770 808.683689
1198.598693 1155.061886
1203.763554 1140.436535
1206.935255 543.479528
1209.533641 253.710482
1211.735001 983.284674
1203.819992 1145.706700
1205.345174 1144.084883
1214.456004 782.345071
1210.704991 998.955286
1205.189621 811.052669
1220.776325 544.421903
1219.093897 980.679073
1214.400474 254.004742
1223.033174 778.033236
1218.405997 994.851971
1221.312787 827.345777
1231.667226 963.898566
1230.730211 532.685278
1230.096329 260.959117
1227.943849 785.817527
1223.521657 992.693803
1234.283083 815.718521
1234.392721 956.791902
1239.348597 530.562848
1235.151848 264.155442
1236.943958 972.353211
1242.078306 783.525714
1236.242155 955.653692
1238.547508 827.016898
1242.922664 531.365880
1248.908504 968.876152
1244.037319 270.239581
1246.643780 792.605462
1250.286955 931.760173
1251.506391 510.340207
1250.619608 800.268037
1250.965548 817.826586
1252.891371 280.691873
1255.246901 504.753617
1249.575088 924.289931
1253.193835 971.979071
1257.839017 284.881876
1260.331171 904.174811
1261.772806 496.232738
1263.071609 291.968917
1261.350576 970.598152
1269.583531 917.605576
1269.779482 300.547196
1266.435077 485.411108
1275.745356 310.643398
1273.702068 479.250489
1275.980485 960.528723
1278.767438 908.930475
1281.483761 320.173251
1281.471089 886.376017
1285.981561 470.466704
1280.741200 956.297648
1287.337462 830.470130
1290.929489 843.811593
1284.870178 842.702745
1285.702782 855.319805
1289.087952 878.161960
1284.450625 325.424159
1289.372955 948.070573
1287.770045 802.876946
1281.820674 808.493380
1283.882265 810.225720
1290.998287 814.322922
1288.721696 332.217304
1283.784985 460.064272
1288.248053 933.105479
1299.026044 776.110590
1289.727920 431.071066
1294.652874 915.468736
1293.653229 345.763771
1301.206078 759.694256
1300.692727 764.813970
1296.988676 426.745040
1298.522617 894.718819
1303.395674 750.275774
1301.135141 351.400080
1304.448817 417.654454
1302.998331 894.239716
1306.701491 742.478024
1309.632629 367.780887
1308.113906 405.780439
1306.587301 889.224095
1310.700856 370.944425
1313.022393 388.586198
1312.481574 391.949990
1315.291132 799.549517
1320.455280 816.583499
1318.907687 821.599777
1315.816787 826.257587
1318.150332 852.509766
1313.366654 857.854009
1314.993572 859.206951
1313.791816 866.569601
1320.862763 738.560953
1320.401446 747.461155
1317.014867 763.118867
1318.836940 768.172977
1321.961082 782.871140
1312.547392 794.051825
1326.691618 729.786398
1327.587908 749.411377
1333.001554 717.418766
1329.991521 743.682039
1338.555225 700.425040
1339.875005 732.650319
1351.759195 712.062442
1350.383009 721.703323
1364.265149 702.015934
1365.474148 719.315882
1363.882966 692.625709
1367.709109 725.155153
1379.669562 697.976587
1383.703860 709.470340
1387.411663 693.084657
1397.340359 701.392694
1392.829535 701.901314
