674.018480 1149.653796
693.595615 1142.589629
676.826431 1150.404985
717.151013 1122.398232
697.729189 1157.415968
685.473911 1145.885454
705.958715 1156.423076
681.070547 1114.569800
692.177631 1162.257759
712.993748 1134.363212
716.944218 844.183202
712.286607 900.266862
693.811585 1149.254485
714.730652 862.962649
711.909644 912.416439
738.125731 1108.427876
727.241245 815.477645
689.027187 1160.268597
730.155638 817.603006
720.469583 888.800954
732.938380 1135.378292
731.761311 796.547642
743.449523 1153.418567
729.256161 799.431151
732.607368 877.753126
741.622997 1118.262321
742.415748 778.783795
716.877115 1161.681859
760.860528 734.665620
710.383186 902.825020
786.650631 1106.716379
775.438779 792.093094
764.733509 1161.163799
734.285818 871.106153
762.028624 741.126347
786.949221 1084.921492
750.146649 1144.225336
761.652653 754.119943
747.711933 866.751722
765.377530 744.030634
793.302453 1130.319331
776.373907 315.013312
778.195097 317.901748
806.892924 259.302139
765.148142 322.014656
780.843600 288.731260
761.929246 336.922125
763.969643 347.981070
757.128809 345.410975
758.331101 370.661432
745.494731 401.199180
758.298219 742.006946
752.986153 1167.199283
783.746075 268.811122
788.630486 391.960061
787.678523 685.217792
782.082081 856.975697
764.500583 1089.810450
810.048958 255.739057
772.680582 403.667889
782.148108 722.493506
764.764843 1165.567521
796.662921 419.856754
774.794144 835.570817
790.806197 267.039669
795.037341 677.239063
781.090496 1136.010601
786.030023 672.430280
799.630137 1157.952557
785.118257 837.000589
801.509134 239.568118
773.815202 389.254151
794.793003 654.076726
785.051848 672.958569
788.759999 1092.522044
793.356744 581.050390
814.477366 1148.869281
806.678697 254.077183
809.264580 826.125795
814.956894 397.301139
785.410414 1154.811592
786.577087 615.388093
804.323901 604.989439
821.164627 208.619517
786.021295 1114.432554
806.330475 406.360878
792.503590 587.142309
828.434331 583.393877
819.620182 830.570282
819.587889 1142.821415
816.321416 215.195323
814.299072 589.774225
796.192463 584.263710
821.227620 441.940472
828.932458 857.515538
813.270369 1144.049766
823.667753 531.276540
813.334147 1154.792341
813.942679 225.295702
822.750174 426.778790
816.070827 488.663489
831.189083 526.064334
803.214004 1033.147462
822.806870 1026.122394
842.804701 1022.672225
815.773887 1023.041057
839.363848 1051.487718
830.889518 828.367445
797.855204 1148.126722
831.205268 519.458332
825.871143 539.131909
812.061032 999.006991
830.345408 1000.494596
833.755175 1059.668781
824.911764 1120.364566
822.509499 208.633315
856.516686 446.767800
829.800983 820.321774
824.636699 498.474117
811.561123 940.665036
813.048176 982.763547
820.835653 994.840476
834.608393 1061.269974
825.243443 1149.451647
829.893136 439.617814
821.148864 488.762351
837.392143 439.912967
833.745686 460.495866
835.505181 957.511324
814.654893 1153.925138
827.137349 815.300448
830.362565 209.245063
836.305086 937.476169
811.646906 915.100840
895.148756 1102.707215
871.192907 1113.130503
858.093990 835.741395
824.880717 929.525349
836.228597 1143.823686
804.560410 1126.087600
864.946927 213.842290
829.962134 916.049483
854.099541 812.828948
857.274873 1136.818743
833.947268 1062.797081
844.375447 1155.682194
884.821565 828.552232
856.010358 837.438932
881.359974 224.671175
869.301580 912.042259
868.314531 854.211649
869.985766 864.967285
851.212001 877.201300
866.176766 872.933859
858.865763 1122.087618
860.641816 1097.528154
834.500852 1149.781029
862.098009 215.631283
868.122391 1137.097011
860.325429 1125.024868
880.097788 1147.710427
857.370674 215.453841
891.061860 1129.913308
863.580008 1098.367983
877.686083 1079.703163
869.606584 1108.357318
887.400875 1102.573852
890.932141 1119.042866
889.277898 1132.416706
880.683702 1079.216317
891.882540 228.033501
860.801681 1047.164193
911.023263 1115.942173
908.175645 1152.039331
917.427429 1016.882505
919.505905 205.821086
915.466669 1151.734229
922.969719 1028.558908
910.038109 214.346760
917.030482 1052.381283
910.542505 204.217685
920.260621 1034.265386
949.657064 225.537704
926.875418 1055.075380
971.347406 230.410922
912.554946 253.177863
923.800371 1039.680170
942.336960 235.763859
956.280427 1062.133917
930.222081 1039.679759
954.223954 230.151822
976.051621 239.772213
938.063260 1039.078438
966.645954 1155.842094
980.054925 1129.771770
985.588496 1166.206529
1008.864040 260.687713
981.573646 1063.435460
985.865659 1097.677831
1006.777642 1170.268948
993.347048 1098.148588
987.167613 247.008019
995.943513 1055.528394
989.117427 1074.542258
1008.545723 1108.142517
989.930035 1156.209244
970.915094 228.042247
1018.985234 1067.096968
994.979221 1072.028168
988.378873 1084.843181
998.674080 1099.098704
1002.686836 662.341031
989.618837 260.970124
1018.417217 282.926637
986.660387 1170.250854
1001.982072 272.267712
978.002020 308.369088
994.983194 284.290700
998.996147 308.657103
1002.159126 302.922351
1015.859276 349.097391
1012.568050 348.467108
1016.740038 367.233825
1009.680029 365.073575
1034.921622 1144.764897
999.713187 665.485931
1021.172569 349.353505
1045.970961 635.358813
1032.979867 1132.686372
1030.425589 1139.442098
1017.664329 1166.332175
1018.785004 329.112837
1018.869510 647.203421
1042.259048 740.454314
1005.144158 734.586282
1017.850244 757.680681
1067.933542 762.758764
1045.199915 741.100246
1021.346678 749.621375
1044.662986 747.510383
997.697848 806.667516
1034.759366 659.094003
1045.127870 1102.024665
1050.679808 788.500924
1043.855766 844.931096
1024.365305 834.350079
1042.187895 1116.833888
1055.137952 1157.114467
1044.676491 307.676803
1021.633759 829.412840
1011.934448 634.244008
1028.938368 1082.541717
1047.574311 314.773233
1029.691971 626.149047
1059.969079 726.018234
1010.752979 853.443942
1017.527677 843.641955
1023.317252 306.673424
1049.776837 613.580261
1043.810468 857.250235
1048.777390 1104.391144
1065.497335 1132.059699
1049.318947 1137.526756
1051.378108 651.899934
1049.949911 685.261822
1036.308928 846.178152
1028.588729 883.006499
1040.413462 910.882157
1029.541658 309.783054
1043.680222 628.622548
1045.506282 1109.564776
1068.775308 875.997234
1076.177713 921.270909
1051.171755 1135.180322
1055.858755 1158.561074
1035.243101 685.626574
1054.010213 1067.909495
1087.272132 731.549920
1082.992133 296.952473
1037.534455 595.819472
1038.563573 933.564260
1076.772969 923.068435
1057.018914 1072.301899
1033.649323 735.150712
1071.439927 299.323585
1067.483875 959.019531
1058.926055 1052.919283
1048.542735 1113.161929
1076.577439 715.629802
1054.914922 1141.317498
1091.365193 600.151871
1074.973761 962.900840
1048.158870 735.105582
1066.665062 1011.018062
1083.166567 1054.983314
1068.118876 314.937739
1077.516310 582.505426
1109.041134 701.542119
1091.075926 964.738895
1069.789171 1041.035357
1083.365026 1012.383766
1075.814527 1125.982516
1084.490661 1172.157069
1062.627219 723.307913
1098.215769 287.798089
1092.614385 575.385675
1057.898800 707.034442
1092.640820 949.263092
1090.303961 1034.299281
1084.325909 1095.617309
1077.053816 1142.839841
1103.447242 768.490504
1083.141591 584.798875
1092.305873 698.019501
1089.545514 286.096388
1076.329009 753.886386
1099.874641 968.929877
1093.378202 990.448191
1062.208581 1119.449227
1107.128384 1145.507537
1111.505930 552.538669
1128.421992 691.215443
1090.633635 272.579702
1119.657894 760.592533
1115.588070 965.624730
1103.435604 572.276002
1103.843689 709.996415
1102.211035 1040.955136
1107.425696 1151.599792
1089.144933 754.454443
1108.287260 1142.341311
1110.504795 249.508528
1109.206793 568.023075
1148.678602 550.861177
1128.979618 704.128645
1089.008319 761.998050
1087.652943 975.926005
1130.103863 740.439778
1102.117723 1014.910093
1130.175413 1148.964524
1085.099886 1149.428096
1118.573096 256.047495
1127.053931 754.138383
1119.712373 515.094472
1110.402745 740.209368
1139.582545 912.831401
1124.049538 819.062061
1095.937546 969.315812
1137.087799 1152.218930
1133.327406 1152.955295
1114.514166 757.225991
1134.050021 241.942307
1141.930720 545.293139
1149.358938 797.253323
1124.915193 937.907828
1136.807030 1007.062653
1112.401461 1155.681669
1112.968131 1165.502569
1127.434397 732.748273
1121.785348 245.470405
1146.884127 525.925231
1167.369274 807.732111
1146.244409 1002.530719
1144.773634 741.572333
1145.700406 1007.081837
1134.746946 1130.244693
1133.981299 1158.068384
1132.043605 241.276450
1171.562968 531.183189
1145.366513 814.480555
1156.068855 967.962869
1162.149141 778.308472
1168.812206 1003.997486
1122.599603 1141.593372
1171.165199 1167.191654
1135.647825 819.893227
1147.763047 242.357459
1158.802918 558.149505
1180.637734 990.121921
1151.626099 793.808441
1156.694139 1015.111239
1190.968763 1123.059790
1180.586283 1157.399886
1161.646502 850.873906
1173.433791 532.306836
1154.538510 244.594803
1145.289752 994.112998
1194.232244 776.952344
1183.991494 1018.264154
1153.470459 813.299708
1176.871473 1129.726393
1191.023239 1159.978284
1173.435249 543.252716
1212.458130 286.355420
1199.221414 1003.477136
1194.213324 760.730125
1155.405389 1002.687596
1184.987443 817.653737
1184.385472 1124.546199
1180.353097 1168.469269
1176.021226 545.152650
1192.980217 249.281870
1180.645291 990.032501
1197.163485 781.731272
1184.970529 1019.527656
1193.307595 807.375633
1182.335175 1101.130815
1195.900627 1164.075845
1190.757281 524.247786
1198.012165 253.833122
1197.207731 1005.021901
1192.916068 773.630172
1204.274425 1130.144964
1207.180867 1000.599407
1179.836626 807.221928
1206.981769 1151.260701
1194.498873 1146.767441
1219.522850 520.275585
1231.407342 281.594175
1222.027534 970.451393
1204.472515 1153.105000
1197.551674 1161.642482
1218.151949 773.582147
1222.378605 1019.022834
1197.726251 811.368868
1205.214201 540.711769
1236.363141 984.096111
1249.289226 286.826532
1231.882317 769.329413
1213.029800 1001.821958
1210.658059 789.004322
1242.340851 956.232381
1224.825337 536.395563
1227.316092 267.550122
1236.466920 767.176089
1230.614221 986.102236
1245.968652 784.904522
1241.412488 955.138108
1204.188259 571.648910
1236.089402 284.809620
1236.571432 990.319824
1226.403650 774.214958
1228.176892 934.245138
1286.777857 825.568693
1242.810383 513.395449
1263.788878 956.950660
1241.413804 275.849469
1269.680395 817.918652
1206.142413 895.482099
1266.069472 485.647679
1255.864786 825.304085
1237.171468 883.534036
1261.698223 298.260715
1225.807096 482.421909
1242.007808 935.526442
1207.488122 1004.247700
1233.950765 288.281075
1265.556982 914.583856
1268.740928 468.469399
1242.965721 288.834401
1253.182598 975.388865
1258.145072 906.987640
1279.180912 318.791679
1262.122327 466.354547
1260.896849 300.445601
1278.359955 530.197569
1270.070634 947.668487
1254.894821 910.805294
1275.836483 313.796296
1287.254995 876.373726
1286.243875 449.734191
1276.137570 930.334513
1306.675631 848.185298
1284.901671 873.336251
1283.585981 856.091416
1272.309720 842.864078
1281.635166 907.773865
1286.004343 335.093369
1288.162243 916.078555
1290.008639 771.721342
1284.577367 822.973850
1304.626092 823.257586
1297.540341 816.697663
1295.480569 359.651865
1283.153274 447.641508
1283.015226 909.599973
1297.978165 809.345268
1284.627096 429.395349
1276.480044 940.659102
1292.682005 351.762565
1302.295961 745.259687
1318.171363 802.508752
1281.159645 422.876373
1283.015920 904.776630
1298.386591 764.687080
1295.431147 368.883325
1291.262026 420.600162
1289.173109 903.479767
1329.447190 734.221622
1294.856208 356.237793
1297.284406 391.719599
1287.897925 917.500720
1298.296974 387.102170
1298.829789 375.692807
1298.592657 377.629317
1305.925255 812.985162
1308.876781 835.093496
1312.635451 818.373116
1313.296104 810.153121
1315.722586 822.083425
1273.224357 875.897765
1307.902454 846.526554
1294.318591 867.800955
1324.976075 736.317654
1297.201320 738.924146
1320.217200 802.347353
1313.184476 774.972465
1324.262552 817.592916
1323.530291 816.585483
1335.661718 738.010996
1310.902753 736.952372
1334.245474 727.862479
1336.842441 729.272172
1341.168115 712.059721
1339.808724 724.799592
1318.580141 693.244438
1362.255400 735.945117
1380.826286 702.545420
1348.623887 708.230920
1355.063321 693.950075
1365.721764 736.365151
1390.848961 682.244110
1373.594121 713.963065
1383.658969 697.584358
1378.609254 698.236909
1372.532746 678.601188
