674.134842 1154.846686
680.827050 1144.109133
675.724080 1154.351072
686.278963 1123.828386
671.941624 1158.289715
676.231419 1135.433121
695.422558 1163.964234
695.718137 1121.227636
696.386507 1162.094539
702.154434 1131.051857
714.839778 850.192822
717.076837 864.968780
707.353434 1166.222135
716.959065 859.903801
719.070798 878.500905
712.602364 1105.023936
714.580919 835.623748
719.023441 1163.615413
723.363299 811.419729
725.730078 884.756875
718.612192 1127.350252
722.815035 815.031920
711.354092 1158.380837
730.093211 792.526377
731.549435 872.473904
726.309519 1112.329939
734.864800 778.888951
722.034094 1159.233436
738.195866 770.556358
741.063363 866.009254
761.178054 1097.872288
736.690827 774.085350
755.545364 1149.982950
743.249415 865.949816
743.443211 764.113572
736.639375 1120.542839
758.394591 1154.314504
756.373258 742.902020
767.016140 852.207238
757.435400 741.335798
755.468638 1122.412969
766.342615 291.391515
771.249419 282.861253
763.614867 322.184053
762.490075 323.557292
761.786724 328.032807
768.684672 352.662141
770.527267 351.135646
772.692589 363.307145
772.661134 364.459758
779.047235 382.785690
769.673803 721.523381
760.294654 1156.735871
778.207484 265.858820
777.174446 378.377881
780.133117 705.770757
757.145670 862.951324
777.743271 1105.344199
781.389850 262.564540
782.078370 383.424099
779.761671 714.140562
768.664158 1153.792237
782.283913 409.277619
783.715112 839.353192
779.769043 257.159136
781.183706 670.534330
789.605426 1120.020982
784.099457 640.404187
774.216398 1145.229540
778.338861 833.961274
792.112584 247.569641
788.821340 407.921757
784.192464 640.948810
780.087799 643.782917
793.613012 1128.354559
786.599625 629.534275
800.187768 1148.436840
797.682453 243.608046
799.096066 832.778061
796.619947 407.797988
799.007512 1135.792882
793.843831 595.004283
789.980646 609.716833
803.494172 239.277823
806.605629 1141.422327
800.701178 408.196013
797.636927 583.673058
797.545754 582.870730
820.305315 833.690345
804.026088 1145.323828
818.499395 233.890794
814.700566 549.761686
811.264280 553.695854
816.915469 433.090895
809.458164 820.931229
796.594934 1139.392198
815.700899 546.576300
814.404551 1149.825949
821.282083 223.859839
833.481345 422.080409
824.626862 516.814167
825.557339 535.611444
814.692393 1016.269868
820.803352 1025.061780
830.658565 1049.764434
819.150465 1048.613749
825.809199 1061.895189
805.060384 805.358278
820.240195 1140.736565
827.135457 482.775690
840.699349 493.893657
830.708586 994.598550
828.790476 996.928790
825.308319 1052.139577
831.945690 1147.736467
827.702898 222.348106
820.757631 439.752079
844.779175 809.087472
833.214575 485.141821
840.351180 956.046686
837.475758 964.380632
843.173232 975.091129
834.923110 1071.850676
840.006221 1148.593530
843.269283 448.581781
839.681843 446.814568
833.018707 473.417830
826.267731 483.616057
841.774371 936.218571
841.589104 1152.081634
832.548424 822.878762
846.161277 234.436460
842.431515 939.462788
843.942634 930.689082
852.450055 1097.420618
833.927111 1139.236134
840.224676 820.362336
840.492187 892.446215
837.767755 1151.475407
840.846659 1095.914880
852.941362 216.663680
846.594146 895.997258
842.830886 816.971671
862.254948 1133.381419
846.334121 1110.341105
854.899459 1151.555701
839.578652 833.108321
856.343396 826.023579
860.671061 210.601065
861.741521 890.031156
860.820334 863.126090
864.134405 867.656228
845.640223 869.696143
864.776033 878.116869
867.345096 1105.056008
869.824823 1103.828071
864.814202 1147.496612
866.410364 209.849912
882.669986 1104.603854
873.484395 1100.724700
878.931010 1141.717428
863.547050 207.190640
869.118547 1150.133329
887.341903 1073.702554
886.416426 1092.130916
883.842830 1094.580795
880.643453 1097.714560
891.633919 1109.301027
880.781448 1102.081075
882.316100 1125.627751
893.380309 214.019015
894.135357 1066.461399
899.170508 1148.643958
895.469209 1138.820268
895.278419 1051.525128
891.833789 211.225016
898.245829 1146.349647
911.478097 1046.513034
902.133336 213.225266
907.233036 1050.364774
928.839996 216.230234
927.587197 1031.715407
928.669986 217.929124
924.546924 1046.854572
948.539027 233.415612
947.144415 222.031196
934.054067 1052.263051
954.010007 227.315937
952.618696 1049.239434
967.770186 1047.294489
964.207339 229.395262
957.931796 228.376885
983.339188 1044.381927
982.279015 1146.840843
976.511087 1140.423962
988.763756 1159.161738
977.267702 238.416762
975.410633 1048.724676
991.132263 1141.610620
988.382269 1155.414521
996.373728 1127.217397
997.924603 253.612267
988.807765 1037.841663
994.892140 1051.173356
984.054891 1100.363383
995.363536 1158.877591
1000.547175 260.128278
1000.333957 1056.283971
993.771955 1077.856703
990.994454 1076.647750
1001.479522 1098.901956
994.462832 676.554712
1007.796166 270.864619
1001.916315 279.244663
999.494086 1155.652678
996.882107 265.766574
1010.439677 295.607801
1015.691476 296.005257
1011.552658 299.406168
1014.556210 315.411207
1020.063939 330.177804
1014.716825 332.201967
1026.984661 363.341184
995.430072 345.828096
1014.106225 1136.293432
1024.455089 661.767723
1029.849837 374.619139
1022.965117 649.163267
1023.412409 1118.315786
1027.583419 1115.727323
1011.868509 1146.024603
1031.631727 348.309172
1027.469402 660.331742
1042.967667 718.517688
1037.692250 736.298136
1035.530891 740.082689
1030.488603 759.598786
1021.249781 762.432307
1029.808495 766.817418
1029.876776 777.371506
1043.816928 770.592547
1021.888648 647.290375
1031.064272 1120.677274
1043.192980 789.539871
1032.938317 811.113530
1034.589540 812.517591
1035.338903 1125.184946
1038.472122 1147.636232
1031.236703 335.415957
1030.469565 817.789645
1028.704466 631.201353
1031.804977 1110.380023
1041.261609 322.516286
1042.096944 673.235663
1050.543920 719.999017
1039.690456 819.485283
1046.899250 854.691958
1031.254691 319.602479
1048.165737 630.417855
1050.620286 881.847539
1047.476004 1114.355078
1041.440891 1129.848603
1033.897936 1139.771326
1044.561980 663.997538
1052.555744 712.257201
1050.066391 878.559525
1057.297002 906.064626
1050.083778 891.119559
1058.578790 297.369438
1051.200762 624.633195
1050.959020 1075.559802
1051.630748 902.741894
1073.652995 924.367225
1046.279482 1134.370279
1065.401823 1140.188181
1047.437351 666.640330
1053.869778 1059.725375
1057.913611 705.876434
1051.714927 301.609128
1059.247033 608.182067
1047.950179 920.142053
1055.430486 925.395355
1064.702616 1049.523443
1069.144126 737.175988
1057.431013 299.411657
1067.151488 942.463906
1066.245104 1043.478707
1064.853849 1132.237341
1057.982165 689.673705
1074.921493 1142.448559
1073.100100 593.020144
1071.782507 954.533988
1077.752709 726.294760
1055.071925 1027.617636
1080.959491 1035.203681
1060.436531 295.186735
1076.229847 588.753898
1070.224073 700.491223
1066.184989 956.565710
1083.974375 1009.579304
1072.348840 1024.864656
1074.437230 1128.861735
1063.764451 1145.065767
1070.332022 745.767920
1082.939047 283.811025
1086.341750 570.795909
1078.062423 718.038521
1087.108003 969.423773
1079.291324 1019.153909
1075.506171 1126.524843
1083.865598 1138.876811
1087.392063 737.244603
1079.070395 587.210410
1081.695787 709.769215
1096.136363 277.826005
1111.040179 750.542587
1091.599935 967.227423
1087.227657 1017.094191
1096.143699 1128.163711
1102.057285 1143.403966
1091.655840 550.660946
1106.089238 702.368626
1103.946894 279.860515
1109.642352 757.267705
1094.771819 964.445353
1104.733821 549.936790
1099.066063 719.975501
1109.921907 1013.542743
1098.920020 1110.866425
1103.816766 777.431177
1113.175870 1143.584897
1114.357981 268.743642
1122.582950 527.952615
1103.922880 539.132373
1108.055307 731.964541
1118.852557 775.036804
1107.710671 971.267060
1124.942335 743.562021
1115.629863 1004.289349
1125.880292 1130.265348
1129.043660 1151.454797
1131.210019 260.576259
1137.001809 799.608125
1116.661802 526.268598
1114.750786 737.338975
1117.989017 983.354959
1134.864641 798.947210
1132.441787 996.040152
1114.734752 1138.840094
1123.567163 1142.001099
1127.493986 758.611451
1137.264347 262.529245
1140.492936 529.175254
1134.464997 800.255061
1122.312193 983.696563
1142.624203 1021.369788
1135.126133 1127.330305
1151.398423 1161.401769
1135.237286 766.107131
1131.360851 261.449255
1147.075090 507.902641
1146.868215 784.964534
1160.088757 987.958456
1135.793585 763.354112
1144.642029 1010.509518
1154.147502 1127.423014
1135.825305 1157.035243
1157.790909 251.902258
1141.119102 525.337132
1133.640055 809.239310
1144.750996 978.577735
1161.731884 781.215229
1140.009373 995.478620
1150.529832 1106.771331
1164.500933 1167.234727
1160.051902 823.075393
1155.990727 251.831203
1153.299253 537.904606
1154.319857 997.974703
1149.245101 775.748541
1162.407485 1013.757641
1166.454867 1104.843911
1171.101753 1170.820857
1176.879930 804.489468
1171.084924 539.962611
1170.774134 245.404258
1172.666602 982.129293
1168.903251 767.250707
1181.104209 1022.673878
1173.942012 812.236925
1180.008513 1101.367575
1172.659315 1168.155833
1181.976464 543.429323
1177.134881 245.479153
1177.635916 988.186377
1196.090762 780.127784
1180.753442 1011.326622
1190.279570 806.133704
1180.858163 1104.976324
1176.659119 1162.200378
1180.793770 542.629327
1194.174456 243.827228
1192.501152 988.497047
1196.756208 789.957926
1180.119005 1006.436044
1195.486453 802.295651
1202.428811 1119.103649
1185.808258 1159.756387
1194.620089 540.809338
1193.245356 245.745899
1193.994048 988.690363
1195.493865 788.681643
1196.807761 1087.914409
1201.010418 996.607127
1203.470051 809.081270
1201.498125 1153.398904
1209.687916 1138.177450
1207.686496 542.202325
1212.891975 257.416170
1215.142500 987.481115
1209.834962 1138.802937
1205.187376 1146.485255
1208.335606 787.475615
1208.411774 999.841371
1207.919456 798.585054
1222.820675 567.932351
1200.292718 991.956208
1220.641789 257.659129
1217.406533 790.288652
1209.387030 996.680020
1222.462394 813.845079
1208.431603 961.958567
1223.510548 535.431120
1207.170733 249.549165
1233.544660 801.852092
1210.353661 997.602985
1229.224098 835.212283
1235.293598 972.147072
1235.625614 537.756706
1243.512099 269.858560
1236.782047 975.779186
1243.792957 793.533466
1234.433395 960.509931
1243.713648 818.556794
1255.842229 533.019181
1239.409796 980.634408
1248.049845 268.910069
1246.761388 785.744591
1261.754610 940.167187
1252.995335 515.057686
1251.766183 802.854783
1253.043814 808.286529
1262.159363 291.349776
1261.704193 502.124215
1259.616792 947.902100
1260.420117 964.679992
1262.146077 287.368165
1258.695073 941.458651
1262.874923 501.839127
1262.004673 291.819635
1252.696139 974.961475
1275.502300 892.814601
1276.228124 312.891850
1276.417569 478.084738
1286.378386 327.255007
1284.190441 465.705384
1275.708786 961.335133
1286.244879 906.760893
1274.507331 327.479126
1281.964078 878.485523
1284.643555 464.251823
1284.335543 952.295984
1279.979430 824.910374
1285.065312 833.378156
1285.605859 854.292872
1285.575918 872.792465
1294.103156 852.288397
1286.734830 326.662381
1289.513822 942.302234
1301.877471 797.477947
1289.336343 797.747124
1282.815963 806.548914
1285.899686 815.260945
1287.580249 334.064516
1286.442428 456.337362
1285.756874 938.637254
1282.506185 792.014370
1289.771618 449.782915
1285.500178 924.216894
1291.453172 333.523462
1287.921102 755.196157
1294.317503 777.076830
1294.581127 421.592807
1289.373749 912.139984
1310.851936 745.369224
1303.203593 362.586504
1294.860538 429.007607
1295.209784 891.149159
1312.710614 736.940999
1306.742664 365.455034
1292.146553 414.300841
1300.699928 869.060799
1306.367628 363.966685
1299.124826 397.540194
1302.329297 383.288843
1296.379863 787.618740
1303.921447 817.041050
1313.906580 822.827001
1314.318030 828.097004
1307.939700 830.329567
1304.566750 846.516421
1299.240700 859.086026
1303.692195 868.592544
1315.474749 737.383086
1317.607263 749.542051
1313.384219 764.542706
1315.892493 774.557518
1309.823207 774.727668
1322.577271 793.905461
1312.695257 735.939844
1326.895505 739.519335
1338.722200 722.112424
1333.248064 725.555845
1340.157433 724.132772
1339.249445 725.049702
1354.352917 715.488507
1352.395070 720.058158
1355.521777 713.411600
1361.103012 714.069185
1356.994974 700.287084
1377.121416 703.635680
1393.264432 694.734876
1378.398424 708.188606
1395.019299 695.030891
1387.570117 699.410289
1376.655858 688.729598
