669.000000 1132.000000
658.365793 1165.988150
669.000000 1152.000000
674.000000 1122.000000
674.000000 1161.000000
682.000000 1114.000000
684.000000 1165.000000
632.353074 1146.564263
694.000000 1165.000000
702.000000 1109.000000
704.000000 857.000000
704.000000 867.000000
704.000000 1162.000000
709.000000 842.000000
709.000000 876.000000
712.000000 1109.000000
714.000000 827.000000
739.297645 1153.515827
719.000000 817.000000
719.000000 880.000000
722.000000 1109.000000
724.000000 807.000000
724.000000 1160.000000
729.000000 797.000000
732.848382 825.094250
732.000000 1109.000000
734.000000 787.000000
734.000000 1160.000000
739.000000 772.000000
739.000000 872.000000
742.000000 1109.000000
744.000000 762.000000
744.000000 1160.000000
749.000000 867.000000
752.000000 754.000000
752.000000 1109.000000
754.000000 1160.000000
757.000000 744.000000
759.000000 862.000000
762.000000 734.000000
762.000000 1109.000000
764.000000 287.000000
765.848740 293.613462
764.000000 307.000000
764.000000 317.000000
764.000000 327.000000
764.000000 337.000000
764.000000 347.000000
764.000000 357.000000
764.000000 367.000000
764.000000 377.000000
764.000000 717.000000
764.000000 1160.000000
769.000000 272.000000
769.000000 386.000000
769.000000 702.000000
769.000000 857.000000
772.000000 1109.000000
774.000000 262.000000
774.000000 395.000000
774.000000 687.000000
774.000000 1160.000000
777.000000 405.000000
777.000000 850.000000
779.000000 252.000000
779.000000 672.000000
781.000000 1114.000000
784.000000 657.000000
784.000000 1160.000000
786.000000 845.000000
787.000000 244.000000
787.000000 409.000000
789.000000 637.000000
789.000000 647.000000
790.000000 1119.000000
758.833398 698.629311
794.000000 1160.000000
795.000000 236.000000
795.000000 840.000000
796.000000 414.000000
798.000000 1125.000000
799.000000 602.000000
799.000000 612.000000
800.000000 226.000000
793.217393 1113.568255
804.000000 420.000000
799.865988 621.899446
804.000000 587.000000
804.000000 835.000000
804.000000 1160.000000
808.000000 219.000000
809.000000 552.000000
809.000000 562.000000
810.000000 428.000000
804.841286 849.314413
813.000000 1134.000000
814.000000 542.000000
814.000000 1160.000000
802.528083 186.333971
818.000000 435.000000
819.000000 517.000000
819.000000 527.000000
811.460541 1022.417465
819.000000 1022.000000
853.490142 1065.831513
819.000000 1042.000000
819.000000 1052.000000
820.000000 820.000000
823.000000 1134.000000
824.000000 497.000000
824.000000 507.000000
824.000000 992.000000
815.793461 1021.505102
876.899851 1051.964353
824.000000 1160.000000
826.000000 209.000000
827.000000 440.000000
828.000000 813.000000
829.000000 487.000000
829.000000 957.000000
817.868599 946.573915
829.000000 977.000000
831.000000 1069.000000
863.363898 1115.748720
834.000000 448.000000
809.536346 446.535301
834.000000 468.000000
834.000000 478.000000
834.000000 942.000000
834.000000 1160.000000
833.358879 816.735836
836.000000 209.000000
839.000000 922.000000
839.000000 932.000000
835.323528 1132.307496
854.281691 1109.303950
844.000000 810.000000
844.000000 907.000000
844.000000 1160.000000
845.000000 1083.000000
879.550936 321.501040
849.000000 897.000000
850.000000 818.000000
852.000000 1129.000000
853.000000 1090.000000
853.000000 1165.000000
854.000000 828.000000
855.000000 838.000000
856.000000 209.000000
857.000000 889.000000
859.000000 848.000000
859.000000 858.000000
859.000000 868.000000
859.000000 878.000000
860.000000 1121.000000
862.000000 1095.000000
863.000000 1165.000000
866.000000 209.000000
868.000000 1114.000000
869.000000 1103.000000
873.000000 1165.000000
876.000000 209.000000
883.000000 1165.000000
878.440205 1166.145862
885.000000 1085.000000
885.000000 1095.000000
885.000000 1105.000000
885.000000 1115.000000
885.000000 1125.000000
829.264614 1126.816649
886.000000 209.000000
890.000000 1065.000000
892.000000 1159.000000
893.000000 1141.000000
895.000000 1050.000000
896.000000 209.000000
898.000000 1150.000000
904.000000 1045.000000
906.000000 209.000000
942.746536 983.824503
916.000000 209.000000
924.000000 1045.000000
925.000000 214.000000
934.000000 1045.000000
935.000000 217.000000
944.000000 222.000000
946.035215 1016.198755
954.000000 224.000000
954.000000 1045.000000
963.000000 1040.000000
964.000000 226.000000
973.000000 231.000000
973.000000 1040.000000
974.000000 1147.000000
977.329804 1111.706081
979.000000 1156.000000
983.000000 235.000000
983.000000 1040.000000
979.935815 1134.512342
986.000000 1164.000000
989.000000 1117.000000
990.000000 243.000000
993.000000 1040.000000
994.000000 1050.000000
994.300397 1072.114700
996.000000 1165.000000
998.000000 250.000000
999.000000 1059.000000
999.000000 1069.000000
999.000000 1079.000000
999.000000 1089.000000
948.675159 680.481428
1002.000000 260.000000
958.678742 269.806289
1006.000000 1165.000000
977.541848 215.841442
1010.000000 290.000000
1010.000000 300.000000
1010.000000 310.000000
1010.000000 320.000000
1021.212752 348.813118
1010.000000 340.000000
1010.000000 350.000000
1015.000000 359.000000
1016.000000 1165.000000
1020.000000 660.000000
1024.000000 364.000000
1025.000000 650.000000
1034.214653 1065.180525
1025.000000 1125.000000
1026.000000 1165.000000
1029.000000 352.000000
1029.362098 661.906008
1030.000000 725.000000
1030.000000 735.000000
1030.000000 745.000000
1037.237751 837.189652
1030.000000 765.000000
1030.000000 775.000000
1030.000000 785.000000
1032.000000 795.000000
1033.000000 643.000000
1033.000000 1108.000000
1035.000000 805.000000
1035.000000 815.000000
1035.000000 825.000000
1035.000000 1129.000000
1036.000000 1165.000000
1037.000000 344.000000
1037.000000 835.000000
1038.000000 633.000000
1038.000000 1098.000000
1039.000000 327.000000
1039.000000 669.000000
1039.000000 720.000000
1040.000000 845.000000
1042.000000 855.000000
1044.000000 317.000000
1045.000000 625.000000
1045.000000 865.000000
1045.000000 1090.000000
1045.000000 1129.000000
1022.639043 1141.805804
1048.000000 674.000000
1048.314871 684.344079
1050.000000 874.000000
1050.000000 884.000000
1050.000000 894.000000
1052.000000 309.000000
1053.000000 618.000000
1053.000000 1083.000000
1055.000000 903.000000
1055.000000 913.000000
1055.000000 1129.000000
1056.000000 1165.000000
1057.000000 679.000000
1058.000000 1073.000000
1059.000000 720.000000
1060.000000 301.000000
1060.000000 605.000000
1060.000000 922.000000
1060.000000 932.000000
1063.000000 1063.000000
1064.000000 729.000000
1065.000000 291.000000
1065.000000 941.000000
1065.000000 1050.000000
1065.000000 1129.000000
1066.000000 684.000000
1066.000000 1165.000000
1068.000000 598.000000
1130.785249 860.527754
1070.000000 737.000000
1084.135875 963.726087
1070.000000 1040.000000
1073.000000 284.000000
1073.000000 588.000000
1075.000000 689.000000
1056.830429 976.863365
1075.000000 1010.000000
1131.854641 1019.328074
1075.000000 1126.000000
1076.000000 1165.000000
1077.000000 745.000000
1082.000000 279.000000
1083.000000 583.000000
1083.000000 695.000000
1084.000000 964.000000
1085.000000 1010.000000
1085.000000 1124.000000
1086.000000 1165.000000
1087.000000 749.000000
1090.000000 575.000000
1086.697126 751.817099
1092.000000 274.000000
1094.000000 757.000000
1094.000000 964.000000
1095.000000 1010.000000
1095.000000 1124.000000
1096.000000 1165.000000
1100.000000 565.000000
1085.578422 743.386417
1101.000000 269.000000
1102.000000 764.000000
1104.000000 964.000000
1105.000000 555.000000
1105.000000 716.000000
1105.000000 1010.000000
1105.000000 1124.000000
1106.000000 774.000000
1106.000000 1165.000000
1110.000000 264.000000
1110.000000 530.000000
1110.000000 540.000000
1110.000000 725.000000
1111.000000 783.000000
1114.000000 964.000000
1115.000000 734.000000
1115.000000 1010.000000
1115.000000 1124.000000
1116.000000 1165.000000
1136.140667 319.617863
1119.000000 790.000000
1120.000000 530.000000
1120.000000 743.000000
1107.599576 994.884720
1125.000000 798.000000
1125.000000 1012.000000
1125.000000 1124.000000
1126.000000 1165.000000
1128.000000 749.000000
1129.000000 252.000000
1130.000000 530.000000
1133.000000 805.000000
1133.000000 970.000000
1135.000000 1015.000000
1135.000000 1124.000000
1136.000000 1165.000000
1137.000000 754.000000
1139.000000 249.000000
1140.000000 530.000000
1142.000000 810.000000
1142.000000 975.000000
1144.000000 762.000000
1144.000000 1020.000000
1145.000000 1121.000000
1146.000000 1165.000000
1149.000000 249.000000
1149.000000 535.000000
1149.000000 818.000000
1150.000000 982.000000
1152.000000 769.000000
1154.000000 1020.000000
1155.000000 1119.000000
1156.000000 1165.000000
1141.495488 845.284484
1159.000000 249.000000
1159.000000 535.000000
1160.000000 984.000000
1162.000000 769.000000
1164.000000 1020.000000
1165.000000 1116.000000
1140.664865 1222.758733
1167.000000 824.000000
1168.000000 540.000000
1169.000000 249.000000
1140.102162 1022.255032
1196.812193 718.141741
1174.000000 1020.000000
1175.000000 810.000000
1175.000000 1114.000000
1175.000000 1170.000000
1178.000000 540.000000
1179.000000 249.000000
1204.994826 1066.540231
1182.000000 769.000000
1230.895244 1009.138449
1185.000000 810.000000
1185.000000 1114.000000
1189.576057 1237.727594
1188.000000 540.000000
1189.000000 249.000000
1190.000000 984.000000
1191.000000 774.000000
1194.000000 1020.000000
1195.000000 810.000000
1195.000000 1117.000000
1195.000000 1170.000000
1198.000000 540.000000
1199.000000 251.000000
1200.000000 984.000000
1201.000000 774.000000
1202.000000 1125.000000
1203.000000 1015.000000
1204.000000 815.000000
1205.000000 1165.000000
1207.000000 1134.000000
1208.000000 540.000000
1209.000000 254.000000
1210.000000 981.000000
1210.000000 1144.000000
1210.000000 1154.000000
1211.000000 774.000000
1212.000000 1009.000000
1213.000000 820.000000
1235.644968 502.955131
1218.000000 974.000000
1219.000000 256.000000
1220.000000 779.000000
1220.000000 1000.000000
1222.000000 825.000000
1224.000000 962.000000
1270.506430 565.810727
1229.000000 259.000000
1230.000000 782.000000
1230.000000 995.000000
1232.000000 825.000000
1232.000000 954.000000
1235.000000 530.000000
1238.000000 264.000000
1238.000000 988.000000
1239.000000 787.000000
1239.000000 942.000000
1242.000000 824.000000
1243.000000 523.000000
1245.000000 980.000000
1247.000000 269.000000
1247.000000 794.000000
1247.000000 934.000000
1250.000000 510.000000
1250.000000 804.000000
1258.617307 777.951589
1280.605071 252.177331
1280.512455 446.643764
1255.000000 926.000000
1255.000000 975.000000
1260.000000 284.000000
1260.000000 916.000000
1263.000000 493.000000
1265.000000 293.000000
1265.000000 970.000000
1268.000000 909.000000
1270.000000 302.000000
1270.000000 485.000000
1274.000000 312.000000
1275.000000 475.000000
1275.000000 965.000000
1277.000000 904.000000
1279.000000 321.000000
1279.000000 887.000000
1283.000000 468.000000
1283.000000 958.000000
1284.000000 832.000000
1284.000000 842.000000
1284.000000 852.000000
1284.000000 862.000000
1284.000000 872.000000
1285.000000 329.000000
1288.000000 948.000000
1289.000000 792.000000
1289.000000 802.000000
1292.251909 828.174761
1289.000000 822.000000
1290.000000 338.000000
1290.000000 455.000000
1293.000000 938.000000
1294.000000 777.000000
1295.734629 434.650857
1286.550105 990.147284
1298.000000 345.000000
1299.000000 757.000000
1299.000000 767.000000
1265.148213 394.696959
1242.500793 894.628838
1304.000000 747.000000
1305.000000 353.000000
1305.000000 420.000000
1305.000000 900.000000
1309.000000 737.000000
1310.000000 362.000000
1287.104074 464.964697
1310.000000 890.000000
1314.000000 372.000000
1315.000000 382.000000
1315.000000 392.000000
1315.000000 805.000000
1315.000000 815.000000
1315.000000 825.000000
1315.000000 835.000000
1315.000000 845.000000
1314.790429 916.950145
1315.000000 865.000000
1315.000000 875.000000
1317.000000 729.000000
1320.000000 755.000000
1320.000000 765.000000
1320.000000 775.000000
1320.000000 785.000000
1320.000000 795.000000
1343.523185 698.042431
1317.144359 778.667245
1333.000000 714.000000
1335.000000 740.000000
1342.000000 709.000000
1345.000000 735.000000
1352.000000 704.000000
1355.000000 730.000000
1362.000000 699.000000
1364.000000 725.000000
1372.000000 694.000000
1374.000000 722.000000
1382.000000 689.000000
1384.000000 717.000000
1391.000000 694.000000
1393.827562 685.998103
1399.000000 701.000000
