691.953068 1144.291284
674.947951 1163.280765
696.008663 1164.781690
696.718105 1131.456751
677.843046 1164.385561
707.713951 1115.490583
685.109792 1167.504195
704.847868 1123.369289
684.795854 1165.002003
707.973979 1130.283467
714.589006 873.331914
709.632562 873.935161
694.610670 1167.177255
729.185891 855.741930
715.923183 869.646549
718.697708 1132.400130
713.612753 812.528724
707.166480 1151.910592
707.976636 822.328548
711.605023 869.972640
736.629738 1115.299426
719.196341 807.954389
724.194851 1151.074245
732.590222 789.055738
745.307410 883.842391
731.142625 1116.363891
736.432518 802.655355
742.925233 1148.944194
732.646733 797.045922
729.648711 864.430058
739.354851 1116.958145
761.916969 747.545545
742.006615 1150.181089
749.696742 859.364955
767.633952 780.436347
748.112730 1117.669467
751.296783 1151.618694
748.182513 784.201854
773.512322 854.967428
769.924279 766.711997
739.106966 1117.648994
776.845082 282.814845
784.646483 323.302277
768.289278 315.896754
772.551275 307.117342
765.503515 345.032893
767.135107 316.650423
757.947052 350.734493
759.373615 349.779555
760.868926 347.897690
767.163432 340.693618
770.917452 729.047828
778.444575 1153.840654
787.656794 257.539782
773.908757 362.613287
771.820921 700.363943
778.241556 836.350315
782.256826 1124.130511
799.830339 258.873918
778.966720 376.285944
779.122156 674.080387
776.655139 1154.778319
785.510662 390.994922
786.352866 836.239315
793.857156 247.915108
770.427830 696.125290
778.509397 1126.150254
792.925297 659.588438
782.100133 1152.491821
795.196374 841.049826
801.623815 241.634716
798.441407 386.519250
783.926114 658.765013
795.029511 643.719393
812.018188 1116.860148
798.337441 619.127124
819.956011 1140.932146
791.080003 248.438007
804.037848 852.079606
796.820459 414.747772
809.504532 1128.533872
806.578771 592.808778
797.676949 625.701729
819.798199 224.981232
784.299999 1149.556512
809.541766 422.326527
806.714718 572.030730
806.770404 589.360478
791.046584 837.045396
781.333921 1150.771470
813.974456 227.391451
806.752188 575.141130
809.392838 553.684865
812.101158 421.714773
818.713764 828.055195
807.769777 1135.596387
806.803815 527.972194
795.124811 1141.003718
823.191100 218.609669
816.610014 431.456144
811.879465 506.125583
807.941961 522.423436
824.190022 1010.803722
808.174529 1039.527539
822.697819 1033.806686
829.850782 1031.859536
827.949295 1065.270813
807.642919 829.435820
832.650629 1135.229905
817.855418 492.102170
815.669459 496.350113
827.528376 986.863159
834.022171 991.787732
808.007910 1078.959615
811.656778 1134.010103
829.308877 211.354311
821.404799 473.873600
835.806940 814.114807
825.998062 466.854900
826.635304 963.465371
820.162740 962.587515
814.093072 974.914797
822.762574 1095.383466
825.651479 1131.568328
824.352564 450.533475
822.217992 449.810493
833.264176 484.951621
824.001592 458.878560
830.248412 960.161620
839.931925 1146.457864
836.430814 793.377778
834.088924 213.590417
838.289290 932.824488
841.281690 944.006738
843.650629 1082.922441
829.547532 1119.116788
858.004820 818.957827
855.384889 923.057835
834.932631 1120.292343
851.974751 1077.305962
828.050670 213.643709
844.245365 905.062091
855.914924 811.414565
837.275499 1140.659877
860.803929 1082.156793
864.132643 1139.887922
858.540776 795.308149
837.177019 831.254691
849.400921 212.561813
829.529927 889.368591
870.478181 867.691068
854.101803 864.566645
863.589396 898.408720
868.565886 891.501138
844.811828 1103.463581
860.868837 1108.181589
887.024456 1155.429705
853.326079 209.935608
889.863197 1118.893334
871.466157 1097.054641
854.325659 1135.788544
882.579404 216.908863
893.908968 1169.918998
867.015415 1071.079378
883.871152 1083.514727
880.653027 1111.254216
880.400112 1100.199576
903.128135 1127.145934
890.008268 1128.204326
911.068578 1125.481756
893.861178 213.774732
884.747496 1042.773731
892.564571 1166.820708
897.330066 1112.387852
896.861105 1035.384750
895.860371 209.557654
900.720003 1131.876449
895.689069 1052.188538
893.579311 209.314858
908.981677 1056.697768
901.328453 212.641244
929.592440 1062.526224
928.497830 218.355560
950.685574 1054.947760
941.050738 223.849268
937.053778 221.219097
949.538914 1053.821885
970.928652 234.153033
966.322000 1066.538768
974.069950 1053.543796
965.749113 229.876752
961.929900 243.819885
994.708745 1068.637576
985.185054 1136.824450
984.400341 1138.352142
986.341823 1148.307840
979.261593 246.785327
986.336604 1051.237702
995.899477 1146.446466
999.251522 1145.566374
986.404406 1109.349124
987.946868 253.943772
1012.506288 1048.386253
987.039893 1062.520069
994.426702 1107.055501
998.155305 1138.759134
997.669210 266.392247
986.204560 1042.096126
1000.906305 1060.664315
1016.743777 1085.569616
994.227142 1084.919341
1025.695853 666.785219
1003.397388 288.356111
988.800575 263.309264
1030.170924 1148.813138
1012.213088 292.884153
1011.115305 298.224877
1028.409987 296.243802
1001.955347 295.803995
1032.440573 329.005352
1004.481339 294.116550
988.699483 338.902745
999.845750 336.730429
1014.835596 363.950197
1005.649827 1145.883461
1009.709137 651.609287
1010.745163 379.973430
1026.208361 651.672465
1026.816770 1129.891969
1023.061632 1139.738325
1011.304045 1146.992579
1016.020714 358.078922
1031.396299 660.788126
1035.983203 685.042074
1037.383145 750.266158
1028.288409 745.039272
1039.277746 772.628876
1032.386202 763.401732
1024.080640 786.987508
1012.650713 807.363962
1028.738255 811.236663
1045.594907 645.557523
1029.523710 1126.573465
1034.244288 802.699237
1059.531446 846.844094
1049.876861 844.800112
1061.688384 1131.664876
1049.491149 1144.587231
1039.410158 321.994729
1028.734594 818.076502
1052.913070 644.870492
1045.577056 1108.317784
1060.032557 334.591428
1050.632611 706.400105
1030.498754 696.692041
1042.217819 824.835551
1069.450977 839.300774
1047.809056 326.504167
1037.934907 653.104581
1051.702144 846.915248
1049.659957 1098.121898
1033.271434 1145.058542
1049.647033 1153.709789
1055.894664 664.039785
1048.090152 720.441347
1051.242071 870.916361
1053.682597 862.845897
1063.190838 878.990318
1042.963406 304.940825
1058.506949 629.599641
1056.877486 1085.969786
1061.095668 913.406211
1061.007310 895.472988
1037.043814 1132.699508
1069.482717 1159.970739
1027.481947 669.642272
1057.349039 1102.399536
1058.314113 741.140360
1054.998945 316.467272
1072.515523 587.949980
1051.676254 911.522454
1063.536035 943.723270
1057.488614 1078.798365
1072.397144 732.050632
1063.001871 292.017149
1073.594680 956.602069
1051.911166 1050.795365
1057.763313 1137.567096
1066.558644 659.004973
1073.185900 1158.668315
1076.090688 539.258070
1052.217614 962.257157
1069.590791 740.248547
1067.595561 1043.717478
1058.822763 1027.321722
1058.403514 288.837505
1075.943200 590.558501
1072.825669 666.765896
1080.821580 974.158649
1073.952239 1013.946857
1070.641966 1021.980341
1063.604438 1140.282695
1069.166586 1162.688905
1076.540434 735.432681
1081.187275 283.965059
1083.595162 584.561356
1075.902651 691.006888
1080.595341 960.310795
1079.027027 1012.500432
1092.482569 1127.552220
1092.219650 1157.131180
1077.456749 739.584463
1100.230834 558.751476
1076.073851 714.483539
1101.865346 269.384177
1099.419579 771.435860
1100.206344 952.408060
1090.818617 982.906511
1106.725382 1116.574452
1105.093493 1161.708708
1103.616787 589.583011
1094.061201 736.909351
1108.284442 268.810005
1119.026716 769.609207
1098.526291 979.848177
1100.676454 532.349362
1111.509602 736.183711
1116.750246 1019.654338
1107.223944 1102.522658
1109.139719 769.663776
1116.235006 1159.811859
1118.299347 263.390594
1098.488282 526.216461
1136.800274 529.586442
1098.914899 735.368429
1108.076778 795.166051
1098.988948 976.821329
1110.728934 755.223949
1128.169808 1011.340917
1126.997384 1136.544227
1109.300381 1158.047308
1118.647920 263.799652
1114.333495 781.999500
1124.475449 542.655347
1107.391071 767.880289
1113.286747 987.181973
1114.137857 777.808887
1119.016111 1031.530779
1135.310966 1126.919912
1140.930159 1139.630177
1141.863796 746.376436
1126.008598 271.672430
1107.689115 508.907887
1141.086814 810.921557
1140.721149 963.347288
1127.444093 1024.689246
1130.266785 1139.809638
1133.851785 1155.248865
1133.760214 753.736080
1119.686160 262.727649
1145.130682 527.244134
1150.048979 836.535877
1125.283324 971.207681
1157.006341 752.382148
1153.120224 1021.303351
1143.106435 1120.402651
1157.659713 1158.734629
1126.928664 264.453411
1137.262293 498.849680
1146.966672 814.799310
1142.931367 985.303447
1142.570768 786.276012
1148.823310 1032.239552
1135.705172 1100.806416
1152.673331 1155.236816
1165.084327 823.947353
1149.566219 269.077282
1142.798178 524.580288
1198.651825 993.741183
1153.509522 763.357890
1149.175179 1029.649322
1149.970222 1101.186947
1171.384802 1151.771337
1179.513527 840.693869
1183.764598 531.209531
1172.494463 270.406575
1157.700646 975.986233
1152.550138 768.883200
1183.596681 1002.088377
1186.013380 813.363159
1176.922409 1126.921705
1182.161837 1160.884143
1166.866959 528.267607
1183.286742 260.819714
1185.633742 995.010856
1181.918826 809.330584
1180.304327 1012.672188
1184.919259 818.115741
1175.494933 1134.456187
1180.067312 1149.283726
1196.511095 535.803881
1198.180617 258.697315
1183.521906 992.580342
1209.095324 728.938964
1197.298777 1001.277590
1205.399314 807.953021
1199.320581 1127.401989
1182.316203 1157.574582
1205.544495 532.044550
1211.332159 263.020559
1198.080983 991.569691
1208.122196 770.903081
1207.157723 1140.516806
1207.961975 1018.979058
1190.391802 822.066846
1184.070704 1170.987506
1204.226546 1148.451665
1195.781466 535.076864
1213.139603 257.410295
1194.295472 994.644513
1200.563433 1133.415017
1207.426969 1148.243822
1211.022030 761.777416
1212.033904 1013.416072
1198.719481 811.807772
1213.350712 533.027377
1222.784943 979.751930
1216.094484 261.615533
1232.691941 790.999128
1226.941701 1000.699492
1208.755510 813.127992
1217.045395 962.712384
1242.719897 536.374351
1220.091818 272.080145
1211.711374 807.642313
1226.539399 1004.698137
1222.694508 804.898302
1216.398339 961.154472
1225.798367 529.668439
1222.367473 267.021629
1233.692429 969.439885
1248.952685 803.728211
1247.423860 969.537108
1254.394355 833.840738
1243.500319 516.058996
1250.958776 976.295517
1235.935630 275.899204
1245.756425 805.313085
1228.501902 960.022238
1253.227536 498.995521
1264.781425 816.488892
1245.868935 802.913091
1235.802546 275.557671
1254.756230 500.164414
1260.962256 945.548716
1236.529792 972.858009
1228.525162 270.065350
1258.498825 952.703392
1267.260914 486.156668
1253.596988 292.750586
1256.063396 972.365192
1269.154446 903.624424
1257.277461 299.371119
1259.317192 495.320705
1269.645173 317.098213
1287.469248 463.787154
1251.613040 980.107033
1264.203836 923.655763
1283.815199 321.606151
1284.469018 907.873735
1290.085732 457.109932
1268.155404 940.975967
1277.966209 838.989492
1272.325284 837.812488
1280.111150 869.494959
1279.722736 855.602959
1287.423966 864.278433
1292.058174 347.488683
1273.198709 941.820291
1275.951390 797.566138
1292.490304 790.875652
1305.928199 801.049118
1296.846109 808.725714
1292.626129 348.052931
1304.938734 445.874035
1293.160247 900.780589
1291.519766 755.148238
1304.271264 450.140894
1285.243531 920.816861
1287.871681 367.053447
1301.375686 749.307890
1301.458678 747.317144
1291.770675 445.803177
1293.309429 906.396706
1305.386963 744.920055
1310.103895 338.709937
1308.519705 436.849874
1302.423771 907.162574
1319.637574 738.939395
1309.057629 385.221523
1305.546160 398.099156
1305.947364 905.964347
1306.667406 343.042171
1304.537883 380.739728
1309.504550 380.339307
1310.791540 803.920405
1310.855634 809.980399
1311.973712 824.339069
1296.053128 849.550001
1314.726073 845.360703
1304.093145 838.284545
1317.380201 853.278290
1314.486726 859.942861
1311.912262 738.325698
1309.603277 742.860550
1320.583968 761.299841
1318.930710 774.278839
1318.580304 775.180850
1312.693619 784.668000
1342.651795 714.506565
1319.489711 730.165029
1317.514771 728.263599
1329.429912 745.454090
1359.661858 707.572932
1342.624857 722.840805
1364.134868 700.443282
1350.731663 711.570744
1366.674227 700.523097
1356.258240 707.780248
1359.459631 704.198752
1353.859194 708.914311
1386.514363 700.811139
1370.496263 719.013343
1378.018985 686.114841
1399.038275 688.898616
1408.730108 683.026181
