282.835462 268.818120
283.459484 239.010097
276.440002 192.360027
264.204103 182.048096
258.975218 150.143566
242.505651 136.173974
219.097296 141.798551
188.231633 131.248141
170.296998 134.820002
146.919250 155.004159
130.926729 160.537882
108.371733 174.291432
94.422175 190.848820
77.322730 222.011957
58.751309 230.197455
48.792342 262.054865
42.440183 288.200272
26.721403 313.709916
28.351798 344.071005
20.438911 334.767277
20.248570 385.005555
27.067492 393.439430
24.043805 423.162151
24.197899 452.632076
26.742271 475.448648
37.509951 494.574733
44.182288 515.101021
42.008839 530.269240
64.405569 557.367418
76.407966 580.244191
95.980806 593.484432
118.283356 598.767602
138.702450 593.605850
156.895579 594.168114
175.860875 575.857004
188.845617 551.023633
200.171169 547.094131
197.557230 523.851693
199.047419 484.245925
196.509259 459.065644
197.222196 440.754442
206.888423 418.257900
214.399850 390.319741
210.870005 386.059767
235.590703 351.549798
248.673607 323.232479
257.751276 301.300763
263.628242 292.182210
409.570854 262.353789
390.049086 254.457998
405.204911 221.783164
398.239608 172.921072
396.020068 166.795593
385.135444 142.308320
402.097121 118.509598
386.332383 107.040144
387.650583 70.706183
394.928514 58.282322
396.635275 30.410506
428.798412 23.776516
441.079531 21.713784
466.657209 21.684308
472.307701 27.013933
493.737940 34.592144
522.063224 45.586815
530.093300 65.573811
548.265007 93.269343
547.477512 127.137241
569.459497 135.934251
562.385627 162.360722
588.515138 197.123087
588.912655 207.917366
592.121101 232.545475
580.700764 261.246389
597.088473 290.489729
582.338966 319.163911
588.269255 355.510681
581.740942 371.217016
568.161004 399.232522
554.369007 404.912324
547.327064 431.392128
535.695792 446.476968
507.185683 463.866337
502.820428 491.547952
482.843653 489.499632
450.590103 499.508581
432.188398 490.785190
416.712080 488.191202
396.244403 470.478300
396.830446 437.886309
379.534789 423.124041
383.300263 394.607520
375.123133 372.004099
383.133334 347.909773
390.978427 332.804773
399.370145 314.437933
