276.886109 264.779870
279.274462 235.878379
278.806720 191.896975
271.642789 172.340279
248.926370 155.400241
236.534975 142.758736
219.152461 137.613794
194.827745 136.278871
169.323001 139.855503
157.033139 153.021323
140.014750 154.521661
116.774097 178.424672
96.856228 193.406280
77.952412 218.576271
65.839962 236.436105
49.333957 256.174053
45.505964 278.181975
32.964143 305.649860
34.983502 328.432320
25.718991 344.280261
20.660203 369.608385
22.477013 400.859009
21.466047 429.696793
29.370279 447.326517
39.414465 477.694325
39.712645 497.858315
46.024826 521.008133
51.349090 545.545354
68.194371 562.572629
80.934024 583.363317
103.708660 598.391319
117.869005 604.118147
143.890152 603.941135
158.342876 598.895390
177.292606 583.876561
190.559307 565.555295
197.598622 537.530450
195.371502 508.574241
194.431757 486.106177
205.472584 460.124112
206.476161 429.367463
210.360874 419.209635
208.419097 391.482077
225.640000 373.699754
230.076553 358.702999
240.641476 325.867950
253.116704 308.280156
267.851574 285.874327
395.686092 281.164052
402.325277 247.795906
397.747883 212.462699
401.179942 185.274255
395.540405 156.984572
393.921523 138.744130
383.710893 126.133439
383.912622 98.093029
382.939636 79.718366
392.596914 58.132695
403.937609 31.969659
423.499366 17.359692
440.481594 18.883086
458.742958 25.334186
481.655282 30.993191
496.919735 42.986125
521.022007 56.758180
533.815398 83.015335
544.703101 104.497990
563.650817 129.632336
564.415105 145.287928
571.894733 172.575485
576.668929 190.995530
583.851073 206.466397
586.800536 230.483263
594.688403 250.634143
599.681130 288.469171
593.058245 327.089446
586.271108 349.195597
580.099636 370.450568
572.494295 386.839712
564.251892 409.836042
540.888760 438.466205
529.293633 450.208785
513.912081 473.242283
495.432472 489.546927
472.148420 498.477313
451.657048 501.329967
434.611320 491.677890
411.079577 486.947980
397.253458 464.626077
383.238751 444.780505
379.743783 422.041928
371.778158 399.572578
379.882966 377.541743
379.971673 354.513684
384.470468 337.470615
396.920930 312.815145
