-4.274729 577.697587
2.149525 572.708333
-0.898714 567.255351
-10.165311 565.115184
-4.223569 637.752593
-13.532066 651.380816
-13.758306 647.749010
-14.734000 642.058420
-37.373694 494.771772
-31.816314 497.791563
-34.335695 495.856975
-32.778597 493.370884
-28.169946 698.972064
-26.800651 699.654979
-25.061248 698.713105
-27.320961 694.373640
-45.357829 743.698209
-46.802536 750.877133
-35.681969 759.316934
-48.058829 756.432341
-61.513601 800.647734
-75.038270 796.896664
-76.075381 808.868336
-64.057216 809.631638
-82.770325 524.437542
-75.799774 530.479835
-75.980190 524.386116
-71.473274 528.433035
-110.242826 852.481310
-108.913704 854.358563
-111.114750 850.793029
-110.147738 850.151061
-108.993824 577.608012
-100.685571 580.737001
-105.748033 574.189012
-102.640667 577.530651
-139.388685 633.790894
-130.849103 629.036420
-136.517681 633.594149
-126.879541 631.241890
-162.655754 872.078310
-163.941851 883.823743
-164.993746 886.107634
-161.475613 882.666030
-180.832641 689.921674
-172.753398 692.307248
-176.946604 678.062165
-185.508393 683.141877
-213.000711 884.286686
-208.428053 883.807896
-213.024758 884.310113
-207.189529 881.787642
-233.357594 708.163973
-232.234004 709.170309
-225.631734 717.267857
-233.044317 716.318627
-227.544368 440.112218
-233.210596 435.159039
-232.130502 439.581134
-234.821837 435.602921
-259.522730 360.381585
-259.567864 349.395053
-259.972328 352.712290
-250.122956 351.252381
-249.314459 893.811576
-248.807976 891.853678
-258.140158 892.762060
-254.934940 900.631312
-237.164368 975.603626
-250.411294 973.817216
-243.243710 972.697779
-249.128691 974.154079
-265.329032 511.502430
-268.693008 513.760627
-266.031409 510.702871
-268.824598 510.200680
-250.998036 1028.335789
-264.668698 1031.004016
-259.037586 1033.804852
-260.863583 1037.307904
-281.408308 710.732797
-275.307403 710.467714
-276.474676 707.049169
-289.234923 711.619617
-296.121862 1083.003543
-297.936474 1085.340089
-295.817876 1082.674167
-304.679693 1082.526789
-303.666044 313.729145
-304.027620 328.646007
-313.366407 325.659622
-310.552847 325.050125
-318.822806 543.228689
-315.509754 545.886361
-312.854617 545.138559
-316.410126 543.792804
-333.261467 682.428022
-330.403404 683.669907
-330.849878 674.364347
-327.971668 691.411963
-348.162132 1122.323803
-341.519612 1119.303488
-341.634405 1114.770438
-350.860566 1116.488195
-341.581106 1674.141681
-344.020040 1672.284655
-338.113827 1672.330152
-333.740086 1672.754189
-358.217913 466.255982
-353.823764 471.679313
-354.362706 471.316250
-359.689787 477.232750
-362.854534 315.020116
-357.608904 316.215507
-357.366167 312.781874
-355.525401 322.827537
-361.831848 565.956701
-365.208604 569.372968
-367.570925 562.483072
-365.068973 562.370910
-361.299387 1622.893498
-350.887553 1617.326886
-348.714775 1614.181104
-360.953899 1618.571171
-382.841300 652.299144
-382.626117 651.520410
-381.118532 653.403199
-383.716262 648.526919
-374.263350 1564.734060
-375.000485 1576.545227
-372.124315 1566.889529
-380.000197 1570.560526
-406.165068 1127.730369
-399.503342 1124.468352
-397.608610 1122.697387
-402.796853 1131.115398
-388.032241 947.234210
-388.504622 948.183773
-379.442967 946.844154
-386.311895 951.128658
-403.982030 482.130153
-400.136329 482.665532
-403.681975 479.051961
-409.086464 479.238849
-401.432337 846.010476
-393.938426 845.748119
-385.916868 850.295070
-388.059543 850.191097
-394.986672 1515.876265
-400.757640 1516.256681
-391.951310 1515.276519
-390.541664 1521.966333
-405.016736 333.209350
-409.876493 337.962402
-403.740275 336.859677
-407.713211 339.279948
-419.179944 586.609767
-419.638025 595.865833
-412.347517 589.003445
-420.774696 583.426283
-415.624928 1463.369111
-415.663509 1460.644429
-414.365775 1467.497387
-417.903804 1466.492915
-433.238835 829.604198
-429.988649 823.496746
-431.609101 820.110887
-429.149505 832.427594
-417.317220 1005.580527
-421.124312 1005.849472
-420.092717 1006.252428
-419.327770 1010.787902
-438.601706 1106.259749
-435.053416 1108.225100
-434.664923 1106.855915
-433.331393 1113.831430
-443.687701 1417.935093
-437.088908 1412.951200
-440.684402 1404.626103
-429.715679 1417.669187
-451.215799 464.817668
-448.671735 468.953767
-449.775089 460.023499
-443.962687 469.478457
-431.793601 1047.701992
-432.351773 1046.762467
-441.337150 1046.738651
-443.357849 1040.516038
-444.266930 367.522356
-457.976394 373.869150
-457.085680 368.508379
-455.447889 371.669235
-477.063165 599.476482
-477.421554 603.183010
-476.344390 598.604591
-480.349425 600.445765
-457.607906 1355.986969
-462.436576 1362.313244
-462.745090 1359.461806
-464.555481 1357.159801
-469.045162 882.162594
-468.243555 874.220261
-470.341493 881.857453
-465.661269 875.789636
-484.835386 676.665736
-477.762294 677.986093
-492.217051 677.721498
-488.081329 674.304977
-471.445105 419.911446
-469.470069 422.170569
-476.627436 415.554045
-472.299584 414.265340
-480.005059 1311.153295
-480.948281 1314.945137
-476.870502 1310.849433
-486.628214 1309.000751
-487.594110 1253.463821
-492.989613 1259.431301
-494.354946 1253.510590
-492.337072 1258.344954
-499.014951 924.015349
-495.839524 925.253839
-501.820714 923.002389
-494.574216 923.212984
-526.439874 599.576880
-526.080067 593.502795
-520.733831 596.018512
-517.161094 594.596072
-510.368206 1210.875866
-510.610524 1210.454932
-503.591719 1199.007428
-507.857153 1211.473622
-518.024910 310.862921
-524.616120 303.680087
-524.290587 305.626725
-521.149337 301.940541
-538.180019 717.255296
-534.680382 721.464058
-533.603333 718.639304
-540.059353 720.810783
-516.024266 970.451817
-515.548998 967.047103
-515.130909 979.378137
-513.493528 977.495985
-517.052503 1158.463257
-526.882779 1151.605226
-518.670003 1154.220956
-521.410197 1151.654330
-529.821082 1035.366862
-532.773976 1020.308466
-525.574684 1020.551851
-530.493615 1032.079969
-536.318581 209.952841
-540.738419 210.657451
-545.858335 198.565869
-541.550124 199.735319
-522.132481 1103.392838
-520.591773 1097.077789
-525.282062 1107.508192
-530.070516 1102.734552
-531.851036 1567.776870
-536.159097 1571.681778
-543.540944 1577.137284
-537.014488 1574.391798
-529.122436 1061.325945
-533.146581 1060.964430
-528.405955 1054.981164
-529.496293 1063.286775
-537.587030 1483.225384
-552.371723 1490.883196
-545.981817 1487.205529
-552.725078 1485.886792
-567.431388 348.017872
-569.892720 348.038345
-569.125532 345.215247
-573.773633 344.847508
-568.174620 591.353055
-572.162426 598.364351
-573.535911 588.809456
-576.711127 596.862020
-554.414480 1636.363152
-560.753991 1641.210727
-564.549382 1641.729765
-557.555144 1646.395591
-558.134068 1439.003270
-563.643378 1437.584032
-556.892950 1437.533157
-555.011727 1436.070005
-580.314231 159.723986
-588.285000 165.285329
-583.824926 160.694724
-576.765043 160.244970
-572.477544 763.373361
-578.682395 769.023793
-575.883472 768.067237
-580.550495 765.061003
-582.767909 1378.485764
-575.036580 1383.703063
-576.968129 1389.491978
-575.353285 1383.874348
-592.249344 1695.550930
-587.918733 1699.125630
-589.079322 1697.415854
-592.505668 1696.936587
-591.777817 1335.106704
-594.584472 1336.589304
-590.626494 1331.553738
-591.899190 1330.827054
-619.261146 341.144921
-610.535911 341.831679
-623.368139 337.198590
-619.124042 341.693441
-625.203589 553.231416
-620.657692 558.173910
-623.139711 557.014598
-614.656889 559.977181
-607.343313 821.769487
-610.745995 817.479988
-611.829986 817.655970
-611.224034 812.412871
-604.258354 1271.293283
-606.601759 1276.124060
-606.479226 1277.491562
-607.131218 1286.603816
-625.786325 140.466855
-629.286405 139.312541
-624.259707 136.980889
-630.945037 137.738295
-631.785876 1735.042075
-635.659864 1746.551175
-638.016911 1743.062665
-633.911090 1740.803731
-614.445451 1225.261502
-620.438458 1225.884457
-619.215600 1233.096541
-620.893989 1225.221198
-631.079594 859.393837
-633.744274 867.277298
-628.527828 874.323039
-627.379579 867.215453
-633.073940 1173.155840
-641.197555 1175.073634
-626.345096 1182.805489
-627.587031 1167.858922
-645.957736 1119.997015
-647.774398 1123.063224
-642.915702 1122.156419
-644.091932 1120.229113
-650.458544 276.427447
-655.815413 273.139760
-648.752660 286.501623
-639.305941 275.465945
-654.062234 910.377269
-647.270375 912.968808
-647.911385 918.973774
-641.072379 922.745797
-646.380946 1076.051367
-648.287422 1076.574045
-655.419047 1074.520723
-654.943764 1075.662542
-669.746692 512.946564
-673.598217 510.947391
-669.015859 509.673822
-665.125699 512.915631
-660.937031 666.498620
-655.719172 667.371645
-654.656412 672.587401
-662.892588 665.661932
-656.266252 971.203971
-655.291187 977.832758
-652.800846 969.690595
-653.341680 970.135403
-648.094004 244.593530
-652.902653 246.270495
-653.642828 240.283485
-657.364479 239.622536
-661.578753 1020.183498
-648.144995 1019.345984
-658.100836 1018.027707
-658.141491 1014.685419
-682.930688 143.468528
-687.397030 141.463166
-681.589591 146.688005
-683.162325 142.430466
-693.299990 1753.166412
-688.456370 1750.425822
-689.515773 1753.378546
-684.384293 1756.372886
-675.865030 1599.883400
-677.138976 1600.817546
-677.841885 1596.601240
-674.358219 1597.032326
-685.762357 721.294623
-683.831057 717.330652
-681.411693 731.704638
-688.646103 717.037179
-698.125557 1547.340810
-702.604626 1539.464177
-692.621235 1537.380142
-697.243484 1538.457611
-702.421094 461.820959
-704.836504 470.938513
-703.183174 463.782140
-702.536219 464.410785
-703.026683 774.815429
-698.605803 777.874470
-697.093036 772.719657
-701.998445 771.946807
-713.133723 1495.204228
-716.937733 1493.951751
-707.424103 1490.237151
-712.275531 1489.284817
-713.468118 178.477121
-717.137571 184.201078
-725.101915 187.412756
-721.381235 185.010880
-742.492922 1734.903491
-736.051446 1735.822645
-736.822065 1732.197078
-733.057205 1732.763640
-723.449465 825.987276
-727.808743 818.380934
-723.898155 823.789406
-719.243415 818.737064
-730.939083 1434.705270
-724.703973 1429.273517
-724.034856 1428.584649
-723.827709 1439.278129
-737.004190 238.186232
-733.995618 233.155308
-730.140155 239.891427
-734.625115 231.821989
-736.589604 1384.321188
-733.756656 1393.160124
-741.181171 1385.463146
-731.817712 1393.967101
-739.064496 880.633455
-739.698032 875.210112
-735.072666 878.099078
-737.069631 876.342019
-736.459669 367.661572
-744.081646 370.865197
-735.630160 364.866531
-738.581780 368.665276
-745.578769 325.882625
-741.947306 326.329074
-742.675288 319.566855
-732.928886 323.732837
-754.322588 1333.546509
-749.598180 1334.480106
-746.487331 1343.084903
-745.710318 1335.243494
-747.861118 928.461405
-747.426257 930.399304
-753.223034 931.981340
-758.010459 934.226500
-759.808909 1275.831187
-767.054258 1277.363037
-757.542467 1282.452371
-751.761831 1280.913815
-782.622790 1690.905282
-781.743135 1689.575387
-787.441081 1696.253160
-787.654748 1695.358198
-773.081222 980.351179
-765.873113 976.454148
-767.485657 985.600967
-769.274053 981.619579
-771.752980 1227.358809
-763.851622 1227.925523
-770.345406 1224.905268
-764.066778 1226.653494
-784.028983 1177.142898
-773.607227 1180.013442
-775.220715 1182.070498
-769.904283 1182.763896
-774.341375 1041.609237
-782.496724 1031.532158
-787.235702 1040.168243
-775.930806 1042.837045
-783.074002 1117.787643
-781.548332 1117.723879
-790.198732 1117.329357
-775.100177 1124.031734
-782.278781 1074.417284
-787.546876 1069.353866
-785.838337 1074.250650
-788.391490 1074.674944
-796.330679 500.808480
-789.110106 505.427042
-792.768763 498.985499
-787.660670 508.493911
-785.200462 583.148481
-781.429064 577.168614
-793.446731 570.922063
-788.583649 572.468457
-797.379293 422.160158
-796.825053 422.939163
-783.276627 428.250091
-791.613767 423.816699
-792.455417 634.235794
-798.442474 630.035675
-794.186455 637.060736
-794.200477 641.899382
-801.679404 372.654667
-804.673850 360.627673
-795.967567 364.439682
-797.092117 368.296435
-800.071087 702.084069
-801.388269 694.910840
-804.247695 708.018749
-801.918197 696.261008
-801.953543 309.386023
-799.138946 311.298893
-798.014678 309.715672
-807.573452 305.206989
-815.412120 1636.007455
-807.672491 1641.453511
-818.758352 1636.069550
-813.288914 1638.729469
-812.838487 767.938670
-807.375251 766.790746
-801.979699 757.367567
-808.970197 767.452296
-821.835027 822.101685
-814.669168 825.164475
-821.343282 822.486035
-814.612482 829.757200
-817.652131 257.144296
-814.900068 259.606538
-821.810887 254.982715
-815.477394 250.037027
-829.434999 873.059030
-827.218745 865.413286
-829.450474 883.090217
-828.987138 863.997911
-835.794285 214.778048
-830.682082 209.105930
-838.963931 211.992271
-836.976356 211.605553
-831.250471 1590.462540
-832.303279 1593.620525
-833.394751 1583.999985
-828.449272 1587.869957
-845.760889 925.042483
-846.543523 919.490633
-847.371951 923.803220
-840.777984 918.796714
-843.997409 1536.775999
-847.131518 1533.318957
-851.988192 1527.893161
-857.185198 1533.937214
-861.475458 155.925885
-861.595823 153.673210
-861.438143 146.569441
-854.682169 157.808538
-857.661389 976.195250
-852.661442 982.990470
-851.415397 977.550011
-855.136678 973.651980
-867.756893 1487.899783
-861.829932 1482.362425
-861.238199 1480.929458
-862.372871 1481.633549
-870.604126 1022.751781
-870.688799 1032.673707
-877.229755 1031.653362
-868.771151 1032.866521
-876.698058 1432.827875
-875.594483 1432.089325
-873.655211 1437.340514
-880.468513 1432.834322
-880.838295 1078.116299
-880.225374 1080.830593
-886.743793 1084.841254
-878.357167 1070.324917
-901.774653 92.853275
-908.108163 98.699528
-898.964169 103.394118
-905.267014 104.644415
-882.241018 1373.431826
-874.813320 1372.921502
-881.646816 1374.739782
-891.117931 1372.022986
-881.614688 1130.316832
-892.804206 1125.938482
-884.373671 1120.615648
-886.726887 1130.261260
-889.703515 1320.523727
-892.261685 1320.636478
-893.306982 1316.405773
-885.495972 1314.592390
-892.390843 1193.201732
-893.337502 1188.869187
-895.921344 1187.228275
-898.362938 1189.898166
-886.333679 1255.921390
-899.072949 1254.353092
-890.828288 1253.170654
-901.802409 1253.599632
-884.785825 1280.349155
-886.870462 1279.853095
-898.214317 1279.211338
-889.022115 1274.660668
-943.454136 56.904822
-949.506877 65.005418
-952.473751 55.900931
-946.832170 61.399476
-938.625020 438.110422
-937.062870 436.321048
-929.116791 442.267209
-931.801445 435.253759
-941.096867 372.890598
-937.364403 374.996822
-939.813718 377.424825
-935.651605 379.666044
-943.560018 706.407932
-936.080966 705.852360
-946.871429 716.506679
-943.469818 705.763057
-960.413609 317.084070
-953.248513 320.068458
-942.732398 318.288824
-947.406870 321.273420
-951.577891 752.142172
-952.809024 759.655213
-950.169961 762.318596
-953.642240 762.897101
-956.887579 821.982145
-963.757441 819.693849
-967.765017 822.269329
-969.533746 815.051173
-982.525062 266.950039
-972.664883 269.573776
-980.865415 274.457595
-973.561683 274.484753
-973.232518 863.309142
-966.750860 873.390444
-971.592672 874.040554
-974.042612 866.075191
-997.589902 35.541188
-1006.279094 28.316840
-998.877362 29.875285
-997.811573 30.256025
-988.494299 926.283979
-977.286218 913.947423
-981.736193 923.866529
-990.514225 914.669990
-1003.307538 611.020116
-1002.232128 615.120032
-1007.520816 613.473686
-1016.076929 609.863583
-1010.769619 526.110680
-1007.644410 515.024360
-1010.347855 520.687774
-1005.128775 519.291655
-997.514080 968.600365
-1002.286117 971.083767
-996.416584 973.147787
-998.297807 971.559304
-1028.081146 219.256704
-1019.462453 221.487604
-1026.123411 225.005582
-1024.771273 214.589959
-1008.749474 1023.986311
-1008.986195 1020.046676
-1007.063016 1020.974933
-1000.984626 1025.575221
-1018.242538 1076.734764
-1019.815326 1077.532134
-1026.582734 1074.837197
-1013.822109 1078.877382
-1046.570352 5.796422
-1047.717247 13.199650
-1055.010799 13.517622
-1040.165096 7.455913
-1029.046728 1121.438441
-1038.076778 1129.629481
-1034.482363 1131.050134
-1026.882505 1130.824538
-1054.066398 633.998894
-1055.205288 635.931984
-1057.425952 627.879355
-1059.883967 639.419238
-1066.968723 488.077090
-1051.976384 491.167484
-1055.345337 494.079367
-1061.807434 496.150781
-1047.332343 1179.411183
-1040.166431 1184.238336
-1046.576961 1184.114578
-1038.044667 1177.234155
-1063.380840 171.769672
-1067.537045 186.621646
-1072.938026 172.799992
-1062.241322 175.716274
-1061.354358 1231.061742
-1048.046279 1238.512090
-1058.042335 1231.663278
-1053.879806 1237.125027
-1072.653784 1288.884370
-1067.446003 1287.995449
-1062.632057 1288.673467
-1064.094064 1289.317965
-1090.291550 1343.879630
-1080.945103 1338.912274
-1081.158826 1347.694463
-1081.250496 1338.313301
-1100.486869 4.324925
-1093.564349 4.579252
-1095.741067 3.642469
-1101.484995 4.160514
-1112.200361 625.050599
-1100.756733 627.104316
-1107.343053 635.278178
-1105.048608 633.952924
-1105.655705 474.519994
-1110.291841 466.168222
-1108.034190 467.452902
-1114.225336 462.045726
-1123.922404 161.297046
-1125.091173 155.656993
-1125.093248 155.401399
-1121.151640 154.004630
-1112.253072 1383.352952
-1119.178781 1394.001706
-1107.174438 1397.027893
-1109.034054 1393.919254
-1155.097729 -0.919933
-1146.278790 10.538513
-1151.032405 10.775238
-1151.097466 9.638483
-1141.344121 1442.615417
-1140.278066 1432.167660
-1135.961843 1447.604957
-1141.577004 1443.466894
-1157.543034 619.547279
-1151.029301 626.503326
-1164.323855 630.560883
-1161.106142 616.141010
-1157.807699 447.760877
-1166.532928 448.276883
-1161.593209 446.257532
-1158.693973 437.874578
-1170.085283 166.187270
-1178.271263 159.890060
-1168.753202 160.990080
-1164.222231 173.952747
-1179.558953 1493.550288
-1178.072686 1502.680843
-1181.160709 1491.597690
-1178.480969 1487.949250
-1201.440483 18.081998
-1208.197408 12.893955
-1202.595382 21.318656
-1192.359009 17.176271
-1216.433639 601.472436
-1208.950407 600.003081
-1208.044146 607.887758
-1213.099593 615.140257
-1210.133887 401.396438
-1199.218247 408.050966
-1197.874074 399.820186
-1204.809497 396.701708
-1209.531798 225.312169
-1200.517915 217.229637
-1208.122865 217.623319
-1214.155742 217.676838
-1213.734782 1538.231376
-1224.474622 1533.637472
-1222.170689 1540.766589
-1222.037802 1536.324877
-1220.344702 359.640862
-1217.788869 356.868036
-1227.857091 345.762897
-1223.561964 354.301354
-1232.760861 268.037084
-1231.569597 257.125035
-1228.892408 263.904425
-1232.438512 271.668843
-1254.440315 33.956972
-1252.416884 38.798987
-1252.563667 31.148599
-1253.406932 33.778801
-1231.005094 319.668734
-1233.473411 319.366394
-1229.856194 322.242306
-1230.429471 323.490135
-1234.681763 944.360770
-1241.339585 952.422798
-1239.869722 953.998634
-1233.046756 943.547096
-1251.220644 609.901362
-1250.012969 602.956567
-1258.234746 606.099933
-1246.479569 609.151651
-1243.496200 868.596552
-1240.892728 874.050167
-1248.397849 869.747828
-1239.966748 862.678112
-1253.504397 1036.194856
-1252.162546 1037.355302
-1252.723474 1031.804591
-1250.276421 1037.251410
-1255.867652 819.153108
-1245.857660 811.046209
-1242.859769 815.499737
-1249.997139 814.007721
-1280.369813 1563.413700
-1278.491026 1566.246843
-1274.140218 1563.748128
-1277.412679 1565.131128
-1253.505187 764.142951
-1258.029821 764.287794
-1259.839523 754.445753
-1261.406004 757.014445
-1269.116768 699.374762
-1264.082290 702.419962
-1263.277886 702.768871
-1259.902258 695.316470
-1298.825695 1064.016966
-1289.261034 1065.257423
-1293.092021 1059.289011
-1289.733773 1065.765623
-1267.272880 668.691054
-1269.611036 659.170680
-1270.871613 658.654767
-1265.573318 658.481915
-1303.074071 68.961245
-1302.679627 64.521316
-1306.832868 64.650705
-1305.443136 64.381361
-1312.800722 1542.417190
-1315.090247 1536.160021
-1323.429635 1530.945511
-1314.911042 1536.221719
-1315.370774 1240.867827
-1317.433732 1240.126167
-1316.881796 1242.242870
-1313.560094 1233.825704
-1340.544336 1066.276196
-1344.863648 1060.406048
-1343.754200 1073.715689
-1342.204122 1063.054494
-1348.755230 106.303317
-1353.370035 108.401201
-1342.736134 102.888142
-1351.391744 112.836943
-1335.517200 1487.882642
-1338.073194 1483.347539
-1335.151527 1485.012267
-1337.986993 1483.716488
-1337.525345 1297.731849
-1336.619640 1290.011898
-1343.559835 1299.698576
-1347.308728 1297.510093
-1348.628172 1432.049452
-1349.931993 1431.893135
-1349.262880 1436.945727
-1348.677673 1433.873497
-1361.833229 1351.869887
-1351.039917 1358.054399
-1352.061723 1348.721460
-1359.676087 1349.913547
-1348.792397 1402.069798
-1360.056215 1395.780408
-1349.796449 1396.820145
-1356.727399 1398.533926
-1376.773265 158.680000
-1376.135989 157.328617
-1383.474072 156.755503
-1372.532708 160.770544
-1388.136205 1031.738840
-1390.824558 1032.750572
-1389.842871 1034.840160
-1398.309242 1037.821332
-1397.462652 210.360071
-1407.842058 214.094690
-1399.512177 218.033054
-1408.385659 212.295298
-1415.823626 257.317086
-1412.413662 269.540824
-1414.491553 260.003308
-1412.546142 259.403433
-1422.721821 975.104849
-1418.753781 975.002747
-1421.209775 975.555405
-1423.803954 984.526949
-1418.168434 326.824823
-1422.123397 335.330334
-1426.612867 328.861921
-1420.851733 317.459886
-1431.015948 384.142236
-1431.771375 392.633841
-1430.283915 398.743341
-1424.715527 390.621864
-1435.609089 440.472827
-1432.050175 449.588675
-1425.616684 441.466524
-1434.929353 440.687192
-1441.756444 939.743856
-1434.697889 935.528706
-1441.765337 929.720157
-1440.936504 930.272394
-1441.125220 499.774977
-1445.832204 483.901948
-1442.197810 493.417321
-1449.079227 494.530389
-1449.950183 549.317115
-1448.442137 555.155911
-1455.926925 553.036759
-1447.578607 552.137436
-1454.525439 601.871953
-1450.896333 604.920312
-1452.092506 601.762829
-1456.887588 603.140736
-1455.569630 876.903800
-1453.294703 872.700116
-1452.909858 865.430536
-1458.284130 871.757757
-1457.882299 652.509633
-1452.230838 650.022818
-1461.082936 649.348067
-1451.022254 654.267091
-1462.775479 811.414526
-1459.686801 820.507262
-1458.033233 821.559612
-1459.954615 813.291367
-1456.503573 717.244884
-1458.227486 716.054886
-1457.871161 717.390869
-1454.188741 720.625181
-1453.431921 764.790674
-1461.809109 757.367892
-1457.138393 768.278313
-1459.491568 772.583297
-941.309706 477.933303
-939.384428 484.289642
-944.839671 482.669015
-944.572231 491.705482
-929.751142 539.748933
-927.566352 532.204046
-928.350421 533.857900
-919.234936 540.130048
-932.192543 607.702272
-934.468016 601.004317
-923.823338 596.733494
-925.995945 597.046258
-935.343139 660.890905
-932.452517 660.609062
-936.207846 660.478708
-932.820042 649.522672
-992.101161 564.545237
-992.282159 564.205625
-996.651613 559.194490
-993.298074 562.847427
-440.291768 655.512207
-439.846859 655.299036
-445.129218 656.888174
-438.897805 654.212842
-645.794027 321.052380
-644.848180 318.114520
-639.520879 310.036851
-635.212752 315.330821
-734.300704 301.067162
-739.668893 294.842352
-744.217980 293.415022
-732.138854 292.913678
-743.149977 260.349893
-737.701810 260.753035
-728.315242 260.197058
-740.836467 263.550411
-739.146453 409.165994
-727.528450 403.004520
-732.317370 404.590778
-735.171688 402.066180
-715.230836 446.183828
-716.786916 439.452975
-721.747572 429.576598
-719.350619 431.353007
