-3.989261 567.636043
-2.961323 568.252218
-1.214151 568.336915
-4.160903 566.769996
-8.641503 643.472635
-8.289532 642.232722
-11.424022 643.849596
-9.877190 645.027346
-29.997449 487.871282
-30.599709 486.461180
-36.443887 490.318037
-33.659152 493.436332
-22.351451 700.838173
-19.045397 703.636852
-22.993769 700.147690
-24.204904 702.808443
-40.110080 750.532840
-44.560277 750.391043
-44.424212 749.427027
-44.934290 748.243829
-70.283483 809.516241
-68.809422 811.766537
-73.242917 806.327639
-67.203944 800.117574
-79.893652 527.763940
-75.347823 529.009535
-71.793421 522.849664
-71.847062 524.065439
-115.145434 847.919903
-109.863607 851.176454
-108.515535 854.658346
-108.037142 849.429448
-106.984014 582.477753
-107.460878 580.004721
-106.383511 580.547032
-109.674241 575.921922
-136.281678 631.873669
-137.118530 635.808531
-136.347055 633.175665
-136.377777 634.296790
-166.085749 877.741564
-166.358343 879.060216
-160.504209 883.521000
-165.347098 875.463969
-177.776673 688.151045
-175.905061 687.271265
-180.014589 680.965888
-178.494999 690.035664
-209.590032 882.065385
-213.086303 883.145951
-214.795209 877.211328
-211.499014 887.188317
-227.242919 712.247284
-236.166047 710.718107
-230.256026 715.058392
-230.444195 711.741289
-231.643187 438.354926
-231.176036 433.790603
-235.015308 440.485011
-236.851281 440.255393
-259.858193 352.608528
-266.073559 349.339318
-260.749153 357.498069
-260.732336 352.048411
-256.548209 894.016916
-259.748759 895.270534
-255.380506 896.181738
-247.190872 893.764269
-243.345185 976.199931
-246.406834 975.882825
-241.981448 967.184344
-242.719267 972.441790
-263.809823 504.491696
-266.324333 510.656120
-265.642097 511.967302
-261.222882 510.751468
-259.732618 1032.570474
-260.962700 1033.232553
-256.826240 1027.562131
-258.690593 1032.147914
-277.545170 714.386438
-274.264355 710.943565
-277.586468 711.619389
-281.300077 711.228904
-291.799558 1087.629539
-292.871063 1084.640797
-294.337767 1083.660361
-302.044399 1080.700694
-311.859693 324.857201
-311.378720 322.173857
-309.370328 321.634646
-307.586833 321.815962
-317.436542 545.926064
-319.204210 550.485505
-319.649774 543.872833
-312.345381 541.993945
-338.253132 680.475722
-333.262472 682.177485
-330.014887 683.165163
-332.364882 682.924493
-344.940550 1121.635188
-346.880593 1116.781248
-347.007093 1117.636221
-342.280704 1116.010706
-333.254991 1678.095469
-336.343882 1671.811441
-340.906285 1671.709328
-339.837296 1667.279345
-356.968521 470.841678
-355.866075 469.492935
-352.133576 464.743195
-350.945344 470.284546
-360.555879 318.029913
-360.127230 318.919982
-355.892770 315.871898
-359.187201 316.809303
-369.124526 574.395040
-374.684937 569.004089
-365.504513 567.875888
-367.874961 570.837328
-348.981671 1614.128706
-352.583580 1618.755048
-354.030623 1614.903833
-353.140720 1613.505906
-379.227350 655.424748
-379.054133 652.217464
-383.583329 652.723059
-378.203842 657.186844
-370.346184 1572.696417
-376.948623 1562.390384
-369.564916 1568.635825
-375.577804 1573.142828
-395.097017 1125.273165
-397.948672 1125.883552
-393.300628 1121.670415
-397.164396 1124.444244
-388.925459 950.924006
-388.199657 948.645983
-384.968022 952.290365
-388.680862 947.594216
-410.934336 477.665407
-403.124107 481.448966
-402.185523 482.637597
-405.743853 482.719615
-390.296602 847.319633
-392.834993 848.102708
-395.791692 844.898092
-389.830038 844.171835
-396.985602 1509.421029
-395.702263 1519.599640
-391.131037 1515.727148
-393.144315 1513.047060
-411.154063 337.253654
-410.845839 337.120121
-411.935299 342.283289
-405.986298 332.260213
-417.657461 588.702726
-418.546353 587.007993
-418.962961 586.633212
-418.009567 585.638068
-417.965399 1464.571245
-419.610047 1468.475380
-417.386277 1463.626768
-410.028038 1466.057421
-425.432897 830.831936
-434.044869 826.727996
-436.010631 827.075954
-431.882601 833.342795
-414.083023 1005.154413
-418.797670 1002.624172
-424.558785 1005.782695
-424.084344 1004.339506
-441.658794 1105.201539
-438.983392 1107.592496
-437.346000 1111.155212
-436.567712 1111.461632
-438.994664 1409.175515
-437.258555 1412.061262
-439.698731 1412.221561
-431.090550 1413.343753
-455.625728 460.223236
-449.587211 464.048342
-445.820248 466.376933
-444.377963 463.102604
-439.692314 1049.073384
-441.560440 1049.926710
-436.777741 1049.987791
-442.137732 1042.809591
-455.705294 373.412895
-457.211597 372.302918
-450.558781 374.901737
-455.255242 369.097922
-472.606993 602.382741
-480.977684 603.727679
-482.693478 599.708686
-477.571063 597.166963
-454.216464 1356.599938
-457.556722 1355.577555
-458.813646 1362.501889
-458.692375 1360.238322
-474.015297 872.201803
-471.824422 873.602849
-479.308989 878.179190
-473.965519 874.632903
-482.797475 682.031086
-483.290867 682.508793
-484.324418 680.148422
-484.881149 676.674639
-475.740427 414.375980
-467.442733 415.426222
-476.130589 421.565002
-473.358121 419.594166
-483.083804 1309.631812
-477.827037 1312.347233
-472.038898 1310.769482
-480.027324 1307.548656
-496.787476 1252.556801
-492.902164 1265.096905
-501.289000 1255.902832
-491.998167 1255.873579
-502.243610 923.725128
-498.886862 925.685196
-503.259337 918.762046
-501.134701 919.209183
-520.931624 598.209529
-518.072541 596.702049
-522.171676 595.351878
-518.064297 601.656817
-515.916309 1207.710377
-507.117631 1205.055519
-505.021971 1203.380210
-510.836311 1207.884128
-525.205863 302.974948
-521.685995 309.037712
-530.943125 301.714223
-529.362286 304.244418
-539.642596 717.293410
-534.923804 719.018662
-534.413094 720.574950
-540.522859 722.859657
-518.874238 979.335470
-511.030325 973.038513
-512.772423 976.380437
-514.365569 973.418119
-519.397098 1153.361036
-519.447560 1156.818392
-520.306572 1154.410882
-521.525076 1153.015007
-531.665184 1029.652583
-528.411068 1025.612103
-526.278711 1029.087760
-523.971655 1029.580505
-546.147650 207.406737
-542.527336 208.311792
-537.679073 207.270132
-538.827811 206.287973
-526.527598 1106.305893
-526.239527 1100.604524
-527.237545 1101.903073
-528.714840 1108.768998
-539.014014 1579.092894
-538.378784 1569.007555
-532.954333 1576.163714
-535.732102 1574.184694
-527.108615 1066.710027
-525.652524 1063.595797
-523.140700 1061.306366
-532.756086 1063.454752
-547.646959 1490.891216
-542.716578 1489.658706
-545.767637 1480.184972
-545.971846 1487.281023
-566.773433 340.035364
-571.645996 345.107650
-570.317309 340.310389
-574.274465 349.078742
-567.789333 586.934003
-569.423516 589.754178
-572.765003 593.435228
-572.399783 595.714774
-563.180651 1640.587679
-560.208119 1643.702001
-564.589163 1644.652876
-562.618865 1643.420329
-562.871194 1432.369782
-557.563482 1439.153582
-559.983723 1436.417155
-561.461913 1435.363096
-580.380529 161.027434
-578.829312 159.781911
-580.894000 156.492313
-581.977088 157.172335
-585.985352 769.070821
-576.528271 762.090380
-582.656666 767.768216
-579.924444 766.926033
-576.922647 1383.246436
-578.463248 1386.665709
-571.062030 1386.452040
-578.061150 1382.913348
-592.561728 1691.268250
-590.371901 1688.852999
-595.417525 1699.863163
-592.860207 1695.477446
-586.612595 1335.111171
-590.745087 1331.138534
-590.892561 1332.592603
-592.221349 1333.960279
-616.468665 344.422044
-620.159427 342.383750
-620.019490 342.615908
-618.120305 346.563003
-624.399328 559.206379
-620.504979 552.996012
-624.927913 562.465760
-620.289608 554.926541
-608.538716 823.221841
-613.493395 810.450151
-608.398985 815.484469
-612.233950 816.700512
-605.594506 1277.931269
-606.679389 1281.863352
-612.656253 1280.150473
-606.879928 1278.488943
-626.735632 139.880524
-631.718849 128.969354
-631.427799 129.351627
-631.770353 135.075666
-628.962287 1738.319152
-635.563003 1740.908418
-630.957058 1740.566613
-634.024971 1740.985844
-623.486707 1228.697958
-617.315898 1233.390756
-618.379003 1229.740125
-612.762714 1228.531221
-636.098317 864.837688
-635.602988 866.437209
-635.279295 869.128289
-634.662854 864.187188
-631.739603 1180.035103
-633.052323 1177.812473
-627.492760 1177.161941
-637.964576 1179.445456
-637.345653 1119.312505
-639.023846 1128.502937
-645.788068 1119.337689
-642.875122 1119.519034
-650.304100 282.810870
-644.844979 274.368077
-649.588740 272.553575
-647.130391 281.869508
-648.336489 915.596322
-642.757081 913.862140
-646.425394 915.275392
-642.341959 909.751356
-650.481312 1068.127925
-651.987381 1068.343887
-655.450104 1072.130228
-644.420716 1067.890207
-668.729476 511.746110
-671.199891 508.738758
-670.038457 514.180519
-676.240393 513.048007
-661.892877 672.567326
-658.973720 668.150108
-654.249241 666.566012
-655.322047 669.895275
-650.809110 968.705643
-652.789687 972.723563
-653.450563 970.247690
-650.476264 965.184273
-652.489867 243.515399
-656.464067 243.101659
-656.214580 249.107236
-648.709523 240.790875
-653.416575 1020.527022
-654.511681 1020.054396
-655.359680 1024.702774
-652.384272 1024.092820
-683.622975 143.506515
-684.802016 146.866892
-681.845146 144.287180
-685.147994 146.335546
-684.542200 1757.298523
-683.930835 1751.676086
-686.775740 1753.410074
-684.964697 1757.972927
-680.592197 1602.390058
-677.490024 1595.080759
-677.529607 1597.895860
-680.004684 1596.830440
-685.014219 719.981607
-684.274770 720.009190
-684.349344 726.035190
-687.318092 717.401173
-697.840462 1537.766999
-699.539252 1536.624637
-694.774656 1546.358381
-695.700288 1540.640158
-704.168011 459.230350
-702.836873 464.369050
-700.599715 466.155469
-703.499891 462.733587
-702.810035 781.636510
-709.139463 771.696047
-708.656469 775.225137
-697.720243 776.372004
-705.465813 1488.839865
-708.913694 1489.117875
-707.089245 1496.022234
-712.262798 1496.276712
-718.269371 183.810488
-715.964378 182.532882
-718.201621 184.896734
-719.467680 185.421288
-737.625969 1738.312427
-729.511042 1734.084630
-736.327461 1735.524084
-741.081230 1733.830008
-723.685821 826.353772
-721.898004 828.882686
-723.602320 827.078061
-723.114317 825.430273
-721.563070 1440.911205
-723.819976 1434.647902
-723.365717 1438.262934
-722.778922 1444.288305
-730.435357 232.473568
-736.609929 239.374186
-728.774677 231.507616
-730.115062 237.703450
-738.521915 1388.191994
-741.611766 1383.165383
-733.975764 1384.483811
-740.752548 1387.321106
-741.113337 870.336979
-745.771203 879.259903
-745.132338 878.508392
-743.165542 877.307529
-743.967137 365.077063
-736.640931 358.815525
-744.575571 363.111954
-740.131755 358.925095
-743.928771 331.379830
-743.213256 331.610904
-736.062085 321.803471
-740.265117 325.074492
-748.379564 1334.705579
-747.149190 1337.239347
-749.866048 1339.057125
-745.517316 1335.387364
-760.353408 930.778576
-756.971984 927.543069
-761.077165 928.285199
-760.946793 929.309348
-761.711019 1279.511808
-764.381315 1283.783623
-759.904759 1284.331926
-755.599934 1282.536606
-778.930863 1694.344391
-779.612886 1696.333782
-784.690849 1683.812142
-780.611393 1686.696183
-770.997834 976.209162
-767.189962 981.334357
-764.143780 982.045186
-772.661206 975.490936
-766.366706 1228.191449
-771.376836 1230.903934
-761.149887 1227.720992
-761.412744 1226.544264
-778.253728 1177.730236
-781.688589 1175.070946
-773.645224 1179.444058
-770.979880 1182.025280
-784.381705 1031.539894
-781.310727 1029.530609
-780.577015 1027.618884
-773.296168 1034.883007
-785.406296 1122.267502
-780.659410 1124.454463
-784.467935 1116.714785
-782.375543 1120.189480
-783.507648 1076.157221
-785.387047 1080.435302
-785.761196 1076.797282
-790.166451 1072.052006
-795.426741 499.865689
-787.410854 500.425303
-786.269357 501.967465
-788.729010 502.364132
-785.506424 572.745108
-789.299826 576.804416
-793.267816 582.691579
-794.966712 574.578316
-790.061387 423.242581
-796.274273 421.728512
-791.814241 424.701189
-787.556547 422.630868
-794.746990 635.981594
-796.692452 640.000604
-795.135021 633.948248
-793.673696 637.469551
-794.222423 359.891266
-796.822794 360.268848
-797.355751 364.479958
-795.313920 362.701696
-805.327665 702.530263
-798.674153 697.868251
-795.337058 708.780992
-799.304354 704.998626
-799.794668 312.707904
-807.129571 312.568705
-805.230039 306.360114
-806.588767 311.597239
-819.443945 1639.131166
-817.419213 1646.253406
-815.568156 1641.826392
-819.004490 1641.609830
-806.115183 762.756513
-806.697492 769.855953
-805.492811 762.276611
-806.890568 762.374726
-809.344272 827.083251
-813.688785 831.521443
-817.787658 830.887705
-814.185289 828.323628
-818.461723 261.777276
-818.212544 258.255092
-818.135203 261.768926
-813.032920 257.261542
-832.581915 877.584943
-830.165309 873.573994
-831.930289 880.509807
-823.790704 877.076616
-837.409859 207.391271
-835.909777 208.881990
-837.769513 212.030096
-839.397848 204.864593
-834.766011 1583.550277
-830.680181 1586.717551
-836.221052 1588.897508
-832.050233 1588.467575
-848.360774 927.936875
-844.538525 924.570655
-843.075227 922.280374
-844.723199 924.461933
-848.076088 1534.569761
-849.337219 1533.715982
-847.762806 1534.008601
-847.901844 1532.992834
-861.870266 159.952554
-861.316827 149.918364
-854.993476 155.271992
-862.465061 153.251780
-855.643101 975.700255
-859.588995 976.139464
-852.755584 972.738579
-855.137655 977.851649
-863.214061 1483.769396
-867.608919 1479.272869
-857.779836 1487.794222
-862.995143 1487.121429
-875.091545 1025.814577
-869.719590 1029.359883
-867.525477 1027.081133
-868.732526 1026.642231
-870.869255 1432.391399
-874.971022 1430.865821
-877.794744 1429.725112
-878.930878 1426.628047
-886.506745 1082.008005
-879.357845 1079.839862
-879.805056 1078.463620
-879.495774 1080.251804
-898.870959 108.879702
-901.779210 104.860449
-903.584227 103.428410
-898.767594 100.415862
-883.539300 1375.384218
-883.624934 1376.157847
-889.102699 1376.604146
-882.358163 1371.531693
-884.088647 1132.624494
-886.489284 1127.669742
-884.916666 1124.337392
-888.434859 1125.466956
-885.893253 1315.496861
-889.739943 1316.440772
-885.278214 1315.957292
-888.097401 1316.481726
-891.329954 1189.143740
-894.335511 1187.333306
-888.050552 1191.250852
-890.952602 1186.557430
-891.702298 1251.842190
-896.709035 1246.136859
-893.897956 1251.824596
-894.898332 1254.241941
-892.708084 1284.871201
-891.613265 1282.196393
-890.825182 1279.894295
-895.867461 1279.610504
-945.341330 65.649953
-942.466747 56.295340
-947.735099 58.487983
-947.094598 60.401777
-936.333201 436.201919
-931.834683 443.260646
-934.960738 433.808644
-935.904864 440.311125
-937.903218 379.382897
-936.513222 375.092606
-935.226479 377.724882
-941.797103 370.431101
-943.197713 708.078622
-943.877175 708.222830
-944.049319 710.439951
-945.706930 709.937287
-951.868331 320.558366
-951.472422 321.220534
-953.302296 318.022368
-955.630100 317.018111
-948.973384 765.770597
-952.998131 762.608295
-951.977940 761.888041
-958.379114 765.856023
-964.319963 809.266698
-959.604950 814.262734
-963.259654 816.690988
-957.971050 810.755444
-978.256611 265.296968
-981.486414 274.251555
-969.707469 269.354241
-980.055005 272.390055
-972.337832 867.812640
-973.702399 868.466607
-978.647672 873.426852
-977.346623 872.856752
-1001.705686 35.276393
-996.728486 27.871263
-1003.256066 24.724636
-998.869946 36.237620
-984.947723 920.752942
-985.805251 921.410131
-986.338093 919.163570
-988.864329 922.102262
-1005.069384 611.678567
-1003.872293 610.052561
-1005.968448 611.764755
-1007.426246 613.653117
-1004.165352 512.311430
-1007.810950 518.785128
-1010.290783 520.107632
-1006.608009 519.540600
-997.788832 973.283762
-999.660118 965.815080
-994.023115 968.675767
-1000.601737 972.785014
-1020.100391 212.070792
-1018.261661 219.908708
-1018.403309 218.825864
-1012.646049 214.481567
-1008.709654 1026.431087
-1010.974194 1022.354827
-1008.795089 1024.886265
-1008.628337 1024.653618
-1023.810057 1073.212648
-1020.371521 1076.588101
-1020.003305 1079.626540
-1019.409335 1075.687372
-1046.005270 13.987558
-1045.075401 12.043109
-1048.744852 11.978753
-1052.772167 11.228858
-1027.825165 1131.931544
-1036.588911 1128.690046
-1032.767164 1129.005116
-1035.941832 1124.409771
-1062.906336 629.235148
-1057.820504 633.341590
-1063.853502 632.709728
-1059.383315 636.676327
-1057.144180 492.153268
-1057.735270 486.205688
-1055.189091 489.487296
-1058.303953 493.982342
-1043.977066 1177.342827
-1047.867875 1179.756419
-1041.459850 1176.705429
-1045.816694 1186.568451
-1066.796748 174.815921
-1075.042034 175.462504
-1066.220934 174.810015
-1068.027374 177.914538
-1050.094211 1235.243996
-1053.724496 1233.745273
-1058.133919 1236.059635
-1057.525961 1233.579084
-1063.196319 1286.639655
-1063.161142 1286.272598
-1060.839255 1280.116018
-1067.717454 1285.380352
-1084.632804 1337.938802
-1083.051199 1335.162575
-1082.136948 1337.514835
-1083.112687 1340.034871
-1100.399467 2.560671
-1099.454477 4.761087
-1101.959425 8.101743
-1103.953534 7.343575
-1112.475483 632.814702
-1109.390302 639.783712
-1109.675986 632.973311
-1112.669182 631.869938
-1109.313869 467.746679
-1110.303782 469.957273
-1108.882141 467.801961
-1103.096101 471.424821
-1118.399761 154.618312
-1124.485758 161.211146
-1120.166799 157.013187
-1124.463672 159.568587
-1109.348031 1386.892158
-1115.799593 1387.273392
-1113.664699 1384.938079
-1111.145232 1388.396068
-1150.816185 8.243442
-1152.669286 3.341307
-1148.924400 8.562622
-1148.413925 8.516289
-1141.128698 1445.886403
-1141.788839 1443.466121
-1144.333963 1439.344474
-1143.294496 1442.224723
-1153.675207 623.241238
-1160.349363 629.680286
-1156.994713 624.442740
-1157.956509 617.295955
-1166.047817 444.057478
-1160.624634 443.360129
-1165.607379 441.735519
-1156.762040 444.355713
-1171.499226 166.985112
-1170.851856 164.835433
-1170.030753 173.501319
-1169.245726 173.032054
-1176.595177 1495.413097
-1178.074905 1491.517462
-1176.651462 1489.701192
-1180.678365 1493.351396
-1202.529329 17.794644
-1201.056040 18.265657
-1200.387329 11.645276
-1208.317457 18.084357
-1210.202267 609.595616
-1212.249988 614.346945
-1210.558748 607.102776
-1217.834036 607.267321
-1202.554314 409.688460
-1207.755442 404.372604
-1201.771704 406.235711
-1200.981233 411.382691
-1210.737025 215.608034
-1206.738372 217.188620
-1210.633237 210.139926
-1211.928013 221.481472
-1220.948924 1545.903677
-1216.247576 1541.809729
-1228.632751 1539.514097
-1224.558168 1540.198097
-1225.085952 354.413398
-1224.317266 351.851319
-1222.663858 351.800860
-1226.907842 359.418343
-1230.167537 271.120532
-1226.173543 265.543611
-1224.368603 266.102094
-1231.996131 270.103500
-1249.800898 37.934127
-1254.697867 35.814183
-1252.626982 36.512183
-1253.012820 35.288116
-1235.900930 320.638478
-1233.335246 322.822855
-1232.077181 321.503726
-1233.694920 318.622037
-1241.200980 942.719534
-1239.682427 949.785177
-1239.631495 950.119687
-1244.175425 944.690440
-1252.829779 605.306031
-1254.734839 605.592576
-1251.022245 605.087697
-1252.775624 605.628710
-1243.438508 868.513723
-1247.358508 869.257435
-1242.705817 869.810553
-1243.741561 869.888454
-1249.816597 1042.211907
-1250.454871 1039.771530
-1260.071551 1038.068470
-1248.979937 1031.535992
-1254.576829 810.131561
-1256.504008 817.231160
-1252.507706 818.206181
-1249.085564 813.276921
-1270.069726 1558.410404
-1274.305449 1562.887648
-1267.963000 1561.358049
-1268.864449 1561.556299
-1256.857640 760.892925
-1254.959187 760.259231
-1257.212018 760.067305
-1259.211463 760.642724
-1270.239001 707.334182
-1264.120995 705.514896
-1266.825378 704.584619
-1261.894271 705.099103
-1289.528686 1066.723964
-1290.762170 1067.293191
-1288.061851 1064.985841
-1290.937419 1066.425024
-1267.446616 656.921757
-1266.233632 655.060315
-1269.154195 659.284025
-1271.817185 652.933961
-1302.681486 65.467866
-1302.549461 64.343059
-1304.150583 62.246688
-1303.505230 64.821987
-1311.118683 1535.034599
-1320.370864 1532.787949
-1317.436515 1535.903223
-1312.789341 1529.290798
-1317.448704 1232.558323
-1315.710089 1238.460186
-1320.094202 1246.067531
-1316.510063 1241.183225
-1335.943393 1065.424967
-1347.478590 1069.121501
-1341.721047 1069.562746
-1343.252476 1063.491925
-1340.579177 108.522479
-1351.086346 107.900803
-1353.020193 103.690269
-1344.747681 113.694567
-1335.296346 1477.038550
-1345.475084 1483.164601
-1338.622573 1490.830995
-1343.124575 1484.391704
-1340.704334 1296.984013
-1341.743678 1285.552772
-1342.547407 1291.732429
-1337.108390 1291.257998
-1349.653604 1439.170391
-1353.276395 1429.756673
-1345.217420 1433.467872
-1356.381536 1436.683536
-1357.108460 1352.301202
-1363.839738 1349.801307
-1355.469633 1347.180081
-1351.766785 1347.490415
-1358.716874 1401.304878
-1361.801634 1397.057985
-1357.655189 1399.886607
-1356.447763 1399.408038
-1378.001578 159.519291
-1382.732505 161.070555
-1380.803644 155.300036
-1371.116127 161.151322
-1387.072535 1037.347586
-1388.771029 1029.336575
-1389.798230 1035.089817
-1391.110477 1027.329246
-1398.769738 208.374819
-1399.682451 212.667454
-1402.981184 209.821918
-1398.811687 212.795084
-1414.719392 260.340249
-1412.093578 265.393885
-1414.647746 259.817376
-1414.372103 259.762610
-1419.103150 980.676059
-1420.425372 987.367553
-1424.009724 989.132391
-1424.865191 980.972430
-1417.656878 325.327382
-1429.313558 323.422156
-1423.215044 332.449103
-1424.711900 322.002250
-1432.778542 384.275334
-1427.249965 387.958114
-1427.293527 388.241685
-1430.271271 392.198346
-1434.338085 439.447826
-1436.450907 443.725020
-1437.406505 440.494951
-1437.510128 439.280604
-1444.089165 927.486782
-1441.683502 929.779229
-1437.485410 934.929090
-1441.733408 928.932618
-1441.657082 491.803018
-1444.656330 496.990878
-1437.422771 491.342142
-1441.758083 485.801641
-1449.063589 553.841871
-1446.295737 551.294732
-1441.413192 553.687616
-1444.672830 551.827447
-1448.099956 607.164984
-1456.187248 605.694546
-1450.648053 595.668244
-1444.687603 603.759215
-1450.410306 873.231087
-1451.767687 874.941957
-1448.663236 870.024445
-1452.272214 873.868310
-1459.499266 656.217990
-1453.940328 656.470155
-1452.735367 655.304066
-1460.465800 651.814308
-1458.044157 818.204030
-1453.993550 816.145669
-1456.612193 815.809805
-1457.091747 817.396053
-1460.675224 717.021377
-1456.850627 718.269107
-1458.072658 716.805073
-1464.264120 717.932597
-1451.770683 764.760779
-1458.057912 762.998944
-1461.368375 766.781762
-1453.252423 761.569571
-941.210135 483.887305
-939.511763 490.759433
-941.976820 485.683315
-941.578415 480.314587
-929.643014 537.739467
-926.249259 534.288547
-927.292009 541.909896
-926.865562 535.977438
-928.000754 602.616531
-920.085294 602.600229
-930.770809 606.928214
-925.485342 601.303408
-927.836122 660.583591
-931.413511 655.787698
-933.410663 656.371296
-931.122136 653.797711
-992.444996 563.980152
-998.398498 567.336914
-992.867353 562.713073
-993.610275 564.809569
-446.418134 652.899982
-446.436712 658.865281
-441.463211 651.475802
-437.561690 654.389125
-642.942202 312.814401
-642.879236 312.572710
-641.176202 309.125167
-646.262066 319.779879
-741.425123 291.408024
-739.353442 297.689345
-740.421088 293.556182
-740.315379 295.409340
-733.858189 259.530067
-743.622699 255.625913
-734.497503 264.169202
-739.320552 267.232441
-735.697003 404.928265
-739.390824 397.233622
-737.123726 405.782831
-736.440820 404.747261
-713.225545 438.493619
-719.455513 437.987697
-720.054798 434.227773
-718.999333 430.748249
