22.025758 129.466630
21.235307 134.408651
22.295663 132.632804
25.525474 136.927378
20.940044 131.917711
24.285311 151.695171
22.561527 142.423307
23.386186 142.872484
17.708459 136.571666
22.005209 140.275978
31.087149 154.129906
24.274946 152.152057
29.262969 151.733037
22.229210 148.096249
27.404796 155.867398
32.611059 164.320838
28.606748 159.620555
32.588070 165.225912
19.219687 167.489793
27.601666 154.271245
32.929341 67.115394
34.931061 77.253110
28.864368 72.272784
34.973539 77.162007
26.007707 71.756112
36.336996 78.335021
38.257338 83.536969
28.530060 81.885121
35.742002 76.510134
28.213898 79.304825
31.927776 168.613516
36.252883 171.430096
29.416272 171.790708
34.406157 163.820282
28.904270 170.448553
25.412294 179.808654
25.565367 179.998279
37.140073 182.151853
29.578058 184.692521
32.618023 181.412613
41.709428 125.181071
32.468714 124.344794
31.678962 123.748576
31.641723 124.026754
28.978288 129.183827
38.691687 96.625261
42.844816 93.051484
33.905694 90.810327
32.619565 90.670034
28.748139 90.363303
28.665944 100.565974
31.032187 101.009678
35.679501 103.838865
38.130644 102.755905
42.799082 99.489393
39.995863 115.624589
25.989631 115.644308
28.112302 116.020167
32.540973 110.803543
27.668599 112.337581
31.190297 190.507129
31.455628 199.182355
25.455658 191.558859
35.823649 195.117586
36.199851 188.714053
40.749708 192.667193
38.322507 202.114523
34.054279 199.345817
41.890843 202.518884
32.051142 198.025310
39.156932 61.970427
30.884092 69.288558
42.749535 70.712460
37.289008 63.746304
37.268095 63.023144
44.795068 201.747084
31.104158 205.397208
42.871746 211.150105
44.579712 203.995123
44.369505 204.905441
42.773642 73.693193
49.236444 70.476026
41.006196 71.270276
47.987385 64.071660
46.451433 63.859320
39.487037 219.147016
47.759663 215.098004
47.708247 215.396989
50.766351 210.854123
46.064602 212.725760
51.449962 223.896967
50.384374 224.863048
41.220083 227.485765
47.820077 219.186849
45.218258 223.391144
44.811779 85.740272
53.287081 70.655829
55.846821 77.618433
57.932548 83.338529
54.342313 77.422245
55.055178 236.648894
48.663137 234.386013
52.694929 241.979726
46.856289 233.267274
52.851094 234.965495
47.461563 259.707354
55.711933 257.011095
55.650240 263.084290
53.439340 260.344240
60.268331 266.970131
57.284582 246.295671
58.918803 244.548714
56.853875 244.867803
55.220427 242.484891
66.565551 246.017366
59.885823 84.800173
59.593128 86.468971
57.712228 85.859477
63.426608 84.707315
56.759473 90.734003
57.619242 270.067805
58.407055 268.129091
55.000683 270.955051
53.644753 263.993177
54.635987 278.512901
61.928220 278.029286
62.897876 283.049417
58.262059 274.858628
70.021837 285.471539
71.040474 286.310270
65.346509 290.996464
61.356868 292.641549
61.004871 290.589935
61.143318 293.386454
66.663687 292.488118
67.890897 86.365020
64.996402 98.712373
67.199810 87.194057
67.737249 90.011771
66.086166 93.982537
74.756114 300.402653
65.473288 309.784228
59.826675 300.521221
72.463192 295.374331
74.979042 298.354642
79.669102 307.912929
69.480008 304.479153
73.435733 307.413577
68.300799 308.297920
77.878501 307.369861
80.091483 94.330911
75.135904 96.324962
74.284880 85.443691
81.281430 94.349680
85.213558 93.495964
82.791902 315.200772
75.265386 309.084690
82.452805 309.268045
75.062299 319.805765
73.146128 319.508180
85.872164 84.703400
91.115255 89.257013
93.860281 99.746594
84.505162 87.390629
86.708024 92.804354
78.358458 320.447685
85.639455 328.627640
86.704109 322.638178
92.277163 322.051297
81.668713 319.415607
94.904860 332.710441
95.255660 332.616095
87.523266 337.089681
103.531919 332.306693
91.751538 329.274080
101.089509 94.449130
96.008893 102.722402
96.571788 92.926333
103.649812 100.782274
96.715209 92.484970
103.013665 337.799968
95.041928 342.317548
90.630931 339.846741
95.633134 339.874115
97.930709 334.439834
100.414436 529.535031
101.707106 542.716738
101.273333 542.132209
103.159552 534.803356
98.487289 539.307203
91.671933 552.707348
98.472844 554.071611
99.030773 548.332029
101.363984 550.902440
99.376954 549.933673
109.472872 104.831247
101.836436 103.411715
101.574446 102.440239
112.598935 102.651348
99.370522 95.950259
107.409529 346.439030
109.852564 356.813942
104.749825 344.612628
102.383121 346.075429
109.428457 350.195680
106.431041 528.692982
106.368674 528.389257
100.127343 535.497694
108.311280 537.305392
109.119819 530.931215
105.651406 554.662073
108.227348 560.246366
111.449006 558.438794
111.871540 554.861836
114.640543 557.056536
111.543878 358.505097
117.130815 361.657667
116.526225 366.307660
111.002684 358.034111
109.843214 359.705885
106.698664 96.233765
115.968501 104.756923
114.562316 101.327058
112.822430 101.072806
115.593110 87.819623
107.914658 524.753866
116.924395 525.062409
110.086624 528.541510
125.367882 528.459540
121.651861 527.545127
117.013904 555.621551
119.723725 563.765318
116.550145 555.670668
122.164138 555.137244
126.253279 558.253982
120.380087 371.482800
115.259964 357.299104
112.213808 365.796277
115.741365 361.599357
114.751417 361.563571
126.587203 84.589555
122.750507 86.817455
127.136906 82.900736
123.999002 89.006308
121.148136 90.896479
127.270855 508.555214
126.399123 501.740844
127.037025 504.948534
123.902271 506.938506
125.931370 502.685810
119.304347 378.803617
125.884773 371.809171
128.235135 381.703629
118.696333 366.083687
116.893548 378.415851
117.235886 556.510413
129.955381 553.587849
130.451258 554.289531
130.605674 555.021757
123.587092 549.838710
126.329394 395.885011
128.091637 400.099542
133.978335 396.262569
128.613904 394.415767
130.653205 397.352315
124.505425 395.851844
127.959840 400.201050
130.875927 402.033482
131.805923 401.127211
124.767715 394.937341
126.202360 408.553158
123.454755 406.280817
132.127668 410.057133
131.570240 410.450878
131.329556 406.887846
122.796793 469.925676
128.799551 481.997947
133.338126 474.379035
123.707820 472.560930
129.399227 472.001364
126.317595 504.888370
130.350223 501.151849
123.296285 495.658016
127.555367 500.808851
125.333918 503.553069
138.598221 79.923594
135.793577 87.917904
127.359214 84.588710
132.531321 83.003330
132.005792 82.983292
138.604230 376.687174
133.233833 378.825481
130.285883 379.393884
133.002110 379.919164
140.854029 375.715207
130.771517 428.362293
130.856881 426.010443
132.053340 424.124259
132.578997 423.944594
134.778562 422.097802
135.593013 465.190840
127.749401 467.614948
125.914073 460.931122
143.178811 462.525884
134.894491 461.922942
130.087186 488.494553
136.278322 489.091267
131.185108 482.790480
128.924525 479.319816
127.765396 482.623813
138.441190 548.919336
134.319865 554.810001
140.223510 553.963179
138.657914 555.803805
145.907300 558.408514
143.549681 431.265757
136.274827 431.448841
139.816736 433.826922
139.159862 430.290814
139.252441 430.094427
134.681096 438.454267
132.065792 437.589017
137.415069 437.003839
143.703164 440.417224
133.274232 439.774911
138.976908 455.188602
143.257697 448.711403
144.274286 457.642218
136.246274 444.815579
140.650302 449.638908
141.387546 77.185089
148.776542 73.177520
141.606596 75.942482
140.761389 79.175332
141.616742 67.552002
146.076336 550.499127
147.004471 549.537377
148.125432 550.786706
148.802787 555.905440
144.140171 549.565111
142.768958 61.902924
147.874998 70.386414
150.884437 72.365669
147.981400 69.348375
151.683669 67.779949
154.950750 540.136995
157.560646 548.959717
151.995366 533.617121
158.335425 540.950895
161.491160 544.890844
158.264812 75.385222
154.768388 78.032694
157.853851 71.401682
158.127541 74.323441
148.993689 73.405641
151.437950 86.828226
154.288020 87.314375
160.360515 82.049101
157.122658 89.198794
165.157128 87.488438
165.760576 99.474537
158.622924 94.353445
153.809497 89.317410
166.598997 96.479851
162.957388 97.973497
160.539497 101.726872
159.685324 101.287709
164.815002 110.023208
165.031251 105.366133
161.080529 103.781007
153.092917 109.670624
155.338986 107.123481
156.894219 106.730826
166.737828 118.077347
166.745720 107.621970
164.257300 126.808974
164.573503 126.632615
165.552371 125.601507
153.106799 124.984805
163.859711 124.884017
164.293017 125.832862
153.947571 133.191481
156.438706 139.129610
161.476758 134.578082
158.491661 141.107449
159.866889 144.015799
159.301854 139.568075
163.626654 142.641209
162.516429 146.757825
157.973034 138.331181
160.784256 524.100615
162.450935 534.915546
157.937043 525.727866
165.080913 524.005575
168.606900 533.748159
158.974308 146.584796
171.484513 153.956933
168.604667 150.747974
165.045112 153.674928
170.156320 148.911580
157.614473 516.271234
173.511215 517.216116
166.506671 512.210501
170.734150 525.306228
167.065326 519.369021
174.271221 514.986388
173.121681 508.748688
172.710532 515.312571
173.140000 520.797541
173.916111 513.140700
182.401798 161.090305
173.049567 156.438285
173.300411 158.102643
177.724689 156.766151
175.701859 152.971304
182.498199 171.961997
178.416909 169.516500
180.733903 170.564006
175.636208 161.637548
184.208018 162.507184
183.308747 514.332514
191.718831 510.123503
188.117360 521.218036
179.885242 515.286253
181.957577 515.475966
190.225651 459.494887
194.907389 462.735948
184.489861 459.563735
196.064539 465.485783
186.579984 459.141828
193.894077 476.165923
185.891755 461.197387
192.987231 466.807849
189.334636 466.747783
188.494706 469.963109
196.798345 162.072093
185.035583 154.432167
199.242893 155.174758
191.820839 159.395684
195.375723 161.642295
197.258001 527.111627
195.507543 517.222215
195.623239 515.331280
191.598140 524.460489
188.679953 524.452218
198.763532 443.958807
190.819512 442.306037
195.875004 439.949403
201.758730 447.351494
192.188646 444.101627
197.233447 481.951377
203.740382 475.458150
193.448279 469.624878
189.809863 470.316783
198.746332 469.841720
203.336699 514.094505
206.915326 505.930830
199.011058 512.006449
200.924632 511.943041
204.967730 512.556417
202.794735 433.281606
198.703524 429.244735
203.231059 420.798702
192.681668 435.475553
191.015013 431.575719
200.015890 485.745686
194.338651 490.035476
201.077997 481.129731
199.717105 485.677435
199.969090 485.873471
198.516953 153.571072
195.557586 160.747005
206.989303 146.731774
201.559174 155.999824
199.741794 150.383666
199.931247 498.878974
205.072487 505.308409
197.315647 504.026541
204.545679 500.620198
199.473999 498.520758
209.434193 431.230621
215.003469 423.312682
213.972042 424.560351
210.893305 428.896949
207.306083 422.948391
216.242344 155.938731
210.131278 144.696659
214.642249 155.474591
211.026253 150.883877
217.525746 161.824756
206.784369 407.972278
213.200820 413.224089
215.080176 408.567658
215.707545 407.822924
214.784891 411.653965
214.276109 402.046486
223.045044 405.258981
221.149617 402.798635
214.731337 399.905146
222.579023 396.772863
214.721589 394.139655
213.198927 382.776031
221.905329 390.473311
211.594813 385.899038
221.654363 392.784176
222.474062 145.562738
218.088591 144.425343
223.209008 148.467279
222.584222 144.943458
215.181056 148.147709
225.901067 379.919407
224.610666 379.328359
223.151382 381.130635
229.803897 380.883495
228.073023 375.532538
228.716253 151.308970
231.190092 144.008908
235.894975 140.431777
231.057917 144.878797
231.668885 146.035508
233.634201 374.494538
233.897259 379.059601
234.550867 380.166829
229.767172 365.837120
227.627264 366.694572
245.716911 364.834137
241.124232 365.200882
241.788838 369.046789
238.932246 364.680101
235.988816 363.943122
241.403044 141.581220
242.197726 138.843798
241.778184 140.717410
235.338119 139.815946
242.306927 139.272837
248.668939 134.125827
249.852316 132.332583
253.445433 134.848066
249.097637 133.597403
250.003294 138.160497
247.387531 359.702630
253.802979 367.617588
250.282631 363.827416
249.082909 364.362931
249.069951 365.189987
255.350319 370.482366
250.430937 367.613674
254.388345 369.616498
256.374915 367.750607
257.005514 362.355780
260.847462 129.945706
252.318333 131.535243
260.220270 131.481733
255.860089 129.965060
251.137004 130.078032
268.336375 373.985734
259.255219 369.640819
266.642145 370.592914
266.782806 374.723740
265.739894 365.972239
259.225710 135.337270
265.456116 143.278806
270.382957 127.603124
268.935470 134.370332
267.695159 129.572943
268.262266 373.672455
275.392176 366.059900
283.361299 381.225275
270.090760 382.193246
281.173453 373.448163
279.545102 135.528480
285.183882 137.524276
273.197463 135.385584
282.803652 136.971860
280.297603 136.244108
285.086719 371.805473
287.310607 375.577642
282.320026 376.278787
287.661586 371.810447
286.478027 381.374239
280.381651 130.901704
282.307888 139.734616
288.693179 139.372010
287.527461 133.805880
281.978752 136.478550
291.260957 378.073269
294.858662 381.362632
302.297820 377.562896
289.810432 385.745711
306.129324 381.056971
301.488844 133.525989
300.244802 138.533315
305.296196 137.719394
294.181747 140.287979
297.800621 137.221811
305.736648 385.369337
314.707882 384.285983
313.287179 384.843682
309.242054 387.406317
308.011415 393.606513
311.682654 143.909864
313.091568 133.719473
310.581883 138.925823
314.184608 139.030640
308.170110 139.478662
315.526016 383.985232
316.353075 389.166799
317.233716 389.936364
310.605316 379.699913
306.790662 384.829905
314.614557 133.036312
318.408309 147.934360
319.232247 140.994566
321.553249 143.529571
318.023100 139.531979
323.333104 387.961541
321.574335 382.319903
330.054963 394.696116
332.708514 392.198600
322.942803 389.746729
332.299485 136.156611
329.575151 144.140417
327.408249 136.642367
335.360878 134.895918
329.351636 137.544224
327.633860 393.377499
326.161645 395.702176
336.192938 401.694101
335.088371 395.705507
333.229468 394.896850
337.004227 144.001023
328.713712 148.398528
337.161404 145.959417
340.689060 144.081281
343.768944 146.478159
337.891323 505.901523
345.265739 508.730468
339.166247 507.738911
338.907054 497.911731
332.373850 501.082977
331.149223 407.104372
344.007548 411.423076
334.042045 396.235083
338.759024 405.333207
333.136861 402.513848
344.105083 509.686283
347.606201 508.556480
336.938930 516.861766
352.474567 516.868086
338.429992 515.126058
350.584131 144.761246
349.636609 141.833320
349.785187 142.971200
347.141509 150.416191
349.032798 152.455798
354.385080 495.485240
344.658707 506.853819
350.534232 493.951470
344.776823 501.860540
345.352796 499.234550
346.336215 411.014759
351.253878 414.665324
356.439604 407.598742
352.150479 405.687260
348.135422 409.574992
360.331098 512.341851
358.153985 519.537184
350.335585 516.459821
350.442834 525.346305
357.752877 522.973990
354.238992 421.545776
357.969166 416.825681
351.938309 411.368060
360.521030 420.529836
352.824117 420.385068
354.496523 141.449169
352.321763 144.499466
356.840193 145.740080
356.468911 144.871590
356.723992 143.242703
358.306856 497.678382
351.641674 497.027898
354.025231 500.125263
356.931956 502.792942
349.104608 492.044553
357.012119 426.700324
366.500742 419.222820
362.503956 425.265726
361.020443 434.752824
360.147362 425.657008
359.372368 516.801726
365.654421 512.577896
359.261338 521.438123
363.045769 514.774818
372.307163 523.079472
365.532611 151.897931
361.594515 146.999952
369.580375 150.156175
364.487770 153.659963
364.217117 151.851855
370.008064 482.757207
367.545679 485.440128
370.380842 487.670846
364.469259 493.551097
369.254279 492.172478
363.403271 430.982499
370.254403 430.252293
375.480250 433.431006
370.897875 433.019402
367.463551 430.880024
367.227736 480.345933
372.738510 479.539583
369.570593 476.552182
372.207719 480.461915
366.398820 479.328246
374.743232 520.721683
374.916833 521.161935
373.139332 519.948298
368.691399 521.412633
376.277038 518.876069
379.062206 155.898634
376.328728 148.432456
375.496291 153.050912
373.621892 153.408509
373.003558 148.310880
373.563298 442.381494
381.324687 449.392486
377.439722 439.784258
383.810796 432.010627
384.907824 434.098126
378.547568 451.422981
375.279853 451.388561
382.635361 458.324246
382.300278 452.266372
380.086016 447.438635
377.554216 460.276206
370.432768 455.872061
384.541388 459.541848
382.136417 465.784122
382.850800 466.714927
378.579311 478.952393
376.223276 476.966029
379.631733 473.142253
380.682739 470.359667
375.093720 470.511706
378.347051 518.134311
385.249479 521.311662
389.524568 520.676404
385.971897 520.019453
379.187779 512.941280
389.293457 155.149864
393.468241 147.414596
379.239903 145.773990
388.556926 150.187577
390.593254 148.894048
392.868104 495.411404
395.258117 504.972596
389.799591 506.763226
389.325535 506.109555
387.640567 500.465310
399.771020 152.869896
394.407405 160.908958
395.117767 153.981627
395.107418 154.267807
388.805707 155.311416
397.643468 493.222821
405.995403 493.655053
400.791696 487.483447
398.949317 492.637634
397.571782 492.422354
412.427102 511.928516
403.232346 512.489009
402.033083 508.782663
405.774159 512.107761
404.107776 511.596839
404.577239 528.222699
408.823054 528.794055
403.186371 521.061028
397.437688 520.880514
398.412106 518.890125
405.402527 156.323145
409.498416 152.698417
414.189328 160.703347
401.940532 154.961008
406.262666 148.595366
406.656946 484.700414
407.711861 476.707485
404.976523 484.815834
412.554824 479.893733
402.610610 487.295168
409.245516 481.696356
407.251615 480.800556
411.400264 477.114691
410.961530 475.183689
404.441168 472.411900
411.386035 504.259078
410.583927 507.411296
411.892321 506.852760
417.954791 496.306890
406.122840 506.637385
412.506838 533.612518
414.132132 519.772392
413.555039 525.066902
415.313237 521.824478
410.701495 519.714280
408.455580 159.853599
414.999623 160.899704
420.112766 161.243889
420.749965 161.691671
409.856064 153.428152
414.823616 458.333824
413.410719 468.858971
417.722816 460.742841
421.251237 456.012110
410.647092 467.388093
414.396409 490.314389
416.641800 494.351444
420.183466 491.362740
415.490770 499.814230
411.766237 498.683819
425.072851 451.049503
411.861301 447.772812
417.610549 447.787816
418.858544 453.460186
417.757203 449.293159
419.591189 480.051773
426.390433 477.785045
421.080343 480.312998
426.611393 484.735008
422.874759 480.563596
433.702536 469.796288
422.343109 471.689994
417.504116 476.711235
417.656421 469.558022
417.094175 466.486582
424.002485 524.971410
426.548306 531.366568
419.821767 526.916883
425.629818 524.071396
421.055171 526.603605
421.643487 150.347417
430.091861 157.857625
433.636724 163.699974
416.938613 154.104350
423.797804 149.918064
420.188238 455.027372
427.218758 460.640150
426.694244 460.896745
429.027339 455.313044
428.544782 456.362112
431.347926 153.456611
426.460401 156.731998
430.831908 151.978621
439.662440 147.865332
433.900949 154.315950
433.123205 524.177187
434.265892 526.448252
435.370242 525.847773
425.191822 529.193082
434.447093 525.597265
438.126313 143.034774
442.653657 143.742518
441.766628 146.814289
439.916602 135.804068
442.723657 144.417744
441.388296 522.993529
444.513184 528.347319
449.459194 524.073464
435.326958 514.877827
441.298208 518.643588
454.024641 128.766377
441.629706 141.664791
448.683684 136.310944
449.826681 132.153530
442.121585 137.677617
440.419357 507.453003
452.878808 501.515960
456.905084 512.073949
455.821044 497.226329
451.963341 495.991810
453.638947 119.546929
448.887988 128.248421
455.175432 121.005912
447.352794 117.910700
459.465243 118.820295
446.769971 485.477934
455.722988 495.322200
463.504252 491.224728
458.669987 486.731744
458.724031 480.881633
456.378521 111.901165
458.099353 121.036052
459.346471 105.009669
456.032371 113.474711
459.679363 112.312307
458.588034 366.258634
466.024207 354.100475
460.268498 351.321078
456.843505 352.451177
456.127152 366.678980
459.993859 370.058664
460.210461 366.355534
457.833961 370.825722
460.629740 372.943789
459.771781 363.919812
453.721832 385.507313
466.330857 373.993545
459.802312 380.254808
458.934910 376.375596
460.000729 380.025916
456.612932 482.326974
464.166937 470.624767
457.596385 474.456755
451.841291 475.114939
456.338696 478.070100
463.571341 353.590402
457.514919 346.444883
455.372162 351.656302
470.044866 354.158637
464.379022 356.690103
459.670411 383.189699
466.913378 389.855675
473.593149 392.256946
464.995963 381.233771
465.922760 391.460992
471.194864 397.897646
464.810046 400.514335
467.567156 396.509488
457.146558 395.731249
462.189729 396.606597
460.911940 463.534501
463.541123 453.065881
464.912621 457.058447
462.656781 463.394711
462.233144 453.375949
470.720313 458.335306
466.994456 467.515417
464.017790 467.963596
464.781054 471.669683
465.799845 465.896915
467.605127 93.948176
466.556235 104.352333
470.551862 100.425721
471.709366 100.572232
469.360642 103.823214
470.709935 189.448872
476.911994 186.749492
470.278700 189.993755
468.279830 192.049176
469.299106 192.689919
471.886096 409.644504
461.487927 404.178560
469.117641 400.456479
479.459179 409.762877
469.762236 407.421649
461.358945 416.586212
476.723695 417.361495
468.643798 411.102072
469.584420 416.902924
468.981722 418.654038
474.679190 420.480951
461.479254 423.290872
470.087064 421.785259
469.635478 427.805970
473.866885 424.728342
469.946997 438.102418
474.719375 440.629498
478.190662 439.919612
472.759076 445.095815
471.003597 445.601775
477.380834 203.630357
469.096006 208.685293
472.128519 202.117669
472.099790 199.795240
469.436439 194.029022
473.908902 343.252824
471.678738 340.372605
470.310801 351.486216
475.756837 335.166191
472.900349 341.294139
480.084316 334.471121
476.675212 327.321403
475.474956 330.312291
482.516748 328.907515
479.529350 324.694298
470.639971 213.379735
472.302681 209.463408
478.508023 205.111144
476.521349 208.132973
474.493841 205.903060
479.990600 176.594987
479.627306 183.036521
474.417717 179.436192
472.410992 191.026794
477.685981 186.840392
482.703246 95.692573
478.672935 98.082134
473.853329 99.692387
479.970872 99.953217
478.596360 96.702846
482.815800 219.443313
471.212830 219.443017
479.763260 218.866269
473.791856 216.837711
479.791443 215.402053
482.733844 316.586489
489.585117 315.817055
484.634264 320.257914
477.576289 324.282007
480.039025 314.879187
484.386512 177.165858
480.084798 170.540978
481.619470 173.252821
476.946090 172.602206
480.266352 176.444061
485.649761 86.169108
477.453535 85.181000
484.517501 86.566395
482.663127 85.614201
482.307273 84.547787
484.725282 227.233551
487.859962 219.533266
484.962519 228.849085
485.820206 230.294350
489.784763 224.648402
485.228053 241.347497
489.098598 230.109580
485.175582 237.935489
481.303142 232.106179
486.782318 240.755683
490.915374 305.641157
492.312099 308.218634
483.702826 303.296600
476.821575 305.819883
478.021501 304.726802
491.432214 159.717532
493.056406 153.679962
497.205114 161.017257
485.404569 164.575121
494.418535 160.278893
490.257790 247.429335
492.986199 246.709806
491.758679 250.403607
491.775520 244.641731
490.312577 238.310801
488.487827 254.793539
498.354905 257.942184
489.645988 264.274941
486.162306 256.347216
495.037154 253.790954
488.148728 270.596851
486.399439 266.546982
487.414765 262.037135
489.513800 268.433479
485.316248 261.200766
487.857787 276.925064
494.326073 281.642647
494.220339 278.526082
494.525605 276.161711
489.171207 276.203733
490.805349 280.473787
490.426772 286.568507
485.634725 294.809545
495.762788 283.511562
489.981715 285.769253
492.240423 79.022945
501.198935 75.830495
499.274492 73.447994
491.815479 80.084276
500.386723 75.992432
496.445793 148.639149
488.003716 154.023911
498.590094 142.644780
493.363695 152.605672
493.602384 150.645016
504.082958 74.669598
501.594063 67.292151
505.283306 77.129897
494.196493 76.128776
506.411389 78.451521
503.346407 125.292482
500.739481 133.460634
499.046797 130.066425
509.740094 129.289711
504.379206 136.681624
505.010335 145.282508
501.072619 146.857590
502.822555 149.054510
501.624297 139.315556
502.160118 139.639000
510.211944 68.670670
513.231547 61.524637
510.198687 68.709404
510.411601 70.456515
507.877464 69.804933
508.983629 122.432121
507.551821 129.453957
513.006134 128.011535
507.217437 132.073810
516.291233 129.641813
518.231402 118.862156
519.512692 125.366336
520.628097 121.745494
513.779752 109.093068
518.898498 117.996857
518.551920 64.475859
518.208064 63.573929
518.887291 62.812839
517.152502 57.295395
521.253862 63.929925
526.853914 118.462793
523.183326 111.760438
532.503594 106.469891
523.890062 107.190964
523.271183 108.348105
528.526660 73.766925
533.838192 68.102572
528.457896 65.693646
527.811184 61.163124
525.248171 58.337559
532.978670 99.587025
535.036329 107.515975
532.653187 104.865657
536.488627 107.693043
535.769422 100.227162
531.853576 60.240394
533.728812 67.251488
537.581829 56.888641
538.759191 64.124803
536.722038 60.204559
549.161534 108.869112
536.747491 107.727268
544.813888 100.152490
549.510971 106.422475
538.021826 111.473327
548.536286 63.806030
550.631678 64.313299
550.726900 61.620501
545.725496 65.912992
545.581555 72.924890
554.904730 109.962590
548.065308 108.520747
551.558805 103.266369
562.676181 109.501808
561.220060 107.349715
553.645607 177.279879
555.853725 178.682023
547.721923 174.608589
558.605700 182.225434
563.487323 177.182238
554.270558 63.997857
558.190748 71.117595
562.580427 67.596329
559.469474 60.619302
557.882695 61.558079
558.353863 166.110710
560.133313 168.443420
554.380380 169.057228
554.892516 175.343572
559.022326 170.413788
558.947534 186.002405
552.911217 178.645377
562.055231 184.886091
555.366046 187.134172
552.780754 185.630607
561.721153 118.597749
558.688980 119.953089
560.614223 118.268193
551.786387 117.975561
559.853480 123.247517
562.887737 129.184982
565.672045 126.604985
567.088880 128.692824
563.297007 119.689569
555.410669 128.938191
565.324640 139.261407
566.576174 140.332649
566.934195 132.881923
563.828657 138.137802
563.633613 138.251741
561.975122 144.359991
569.301858 151.420165
571.235051 153.293492
563.802690 147.808977
557.320538 149.804595
563.108581 161.350809
567.406745 158.885038
554.302765 160.172072
563.916854 158.106309
566.492282 152.184436
570.625266 68.692201
564.926134 71.140904
571.275442 59.751948
567.166846 66.969182
567.868737 68.994147
571.251894 188.137896
573.087094 184.311416
571.441004 188.884636
566.499376 192.568211
569.723110 187.912722
577.129936 75.631500
576.408194 78.540138
576.751019 71.826114
576.352050 73.851058
575.334055 73.046583
580.332777 175.593588
580.600619 189.109882
582.630062 188.329568
573.501044 180.791175
588.058054 184.835276
577.719406 90.553527
581.051207 90.726012
576.306303 86.655981
574.658085 83.180073
578.727894 86.988146
585.028405 177.968424
581.505757 177.881526
585.090573 171.744772
576.440395 176.519590
586.315388 176.103334
586.291106 88.963803
586.982385 87.738965
584.701562 93.685290
584.194186 90.778323
588.884780 86.399440
587.152997 163.890806
587.332785 172.636354
595.100586 158.940359
598.461199 166.547964
590.833056 169.516373
590.802091 104.191290
588.889388 97.163713
588.515407 93.008283
594.292041 98.105086
594.055654 94.738716
595.241099 105.243328
600.696687 106.198604
599.579002 101.046664
592.832210 115.554505
591.305511 110.371717
599.259771 157.754617
597.938542 159.113447
605.788666 154.943280
603.207717 160.241690
605.828090 159.946659
599.698094 115.506553
595.626878 112.628086
601.831813 118.264517
608.424492 119.529278
597.412283 118.396927
603.672590 122.135768
600.222360 127.946492
597.751445 126.129790
601.848864 129.912750
598.945800 127.876817
605.494152 133.951562
598.495965 129.052518
603.355891 131.238779
598.792238 136.977467
598.936901 135.813481
594.484327 146.985812
600.976319 141.422730
600.528070 151.813004
599.739659 155.596780
592.025904 143.662054
