38.192288 765.373020
39.540470 772.338185
39.660492 766.900143
40.083650 760.260085
45.380968 767.792138
41.489877 766.597907
45.115934 799.736961
45.613770 795.887103
38.973755 801.466048
49.046554 805.727402
43.707476 798.876928
45.357720 802.458442
49.727997 732.824616
41.069412 726.695480
49.278469 728.291951
44.736522 729.205931
47.909982 731.849128
45.307455 727.369550
43.649573 834.286312
46.003563 829.854290
48.634568 829.508936
46.891632 822.230143
51.748182 834.694846
48.695148 829.329947
48.009499 701.510828
48.158289 705.894698
52.709467 703.006954
48.488948 699.821094
50.835657 701.689548
52.517728 706.151229
48.646840 687.562981
50.395838 677.017197
49.138422 678.358930
51.517617 684.051998
60.840289 682.773213
52.512565 684.799014
51.264006 859.292448
55.921119 855.426458
56.226870 855.726176
55.306602 860.611055
56.487861 851.506549
54.332630 853.767736
60.040347 660.077247
59.595482 663.763696
62.471832 658.939619
62.041214 656.548340
62.810620 664.103112
66.462620 660.734356
65.503604 880.853139
60.487540 879.537006
56.616423 876.052841
68.847533 875.492251
61.880264 875.475023
64.609127 873.650761
68.445473 647.574076
67.898049 641.493902
68.078795 641.123423
71.885217 638.299949
69.784315 639.536727
67.859435 645.784270
73.671768 897.177420
66.732258 899.285817
70.035716 898.651124
68.832203 896.068966
69.611280 900.118681
69.308672 900.595532
76.069312 623.806209
81.885406 619.434752
79.570585 621.118728
79.919460 616.549557
78.854939 617.786106
76.134395 621.307815
76.812457 923.282388
78.861055 913.698204
75.463064 921.860580
72.388290 913.488171
76.209360 917.386097
77.066377 914.841697
89.239694 600.804798
88.949860 604.963925
80.625572 595.127407
86.386440 592.539670
83.409901 597.688038
88.272054 603.945459
83.525748 932.645724
87.705660 932.948273
80.487722 934.208222
87.143943 931.132852
87.258858 938.369491
85.384969 939.508661
97.759345 953.418470
94.826753 958.306127
96.963538 960.163735
98.326075 952.665470
95.982247 957.384452
100.443634 954.498596
100.320007 580.317441
95.424486 575.403467
95.779903 580.050592
98.022805 571.182890
96.050716 584.482776
96.978056 574.485511
103.113017 684.813249
102.614612 680.220458
104.978113 676.651422
100.272766 680.650650
104.194440 682.418615
99.897387 683.723510
98.659277 703.674959
103.801424 702.338922
101.216506 694.871343
102.825960 699.888362
108.377211 697.620721
103.185601 700.423515
104.126952 972.078022
102.800361 975.846000
104.324907 981.742845
101.249637 977.688060
101.146340 981.986694
104.906356 978.106557
107.606034 720.002194
108.036590 721.919350
107.582506 719.894556
106.078711 717.451019
107.900829 716.284315
112.229834 722.610335
114.440638 558.161993
109.232061 564.193484
113.711194 555.405752
112.900088 558.697322
102.317319 555.706478
109.177659 560.382666
110.940932 661.933075
109.398932 661.447581
110.262628 662.890281
115.322447 663.952658
112.261042 655.996748
109.119044 661.514759
115.189704 990.967203
114.583314 990.861389
114.441225 1000.071969
111.846658 998.136298
117.364875 995.107876
116.743493 1000.289957
120.506862 643.688698
118.647017 647.161537
116.359825 646.916393
117.645173 640.814891
119.733745 643.466655
119.475440 642.616210
124.384794 536.739591
118.008429 532.231372
121.941642 529.110308
123.059805 530.264745
125.134638 538.375690
121.083577 540.875794
128.371170 742.716679
127.812229 749.860705
125.960067 745.837111
121.359431 741.006355
125.944895 744.143256
124.572621 741.671587
125.413762 617.524603
128.549290 628.111196
124.303421 617.640540
128.797817 620.339471
126.666867 616.593286
130.794506 622.654994
125.610882 1016.823067
126.773031 1019.866200
136.094505 1020.998324
130.815615 1015.098706
129.970435 1020.236661
131.567315 1012.386951
133.965713 515.483852
141.946649 510.590994
139.630904 521.560849
141.756870 520.030559
138.094883 522.702328
135.663178 514.127925
135.789713 606.631277
137.250163 603.699703
138.379525 604.122241
140.205517 605.608664
141.746488 603.441273
139.272221 607.943311
142.259022 1041.192171
143.381976 1037.043893
142.943760 1041.524578
143.544485 1040.638107
147.608132 1037.649655
141.566951 1039.071380
150.369698 759.055718
150.922086 763.438477
151.755124 757.837969
143.781993 755.811787
143.998105 753.633046
151.667360 758.316843
157.974460 502.162822
162.099730 493.439803
159.122253 498.427294
155.957635 501.260622
155.143656 496.201853
157.988462 499.800076
159.190611 577.917146
164.590054 586.448038
160.046443 584.394682
166.293879 583.324641
159.585254 591.118620
164.589237 585.820000
165.047758 1059.522226
157.923076 1065.158118
159.799549 1061.748991
157.868423 1059.535094
160.914944 1060.385761
159.942290 1060.634237
180.417279 483.101601
174.493088 480.214446
174.943141 483.769045
177.803068 480.329561
172.597546 477.256632
175.726979 475.750017
173.595424 758.540019
176.362825 762.392268
178.072442 764.180981
173.811558 759.392711
179.479549 759.482309
173.311089 758.666331
179.483025 1080.743226
180.320579 1078.430528
174.741485 1080.932361
178.836150 1081.177821
171.633327 1077.566207
178.696363 1085.608586
187.828763 567.669976
183.224984 565.142293
183.730242 561.299877
187.417716 560.116906
181.762369 567.172450
183.828988 564.840753
194.800521 1092.414546
200.531180 1101.143709
195.046221 1099.393191
194.390565 1099.093757
196.236536 1094.188913
196.585647 1106.588561
196.225253 458.419104
199.236674 457.951937
202.318623 456.240118
200.701399 455.227139
193.909100 459.391826
203.420572 455.252926
205.463148 764.724079
202.527996 764.687774
205.181438 765.890995
197.716968 766.666530
205.853763 766.123240
202.073045 766.664624
209.949728 548.684172
205.753987 549.860323
211.867852 547.117776
211.012937 555.037176
211.099131 547.487447
210.199504 546.220573
218.086992 1113.649137
214.104655 1117.348659
217.850605 1123.201809
215.702848 1119.263214
214.679779 1120.084326
219.335331 1121.839402
218.529313 441.315677
218.218625 445.621327
224.733433 443.230817
220.263831 440.400497
218.734652 439.871651
227.266212 438.672610
232.362718 761.766654
229.492824 765.613795
236.469869 766.461172
229.682625 764.984553
225.065591 770.077284
228.133383 762.936814
241.493572 530.226873
235.843214 531.094634
233.198924 534.903315
237.253527 532.238046
235.306916 532.375818
238.153721 533.381323
245.747097 1140.518323
243.452337 1139.332127
237.967081 1141.949263
236.714544 1141.311511
239.749797 1138.254695
239.083316 1136.549897
241.433279 421.414689
243.656331 419.585248
245.791145 421.389595
248.205753 421.687212
237.983323 420.752036
236.485648 424.437578
247.214642 185.438564
251.408642 189.488691
244.163879 190.336599
251.248295 188.951771
243.047670 189.109578
248.914575 188.665859
248.637389 217.712122
247.246671 219.375472
252.666035 215.794912
248.112382 220.625919
250.018282 217.914023
250.346179 219.705213
251.568215 154.737828
251.956904 158.018588
245.508564 155.783085
255.786439 151.851322
251.973241 161.245798
251.035147 158.784034
256.152574 408.306878
255.300649 409.131759
249.149453 402.916700
252.356346 413.651224
253.655239 407.915538
253.248179 411.923387
252.608861 755.562284
256.645351 761.784761
253.282361 759.095086
262.134402 765.486731
257.513439 765.214944
262.808561 759.715528
258.300955 247.745335
251.567677 243.378804
259.494640 242.656184
253.369884 239.747057
259.229938 236.176145
253.453180 237.963530
260.633698 141.040058
257.468072 138.061108
260.636550 135.441057
260.038461 139.867185
262.668824 131.823385
260.986702 137.470199
263.596922 518.277558
263.518311 515.488180
262.333181 522.120783
263.466783 516.637735
268.470370 517.067824
267.235591 516.795083
268.267596 1159.376940
261.778017 1162.032944
265.635093 1157.564664
261.720656 1162.527931
264.929262 1158.031291
264.286419 1157.622272
266.453838 270.839321
266.716982 260.522771
267.062054 257.991401
266.891494 260.715297
271.710738 265.199063
269.390439 269.635511
265.817567 393.478207
266.790138 387.590516
270.018855 392.805072
270.036491 392.210293
273.342061 396.453262
268.797692 393.734043
278.489425 120.863298
267.805303 113.896001
273.591793 117.595492
275.940395 119.766908
275.022497 121.952438
272.309106 115.447520
278.881131 276.441027
273.996281 281.746746
283.958594 279.145162
278.789820 284.092890
275.681248 280.870749
281.859519 283.599290
276.596482 357.103001
281.114426 345.017931
277.491376 346.100591
281.596327 348.409708
279.524123 352.132239
278.697236 350.665207
282.626781 372.292497
280.660242 366.860997
277.063252 369.308690
279.870973 366.513247
281.086755 374.721383
280.786025 369.196736
285.524979 346.683364
280.056844 346.073412
279.376386 348.813913
285.986837 344.780652
283.653439 342.763926
277.137398 339.247080
281.650559 754.160034
285.001875 746.362645
284.213746 753.123700
284.480110 750.635169
285.597087 750.369687
280.981349 751.273781
284.093903 318.326705
283.626255 322.222818
288.330454 315.385958
280.311950 320.720375
288.653543 317.606976
281.954638 320.839829
283.752280 385.728809
285.992980 387.208748
289.087798 389.020800
285.519238 383.870002
289.000752 384.271866
282.648679 381.247228
291.811276 504.344500
288.340849 507.383993
286.500382 508.957615
290.842557 498.355562
294.614114 504.228031
288.355832 499.897792
286.155695 1175.699684
296.462852 1172.631042
285.637057 1178.639393
291.922976 1176.586708
292.340484 1175.184691
291.502251 1177.788461
295.556378 97.224343
297.009971 97.047008
294.567580 97.272658
297.894895 91.091861
295.416165 97.278157
290.694839 98.502260
291.878715 290.608365
295.155782 296.549771
297.960424 291.998640
293.714763 298.380883
290.704826 291.992877
291.103207 294.107848
300.725071 395.636218
295.603986 400.373740
296.195466 394.527610
299.787987 397.298045
300.404948 399.507654
294.360581 395.147565
304.989753 412.219771
311.927036 407.994992
306.817622 411.278010
311.971422 407.481787
307.525701 412.130877
308.554670 409.744753
307.263325 738.699995
313.753773 742.277982
308.056634 734.540887
308.147459 739.432592
315.424828 741.249708
309.266685 741.254144
320.098975 490.350358
318.011407 489.630033
310.305562 489.089939
318.881207 488.261332
316.391859 486.996869
314.348873 486.667814
310.771296 1193.008744
314.957474 1189.442085
315.612790 1192.603973
316.738001 1191.159553
320.271434 1192.976869
314.114165 1186.327324
320.619516 430.884789
319.981955 430.561257
319.040257 425.777512
322.124032 429.011622
319.892040 425.560663
322.908554 431.816894
328.563840 82.635045
317.763106 78.614063
321.528838 88.895854
322.169888 81.922164
317.358851 79.101130
321.455792 82.064560
322.680014 283.005110
323.938519 275.970063
324.773415 284.083991
322.022009 282.748705
324.039346 285.312785
327.854897 283.285328
317.982534 260.090772
322.087149 260.892447
323.228824 261.003895
316.623666 264.810681
320.504988 269.292841
323.151511 262.313562
322.478451 237.821332
325.217698 239.516965
324.399317 243.269431
324.696767 237.809063
323.955446 234.099665
325.998433 231.733966
324.184684 368.209013
321.220298 372.370472
326.192165 378.194451
323.003216 376.790144
321.593437 378.293265
325.412318 374.402839
322.224193 378.876592
322.574368 380.317123
327.494428 389.297533
321.016082 388.349856
326.613422 384.469865
329.624694 377.471371
326.664063 351.377019
323.173900 354.673914
325.554215 354.253012
328.940121 352.907445
323.039850 354.072164
326.309798 352.432019
340.150036 445.246826
334.214208 450.293699
331.630947 450.717079
333.346721 448.647532
330.842401 448.366151
332.542109 444.760545
339.292715 722.662984
333.449021 720.990254
343.952912 722.308283
337.231222 718.751242
331.995721 725.981874
340.094994 723.040042
336.807061 228.970270
339.310600 227.755157
344.147248 224.257093
341.482689 223.775136
341.432563 223.140330
340.530245 223.439516
347.178152 339.729618
339.769710 340.349842
345.831684 347.496068
339.821777 339.039460
347.065028 342.130169
341.488843 338.484302
341.695263 395.849294
342.499164 397.188914
345.889779 392.051160
342.917111 399.550605
343.038457 394.717192
338.349004 395.985698
341.133606 467.018398
341.837847 468.993046
342.289028 464.384499
342.652121 477.854824
341.694738 470.702271
338.204773 472.796813
342.091450 1209.473277
342.408540 1203.484893
349.310412 1202.889360
343.149561 1205.841660
347.509036 1207.058716
337.329206 1204.106804
343.593157 73.430767
348.965264 70.866468
347.388765 71.915343
351.236213 67.239476
350.711401 70.044413
345.027132 75.736378
351.779993 287.035212
348.886431 282.637582
346.194575 285.137535
349.136723 284.867858
350.106171 283.216084
347.433498 281.792511
354.343873 744.025176
361.123052 739.681499
352.861734 742.721003
356.975374 742.225409
357.366895 741.066419
355.902034 741.537321
359.904859 694.332409
355.935550 696.221757
360.720736 698.251210
360.512245 697.449630
358.326674 698.752498
363.521308 693.283910
366.686612 345.355523
361.113952 347.884915
363.168053 347.993507
358.489877 346.693219
358.676054 341.543997
361.051649 348.116198
356.406053 386.213319
357.448081 384.775913
364.681000 391.787869
364.994169 384.619644
358.371472 384.305680
366.650080 392.150122
368.176487 673.470474
360.741964 671.918812
360.224643 668.307410
364.350644 672.505949
368.745646 671.611423
365.312713 671.585161
373.150832 222.445098
368.755515 225.546937
365.129301 227.836898
368.528171 221.380096
365.836894 217.885149
364.267648 227.544310
367.448336 452.232040
369.727016 454.355904
370.250056 453.934915
366.047071 461.302799
368.702425 457.674028
367.948418 454.432527
370.493006 366.713551
368.067136 370.055117
370.553014 365.042924
370.064611 368.267950
368.608748 368.736430
372.538554 366.137635
365.879084 760.013793
370.126254 760.444428
370.196651 761.555230
371.096726 758.855604
367.575662 765.623701
370.255522 761.688966
372.051989 1212.819074
371.722714 1213.093081
368.099627 1214.747554
368.547267 1214.028712
365.578309 1217.248512
371.954604 1210.587914
371.383270 655.745818
374.445251 647.045614
371.426569 650.668633
371.511301 643.384404
376.227076 646.673943
368.291369 648.886903
374.565669 637.265687
380.048101 641.623785
374.410610 635.271619
374.501957 637.220866
375.067004 636.527782
375.974905 637.715897
371.813617 60.481036
374.891849 63.318165
377.412467 63.690719
382.150726 57.595515
375.636750 54.593759
373.818909 61.693587
375.170318 290.168134
373.198754 291.414843
375.125446 287.773086
371.852433 287.016634
376.336453 286.382672
375.479735 291.312938
377.748820 622.149661
381.004553 621.330210
375.554909 621.134439
373.792397 627.023571
373.848133 625.260070
377.010480 622.196964
378.444542 539.833265
374.250274 539.435600
379.418640 538.812962
377.062627 538.798434
377.201847 542.150076
376.712153 543.511091
381.232577 584.964681
379.549556 590.292119
376.706204 590.826329
372.837637 592.502598
386.404945 589.922898
380.165142 593.316116
376.731271 612.805255
377.311896 608.881025
379.185111 612.249299
377.301075 606.748285
374.951863 602.602738
378.560287 614.446648
385.190395 566.576387
381.449113 568.948818
376.819509 568.686641
383.109315 574.336536
376.898292 571.420482
380.488544 572.780403
383.974982 435.532136
387.211973 442.938649
386.988642 432.516955
387.303880 440.110307
386.583952 437.662449
386.985857 434.538323
383.097407 700.148970
390.990267 700.806007
387.675204 704.189941
392.096674 704.594712
387.071490 702.328607
393.855136 707.974494
392.796116 621.724816
392.803365 619.970991
392.762357 624.351427
392.532031 623.254909
395.238293 617.268248
392.036565 620.329312
393.503717 785.165898
393.455528 779.799390
392.605457 782.557683
396.324875 782.529297
397.686563 786.839379
399.673275 781.939094
394.450195 230.986205
393.381568 231.513017
397.284966 235.697944
392.374037 224.439156
393.496472 229.457794
394.796736 229.098073
396.930020 305.107343
400.165968 301.008864
394.821827 304.480196
396.890418 305.845779
394.375397 307.516861
395.000556 300.901352
395.890794 1217.738233
396.306200 1229.473016
396.628032 1218.692249
397.229146 1224.647378
398.115525 1223.308676
401.543874 1219.418431
394.703970 49.816842
408.375118 51.101874
402.750807 51.071639
408.194976 54.663201
400.844420 48.293451
401.144753 57.328641
402.920534 411.246046
397.152081 421.075124
401.626314 418.693675
400.986287 423.562886
398.532321 420.329380
401.114995 418.502571
407.682771 325.894888
404.459604 325.749010
411.630640 323.050875
407.064603 327.469070
412.300383 319.908944
409.279494 324.798114
416.944361 404.432278
412.224893 398.816587
405.849656 398.702140
413.229195 396.285685
415.589503 394.725434
419.017186 400.113134
414.589377 616.715834
407.192214 621.702785
410.322386 626.730166
413.313348 622.932517
415.003856 619.786141
418.412854 615.859482
411.487113 709.297351
413.175921 707.407397
410.655309 710.914576
415.620955 709.625723
416.811457 711.896289
419.923097 705.336259
418.508146 350.583189
416.798508 342.568738
417.494643 348.138616
417.389680 353.447799
416.190485 349.254916
417.985800 348.351982
417.568420 375.922686
411.206247 380.226324
415.742860 378.578971
422.462306 374.610542
418.468382 380.976145
418.223525 380.071751
413.619505 794.039107
421.830672 795.201966
416.507162 795.977020
418.086311 797.589771
417.423524 800.058813
421.336179 798.687753
423.645761 238.781226
420.327552 240.604657
422.865905 238.086283
419.724839 240.801360
421.376544 243.244597
417.112457 238.668802
424.031393 1235.455115
422.095441 1236.691100
424.608654 1231.115121
424.600443 1229.764711
421.346657 1232.459764
424.053488 1232.644450
423.517898 48.653299
428.972189 44.104003
428.573929 46.803936
422.611851 47.993501
423.360390 45.591923
430.435813 45.183544
432.232734 240.525958
427.273860 240.380603
424.387782 238.294460
429.321438 239.327978
426.108725 243.832755
429.399599 242.751034
430.423847 883.637932
439.064658 885.180800
436.310393 886.756948
440.785945 889.820165
437.865022 886.366680
435.340580 886.271652
446.863515 617.977936
440.808760 628.515943
444.461209 625.903755
445.940954 625.896755
438.286337 615.423861
435.523034 619.786574
440.024119 711.384815
443.935959 716.445116
438.703001 710.086704
442.672540 706.964395
439.901729 706.367707
447.889196 708.098881
445.488298 798.273648
444.882924 797.428429
446.990030 798.583470
449.681321 799.096616
446.127093 799.327086
447.137690 800.615789
448.403885 248.489606
450.051427 255.986380
445.967674 256.332064
448.178162 251.084491
448.102236 250.817781
454.823428 252.618302
453.698733 904.205661
451.177900 899.414824
440.757475 906.126263
442.482440 903.265958
448.792946 904.866113
442.091590 906.503347
453.817136 1237.638803
449.796832 1241.427117
448.665442 1241.145016
450.663523 1239.453969
454.647074 1233.007404
451.116322 1238.254081
451.325199 40.897009
459.731799 37.267260
455.614689 41.751443
460.567871 37.308908
457.679864 40.386006
459.189872 42.765922
460.781505 924.743021
459.496358 920.017072
462.956107 930.663600
460.913064 928.834343
460.475979 925.518059
462.568504 925.480412
473.592688 628.541368
466.426401 623.409874
467.136016 620.037064
473.577791 626.706629
472.718551 621.991498
468.273986 626.945202
466.428393 703.593543
465.876345 701.211750
467.399392 710.656855
468.065302 704.752184
467.221948 701.375743
467.479318 703.870070
472.395315 799.180424
477.469423 799.888204
472.986831 805.424314
475.606870 802.858625
467.304943 801.572406
479.121204 799.528510
473.100213 254.993005
473.320924 253.258727
477.453192 247.505897
477.906184 255.012119
472.375117 255.958615
468.351486 251.709688
473.530543 938.855673
477.409297 947.997750
477.727797 940.987506
474.967626 941.078116
473.581639 944.165016
479.629030 948.423852
479.269708 1247.914119
479.740068 1245.366566
476.935363 1245.382545
477.102444 1245.149257
480.460024 1246.037249
475.386197 1247.955510
475.630645 35.731790
481.062396 33.837154
482.843389 35.956264
479.880910 32.882989
479.046331 35.954082
480.556390 30.962950
487.086351 636.737465
495.010097 640.602259
494.149200 633.748500
491.949344 638.102138
492.018548 637.936156
489.159553 643.523304
485.884949 962.037966
493.289043 962.842633
488.481248 960.404557
496.592026 960.256778
492.733850 962.109685
491.347542 964.164942
497.310060 689.831640
496.170910 691.387480
494.722238 698.219569
493.914061 699.435750
494.643005 692.002712
492.069809 694.968852
493.931519 802.314771
494.730261 800.718203
502.179455 796.126765
499.062949 798.170693
496.882876 799.702376
492.319019 798.885989
500.715107 254.541015
501.488271 251.401482
502.261692 248.096546
498.941541 244.973374
505.511756 254.322202
507.723687 249.544597
503.383933 1251.432248
503.041355 1252.331323
506.817278 1250.257253
503.559718 1245.743113
503.385826 1250.976158
504.383279 1249.640099
508.794414 661.138030
502.849752 660.263596
508.932409 658.175068
500.855366 661.595847
503.626084 657.847041
513.292931 658.624673
507.943199 370.620402
513.471122 381.418846
507.488953 377.183903
507.493877 376.979597
510.316849 380.436964
507.136060 377.695538
511.048693 25.407273
504.442064 31.719450
508.477916 29.427610
511.492566 29.113187
512.567499 26.406057
505.203976 23.897291
504.180703 676.317183
512.921902 676.846535
507.410932 674.107441
508.473509 676.418163
506.411368 675.070471
506.580218 682.259733
510.455138 409.212571
511.011791 403.498395
511.110425 407.325065
508.484196 402.025597
511.419617 409.278225
511.650693 408.175319
514.439000 975.635815
515.406132 981.730264
510.260774 977.072893
511.236100 981.910171
513.826029 980.400119
510.843207 981.344344
513.444570 342.594881
514.258285 339.072868
516.742810 338.984997
510.117302 336.376812
516.211375 338.239706
513.144456 341.985829
524.830752 429.666738
515.983951 426.170181
517.419646 428.625884
522.767509 436.905237
519.889520 429.359301
519.539846 429.821688
526.755723 318.423015
529.461168 322.861323
523.422862 320.935123
524.465475 320.110076
519.970944 317.703867
522.021836 320.135798
522.716468 799.950662
528.001680 794.455242
522.038777 795.979307
527.657053 792.149179
521.426520 796.883815
520.785353 795.840874
529.187698 246.816579
523.901184 249.718037
532.044605 248.447310
533.241797 251.388771
527.043811 247.607380
524.972013 242.858854
533.519513 1257.703672
530.636450 1253.677564
535.990373 1256.693780
530.478459 1255.115689
523.304640 1254.747230
529.187678 1254.422518
538.812293 455.428366
533.125658 455.004086
536.814047 447.269213
529.236506 456.859375
533.074463 456.140312
535.877645 456.379299
535.043279 29.093506
534.615857 27.540889
535.415204 26.225878
536.572614 26.770431
532.587008 31.792955
536.762316 25.601788
531.699416 1005.918558
537.255610 993.578649
534.098509 998.761454
533.144392 1000.243463
539.087199 999.197658
536.090991 998.791816
544.302159 302.812009
542.346739 301.251753
536.918262 293.774934
537.766348 299.822031
545.400695 297.304083
543.534414 294.535881
551.488104 796.341741
546.045415 794.934120
555.469792 792.027901
549.993109 797.545155
554.758772 795.741087
551.640528 796.766408
554.584020 239.470413
556.994741 232.274945
554.381321 239.197612
552.722749 234.878926
552.833013 241.084990
554.555951 239.845051
559.856897 464.199596
547.872146 471.166842
560.866486 466.072105
561.607420 469.540529
559.342952 464.595530
555.107316 461.418896
555.817072 1258.755269
556.300403 1261.130325
555.366572 1252.951626
557.291789 1256.731776
551.314021 1260.265713
554.067084 1263.605862
559.706679 386.063122
559.993098 380.514269
564.225030 374.928792
561.139749 379.198046
558.167227 379.063289
560.870370 381.417006
561.705684 364.332828
560.467746 361.333972
562.019001 362.173780
557.636574 361.745963
556.879197 356.549032
562.297111 356.973603
558.741566 395.765265
564.355010 395.055434
566.731996 395.520147
562.095695 395.226149
553.867157 394.321269
564.973189 393.939540
562.233771 25.945103
561.680721 24.555422
564.516455 31.169361
566.332539 26.880559
561.758959 22.722701
562.215934 22.836174
562.306287 1014.203124
564.620304 1005.321500
561.573701 1015.496038
565.745124 1009.680494
555.591984 1013.629753
562.631441 1012.174842
558.557509 290.205732
563.112129 288.078579
563.591239 283.698765
564.936346 286.017540
563.224148 286.680035
562.926311 288.371993
570.663464 349.141870
573.423047 349.871451
581.384434 347.066889
582.913840 352.010052
574.323255 345.304100
573.937500 350.252143
581.949707 415.546024
575.781130 410.052634
575.488405 412.782806
575.880640 409.698670
578.971187 412.024384
575.790983 405.017398
573.538854 794.635671
578.447856 795.664857
582.235611 798.615063
572.413038 796.157582
578.954215 795.944317
580.433242 796.896831
578.552597 230.258746
577.632302 224.306098
587.041624 229.246435
579.810538 234.535125
581.483024 230.262305
585.399169 228.522945
587.887717 472.097209
580.938379 480.317611
584.345744 473.416571
585.395405 476.793944
580.610850 472.263494
581.581740 474.205875
582.790622 1259.813632
583.903449 1263.409835
584.652090 1269.851031
582.634433 1261.930564
584.602634 1263.972980
579.301774 1260.617378
588.583037 20.998299
587.962754 27.950301
589.447435 19.761338
592.880967 20.343256
584.126665 19.661079
589.485327 22.830731
585.857476 1018.663577
584.819770 1008.432969
586.753297 1018.683326
588.960731 1010.369102
585.598847 1011.846000
590.525912 1015.553805
589.327282 281.893698
592.185870 283.654814
595.807062 282.881244
595.536357 287.971578
596.121142 287.976916
593.568953 286.207694
596.172345 354.768162
596.529983 348.705833
603.049351 353.245228
595.752965 358.783156
595.343056 353.614047
594.236072 355.231299
597.375425 405.428538
600.019989 400.033599
599.120696 406.142489
597.148321 410.686077
593.900442 407.880080
594.540684 404.245546
599.159066 793.718083
605.419091 793.068200
605.667552 793.340505
603.155110 786.475462
599.722832 792.157621
604.953387 791.261337
607.169642 370.720497
609.152172 375.616913
608.181450 368.990357
612.200156 372.910065
605.330946 369.882942
608.298137 369.396984
603.117759 221.601834
609.173505 217.481139
608.132285 216.874405
614.935267 223.170040
607.935270 217.163908
609.943639 222.320693
606.911121 395.149882
608.798950 392.509921
610.676027 390.709287
610.454131 387.372183
607.969525 389.330009
608.040214 389.935733
609.547838 469.520580
606.521744 464.472209
612.859566 464.062834
609.968328 467.213035
607.303857 459.904166
608.681204 467.148984
609.476303 1267.872848
611.200451 1264.274593
612.661125 1265.441513
613.406918 1264.529588
616.338193 1268.179824
607.009279 1266.458132
613.907372 21.435958
615.021476 21.782092
615.540696 25.514676
613.943079 25.828334
610.953320 24.320174
617.721662 24.418750
617.048772 294.772850
613.421982 294.155620
616.842557 302.278555
614.189213 302.771222
614.071858 295.551162
616.628322 299.827031
619.471231 1012.758165
616.109417 1014.442770
615.023704 1004.774149
610.057031 1004.785183
616.448833 1009.150377
614.988207 1004.022273
624.114545 443.196310
629.913369 441.272907
628.087007 442.755296
624.737764 452.539547
627.594081 441.864025
630.164937 446.981892
629.833753 310.566007
633.417027 315.635631
632.861139 318.940541
632.181161 316.966925
626.285391 317.917230
635.875320 316.362794
630.219179 786.691494
631.024929 791.115593
633.221815 784.987001
628.205913 789.160647
629.824158 787.328161
630.078441 792.361028
633.934782 210.303564
633.820107 207.152020
636.879615 206.121657
638.675411 205.062968
634.538002 210.187916
634.648710 210.189472
636.148270 1263.284193
637.048571 1268.088815
640.410469 1268.893794
631.574471 1271.921530
637.313874 1268.800568
632.784844 1262.675463
635.426748 437.217997
642.143299 441.059715
631.588107 434.759699
634.283327 430.280583
634.982898 431.111332
637.695994 436.688251
642.016835 21.065141
649.093060 22.878878
637.055454 25.787448
641.833927 16.870798
643.684574 15.178535
641.847532 21.380672
643.164105 334.829624
647.621124 336.360514
643.110219 331.842659
637.812961 331.187896
643.384215 338.099599
641.186905 336.210488
637.400473 996.330772
642.699106 996.880474
649.342825 997.562060
648.720125 995.993248
640.845054 994.276670
644.942085 992.989587
646.438107 423.241454
648.081406 422.479171
650.351438 422.908639
645.154818 421.211279
651.385823 423.704871
648.252612 424.911729
650.452678 348.865173
651.894600 353.544621
646.503600 351.188286
649.244286 355.137005
647.604473 351.139737
649.951504 352.674294
647.794787 408.895064
650.152933 408.556407
651.877749 407.879142
651.602407 406.856740
650.414019 409.390320
650.203884 414.528215
647.627270 366.263607
652.010317 377.412550
651.501392 368.796775
647.925548 376.728019
648.977778 372.904601
657.293525 373.661722
652.702020 393.713058
647.588607 395.967599
655.920338 392.329005
652.163258 393.532085
644.256006 390.277650
648.079007 388.861300
660.458495 769.864131
652.402475 767.847883
657.550477 764.791446
652.339196 771.197640
651.880543 771.032944
655.749152 778.612302
654.811362 552.870983
657.109736 550.756434
658.558442 551.313866
657.420792 551.054804
654.957307 558.949841
657.007887 550.203292
658.740380 578.358648
664.054203 579.241948
660.539185 577.172663
656.572472 576.231756
658.714098 575.859943
660.135870 577.592853
660.869547 200.814497
660.029891 202.087559
657.669012 206.744615
660.233289 200.551247
654.691539 203.596035
659.702196 200.281014
655.048505 604.362387
659.413940 596.717913
660.092779 606.394099
656.608378 603.630025
654.376158 597.690743
659.565973 605.943800
663.176809 520.442587
663.039489 520.059603
662.227022 520.937306
664.792870 517.120650
662.846528 518.767804
660.979665 521.034465
666.043981 1271.922832
663.500002 1270.095130
662.855776 1273.767369
663.748466 1270.581182
664.149824 1270.145750
663.621529 1268.193958
665.878017 620.341327
670.909399 617.778593
664.599733 621.666386
664.905417 619.631962
660.671836 622.744730
661.430699 618.406702
675.259672 22.552096
672.308566 19.001128
668.555568 23.569828
666.189906 19.216624
663.054243 27.467848
672.345374 26.350292
669.972928 489.083095
665.718744 490.779630
668.812563 487.117914
665.028456 491.138174
662.221025 487.502396
668.509626 487.185184
670.045740 975.837881
673.538507 981.963535
672.740402 985.131599
667.350319 977.976069
667.844094 980.349936
668.511802 976.540004
672.350188 634.041503
670.622367 641.552484
668.443096 640.510281
669.745872 638.760360
668.741413 642.620585
664.935321 642.888801
669.493643 752.670298
669.249893 751.151496
672.512890 756.654114
670.083055 752.672768
668.219485 746.165967
667.476812 749.507767
675.651774 463.218925
668.895718 462.341785
671.988263 464.159286
666.389336 467.784778
670.034171 464.746859
675.349017 458.396595
671.524638 446.820782
675.941425 445.391123
676.107490 443.972987
674.509194 442.227448
679.564517 442.913470
670.798455 445.255668
671.620295 659.453423
677.886405 665.892307
672.407791 661.937749
674.961008 663.201851
674.764092 660.886906
679.598090 665.531444
673.482604 681.835400
674.838881 684.245486
680.598558 688.625164
677.901250 685.491051
679.062161 680.374693
674.903303 688.623503
682.891590 726.566562
678.372317 733.483577
680.383672 725.029484
675.362755 729.441768
678.354175 733.294117
681.181865 727.909846
682.022277 427.410994
680.311261 420.675870
677.156633 426.929228
681.018200 426.632221
672.487538 426.362046
674.294665 422.946390
681.400535 708.347646
681.256158 710.227166
678.931055 719.303120
684.693940 713.320385
682.521677 716.147120
681.599917 712.620860
687.842999 410.907522
685.621699 409.279665
687.663285 408.631448
687.996624 407.511990
685.325103 409.362680
686.109401 410.240369
683.477805 194.816845
688.471813 197.828499
688.035213 191.416337
681.328435 194.701656
688.993209 192.629817
681.965797 191.769901
685.467561 1269.719596
689.354376 1269.351771
688.240807 1273.357612
692.858473 1275.906728
693.374848 1272.422227
694.316299 1272.998469
692.207396 393.431335
691.497082 394.106409
689.291636 395.814900
691.181833 393.149684
691.746234 400.920585
689.893434 395.192984
689.598043 960.274713
697.368946 964.031202
692.737857 959.999125
692.350679 957.335583
689.132378 963.371103
694.698093 958.087444
698.154281 22.625419
701.276723 21.327801
696.726488 25.736487
694.132295 24.311583
697.343876 22.873914
698.276933 21.039233
696.664964 376.260183
695.769859 370.654678
696.738605 377.186158
694.247775 378.924430
698.522630 371.224783
703.579600 375.905696
702.320662 367.298103
700.465344 361.529508
706.632281 368.073884
703.567623 362.319816
706.350781 359.419409
697.941430 362.473255
712.208974 356.233586
714.599952 354.368491
707.060249 352.915496
714.906498 351.274776
709.369975 351.742453
711.809041 355.638985
717.638276 943.005906
708.425481 936.158698
717.802505 942.181924
713.448005 941.429450
718.292814 936.845414
707.416097 938.831301
710.132033 178.489838
709.319655 181.185309
711.769203 183.251906
707.143302 185.262192
714.825518 184.730961
715.761818 184.428581
719.705385 1273.276948
717.181635 1269.852833
717.258880 1273.468404
715.045354 1269.922311
712.999385 1268.420694
713.839387 1270.936286
722.703397 27.735081
720.295353 27.878531
724.071867 29.067625
720.659931 22.608858
719.823323 25.542120
717.894232 31.481517
726.426586 327.369310
726.328956 330.044796
723.114622 329.785870
718.759001 328.953849
727.732845 333.435787
723.181968 323.799836
730.056715 919.081969
729.020889 924.755518
731.383451 920.652105
727.323893 923.114695
737.774088 923.460430
730.160462 919.688837
741.091878 183.098993
740.408495 174.438504
740.051199 180.031972
741.125011 180.363866
737.131027 175.889781
742.193889 180.497830
743.266491 307.325514
741.471210 310.596856
743.579445 312.784216
744.257273 315.491828
740.171800 316.706766
741.627560 311.299997
745.436256 1263.059896
745.547680 1261.851553
743.839427 1266.957841
743.465300 1266.952504
744.796860 1264.701563
742.200964 1270.419130
747.521483 900.653618
746.256262 898.995515
744.298859 893.786851
749.063249 895.521355
753.346217 896.763987
743.180554 902.184533
750.545992 32.406896
750.969743 36.790892
744.083930 30.795509
745.816755 28.118384
743.714651 27.834581
749.270213 29.625595
767.965667 878.249613
762.508248 885.082510
761.392133 880.848977
761.706401 882.014282
764.878230 881.615600
767.936427 878.133609
767.511769 180.879131
764.478848 180.393237
760.819634 182.648506
772.224176 183.349540
771.461749 183.917785
767.687026 174.092966
767.501267 294.543573
769.975705 295.444124
769.014127 294.210306
763.665838 292.358845
763.538055 289.094078
765.807235 298.215103
768.413154 1261.271379
769.756446 1262.454791
772.204945 1263.753489
767.869861 1263.453476
763.731231 1262.016355
771.782352 1259.466007
768.609222 867.295359
774.354661 860.238053
778.209315 867.104414
774.642343 867.764313
769.336916 870.272037
769.477580 868.671149
775.036480 40.249863
775.584033 32.155968
770.570861 38.180844
774.125841 29.634281
775.718338 34.243565
778.457151 35.681502
793.493095 188.314772
791.355171 185.451275
797.071188 185.228700
797.060448 187.688141
794.185241 187.234464
792.010478 184.097229
794.652063 279.670455
792.260021 286.426968
789.059406 278.731995
801.680025 279.708824
793.240742 283.162243
794.072237 275.350182
797.724422 1259.874966
792.736429 1258.292342
796.537662 1261.464052
797.010230 1255.995309
796.631039 1256.886773
790.979243 1256.609015
799.355456 38.734619
803.154295 33.692497
802.794483 39.431480
798.507306 42.424771
801.092735 39.582853
805.038010 43.922403
817.498195 196.727503
819.943863 198.235859
813.745454 202.976284
816.656104 201.417053
815.964989 201.564344
816.493535 196.971067
814.439845 265.465339
818.520352 265.445554
815.756942 263.588154
815.308412 266.408981
817.276946 261.543650
816.041039 265.681164
823.889466 1245.440661
821.166034 1248.101031
822.795045 1250.235787
822.565046 1248.951487
823.064116 1242.038010
826.183253 1242.153534
828.016799 49.010950
828.185446 50.570851
824.474462 44.526167
828.409131 46.203269
822.235668 43.532812
833.122794 44.400732
829.153791 220.137290
830.352060 216.217609
824.341962 215.448900
832.421265 214.493234
825.371518 217.265350
824.955045 212.753555
827.393682 247.228354
826.395662 248.721425
828.761890 244.213725
833.651476 242.365640
827.465421 244.770012
828.719800 237.447004
852.788194 1231.493065
847.308588 1237.588251
846.850853 1229.134876
849.396089 1233.920047
852.314353 1240.510481
848.099519 1241.015692
855.552307 54.681208
854.095404 52.891612
851.898992 57.892381
853.011574 55.315952
854.890778 57.365242
850.713646 49.831949
873.068954 1220.421607
880.244978 1217.415991
874.956220 1218.963190
871.531145 1219.333905
874.887367 1220.702365
878.146841 1219.742665
879.932630 69.335833
878.468629 63.703236
881.174829 65.324842
883.514157 65.627169
885.880279 62.240902
888.027159 62.642679
896.684140 1206.618746
901.943389 1208.945979
898.018112 1209.404889
904.962046 1203.786166
900.684626 1202.668004
900.086087 1206.711165
905.352955 73.713805
905.018415 80.804505
912.753691 73.365728
907.579598 74.077073
906.637944 75.009561
908.501144 71.325856
932.658338 1189.461616
928.355477 1188.662073
930.728673 1189.553327
935.837116 1193.749653
929.999537 1189.148504
928.061188 1189.712758
930.051276 92.708548
939.359007 93.435198
933.084856 89.732257
937.971663 90.372860
934.753643 88.321401
934.007728 89.181961
959.226802 1175.178407
949.720512 1171.762787
957.388878 1172.898657
955.653107 1166.658378
953.201678 1177.776980
951.788186 1172.833550
960.193731 105.465096
958.169450 111.728097
960.432900 104.317008
963.004035 104.541549
961.514027 110.698047
958.739481 101.430175
978.631838 1156.899552
982.121413 1155.646508
982.784703 1158.713526
981.356469 1157.794930
977.771842 1155.132809
986.464761 1159.368374
986.333039 132.058823
983.565978 120.045667
988.408012 125.594080
985.726026 131.011974
989.399850 123.927905
985.019547 130.820640
1001.234955 140.327723
1004.689763 145.898129
1003.531996 146.256722
1009.267562 147.386790
1011.290871 145.184934
1003.558470 148.901956
1008.640644 343.435367
1001.252364 340.127508
1005.861879 337.779554
1005.681265 344.114266
1001.460857 339.885887
1002.447187 340.887364
1009.636359 353.702293
1000.497351 363.716208
1003.688217 362.632954
1001.137763 360.637572
1013.682667 361.410513
1006.308529 358.488985
1008.470485 307.114358
1004.384237 309.345193
1007.286206 304.535070
1004.948351 303.627507
1001.808720 305.368131
1009.351139 309.341470
1009.184978 1143.873746
1010.835859 1142.052985
1015.433196 1144.055517
1008.551890 1139.717709
1010.373405 1140.817408
1013.050831 1137.994100
1014.233477 282.262790
1013.808900 280.747888
1010.782004 286.533505
1013.543375 279.461780
1016.247563 279.718967
1014.203334 280.733443
1012.245006 382.690734
1012.098421 383.337078
1010.724264 377.910759
1011.809496 378.521500
1012.133620 374.906453
1011.212272 384.670301
1014.725774 163.705047
1014.112051 164.879710
1014.381736 162.991348
1009.883166 167.471164
1012.981018 165.575412
1015.009054 164.219245
1010.599705 258.360553
1017.816869 257.351575
1013.441415 257.934945
1018.382192 260.815524
1011.517643 254.938108
1017.386291 253.261020
1025.645795 185.316368
1024.443936 181.897852
1018.008575 182.368988
1020.111003 179.755781
1020.783768 184.569489
1021.205358 182.070945
1025.662910 230.570569
1025.296395 229.376355
1024.468805 236.661893
1018.240563 235.348885
1017.263066 228.652182
1020.895165 234.683287
1021.334327 403.650716
1023.882467 402.502964
1022.138584 405.011976
1023.775281 404.621799
1019.787223 403.821045
1021.633522 401.191994
1026.844206 208.156983
1023.256688 209.581084
1021.614260 207.005285
1024.549974 210.427243
1019.997690 205.420777
1020.515548 208.792118
1023.733711 421.865007
1027.839446 422.413078
1025.129756 428.157304
1037.304099 425.183890
1024.405396 422.935150
1031.944037 421.094612
1034.180262 1121.742131
1031.596375 1121.573536
1040.765844 1124.100391
1037.442930 1115.526237
1034.597447 1121.642591
1031.875852 1122.193315
1041.407716 444.793553
1037.158637 440.457254
1042.341893 443.305933
1040.582312 442.329936
1041.070728 444.811023
1040.131751 441.241988
1052.931712 1103.654323
1050.742298 1100.702584
1051.177101 1107.331641
1054.083720 1104.432730
1051.755096 1102.213229
1049.050183 1102.358171
1058.364343 465.878451
1057.637463 464.317177
1053.076252 461.758952
1048.060383 460.069357
1056.523611 464.588940
1051.715739 465.537780
1067.716508 1090.100283
1057.962372 1083.298437
1065.414739 1084.387003
1063.593844 1085.726701
1067.120079 1084.207230
1062.683360 1082.062601
1068.463328 485.153512
1063.805258 482.034641
1067.243528 482.953424
1063.369794 479.145864
1069.095583 476.701063
1067.417501 480.675851
1070.370051 1058.687763
1073.258791 1060.116106
1068.738249 1052.696086
1074.577627 1059.510855
1072.457799 1059.557646
1072.762631 1050.420386
1075.781037 1028.783817
1078.596219 1031.615259
1083.517164 1034.975403
1084.170558 1038.562858
1081.793291 1032.845407
1076.925235 1035.063564
1082.221228 504.223421
1081.711044 499.254961
1081.861805 497.134016
1080.944806 502.535902
1086.410851 501.266932
1083.544746 506.397549
1086.696175 1013.128108
1085.692283 1017.352785
1090.818783 1008.417417
1087.613279 1010.828446
1089.477535 1015.068878
1086.868336 1010.379587
1097.410846 990.086917
1095.606323 988.218112
1095.223632 989.572416
1092.334487 993.785935
1094.814834 986.937387
1094.456417 989.310538
1101.250472 525.255891
1096.756210 526.892140
1098.697370 525.765791
1099.651077 526.716165
1094.813118 520.987029
1098.478989 515.520428
1098.235416 963.288269
1102.583200 966.675117
1099.628791 971.565242
1107.297725 964.243662
1099.377660 974.476342
1106.471531 971.543495
1106.150030 542.998423
1111.418646 544.857222
1110.970383 540.559466
1107.691517 540.001347
1109.759528 537.905993
1107.643748 537.720438
1109.849139 950.695479
1106.066032 953.662482
1110.641063 950.104208
1110.213679 953.901338
1109.066590 948.382384
1110.674587 944.612391
1117.614255 927.827295
1117.027082 927.441255
1120.138404 925.230092
1113.884410 931.677958
1116.257353 934.210372
1113.785207 932.858310
1119.372539 559.437704
1121.401049 561.005237
1120.822256 559.946585
1124.722154 560.177351
1120.985981 561.548032
1122.282166 565.801720
1128.316000 909.105617
1125.052995 908.791221
1128.165789 904.840561
1126.592756 904.323028
1128.616379 905.213013
1127.151944 904.888342
1133.593593 886.244277
1129.340106 894.899834
1131.253346 888.188616
1134.133218 894.283149
1132.302166 887.335143
1132.125934 886.154404
1135.206589 576.602614
1136.164488 584.549926
1134.232921 574.515799
1137.289654 579.847604
1132.930246 578.310280
1132.250934 579.740133
1138.293221 871.906905
1137.122730 865.701727
1138.508698 860.370723
1140.081779 864.983303
1138.377927 864.250284
1136.306067 869.798946
1143.893653 597.043745
1142.304286 599.700767
1149.143030 598.982085
1149.625146 600.856361
1140.078331 600.194470
1150.438329 598.202703
1141.458328 843.152169
1143.594070 843.174055
1145.743507 841.358876
1141.919351 840.849125
1144.718332 848.458785
1148.392387 838.147302
1150.797943 827.237904
1148.781455 825.286274
1148.488130 818.199873
1151.281531 819.116546
1156.281316 826.148987
1145.198379 823.127393
1153.961923 614.511698
1153.552177 618.956539
1156.363188 618.887649
1156.799205 616.326640
1157.031221 614.898003
1152.831858 618.221949
1160.747633 800.325040
1157.340729 796.511726
1151.531439 797.328356
1154.641258 798.471492
1153.940762 793.766512
1161.287847 800.712476
1156.639667 637.330230
1158.336561 637.421589
1156.600222 639.766553
1156.530566 637.978878
1156.572031 636.131980
1155.971767 643.280015
1166.639783 779.337066
1161.745143 777.816313
1157.699958 775.887234
1155.962014 774.265775
1161.453246 777.809386
1159.003759 783.382703
1168.608042 659.603255
1159.481777 654.658695
1163.514852 655.893600
1166.462277 651.353102
1165.810351 655.398977
1159.776012 658.692461
1158.787672 747.541684
1163.814789 747.837678
1161.827020 747.843523
1168.945903 742.712697
1169.070078 744.111758
1167.946026 752.700878
1169.910930 680.879994
1166.660775 682.967744
1164.995359 682.180295
1166.437678 680.675232
1170.059752 678.982881
1162.007757 683.052972
1169.497741 709.802687
1167.774942 710.612611
1168.407296 709.154688
1165.547013 705.054043
1172.459488 705.469589
1163.759095 711.640113
297.274190 289.308940
301.960566 291.545245
310.150020 294.632562
300.280179 293.832766
310.656928 292.788320
300.949915 296.087947
313.552555 280.379161
313.474419 286.012627
316.595929 283.711986
314.910212 287.311184
311.523374 281.988064
314.515733 289.769742
348.934347 712.790249
340.472896 711.101040
350.768606 712.723059
348.524004 705.978165
349.566007 712.609443
342.227788 716.633799
355.111184 703.139699
354.635590 703.675637
353.881556 702.797722
355.209577 708.592383
352.857306 703.296023
354.398099 703.624637
