43.018187 142.373619
34.651312 167.629276
32.877038 122.242062
37.650366 187.533062
35.907895 99.553729
58.805714 200.710114
45.513112 90.639884
52.720592 227.133689
58.335403 76.651070
65.508300 138.041884
62.361613 158.417007
55.378010 234.104012
64.448708 147.058054
69.968057 169.499468
66.579244 129.591404
77.346329 60.317235
67.853697 188.986208
74.306565 243.331073
90.133278 132.541204
92.247427 189.098421
91.494339 50.647131
72.322178 218.374410
84.009527 263.022732
101.296993 76.302820
95.677131 83.430921
96.956868 114.064718
89.866639 214.791585
103.845921 238.910430
98.731239 69.406637
88.800045 200.915863
105.296863 39.202086
105.885179 267.043736
110.077251 209.194362
107.667967 165.340397
109.583183 242.681668
115.545535 161.738601
124.808555 27.613844
118.308536 145.986817
111.973763 52.511350
128.166775 277.487569
123.782134 78.891504
121.796457 208.102689
136.967583 150.016312
126.342920 28.355531
138.544316 20.441664
135.631898 164.739092
133.045811 245.653443
134.710941 143.377485
124.908480 279.378044
143.574657 128.519657
138.605022 181.840273
149.805727 211.341100
152.280952 33.862667
156.642571 144.181135
144.077110 184.617937
149.898514 237.863550
154.897479 16.977601
158.080303 281.237560
150.479521 137.433007
157.816869 37.160464
164.152076 80.320448
158.032800 193.946459
163.358971 243.237302
169.466337 130.302281
171.219913 10.413036
171.979839 285.791060
178.474180 181.213008
186.700523 46.515768
191.161677 192.170205
185.990766 250.501852
188.223598 14.461059
194.438243 149.276456
186.082276 166.378007
200.256932 279.533884
211.233419 42.618804
205.157195 24.058716
210.958237 176.041008
210.795812 121.291425
214.800565 156.702200
215.520295 72.450491
227.733966 127.060146
216.184174 268.805380
214.177073 15.912132
223.122264 233.058216
228.777537 68.807110
239.401804 104.289405
237.164759 31.755246
230.281924 259.440396
249.455323 116.291706
261.229661 39.905190
267.070120 255.825818
263.279942 168.205433
254.341978 181.423123
269.080209 113.706859
267.007144 50.476158
265.258742 201.296776
277.543472 236.242798
276.223822 184.324227
282.609564 131.438918
292.448108 75.044176
275.383983 174.658679
291.632659 173.411066
278.827412 147.426771
290.347734 226.253378
297.944781 92.655317
305.295324 226.543257
310.511192 108.440697
307.653622 193.114554
307.336080 137.176712
299.018579 174.364916
305.357539 162.652652
301.934424 144.322240
107.573707 47.549608
180.241028 32.949622
176.998058 62.021473
168.422336 59.381783
161.444631 76.984505
172.195287 100.708363
175.099738 92.733819
174.058179 94.192014
195.950010 103.412485
204.521419 100.712904
205.110727 99.907637
218.110594 110.044444
222.477292 112.380196
132.003700 67.444329
129.090030 99.801898
139.721782 104.033842
103.784985 128.848633
112.525067 142.141957
77.820329 148.344477
141.845754 54.409795
119.353800 183.499086
125.028759 194.203088
109.703447 185.962972
63.717921 207.108530
81.114631 216.201384
84.250687 165.791767
199.832163 65.294768
201.057283 58.109188
214.437416 45.500564
219.554785 55.635684
230.715413 65.487330
117.894499 129.917391
150.220972 119.730221
149.397010 112.392390
160.071304 113.182806
175.555720 118.494303
189.901739 112.003490
199.994200 110.633042
208.571033 122.048662
239.645760 127.392379
244.223987 138.601267
259.181581 139.779866
170.527804 153.954482
174.732028 152.015014
178.088522 152.073975
179.702997 142.773628
166.570136 141.226969
149.762915 148.151315
156.589148 150.339127
171.870418 149.714528
175.405672 168.429704
180.698971 156.584771
195.784116 146.838598
189.246231 132.083812
151.259716 149.974697
148.337957 170.389765
166.780892 176.196802
173.328743 179.709093
174.904918 190.898000
197.320408 207.055879
210.394390 182.736457
172.565403 224.632513
185.683145 216.620459
190.187820 198.109034
191.454731 200.230477
203.875777 194.540989
205.980872 189.551010
219.898977 192.898497
225.219972 179.871594
235.503623 169.055879
240.073118 175.777581
242.514793 195.635911
244.633648 188.736259
254.754100 211.683560
269.594984 215.973986
204.446759 237.616800
206.144765 231.488915
223.360514 225.872523
203.380767 259.859199
201.687814 249.338789
210.459211 245.398178
220.745213 234.996787
