35.752811 140.349061
36.414080 163.889055
40.548824 121.581727
38.740930 185.623746
44.216532 105.366617
47.859850 203.317606
49.772098 86.483816
55.088672 222.646552
62.212354 69.619210
63.419095 144.809698
67.590947 156.279758
67.971401 236.823807
68.031190 130.473884
68.315327 167.023540
70.436383 122.007112
72.316353 55.108009
71.889731 195.827369
81.264069 249.398945
81.315520 139.654457
87.413992 193.845793
85.725862 42.149990
88.658079 226.933929
94.942043 258.879013
98.024341 81.818573
98.444910 94.942792
99.839697 108.009316
99.966433 213.195996
104.379044 240.815740
102.821366 67.769478
102.050641 195.294193
104.233604 32.913438
105.836771 265.846688
112.038552 216.425805
116.599435 156.399630
115.418687 248.206988
118.691755 170.050401
116.478162 23.645090
118.404537 144.979281
116.063400 48.235048
122.281693 275.209383
128.050475 77.945097
128.355127 216.456576
133.014259 154.266697
130.083633 39.941911
132.814331 15.706662
132.943524 163.701732
132.289535 248.343213
134.050984 139.584548
136.822340 278.216200
135.619495 131.001621
140.398961 178.920569
147.314981 211.427561
147.560091 38.474488
147.994153 141.657513
149.879078 190.576106
151.406174 245.150946
149.642780 14.862636
154.619001 281.411981
158.878306 128.111005
157.985640 37.752594
162.945667 73.767757
161.629050 191.780361
165.616583 239.539535
167.403912 128.104423
168.940085 11.871694
176.123086 282.210799
177.705798 175.889005
180.404536 42.979894
182.640575 191.662401
186.213937 252.895796
187.413117 14.049507
190.612085 151.360066
191.716215 172.605599
199.121887 276.778155
197.272311 47.468413
204.879163 16.141791
206.674202 174.042465
211.088898 127.303734
214.759342 162.274970
218.086443 74.362156
216.124207 146.329735
223.146273 276.332690
227.463792 22.583236
234.393697 226.609179
237.599983 74.463164
241.858519 105.038011
242.346835 31.517335
241.964936 264.492585
254.312175 108.920846
258.488448 44.080155
258.134353 255.788658
263.886125 161.899325
266.720061 178.478342
268.206082 116.033383
269.220560 54.649118
271.025940 205.322087
275.033965 239.784087
279.224116 191.843132
281.808200 127.472067
281.781101 70.851625
280.237403 174.499753
285.768186 161.821701
288.898978 146.515085
290.156936 225.634523
293.184380 86.799523
292.459510 212.082789
300.132154 104.659945
302.029488 196.261356
310.742060 127.085887
309.730284 178.682688
308.189740 161.950663
307.351338 144.468491
110.328837 52.623498
172.227305 40.405739
173.205522 50.769555
171.290689 60.011692
160.471631 86.117604
163.443161 95.657432
173.307400 94.790662
184.722821 97.055948
193.762999 99.495454
199.891965 104.457287
206.805868 111.139598
218.626037 112.061255
227.076303 105.919297
136.243069 61.062309
128.938913 92.691529
130.842289 100.844994
106.829229 121.500918
114.921229 127.032632
79.691664 148.189878
141.475600 55.923520
123.411090 181.720414
125.958653 189.369025
112.230464 190.057987
73.492513 206.094166
82.296326 215.640113
80.869093 160.114346
205.369841 66.255290
212.829512 68.920721
212.672672 54.236232
220.245035 54.500418
228.811143 66.434229
124.417050 134.577646
146.332731 121.615035
151.840903 117.129110
160.918815 115.094516
174.591519 112.870427
183.262479 112.480578
196.924535 119.101467
203.343271 122.251228
240.749449 137.602888
251.008665 140.371603
257.815775 146.506256
171.500675 151.990153
177.175054 150.127764
176.296024 144.063477
173.741469 142.052428
165.255610 142.403643
158.991477 150.784202
160.649316 156.150840
170.700993 164.538188
179.480918 160.422721
185.607368 158.214254
187.798292 139.066724
185.112478 127.652760
147.435909 152.284827
148.551705 161.497198
154.905815 171.531801
167.519849 178.224602
173.878807 193.679640
196.285801 189.897344
202.636905 182.696412
175.856257 230.139991
181.060805 218.175638
183.330662 205.636173
194.600885 203.305125
200.495659 202.649632
208.464372 193.386878
215.411583 190.461104
224.899572 180.278013
228.502308 174.520654
238.412225 176.130058
246.179057 185.487474
249.306756 195.795785
255.591959 204.656748
260.206321 213.565206
196.745316 234.731975
204.581956 232.235599
217.461272 224.026043
197.931002 251.990927
208.126555 246.599851
217.135200 241.315044
226.815296 235.399949
