0.671040 362.498383
46.897344 300.994057
37.059265 392.538309
47.337239 432.232160
74.056662 287.812247
105.591647 433.050811
34.399932 243.368309
100.990025 477.939918
62.383486 224.572356
136.758191 504.216200
108.712096 367.438947
222.247587 213.279254
165.590114 516.878747
173.071823 332.598527
173.058733 410.421728
174.115991 194.520576
200.648703 418.470055
171.499231 531.991825
191.374512 329.559642
202.352227 252.525210
220.910954 386.933076
202.518238 381.079135
192.908315 485.512308
212.544725 264.178325
283.163682 467.144356
247.565002 304.855605
260.285705 472.794124
311.339013 295.584323
307.742807 476.341828
295.072133 285.339033
315.585271 683.831528
313.114674 491.332220
356.272746 255.377615
367.062940 656.709081
372.850119 749.883306
342.113041 722.168533
328.071271 783.430891
326.477135 593.221922
349.207761 831.793218
341.352505 545.036616
347.956534 262.883296
369.885795 555.507458
397.721565 849.786765
404.248635 210.724387
424.345653 879.007556
413.721960 209.812088
415.771376 900.129255
452.593527 205.638271
476.233918 935.696454
431.771212 175.432867
433.927869 122.277796
473.310628 910.077493
470.679733 800.404202
477.449207 832.737009
512.959781 741.758998
515.062649 902.863471
490.070558 126.526654
480.714908 798.364675
515.403343 830.545955
464.963074 729.896136
560.061579 167.151011
563.880495 712.509439
566.546349 94.106056
551.114515 703.184355
580.860683 574.813403
605.684385 632.952161
615.978394 582.693006
536.422482 39.627009
620.416016 562.403602
634.719202 85.681407
656.708399 564.653276
641.725798 61.993731
647.308928 566.197970
679.895926 41.110533
724.815587 557.849161
709.485325 58.889084
734.182128 590.474481
735.567752 590.394917
761.474124 29.340763
826.004361 48.219290
816.760440 528.420464
817.380895 69.343302
838.558885 566.071093
851.809306 125.730957
882.831040 567.616758
890.927917 105.111036
875.472465 518.000427
919.679068 87.852695
929.498144 515.325913
892.677773 550.168022
922.272949 606.995080
928.484020 636.049751
949.492653 106.923969
973.188246 648.809999
975.577103 146.381827
1010.033768 690.407166
1035.792765 184.206210
1017.014170 720.673190
1026.333585 175.471691
1028.157286 754.129297
1050.770799 207.529827
1063.989599 758.173888
1054.837542 217.117291
1042.259179 449.799642
1071.839846 821.602301
1030.399266 376.477285
1047.940668 444.078348
1063.109586 289.500637
1085.798033 391.983276
1092.168759 512.409059
1114.104887 287.620697
1076.984227 784.835651
1157.454719 334.122792
1123.149141 331.161343
1098.322906 489.684537
1112.158882 538.008548
1144.516777 811.963868
1189.087452 642.422542
1201.629933 768.071705
1181.367924 658.579663
1178.909186 718.853808
1204.837648 694.833863
1194.413502 639.067391
