21.773877 349.507188
25.327106 346.918166
72.128618 375.573217
23.360248 413.681243
47.704195 289.992189
51.091041 417.370460
89.142552 241.347486
57.154779 468.506980
131.319709 214.113437
104.611234 482.099034
135.671984 371.059272
133.910469 217.801145
129.892123 502.355740
128.234464 320.263283
172.026571 397.093479
164.359714 212.980566
141.035665 406.245053
192.309577 493.134947
199.351459 294.983223
211.784319 241.685067
195.886533 390.391205
229.081945 373.410650
206.963112 516.841114
196.690780 231.642843
269.367599 495.858071
263.005912 280.730196
272.043456 476.823069
254.008091 302.200059
289.031168 498.913705
304.733227 289.224183
330.198597 658.355047
339.157125 471.384627
357.617985 269.417184
372.458870 616.766995
368.126878 749.667500
370.407876 709.990899
333.254922 759.231171
356.269212 588.872971
381.134355 814.739900
334.682721 501.739993
385.837856 241.435477
374.561510 567.109366
354.973045 807.827164
380.301551 215.252615
420.455005 891.770316
377.102077 196.445981
384.273377 892.735702
425.501713 185.919126
451.197612 913.408018
461.843651 155.333556
488.520063 154.061635
474.329469 915.208685
508.047550 747.868878
532.568226 797.961022
484.034314 737.964010
518.180770 895.976141
506.239821 118.204808
518.315663 820.168121
526.274801 841.215772
506.632621 710.317871
527.075848 124.979790
542.548416 699.636253
551.848868 100.466201
555.711803 636.929741
579.307526 541.507949
553.825954 634.149982
592.550749 607.863168
608.386421 59.259968
592.146958 551.263498
625.739006 46.520095
623.662829 558.152205
634.873251 43.818200
654.564376 561.545336
720.313054 27.064463
720.114775 575.275109
727.877737 29.259031
749.878923 547.450195
766.532271 559.834348
782.032768 43.905900
775.342276 47.458590
790.965236 542.262889
817.324523 57.289161
823.347091 542.712107
856.426652 66.224649
878.306513 527.798521
886.995739 70.520979
890.233284 554.343578
942.285732 75.796443
902.206846 543.560942
911.267247 543.475425
935.442176 615.225736
950.814036 649.512299
943.784705 104.258034
966.612670 681.490200
977.764979 141.262225
969.277818 681.596275
1003.849253 187.903041
1027.438848 724.232744
1035.110240 189.423946
1038.623267 720.107279
1045.323170 215.816112
1065.039848 764.652447
1031.105855 231.429434
1063.381457 421.011409
1089.768745 778.919084
1111.313214 389.952736
1097.273390 448.520448
1074.868982 286.640848
1096.548128 384.514688
1093.068263 491.954296
1087.148995 310.302728
1121.002155 777.088158
1119.667828 328.292937
1132.752933 355.646353
1094.486367 544.457738
1148.841287 536.586384
1140.944326 791.066518
1183.848270 593.014934
1129.567636 746.598147
1182.753570 649.504469
1197.476620 719.533050
1203.148479 666.282479
1191.241667 693.696135
