59.868402 126.967903
59.619552 130.432567
61.202501 326.033979
52.282686 322.479065
47.653284 104.244159
62.569525 104.995003
58.168025 279.814101
53.912854 290.118124
65.028897 364.037251
63.155261 370.467898
79.450117 52.895806
69.309798 58.340164
78.710440 159.032539
89.680840 151.328682
76.757400 262.533429
76.959134 246.291714
91.666869 36.560573
111.243669 40.855976
118.456117 393.645158
112.116696 385.028569
114.650326 261.325200
120.963293 266.455814
123.693050 161.008815
123.340306 173.565381
149.164995 254.937039
143.437120 252.645583
157.262995 187.425763
143.674066 197.138963
156.827392 61.041520
153.695315 58.838168
165.122234 233.043098
158.830051 220.169664
162.359734 376.264136
164.870870 382.012504
159.518044 81.779758
165.551217 78.082515
179.534410 348.654080
193.529474 354.547789
208.158140 124.065821
212.551347 127.478963
219.559947 315.662773
225.853200 321.710180
249.804973 284.612092
243.526211 287.651153
253.245268 140.801870
252.671298 133.265324
306.505251 286.122990
305.363104 276.824067
311.129362 204.225437
313.356933 206.788466
308.471935 152.021185
308.748474 151.358780
341.710201 288.252676
342.941273 288.257283
362.621027 210.135580
365.462760 222.056455
376.260332 146.366781
384.774533 155.919056
397.838002 284.189582
396.042032 286.605808
425.195963 221.160404
422.364579 220.485658
434.544710 152.260624
425.867794 158.659102
433.405963 291.185109
437.618712 278.299447
475.434224 162.880495
479.328840 153.734902
495.818564 297.059362
488.937394 283.757363
529.359224 146.345825
529.742389 156.568921
542.647542 308.727096
539.276032 308.473521
568.840058 350.654706
580.012036 349.096858
583.421444 94.515075
579.436191 100.746067
604.036393 209.695716
596.679048 208.421452
601.398393 232.339148
611.021528 241.389750
607.749067 382.799245
619.056233 379.445604
611.822230 54.780888
621.196135 58.384139
625.218422 178.235016
615.311840 177.012067
624.662003 257.959907
637.753277 259.101313
656.351506 378.965971
655.078493 381.270734
671.759933 53.003881
661.983524 46.571500
669.748619 162.884633
667.785820 167.155292
681.196271 344.438284
682.166620 354.357986
683.577757 264.313732
701.968900 270.077366
705.202838 101.005314
703.147590 94.954573
715.655615 142.281804
700.884649 144.022531
696.564776 312.655253
710.155839 316.744902
