46.692534 133.469312
51.802084 322.540914
56.033374 102.642051
61.034472 272.097586
59.322659 372.111621
74.768843 57.625798
81.505335 160.305622
88.467773 254.753057
102.524430 38.205898
112.763813 387.793578
120.755838 253.425482
122.752938 169.284874
140.467942 257.240561
159.864714 195.291358
165.200242 64.775598
168.119031 229.357012
160.526084 374.292897
170.474919 72.089167
186.413452 334.878645
214.158714 128.334848
223.824695 314.536333
250.474659 289.227829
255.487172 138.466377
296.433457 284.236410
315.765229 201.795764
313.868781 146.527597
345.915315 290.750950
365.958515 210.711011
379.629870 151.204341
394.135037 283.680793
429.043751 219.747885
429.334150 153.630685
433.637771 290.216458
488.168271 151.525932
490.861366 277.290939
532.928271 143.801095
539.380902 306.491749
570.402867 350.898493
582.656087 104.153336
601.502191 213.677195
592.741945 233.160496
611.666764 378.316713
621.092943 58.230252
625.483740 180.544477
633.901464 263.376339
646.030886 374.016315
663.390928 50.462175
667.598656 176.996065
681.562782 357.280592
682.699936 269.580322
702.290968 96.615495
705.331821 138.436699
705.989334 316.628416
