53.460104 123.462173
56.304779 331.428895
58.741599 94.570106
54.566271 275.588475
60.024978 372.370674
63.521990 62.376304
82.883624 150.546652
76.681707 255.335280
105.021213 35.401775
114.737252 381.704613
115.940892 266.453301
123.314423 173.354865
146.632159 252.412559
152.501306 190.177871
163.833691 52.677379
160.869866 224.941904
164.464245 368.983417
165.738843 79.885332
188.414587 343.702024
201.997111 129.655917
230.050748 327.058304
249.783193 296.276454
246.501313 144.071218
302.619418 284.866236
312.939619 207.358230
318.810380 144.731290
341.531789 289.167753
365.473008 217.270766
380.460182 147.388956
391.471736 286.528356
418.356507 211.345810
432.388960 154.913473
436.214013 282.284742
484.761497 153.508306
495.634748 289.069228
529.696384 138.026981
534.848951 307.791576
567.480439 347.226847
581.967216 105.788705
592.010168 205.448713
600.791881 235.665421
607.768239 383.487215
615.673786 60.075541
631.008133 183.810742
637.927518 257.702423
648.695744 381.373274
661.892395 52.477626
674.478576 169.150586
686.854270 351.822830
689.202365 269.736221
707.773342 93.180095
706.557012 138.208154
703.279326 317.474432
