79.256466 453.513548
86.799447 456.013565
103.856754 465.046959
96.237671 463.174610
103.150791 458.796034
99.613540 458.175341
123.308587 457.437202
120.035113 455.309655
127.357283 251.390375
127.154133 247.213812
124.090709 274.338640
125.256751 280.123760
128.897957 310.192350
130.039275 316.324470
123.618749 371.559092
127.477485 375.263524
128.918131 403.179809
124.545325 400.965519
134.950877 429.868212
123.072569 436.731753
128.079419 332.736594
123.704085 327.030574
119.311869 410.512121
118.625178 408.769723
129.580092 249.634995
125.485955 258.147581
130.817921 295.113187
127.749207 287.055522
127.763848 430.454044
119.012042 419.669970
129.286964 345.719844
120.386900 339.272109
129.096197 377.922384
131.101387 385.833062
126.909295 360.072299
129.340050 360.933820
132.461909 450.788647
125.504265 459.227385
134.071808 244.645112
129.682249 247.335077
145.096543 248.403310
150.105204 249.486412
154.783257 246.246722
159.346773 238.594962
170.721242 235.860167
172.028094 243.251858
182.379994 239.745222
181.008301 242.712861
195.394184 239.770064
195.443079 249.750045
202.588772 244.877305
198.654754 233.320438
210.950434 283.188047
208.640372 285.398366
209.150287 315.456754
211.535095 312.615615
213.209824 244.759585
209.357943 238.741669
211.459594 255.388568
210.803540 255.805619
213.437270 268.312121
216.583501 277.716179
204.532613 299.606434
213.782708 307.707653
219.477265 345.491963
220.368831 344.957361
219.280611 364.224738
214.784605 369.755883
209.388304 327.734810
218.531537 326.270399
211.377880 329.358367
216.116077 336.707964
212.270355 257.253320
209.633258 261.538234
226.547294 373.211264
230.114461 372.884698
228.655363 378.672822
239.967434 374.196591
249.457589 380.674454
250.969378 367.908918
252.650830 304.492325
254.559798 306.655601
259.170666 324.429505
256.975752 314.110408
257.892437 279.834925
257.501598 286.858901
250.081032 353.763357
251.712596 344.380814
250.517473 356.134741
255.898614 365.936631
253.826131 341.316248
261.267209 334.340756
259.299026 371.163614
263.386643 373.619847
266.515895 286.473136
266.086748 280.605779
273.702109 289.497404
279.484278 285.453292
282.265362 289.709985
295.429546 286.308199
297.383997 293.601403
303.269619 283.855709
307.446225 294.932120
313.378211 289.125619
324.203953 279.454559
324.522667 287.031775
327.630967 287.635481
331.953454 282.086416
348.878614 402.802083
342.709527 407.636591
349.463995 301.969070
338.412859 291.150949
341.070203 354.202297
340.939196 362.110660
331.036748 387.693312
335.834562 390.732056
341.306681 424.407334
340.419722 424.883297
336.860843 461.571209
342.500954 457.643729
344.016994 328.319970
340.344790 327.215622
348.051157 332.136141
342.492198 339.550527
338.442831 445.883947
338.544062 446.971148
342.651721 509.141277
353.344051 502.915496
334.444934 291.243793
338.890339 288.860930
351.273789 479.693572
343.714341 474.476085
349.695401 317.845582
342.229235 307.276813
342.785711 377.014730
335.229843 371.288180
333.583177 427.561120
345.968819 434.395559
343.386868 487.529623
350.866152 492.432131
345.203637 358.147197
340.810907 351.279616
355.888044 505.149220
351.709745 509.928474
365.378446 512.602661
367.612218 504.821119
377.873246 496.291817
377.403424 504.101130
383.040962 462.897779
382.094783 462.205831
389.607708 367.884388
387.891357 375.438416
376.878809 408.767153
384.695443 410.088537
384.660049 432.335696
382.937532 431.708748
384.565316 400.796872
388.000492 387.735779
385.643855 483.436546
378.691317 487.702838
391.852209 496.716759
385.440701 504.001496
393.179574 452.344147
382.769136 457.546759
386.035245 433.089710
393.804579 424.954985
407.745752 370.389010
397.946746 371.806777
415.029907 376.957697
399.946962 375.650021
421.500269 377.696875
430.042363 375.287138
428.032041 153.515865
427.940489 165.622113
425.641564 202.936691
427.544058 201.622020
428.001784 244.960951
426.255364 248.104913
421.402152 258.246287
429.952023 256.599758
435.115869 352.101960
428.794790 361.962326
428.588023 174.714515
428.116232 174.656706
435.336133 189.485013
434.241919 182.774519
427.692537 212.922650
419.991480 216.237654
425.642339 227.502008
422.582228 235.709525
431.939335 278.900962
435.603735 275.213788
437.916527 294.789355
427.230277 294.473170
432.512362 307.426847
427.560358 308.379966
428.988829 334.487667
430.612061 328.457818
434.161097 278.531072
426.522144 282.514886
427.668537 318.011664
424.144398 320.680712
426.178645 378.425648
427.805166 371.064093
428.973525 343.402456
423.842432 335.788584
439.167318 156.563412
437.126697 153.759045
447.227120 163.774634
454.578358 155.127437
457.917328 151.741211
460.740183 155.734919
469.829440 166.923973
469.790619 176.801935
471.637564 188.738192
467.882931 183.923808
460.697026 200.705329
464.444756 198.481007
472.643381 215.502538
461.239036 218.287422
471.521873 243.158996
474.491107 242.210451
468.435519 230.077140
460.098057 226.126330
462.475955 156.959757
465.055001 159.199665
483.370093 249.584455
485.250782 235.317683
491.812445 244.058866
493.257744 243.407097
507.934518 240.502408
513.345321 240.728637
510.683323 246.043039
511.329215 242.301538
511.730889 410.519904
513.474220 423.361018
518.481234 265.878138
518.227027 277.505663
517.488889 253.398279
512.596726 256.859322
513.668745 289.646701
514.191156 291.676788
509.812345 309.856267
517.142261 294.671483
514.700801 319.749595
510.579141 307.334777
505.339006 319.304409
515.294578 317.031826
516.189784 333.953922
514.194813 327.091075
518.347306 351.095201
517.403108 340.252042
511.433258 353.196675
508.081626 353.121917
515.796756 361.463630
509.364062 367.465629
519.766475 383.588754
523.453874 377.554717
514.440175 391.839567
512.741234 378.699047
514.401872 403.547177
514.699146 400.409987
527.893994 416.603398
524.357231 420.759386
537.583447 419.428732
538.021764 416.418053
549.478018 417.536368
543.423177 421.278796
555.607688 414.345972
561.740677 422.364744
559.258906 430.502390
550.802437 440.494695
556.233155 448.113523
559.253860 456.389806
558.259256 468.645407
560.588994 472.882436
558.657414 489.884745
556.185670 488.811405
560.346033 505.748281
566.987781 497.226211
576.482223 501.730358
566.558283 508.632550
591.489097 503.627491
588.522118 506.316340
594.650320 505.192041
595.328588 499.385709
