84.331992 462.210049
86.705643 459.031584
91.480802 451.566984
87.513130 459.195369
80.914989 453.373297
86.504076 455.733309
94.125228 458.662751
94.270644 465.913399
95.682699 460.469232
95.338172 464.499434
95.184859 468.248005
91.108821 463.624698
87.199754 462.303976
101.113095 459.833604
109.620744 456.503454
115.840229 459.856230
111.989562 461.322654
101.056501 451.371314
109.001444 468.498090
106.611618 455.143780
116.788975 466.342066
113.716869 445.188073
125.824737 453.679990
121.400621 454.655973
122.598575 453.407350
122.945369 451.532309
109.093557 451.183508
112.481523 457.014817
122.380446 243.492436
126.790990 246.574585
128.443422 255.601158
126.119213 243.768022
116.414012 249.763709
133.178166 244.612160
122.081167 249.271957
114.063972 278.328892
129.180443 279.414125
126.020688 276.137820
131.979965 277.073604
123.240190 272.803397
125.682337 275.236802
119.755023 265.448568
126.148124 301.446854
136.391215 315.472979
122.225137 324.588111
124.317403 322.481854
133.161003 304.582170
131.113418 319.272332
123.824882 305.503980
130.689917 368.830614
128.436668 363.578404
117.942630 375.010078
121.147172 365.783646
128.530496 366.810450
124.474260 365.612503
118.378956 360.274201
134.711666 404.020559
131.066976 397.270998
126.626227 409.400403
119.233494 391.602113
116.287666 401.421733
125.587368 396.279455
130.369795 403.968561
127.796528 438.446150
121.516336 436.089313
123.237740 433.318967
117.516184 433.287615
123.485156 441.616995
130.189845 434.806433
125.050244 428.475407
127.840438 329.773343
127.134682 329.608052
120.867654 330.568335
121.109961 330.473957
126.125633 321.366459
116.679301 329.635183
121.169866 333.553094
123.205543 411.465991
133.160264 409.882814
128.348018 409.285699
126.009016 412.105500
135.867852 414.138232
117.347869 406.622366
120.919482 409.872876
129.031875 258.040023
124.434043 261.066293
129.327528 253.928651
125.201314 258.036477
121.168120 250.962410
117.685660 255.792227
116.456769 267.499814
126.205006 290.487433
126.516631 293.884104
136.006343 296.863626
127.134395 302.225543
135.809579 296.956441
126.708916 291.510798
118.634699 290.099188
127.297090 428.500434
123.571687 431.575091
123.993637 415.118098
128.009210 418.319376
121.979539 420.076351
126.660251 423.724075
127.094663 429.360251
126.060076 343.800880
119.350775 353.711133
133.407636 344.177705
125.856475 343.064597
123.540408 341.096073
126.283821 344.091913
128.398928 338.490776
133.102952 377.921831
128.163616 390.275904
119.166885 376.793024
127.953945 369.623737
128.215249 370.427059
125.552322 382.057743
122.126625 381.357119
127.064850 361.255683
130.660651 352.158758
127.468716 359.963396
132.361129 362.503458
132.691475 355.198160
138.138205 352.023679
120.058577 348.881400
122.386787 452.916895
122.055023 446.982327
127.871631 440.441474
126.808626 452.078199
132.475914 445.212716
126.141900 460.692763
126.552720 457.611736
139.120180 242.717883
127.736203 241.917510
139.441398 243.472162
142.960664 251.597408
131.802913 249.282398
135.440651 251.779202
140.525543 234.441341
140.863148 239.456735
148.146435 248.244642
148.867035 243.714528
157.576581 236.167682
150.399832 244.080929
154.933896 234.555033
146.295055 235.465391
156.291389 240.813351
160.173036 242.769110
155.027749 244.903501
170.835766 245.808987
164.810910 244.853327
151.878357 236.424715
148.586585 247.050292
164.290629 247.096335
172.359945 244.431430
168.442052 247.730364
171.504266 244.170586
170.054200 242.504666
171.022350 247.171496
168.708267 242.643637
177.996099 250.875847
181.049298 251.369827
182.238671 238.099817
181.569117 240.186867
185.108744 240.618538
182.838040 242.720766
190.528784 251.306513
189.919156 244.754571
186.359323 247.748982
196.873608 244.898620
191.554057 240.499090
189.010631 237.124095
197.337169 234.868496
190.843965 241.483050
194.377923 247.271472
207.393433 251.710350
203.143889 240.504413
198.683094 247.941621
215.389961 239.773938
198.196208 243.154148
195.138808 242.873195
207.504521 286.694729
217.167304 293.926332
212.373338 288.352938
200.691906 288.828213
212.393190 290.706103
211.258952 294.963630
208.630174 298.294009
205.256526 309.912143
220.271452 315.607680
210.715799 317.203418
206.474376 309.058243
209.011279 309.095494
210.181480 314.357247
204.428647 306.229454
212.715870 243.606410
211.545602 246.948535
205.614281 234.823599
207.222148 242.719470
220.166294 235.945418
210.575428 240.866651
207.567327 253.081142
218.218521 263.379983
211.175160 244.755113
209.596424 261.228743
207.422980 261.383395
213.950485 257.508761
216.274397 255.468336
212.452930 265.060828
210.060168 276.180215
200.977425 267.239284
217.078140 270.531494
215.613988 271.780373
210.283878 271.477747
212.291147 272.743597
211.252853 279.107290
218.466017 297.169721
205.211084 289.678853
210.243357 291.324375
203.980868 309.465676
216.127930 300.144979
208.338109 298.388275
208.919971 297.319370
214.355975 337.567284
200.537997 347.337306
215.671714 347.916119
203.775459 348.061735
213.260131 346.411266
217.960027 348.265391
214.015803 353.489179
214.117143 368.191880
209.957866 377.781859
221.568259 374.473939
212.403091 371.799304
213.878626 374.639723
224.417350 373.660413
217.183007 358.445954
214.042233 327.336728
203.823841 327.750644
215.207599 322.531355
210.702100 331.827149
212.920190 328.424493
213.303032 326.870288
210.758783 335.281912
219.209144 333.205835
215.408381 335.993864
208.037150 330.142712
209.844770 336.664337
207.166892 341.714592
215.811530 325.005387
204.675071 329.298296
210.493521 263.277295
224.948765 266.158705
222.867497 264.480271
206.388484 257.078141
214.735588 262.756631
224.895537 260.603402
215.775534 262.145050
228.942851 371.531552
215.708726 372.383314
225.139352 374.661927
225.574050 375.131330
223.214216 375.157630
217.402574 376.613897
223.689991 375.376958
241.642386 372.028445
247.308779 378.883136
236.222668 366.048793
233.213413 375.568917
229.383371 372.538046
224.983798 377.382862
227.734189 373.404452
252.660057 373.317278
240.796850 370.788975
244.744037 368.272223
249.743781 368.981045
247.884827 370.338522
254.079755 362.879595
247.611990 372.705718
258.182437 302.373181
254.930970 307.647502
257.973447 300.600131
260.205964 313.917617
255.416670 308.624706
243.226013 300.396437
254.677548 305.038494
247.467068 328.869927
254.520895 318.775226
251.850202 326.008378
257.057559 311.940820
265.988895 318.069088
258.181025 319.808371
248.418796 308.547260
253.583665 277.775344
259.688286 275.424591
265.066161 293.141459
263.152950 283.878418
257.298088 288.844512
247.234100 292.175112
259.408386 296.796621
242.962912 355.084794
263.448263 352.338549
243.829179 348.753580
246.332254 348.266881
252.963099 362.930194
245.397588 355.891403
255.217500 364.315848
254.193321 367.190447
254.898759 368.490973
258.943324 360.881302
249.135590 356.843317
252.644270 363.456680
253.192454 366.449426
254.565938 362.995939
262.892019 339.142659
255.106091 328.627844
263.263173 332.423092
254.889340 334.666046
258.741076 344.529343
262.702800 330.744227
247.316225 331.282487
247.408745 378.463301
250.634067 370.654016
248.328378 373.750414
247.512754 374.699753
254.557340 374.079416
255.258358 370.041863
256.145020 382.174674
264.974553 287.924764
259.341010 290.857928
259.414649 286.355914
271.600139 283.437606
268.275384 296.089487
265.262547 282.952545
262.183115 291.529774
278.173913 285.710825
277.745409 284.631530
279.636481 286.201734
274.300244 296.953884
279.510884 291.042773
276.996681 287.146656
288.165062 290.923028
297.293247 286.247819
293.090356 290.538541
288.108290 281.507558
293.653719 280.397588
288.389448 290.455951
291.210115 284.564784
285.993855 284.902453
301.956538 286.754896
313.650049 285.548220
298.860326 288.245087
301.455843 297.502137
301.027433 286.852489
302.769051 286.236000
306.033439 289.856437
315.927385 286.189932
305.071105 276.917443
312.286604 289.110715
310.199003 287.222854
311.405663 288.143490
312.512091 286.422753
313.844002 286.172094
313.947201 290.236483
321.684479 283.579254
333.714914 282.900570
324.015079 289.101288
318.507207 294.756005
324.670908 284.694441
324.406047 284.447413
345.852838 282.318059
334.642854 287.073475
346.738634 288.954731
341.139643 295.256545
324.029547 281.687245
345.809211 284.366989
330.044938 284.513808
341.026764 413.669977
340.420838 406.408397
343.296442 407.387416
335.412070 396.372023
341.336909 407.070156
351.042502 412.567043
342.726423 405.375174
347.490556 302.231084
348.124171 292.853788
340.806718 296.869915
333.537509 293.277017
342.455303 301.229677
334.374989 287.911045
348.977090 302.000756
342.252871 362.903154
340.389815 362.286880
346.465869 364.898222
347.693004 363.719794
343.572630 361.921188
336.410580 368.154771
343.335026 361.849089
346.849736 383.674887
333.869584 399.825703
342.553148 385.820440
342.506952 392.222018
345.304191 394.025527
344.575925 389.028093
340.508044 398.089618
342.814074 427.906739
333.008300 417.482937
338.264832 424.078342
341.521877 415.027651
339.294450 430.221128
349.339723 420.295584
344.041698 419.728703
342.360538 458.881578
343.075705 469.719648
342.540133 461.994227
340.709065 459.871214
342.129993 460.539826
342.094674 447.815155
335.196437 452.146972
338.191206 326.979904
340.147478 318.226554
347.771162 328.645051
342.457349 309.951407
331.615470 322.524757
344.168556 317.776188
339.039074 324.176647
332.021308 334.592464
340.661017 344.107950
336.818279 339.679074
340.976827 338.083605
342.854566 339.645866
349.250043 340.399405
336.844322 339.567232
345.743443 442.785986
345.621602 436.462140
343.910636 434.349937
341.967003 440.003689
337.754710 439.144865
349.236519 435.461278
340.002384 439.758844
354.073587 508.838417
345.193124 504.519445
345.553772 509.941196
347.576746 499.688771
343.351509 505.436214
342.306406 503.462004
345.853185 500.726711
343.600399 287.915008
342.681208 292.213524
341.455478 297.481759
353.918373 288.099644
343.807541 287.060819
344.407122 290.327601
336.718512 285.929649
331.489306 474.096336
337.604673 473.117556
346.040425 477.268768
338.329795 480.890087
344.489449 477.831981
342.988722 475.074548
349.118773 481.925671
341.830552 311.476029
334.117731 304.960536
333.927316 311.468572
346.053181 322.102235
336.617448 320.486691
343.013889 302.343346
352.036756 308.070041
344.109921 375.829132
333.894532 369.664375
342.291413 377.466389
338.750140 366.597894
334.616697 374.215598
352.902431 380.693664
343.219253 384.163384
337.814876 429.934102
335.674835 434.101396
339.150477 426.799683
345.725379 433.782881
346.005159 436.201016
342.910429 428.885277
341.168246 433.094884
353.318763 483.786333
344.711354 477.062712
336.768775 480.789560
341.211748 492.928365
334.488189 495.590950
339.342503 498.183933
344.530094 487.947567
351.744900 340.889553
339.329297 346.691989
349.830964 348.264204
338.601760 353.808494
344.591859 352.885106
344.987118 348.633098
347.336767 352.817082
354.866865 506.124700
357.607323 510.014010
349.607802 511.074255
350.724793 507.269701
345.249848 498.580201
347.950873 502.658347
361.355586 502.146204
361.296771 501.914062
358.142491 498.251918
369.335388 505.252351
373.189364 506.204494
364.021771 500.617160
367.197649 514.060690
366.357267 500.902311
379.994877 500.880489
378.645312 502.732196
375.219037 495.421258
372.150479 495.359739
386.215185 511.513148
378.965341 504.401952
382.638270 497.609626
390.977030 465.730512
393.550091 466.815826
379.034522 465.486577
388.954594 461.849619
383.323604 476.223404
378.737638 456.341221
390.363970 466.946755
384.035630 382.163061
393.097839 380.752540
394.488608 380.060859
385.867150 376.559954
385.315357 381.608478
380.161541 380.501715
378.461429 376.553430
383.201262 399.858249
378.284966 404.368404
389.643956 411.549386
383.442246 408.163340
393.972803 405.808002
385.562732 402.987235
386.344643 411.133814
379.912997 428.597160
381.135536 435.325077
385.187818 436.113380
392.338760 427.644538
381.115192 434.227862
388.042079 441.020975
381.408971 429.305750
393.747903 396.118528
375.956782 395.094124
378.480360 397.048951
378.970472 394.530317
385.743911 392.885881
390.280021 396.859745
383.946695 400.574025
392.318217 478.414351
390.938684 492.829062
388.864140 492.776817
374.832290 484.688279
386.056325 482.714376
388.910801 485.582720
385.131774 486.874018
382.917790 502.612899
382.199482 502.498120
382.286129 499.023895
385.441730 504.693523
385.329079 499.974681
384.185863 504.221973
394.103017 500.937849
389.760813 444.013609
380.697224 456.792911
386.094964 447.750682
384.556015 451.552578
385.512328 449.304366
385.104344 447.425720
389.547442 440.088057
375.039267 426.241679
380.526297 417.156830
384.623637 428.883965
397.092034 424.592874
385.495320 418.695702
388.851506 424.191862
383.159634 426.744770
400.318312 369.155393
405.994962 369.624580
398.136338 372.428849
394.022835 365.369898
386.998806 374.915382
395.760788 375.783897
394.563487 374.851182
407.284187 370.210346
408.037777 374.081813
418.114082 381.579418
399.943126 377.125676
415.837604 376.051946
413.322371 365.716786
405.307355 375.124857
412.950688 380.794738
421.424278 381.913049
413.545646 371.951124
420.117897 380.725090
421.583656 369.814917
421.778327 374.009027
423.781645 375.275518
429.186057 167.835854
435.989843 163.271819
438.634237 157.771922
430.774486 167.490473
429.275953 152.706406
433.204441 166.634692
426.905562 171.098556
427.043532 197.241850
422.855171 198.181231
419.425722 202.996306
432.788174 197.330975
417.745889 200.053515
423.735194 193.985919
416.787288 195.904965
428.623471 243.317022
429.648868 246.738998
431.476778 234.970003
420.097570 248.721161
432.842108 233.537747
417.770118 241.068426
429.166667 236.874593
427.119827 261.024726
425.179325 246.915840
428.388359 263.126877
421.279070 259.019879
426.468538 252.143473
425.569849 259.996432
418.351798 251.309381
428.467339 356.741143
430.499550 349.561558
418.034343 362.324902
421.317074 353.277103
429.708199 350.535731
426.021841 348.378363
428.704796 356.728170
428.138401 179.414802
431.938792 174.887685
424.628444 170.112903
436.190708 166.792321
423.476293 163.320376
427.191644 177.546207
437.533203 177.480714
427.548789 190.637856
427.926939 173.900805
431.160258 184.342661
422.117161 179.292370
421.321484 180.818965
423.367994 187.136898
433.631891 183.430280
425.223252 212.852573
439.383196 221.690732
420.038939 207.288107
431.047370 215.317925
421.776460 216.397551
437.346534 213.271639
424.206463 217.866639
422.527876 224.337015
425.796616 230.522256
421.555466 229.528638
431.308622 221.527926
424.048616 234.536366
426.704419 217.374766
430.557745 233.600227
430.438226 278.512213
435.097913 278.791544
432.998715 270.175362
435.179273 264.329455
422.427400 281.141949
427.328976 272.407547
429.044062 283.173425
421.522992 295.316664
426.123516 303.187339
428.287069 290.562894
428.416393 294.282848
430.550115 299.781588
428.895409 294.196353
428.835822 293.926526
428.227504 307.739631
427.586571 308.675821
425.786430 314.356972
436.736987 308.264431
426.576648 310.598206
422.787837 301.169495
429.549073 310.029795
433.383349 331.539444
422.841024 322.000978
435.807581 326.863106
430.408140 329.103686
436.138074 338.028334
427.016020 330.057601
427.868694 322.916923
425.904244 283.266571
428.967479 285.065851
432.457486 287.510276
435.972157 278.921510
429.226331 283.755518
425.579125 283.707491
433.081599 283.140732
427.531182 309.743855
420.042899 307.677471
426.574613 316.411753
426.876388 315.763992
431.317842 306.433825
431.104815 317.949861
429.148709 318.990530
427.534582 369.358052
419.078946 366.602024
436.845746 381.610667
430.431367 368.909323
427.073314 362.643345
427.568081 374.003861
432.092125 367.560939
428.439839 350.995396
430.241892 346.519712
440.681337 343.308632
432.722022 352.061875
437.862438 337.019801
422.930100 339.078105
422.167312 348.015384
430.124179 159.223093
438.356374 157.054267
439.713628 168.909194
429.913704 158.145297
433.670291 165.978913
440.681940 160.871128
430.860407 149.272193
454.696808 154.553159
455.706981 157.486123
456.510411 156.672592
454.987588 160.756986
453.554693 159.843317
453.309474 145.763899
453.843259 147.134288
462.662046 151.382799
461.682703 155.851036
458.761322 153.619071
457.363256 167.098631
462.728763 158.158437
464.456649 165.367883
469.058896 165.755295
462.879234 165.807199
465.198665 172.180551
468.933083 166.028645
481.905164 170.011433
481.070288 170.286793
475.469727 168.983895
460.162381 171.897004
468.608694 175.260219
472.450512 181.862875
456.663924 179.474684
465.713343 183.729585
471.484609 184.672151
457.992524 186.538532
472.711628 174.955835
466.311764 199.479768
461.794071 202.330254
466.683103 197.943434
478.187831 201.092675
459.538984 201.199381
464.129502 196.310013
475.123492 190.356312
463.105578 220.774782
467.735895 217.273904
469.656207 217.318354
468.626270 216.985894
471.618608 213.084827
467.612590 215.932367
477.848725 218.896882
471.368636 236.778777
465.893975 247.305411
482.593143 246.300619
470.111548 251.306645
462.583195 245.011079
477.642409 248.880390
468.491848 241.825780
467.041183 232.115826
471.295222 232.792913
466.806448 233.728962
468.206648 231.382849
473.331547 232.968078
471.049528 228.285777
479.149196 234.329861
468.699713 160.328155
470.074001 159.689305
470.301086 156.955763
478.421960 150.413829
468.251151 157.128348
470.914356 159.863612
464.241308 161.660268
483.366694 249.871185
482.849087 243.565984
478.436881 251.112227
479.995276 236.641678
491.373681 251.855075
487.501992 248.110018
488.187428 244.885532
493.996391 243.009741
499.255281 248.268917
486.394710 245.750915
491.250651 235.078267
495.133998 241.643496
496.744204 242.438890
493.005253 242.557163
505.607058 242.464474
502.076256 242.120167
499.845745 244.218131
505.721657 239.676335
510.518785 248.870311
503.612549 240.834798
500.657098 242.608445
513.458503 243.998359
519.259478 241.763024
524.939220 241.751623
524.871329 240.108100
508.456069 231.839428
515.836888 247.384273
516.277079 242.244011
511.845434 415.169489
516.747804 426.042687
515.807536 411.532081
523.148611 413.339134
511.265198 417.320499
513.679734 413.970969
510.692808 413.994393
514.534377 270.789562
507.521482 277.224761
511.884027 268.948784
507.436635 266.794009
522.834218 265.652418
525.046356 272.044677
509.096516 266.438880
519.628421 255.073933
520.464534 258.594619
520.045004 246.261507
515.613399 257.810419
522.553253 252.977445
515.363796 259.518544
507.309593 261.242937
516.329868 297.891713
514.854454 294.150156
505.782241 282.692978
511.719678 288.667425
512.607511 292.894718
518.984890 293.020149
519.320712 295.751865
507.552736 307.841312
514.319605 302.288376
518.844376 302.339216
522.619072 309.627916
526.329029 306.463811
513.535885 301.140108
514.509425 302.208474
509.864126 314.452609
505.620935 305.571284
513.516180 307.191594
514.736953 313.648771
508.535298 314.342678
514.122027 313.038442
521.222161 308.312405
511.019116 326.442161
512.618193 321.216376
517.154021 324.857926
513.586596 321.061116
522.477994 319.742015
502.453409 323.213039
523.425436 319.577614
506.593820 341.119765
512.614446 331.705131
526.769430 334.560156
517.158335 331.277570
512.969874 336.831825
514.701915 325.839738
514.776495 333.504534
510.879898 348.459506
512.724742 347.681472
502.175943 345.398617
507.124581 347.858584
511.389426 334.432011
512.172831 350.080294
523.408146 338.803109
518.427172 357.352467
511.707111 353.425628
521.518607 362.118816
515.746896 357.975926
526.623804 354.363723
516.040268 359.063178
515.856794 355.333766
514.977370 368.701849
517.850131 362.260819
515.299238 368.228112
519.062267 361.823829
512.535423 359.152860
513.405471 374.654444
504.229756 363.519804
516.486480 381.335464
520.410741 371.201497
513.404176 377.076971
507.103495 373.612671
505.369938 372.855715
517.749944 376.544430
507.653725 381.191922
509.939212 393.647857
510.714033 386.948320
505.909940 394.460345
516.655667 389.113035
508.609962 392.871383
512.005134 382.207163
515.438861 388.774575
522.593577 405.555293
504.122717 405.029928
520.546868 404.016755
519.560901 401.021694
518.859924 401.174494
516.580133 403.821628
514.420789 403.933160
525.293077 415.090114
534.373239 414.813481
523.506182 408.461220
524.139816 410.964976
534.151001 408.662870
533.752929 412.508903
531.238641 413.693407
542.527256 415.241158
544.112161 420.466327
537.625064 404.522132
539.395706 417.543277
530.600542 409.570253
543.726974 421.138545
540.859071 406.459119
554.726051 418.905534
549.188741 414.420176
546.951219 424.521003
549.113341 427.319930
549.045459 420.094490
554.308057 416.608372
551.635967 421.373360
565.812092 418.418566
559.194438 427.939075
558.046817 420.306063
551.468685 418.262705
547.529681 420.141295
549.617653 413.315357
559.085463 421.227347
555.134389 439.875078
560.992547 439.528613
562.858656 440.466643
555.646050 430.893861
562.299634 442.473884
552.130330 448.140636
558.897567 440.771844
560.201779 461.848836
560.532316 456.235715
557.613971 455.635650
563.709789 447.537787
558.647105 467.634648
560.142703 457.012949
559.189035 461.149548
559.888265 470.975713
562.319004 472.332063
556.955057 473.826980
558.699807 472.489944
556.210882 461.339856
559.195487 471.909278
560.031054 475.792212
562.901568 491.689976
561.659042 483.715694
553.859353 486.742870
560.479494 488.837689
566.181442 483.371436
560.517050 497.191422
560.779887 490.070426
561.932957 508.716151
555.529831 511.261994
557.378730 511.831493
562.587729 505.331307
562.352727 504.008701
560.715420 504.064697
559.378218 502.754935
577.259504 511.760874
573.070089 509.644274
567.073273 512.861592
572.068469 505.103931
563.559694 506.478877
575.026158 514.982741
569.059799 506.187537
584.472283 507.817120
580.058302 507.156863
577.883185 507.382632
577.374330 512.123721
592.305748 496.439310
581.059817 493.708568
587.363175 508.850706
589.645972 494.183118
590.403031 500.656924
601.288542 496.892536
594.013994 501.460282
595.683409 507.356833
588.705535 498.268553
587.590512 509.280791
