87.409087 458.712221
86.254146 456.577422
99.005319 458.878048
99.347200 451.241700
113.629512 452.948812
103.046538 459.125849
120.086831 455.342238
120.318602 455.031031
128.500466 243.413648
119.584293 248.506767
119.247440 272.829458
125.642317 270.198874
117.890739 309.737912
127.128597 310.175831
122.865279 364.639168
127.708840 365.883402
125.728018 390.288220
126.908582 402.805796
119.750605 429.444624
126.767182 435.692667
126.886485 325.197052
129.685033 330.828216
131.458699 408.836222
128.651293 410.137799
123.833266 263.584865
124.937143 258.357606
124.388681 290.899551
127.605354 293.988825
126.959107 429.732300
121.418392 423.840387
124.956131 341.446987
127.596008 344.205556
125.980081 382.762481
130.682089 379.582229
129.038211 359.114180
127.566383 358.516974
129.700484 449.878261
133.466317 452.750150
136.456571 245.355772
138.441529 243.701003
149.596859 247.256077
146.296137 245.769258
160.107378 243.667150
160.920338 245.249713
172.758680 249.075876
171.983847 243.822715
184.228678 248.456251
184.070635 246.432523
195.317792 244.627712
191.319946 236.789414
198.887543 241.847923
203.604690 242.196632
212.484463 288.385665
211.449285 286.568292
207.087618 318.413152
215.122397 308.396948
210.960023 242.824507
215.407618 247.688946
206.759213 259.142440
211.372175 256.221444
208.455526 270.119823
207.813936 275.355946
204.825643 300.803180
207.204995 297.888878
214.651299 349.114149
214.261723 348.218969
218.684748 368.732793
209.438250 365.969873
216.803842 330.881738
209.279216 328.558811
215.464118 332.295804
211.625474 333.445739
213.506124 262.974229
213.370727 262.183972
228.826548 374.733212
225.636815 380.121620
239.661696 368.224581
243.465164 376.205453
249.670431 371.323764
246.207224 366.334772
250.015642 304.580885
259.212743 305.361244
255.694937 315.210629
248.698735 318.189242
261.170708 287.115679
256.812827 286.422072
254.759848 351.914677
252.563200 358.361008
250.525657 360.481137
249.712037 357.442587
261.839727 340.007413
254.337319 335.089490
260.747921 369.435840
256.215632 374.451302
271.337004 284.798614
272.099150 282.722747
277.057340 279.692349
277.503883 287.551733
286.367051 287.863163
295.839156 284.781411
299.323788 283.697142
302.205260 293.681218
313.144523 285.782520
316.572387 282.608727
326.464990 288.962014
323.987538 289.594233
333.886796 283.983131
340.802092 289.653800
339.827235 406.422781
345.175030 406.880080
342.701978 296.453698
340.418850 292.422068
348.299590 360.697283
343.432714 363.083225
347.493311 388.380384
338.509879 393.499695
339.564005 424.519946
341.432715 426.007122
344.244103 459.804179
335.879888 460.552707
342.236757 320.807469
340.757260 324.559355
344.489103 338.271869
335.569546 337.965110
338.772035 444.099196
347.714549 438.350084
340.417531 506.802406
346.764088 498.493964
342.145640 281.494104
341.137002 283.071935
340.119152 475.957149
342.015832 469.743273
340.697583 314.415086
338.471959 311.513353
346.194562 375.274895
341.275450 375.951218
338.015806 430.419249
340.903106 427.028322
349.051766 484.142482
345.272957 489.043418
345.849005 348.745654
343.326679 350.452719
362.292644 506.391946
357.044165 505.196786
366.302924 504.898050
370.712833 504.462074
372.302905 499.553531
378.223600 504.016789
389.432102 461.620748
383.703114 466.346235
389.294984 375.394540
388.958127 374.669238
385.428187 415.063365
389.582735 413.927131
386.076255 434.363048
384.840398 434.141632
383.302148 396.937354
386.977693 396.341328
383.715975 486.742312
385.789887 486.169908
387.637858 502.768774
382.112607 506.741462
386.674769 449.826383
385.908527 449.784570
384.871831 422.554592
385.929251 424.949992
405.225366 373.620075
394.053415 378.549240
407.643873 372.232131
415.406985 370.105540
420.336365 374.170464
418.322078 367.219322
429.973290 161.570013
427.390469 160.028432
421.353026 202.677498
426.947159 196.261433
426.424308 242.416483
421.494103 241.022252
423.922019 252.921418
428.137104 257.953352
434.510981 356.476433
423.730392 359.337033
431.702794 170.948034
430.061403 180.812407
427.413116 184.500072
428.346623 182.196707
433.875850 211.879667
427.272958 208.706103
431.853178 223.768238
429.083445 230.470139
426.932744 276.497969
427.890938 268.672134
430.052988 297.721265
431.042960 294.633245
424.730575 309.700713
423.686801 310.437559
428.396695 323.243737
424.097439 332.901158
424.987248 281.478951
421.317123 280.349290
424.235135 312.931939
425.311884 313.028742
422.050343 374.276275
424.384201 370.873175
429.519328 341.323809
424.105464 338.873233
441.062350 156.329268
441.120352 156.347399
448.348610 162.209372
450.752824 155.792637
455.536973 155.333782
459.125932 150.946365
469.578746 167.451077
475.709396 166.070886
472.655215 188.742825
471.015859 179.585461
467.154549 199.088269
465.214619 194.345437
468.874893 215.772663
465.226428 211.945819
471.016387 243.794072
467.089609 244.252238
466.454518 233.599940
468.002277 231.003800
467.700407 152.638667
466.705586 152.939790
480.984993 245.980864
486.107512 241.072375
497.883773 243.420724
496.192812 242.995876
503.506527 249.301706
507.560818 236.348150
513.855010 244.254953
512.632864 245.394908
511.774965 409.611564
515.359810 408.435842
511.690772 271.535902
514.067763 276.177214
514.662881 256.834775
517.985983 253.572313
512.667335 291.705784
515.143851 292.091053
513.343124 306.555739
515.152781 303.308656
513.570111 310.310999
510.519149 311.967029
509.972704 317.835044
514.405376 322.443382
511.734983 329.821008
515.998563 333.227944
514.524445 346.616880
519.189717 342.225882
511.421119 354.535904
515.091720 357.265026
517.677794 370.479845
513.126853 367.750553
514.304030 377.234981
513.514595 378.002315
518.751385 387.186299
520.634376 383.505585
517.829190 402.709434
513.612427 408.192687
526.329565 415.708403
523.919558 413.065869
540.953642 413.105847
537.702585 416.769411
547.523378 416.414601
544.810155 422.550799
553.808770 425.166179
557.143759 415.417328
563.435373 436.055793
559.553325 438.556186
562.853360 458.086353
558.088975 458.826325
555.541042 468.508672
558.993998 470.958277
563.720568 489.185684
559.633617 489.979295
558.980089 498.541928
561.363963 504.693566
577.453364 508.180056
570.503156 502.538739
580.147922 507.159431
580.462293 500.313954
591.012989 503.522493
594.102429 502.565948
