490.595937 42.618898
504.850590 87.554069
505.626950 140.159032
505.574988 187.113099
521.683898 216.082669
593.573654 305.104870
674.969319 388.588729
794.656464 519.294758
814.701015 616.723684
796.224401 677.372305
750.374421 709.158202
696.999397 747.688235
623.102004 755.782822
580.913788 736.424115
552.621565 727.788392
539.192822 699.501722
537.708695 675.222467
520.543123 637.459943
518.647560 567.185274
504.159816 612.707307
503.452713 678.345036
493.330309 718.277371
461.621315 753.472478
419.255869 763.751650
360.186361 761.491898
270.025707 728.699450
212.490594 641.157897
207.639719 558.071850
259.523274 448.178019
288.482138 419.775216
329.607097 388.486920
374.821733 341.515431
441.552397 221.552619
474.164201 138.065299
83.119510 843.209751
134.488927 901.407287
227.032774 932.914140
352.958462 991.488557
428.190058 1003.980810
473.845447 1021.747343
500.147935 1063.243860
536.443492 1170.694353
571.414256 1068.397797
603.010655 1024.541508
651.751048 979.916452
701.538432 955.891377
832.523492 881.151610
882.742805 840.713494
911.624627 814.663666
