480.727167 58.492422
487.767765 93.292961
540.146763 161.576963
502.874005 191.821371
528.711472 218.572906
593.917677 330.590415
681.172185 420.075805
810.665779 534.444843
808.694892 622.679591
805.288454 685.861450
762.704881 703.765651
710.718783 728.885162
613.353795 746.451758
587.861409 727.540107
552.497371 732.315612
531.475835 706.164338
534.955157 697.954323
516.133647 615.665836
529.735394 575.903939
513.796540 633.561776
495.223867 667.543907
484.337551 715.834030
476.998121 706.376456
424.669565 751.292633
360.580305 774.775168
276.451783 706.065972
231.730209 661.612494
203.626399 557.626785
245.630588 453.954702
277.178724 426.811668
321.354561 407.086594
375.492699 324.085917
438.445221 244.372324
474.028315 147.811657
56.331937 824.298501
134.985199 907.769532
228.873885 931.072484
350.685339 996.413416
420.740488 996.585436
472.398950 1048.002234
507.452405 1057.758235
561.659981 1146.200184
585.258236 1050.615871
619.071121 1022.768313
635.502548 991.388265
718.290026 931.078124
835.861310 893.094192
880.913138 863.355803
930.935325 825.344409
