7.509039 -394.682441
7.921121 -377.324851
0.058213 -392.625620
-5.155011 -379.565157
-3.457619 -385.671164
-4.037067 -380.625969
-2.896373 -383.379919
8.801013 -376.975356
4.140197 -387.371941
-4.600495 -379.186965
-0.234802 -390.781405
-4.695537 -381.796433
2.394687 -394.919062
4.300959 -423.711538
-0.099162 -419.476953
4.349000 -413.414507
5.714637 -424.104298
12.252475 -410.864427
11.495727 -417.908947
12.949699 -409.941784
17.909043 -409.248779
11.365962 -416.967174
14.005606 -418.389426
10.579322 -418.748087
10.126203 -420.743722
14.548764 -411.110078
9.827920 -353.391721
12.539466 -352.914016
13.799406 -353.697348
6.829843 -345.234640
17.041298 -351.043775
6.990583 -353.662216
8.130132 -352.966633
12.996351 -347.836257
13.166141 -356.343052
12.224071 -354.374846
9.283773 -355.314427
9.916755 -344.486628
10.360966 -351.926072
31.150376 -333.733555
31.301815 -340.934193
32.729861 -329.624030
18.416924 -324.208361
24.779738 -333.001121
26.916385 -326.116739
17.837746 -324.300644
23.425878 -333.886424
30.202879 -330.723049
28.729657 -343.231451
17.880704 -339.788174
25.947771 -343.819902
26.067240 -332.209794
28.198262 -445.084494
36.020436 -434.588060
29.818326 -444.710701
19.803192 -445.206678
26.083674 -435.204673
28.984583 -446.716856
27.838418 -430.321894
33.694646 -437.489346
32.158943 -440.748262
27.522738 -438.701922
22.917124 -450.339195
19.195172 -438.158813
29.019234 -437.827789
44.788780 -313.959947
33.586728 -317.644845
46.998810 -316.805926
43.085953 -313.675239
49.298137 -308.854923
36.053595 -319.861217
36.727264 -313.722979
44.364549 -311.769494
42.423758 -316.042211
42.425734 -315.833963
43.165494 -316.783416
44.576889 -308.592724
48.129018 -318.125115
33.571743 -457.427567
45.587522 -457.094317
48.497837 -453.898410
37.835428 -449.038270
41.397079 -459.313771
52.282839 -457.263549
52.290881 -455.989880
41.782816 -467.663580
47.730636 -459.926073
45.513658 -454.994070
43.589772 -448.389119
49.023890 -465.843060
55.226780 -462.654722
63.602939 -294.623032
66.407525 -300.502701
56.924656 -290.907195
61.665374 -292.058101
69.932483 -301.529646
70.119762 -294.994977
72.803430 -295.614478
57.586750 -291.624582
66.371813 -297.825602
72.683213 -294.909132
71.205566 -298.218329
65.546569 -296.761455
55.022749 -299.970915
74.528237 -470.710663
74.670563 -464.668058
57.755177 -459.637282
71.046002 -463.923798
78.448519 -463.221812
62.963978 -476.302964
73.577930 -461.922667
66.929614 -453.800578
65.719980 -462.979437
60.653720 -466.448427
62.754005 -454.888756
64.128468 -475.758593
69.813432 -469.179993
90.209010 -284.851348
85.451806 -287.393593
87.486735 -290.496301
87.364181 -288.285663
79.061428 -279.994904
83.837421 -297.962532
85.512922 -285.513292
85.594955 -286.560582
81.898013 -285.808148
94.325158 -279.373024
89.596385 -289.658159
88.676096 -288.736347
87.743886 -283.467203
95.028619 -475.061725
88.375067 -464.940652
81.679613 -460.702231
86.057352 -466.404978
98.995984 -461.348876
89.249110 -466.084587
88.639401 -457.337664
92.904359 -465.495530
80.813311 -465.540461
82.979131 -468.281442
86.255710 -463.344058
83.711513 -464.976654
92.262363 -457.025309
105.827360 -279.628914
106.624999 -281.035168
114.608488 -283.917986
114.069894 -278.119385
99.645565 -279.585829
107.439654 -276.530835
95.629300 -283.790702
107.682612 -282.226310
109.911002 -281.656830
106.991058 -279.218695
110.753308 -269.140842
114.350904 -281.061141
110.709987 -275.288408
109.907419 -455.062546
109.399787 -455.270494
101.850621 -460.450845
108.699126 -459.538713
107.236326 -452.594609
110.619395 -464.136087
116.487907 -456.048886
115.758320 -461.624477
98.607870 -456.688212
109.354974 -449.500056
109.359678 -453.041801
114.856246 -454.086240
110.339267 -458.518933
128.155327 -274.860615
126.740556 -275.901258
127.982689 -274.986646
125.728601 -266.816573
126.813204 -274.122921
128.728232 -271.797117
126.925155 -277.274897
137.380009 -270.261096
127.068138 -276.708863
129.690944 -281.003641
125.331246 -277.922122
125.513527 -268.731668
120.964180 -277.489460
123.756657 -448.240644
130.948858 -446.954154
121.682262 -445.533943
140.863726 -436.167897
125.807688 -442.377335
130.289316 -437.591583
131.382219 -446.479436
129.224429 -440.510576
129.794101 -443.142244
140.334248 -441.222460
133.778389 -450.281686
123.218496 -441.372843
126.381318 -441.317104
148.432587 -273.641942
147.989158 -271.601016
145.493965 -281.937155
151.462602 -278.319824
143.408930 -279.117065
148.350387 -274.290185
157.932688 -272.925191
144.907649 -277.580176
151.018388 -271.958199
146.447164 -283.319641
156.386562 -269.649763
141.387234 -269.002996
146.445041 -267.064803
144.671930 -424.288284
147.645272 -436.539966
137.044312 -423.559511
139.277205 -432.333455
134.005155 -427.280067
143.246570 -424.204925
142.552401 -435.805487
144.515706 -434.718683
134.314328 -437.929165
130.992035 -429.313098
138.250028 -430.853085
145.511199 -441.959670
131.644466 -433.189764
174.621568 -286.901060
178.034517 -283.015331
168.469296 -285.797846
167.037573 -290.528336
168.337131 -273.026681
166.787330 -285.312732
174.448751 -276.839533
162.347378 -277.587506
167.832619 -276.885827
171.128061 -270.312538
173.948785 -275.066972
171.243003 -269.892597
170.217927 -275.311381
184.221230 -289.283123
190.173453 -286.903876
193.873458 -290.049412
192.755080 -289.401770
189.867884 -297.839844
182.926662 -283.681555
191.211068 -291.110678
181.791444 -292.717755
190.473377 -281.083983
188.927008 -289.118435
187.541370 -285.256633
191.329563 -295.592396
191.489385 -290.955452
204.626406 -313.036235
212.342095 -306.320542
212.950915 -310.930341
213.769787 -297.091574
210.569301 -303.449740
211.659521 -304.721152
209.609895 -303.853861
212.475085 -306.409744
218.765230 -307.898591
200.079551 -303.962486
212.001728 -304.008945
213.109084 -314.252937
209.168734 -304.736111
227.821747 -330.296961
230.237817 -325.667796
238.437683 -316.280296
230.502213 -329.049363
218.098731 -324.970489
237.906103 -325.791038
222.075463 -329.253267
227.068203 -332.967875
229.611906 -325.753117
230.732966 -329.429565
218.701933 -325.453157
224.898259 -314.803184
228.910862 -326.578370
243.852704 -341.487770
230.940060 -347.495054
240.056476 -344.427254
232.554068 -345.809354
240.704538 -347.448300
251.809902 -346.524556
251.575559 -350.775370
240.691972 -346.974451
246.700377 -346.881227
242.877649 -340.815674
238.428415 -348.835079
242.112449 -344.484720
241.301988 -344.650174
240.929822 -374.614651
256.171994 -367.164309
258.367286 -371.305738
249.570302 -368.517306
248.996460 -373.842362
240.794144 -375.097793
255.326367 -355.810024
248.970693 -364.359134
255.793773 -359.655652
243.452047 -369.018035
239.618006 -371.972383
249.228375 -366.635046
248.217363 -367.960580
256.622681 -388.897608
254.236508 -396.345515
253.175094 -390.221500
258.844063 -386.637646
249.914265 -398.063082
260.273978 -386.651280
244.781457 -389.664284
257.471365 -393.480559
257.321049 -382.856404
257.722502 -389.817430
266.816116 -395.014861
259.481839 -381.894122
257.937225 -398.471910
262.073573 -414.527485
266.819568 -409.210870
262.055172 -417.728911
263.811370 -407.318288
262.660445 -414.930938
259.760907 -413.317345
269.479967 -402.386479
266.940759 -410.976775
252.032136 -412.932857
270.443564 -415.749528
269.520697 -414.475581
262.762813 -414.589591
263.960446 -414.232877
273.567512 -427.479215
256.975095 -434.478246
268.064861 -433.089822
265.004762 -428.141958
255.501933 -427.329329
265.816037 -428.099667
265.414489 -434.055749
275.931052 -430.639103
270.843028 -437.118543
263.109268 -434.814882
263.534306 -431.290154
257.648975 -438.407209
253.240726 -438.035094
265.668800 -452.975445
271.139697 -448.758675
257.887034 -457.255825
268.209586 -453.677062
270.582261 -449.161294
260.907910 -451.599734
257.538834 -448.251091
264.129609 -458.492291
263.337239 -462.785836
270.670220 -462.737914
261.765687 -444.421736
255.635800 -453.084479
264.525050 -453.620375
268.455543 -471.321469
275.295044 -473.402068
271.513018 -481.707417
260.259959 -473.791249
262.101615 -480.825724
271.401565 -476.200249
269.598339 -486.665350
275.387357 -467.955372
271.127286 -465.308524
266.467905 -478.129517
260.023695 -480.557820
265.626708 -477.689527
258.677681 -481.029641
268.579079 -512.245124
260.107995 -501.881236
268.831591 -510.275422
263.049597 -500.648617
264.769136 -505.070365
271.827267 -499.915494
270.961662 -509.161122
269.457846 -501.368332
259.778380 -508.774055
266.242797 -501.515931
269.970671 -500.421226
268.403153 -501.246486
268.647316 -508.567403
276.219516 -540.959685
266.732458 -535.427410
263.701403 -535.725274
269.836020 -531.476101
265.748305 -534.938031
267.286870 -527.635786
267.163884 -536.019882
263.525724 -536.710737
268.519907 -534.871088
265.293284 -536.018720
266.986647 -527.000195
279.712818 -529.230317
270.153977 -535.432129
270.796768 -566.459429
272.224665 -569.449267
271.419450 -574.489319
264.624007 -565.707343
261.275761 -574.951536
269.222038 -568.933102
271.306617 -576.909676
272.716999 -569.570851
266.159239 -564.503558
266.887142 -568.104697
268.168703 -567.842911
269.977658 -567.964770
267.264302 -560.054177
270.818214 -599.248699
281.350812 -593.982771
271.016507 -599.056970
269.754229 -596.172759
278.337025 -605.355281
268.968304 -589.695152
267.676360 -606.206029
275.558820 -603.955122
274.051528 -599.377215
271.172058 -598.847270
264.650127 -594.243546
270.879696 -599.319709
283.378646 -598.984594
269.122508 -629.339532
274.672487 -640.621396
272.344780 -632.203138
275.551081 -632.364737
271.970859 -633.074040
272.811528 -628.894192
268.056843 -624.118882
269.267374 -622.559352
280.135794 -640.354095
281.052589 -630.597819
276.466842 -630.451947
269.613869 -641.876735
272.364632 -631.858634
275.714656 -654.843307
273.447558 -662.317624
270.664732 -654.441866
282.333398 -670.652580
271.572830 -673.574125
276.312779 -663.674290
278.743941 -671.011040
276.451038 -650.990009
269.553099 -668.449714
274.013111 -666.114379
272.873475 -653.896815
274.092343 -664.426780
277.376747 -667.465021
272.211141 -687.336423
274.655449 -684.190426
277.216326 -685.742515
281.494046 -676.730412
287.804721 -692.913051
270.947828 -679.915250
276.971423 -686.471496
273.523879 -681.275909
278.827838 -678.662734
287.018471 -694.014288
277.547369 -685.412422
289.553850 -686.971490
275.721158 -694.246406
281.568625 -707.253657
283.847353 -712.060749
271.523532 -703.488468
278.982259 -700.003318
291.904815 -707.591718
293.891666 -709.469849
280.416879 -708.491429
279.791562 -700.923407
285.586961 -700.352423
282.924162 -718.833438
283.304371 -708.088958
284.398280 -711.849290
288.132807 -699.210765
286.726103 -738.442004
281.018232 -728.172686
296.351647 -730.567145
287.759417 -732.061329
288.798241 -730.873983
295.269282 -733.263904
288.153454 -729.390106
283.114685 -723.542047
287.269627 -729.818245
281.055479 -734.183002
288.405009 -740.055823
297.211025 -736.305563
287.867413 -738.165068
296.502949 -753.317250
297.413247 -752.102636
290.241421 -757.364108
292.673592 -758.073643
291.273476 -762.612016
295.119725 -756.713903
305.465383 -762.959405
295.452099 -749.100455
293.820174 -761.384483
288.199287 -745.329005
292.132219 -748.903978
296.967942 -758.513135
306.112252 -750.263335
311.065441 -785.555850
310.484482 -773.329691
314.463508 -780.542366
303.485237 -765.862569
306.831901 -777.065718
306.192981 -784.329745
305.405245 -786.293906
304.750494 -777.336162
305.502043 -773.474423
302.585681 -772.094297
305.172192 -777.761854
312.197103 -786.884709
306.584603 -777.287333
321.473617 -793.378866
311.579864 -800.379061
315.047345 -802.940447
321.846282 -797.961318
320.417948 -797.663831
323.113102 -804.848387
321.125001 -792.758853
328.998426 -797.022901
314.996456 -807.968919
323.112781 -796.223741
314.538450 -797.816846
330.552089 -802.341255
323.073558 -791.245974
330.426400 -824.249663
337.619963 -816.690731
339.193372 -817.599822
331.000902 -818.376089
346.139909 -810.620890
342.897686 -809.577051
344.609588 -824.682024
345.714470 -817.351045
340.164719 -812.706764
330.893082 -813.230373
330.134072 -819.578749
339.168113 -823.857884
338.846868 -829.597831
345.189020 -401.382114
332.766642 -400.812415
342.078426 -400.387413
334.951475 -401.211831
342.153857 -412.452954
337.248515 -401.232069
336.589463 -402.644318
336.241305 -401.416996
337.148886 -402.427507
325.367244 -404.534364
334.534222 -405.998527
338.518890 -402.248910
328.329805 -396.445927
347.853082 -367.686655
331.031488 -361.297714
332.259920 -375.847232
337.105232 -366.046912
339.502706 -369.071192
333.835731 -363.221860
341.919351 -360.998493
340.043094 -364.807830
336.635775 -376.061786
342.285347 -373.588567
336.707570 -363.746543
335.607961 -368.889783
330.759253 -369.941429
328.952529 -456.881356
334.214578 -450.997516
333.997887 -450.755228
325.256841 -455.309555
338.554037 -449.509795
337.998774 -445.028729
330.455932 -457.077946
328.569908 -454.675627
339.623489 -442.356012
334.401514 -444.434445
333.402790 -450.916827
340.107599 -450.780592
333.904223 -455.315024
340.505607 -341.438597
337.810561 -344.185063
338.420226 -341.658037
332.983028 -347.314172
339.068878 -344.093232
336.983791 -330.019600
341.570998 -340.351167
330.769056 -332.217033
342.653198 -335.297695
339.074922 -351.269453
342.487634 -349.655883
337.128109 -335.910266
329.192214 -339.002890
338.916359 -308.718638
330.779523 -315.952847
348.672460 -308.534986
335.543243 -310.178484
344.495271 -319.568636
333.066032 -323.911447
337.794015 -318.654258
344.037217 -318.045230
340.843861 -322.951081
340.022647 -317.046883
345.086479 -317.984540
340.182191 -324.896602
350.101200 -311.170020
336.201014 -280.246278
343.916187 -284.992551
334.980983 -278.328778
342.804699 -297.337520
336.060883 -286.690607
343.570463 -282.065384
346.688877 -288.565271
349.520927 -283.912068
339.413116 -286.255074
339.474169 -295.377410
335.465383 -288.395361
344.955815 -284.332456
335.381698 -287.268004
333.019080 -253.548713
351.443879 -261.041506
346.484355 -255.083877
341.767955 -252.398551
343.254298 -260.941239
340.233763 -256.449845
335.954254 -255.577388
335.604717 -255.337393
338.772590 -262.500723
336.068730 -257.726048
342.170579 -249.164048
344.147819 -250.104443
340.422936 -253.176102
349.266727 -223.454292
345.625372 -228.981864
344.132977 -236.214499
348.389627 -223.229300
341.659773 -232.971665
342.775867 -218.375578
347.308449 -213.773419
347.708204 -223.932465
347.420023 -225.238557
345.331002 -231.985025
345.660552 -222.920437
341.217700 -218.026072
344.967702 -236.764201
350.736275 -195.434345
343.665324 -195.683145
345.871273 -203.242038
345.949831 -200.786101
341.329592 -200.705642
340.313149 -205.493242
341.350697 -205.882657
353.921893 -210.873162
347.488770 -203.155475
343.206452 -198.919313
348.563291 -205.190569
353.638835 -196.578746
345.684663 -200.069100
346.569763 -178.570155
354.875414 -176.408040
347.841869 -178.169808
353.522350 -182.753628
351.839188 -173.420661
349.545043 -179.466103
350.179127 -178.644340
349.941369 -191.740841
341.905312 -178.134013
348.453725 -185.919555
348.868197 -174.105955
357.858888 -185.643618
345.647938 -173.511881
354.157452 -156.664969
358.464569 -164.137192
346.581084 -150.194133
349.216647 -163.187648
347.815488 -160.452778
350.728867 -155.979534
352.929042 -148.010551
351.162708 -155.394365
354.533460 -153.788498
352.862762 -153.031692
348.562217 -147.904973
353.545088 -153.410397
343.034127 -151.044698
351.285395 -829.088178
359.884351 -833.447976
363.415597 -833.568226
366.674655 -829.145863
357.586557 -825.853413
365.043309 -836.187304
356.218298 -831.831985
352.155742 -829.300702
352.836902 -825.450581
349.200403 -837.581521
367.080793 -835.468838
356.938854 -838.870341
347.592081 -832.557725
352.199691 -131.385782
355.553638 -125.115651
355.548204 -128.732086
365.717553 -118.513403
356.270658 -117.377332
355.994451 -117.426872
354.142857 -117.254391
348.881836 -125.243473
355.022918 -129.621641
353.548095 -121.946403
367.751730 -125.409339
355.056830 -123.253553
352.384883 -119.989793
353.562875 -104.792731
356.006391 -97.095921
357.315016 -100.962100
354.079262 -98.915184
364.135644 -107.983423
366.513990 -110.053855
366.455942 -94.795528
357.937668 -108.398020
347.512951 -106.377933
349.606950 -103.428348
367.294927 -104.575412
363.510514 -104.865050
365.921431 -94.112941
360.313547 -88.493254
373.990707 -79.486448
364.465430 -79.660380
356.172363 -86.828088
366.310019 -74.624885
359.298011 -74.423305
374.667069 -78.368185
357.614240 -80.019376
371.313178 -84.186413
367.622007 -87.622275
355.434583 -75.164056
361.089032 -79.904638
360.533486 -78.598497
371.063751 -52.490451
366.562718 -63.253947
361.943618 -55.806828
370.087986 -50.550851
366.899547 -57.223203
358.943396 -53.268413
366.716195 -56.826661
364.785121 -58.055982
375.771338 -49.362246
372.219686 -62.809918
369.274472 -51.730735
365.537816 -51.393030
371.128466 -46.380370
374.272222 -36.672859
371.659783 -33.182514
382.104215 -33.047759
373.273910 -31.180834
364.404764 -24.527735
362.973746 -30.675016
370.222518 -34.675843
371.407322 -36.416582
375.549425 -41.624751
373.790974 -30.776944
378.852170 -30.646369
383.317362 -33.158294
365.169573 -27.966518
381.664109 -845.956298
385.755602 -849.623951
384.813594 -849.762177
370.757627 -846.100346
386.870787 -840.461951
370.759386 -840.669569
385.645914 -842.275333
385.438092 -839.248454
386.548108 -851.882236
376.755795 -849.657816
381.156483 -850.091439
382.975649 -846.646751
389.640156 -846.611984
381.275286 -19.991113
385.588785 -18.364326
389.726823 -14.519755
386.419027 -24.075207
392.828826 -25.786555
383.859248 -13.492059
379.403704 -26.620278
396.922806 -24.987429
386.939857 -20.670695
382.346611 -26.370372
388.573565 -7.979187
387.932952 -20.715448
398.380344 -23.213626
412.514832 -856.068587
404.073457 -856.622674
397.990941 -855.651090
402.380511 -857.531638
409.973132 -861.362759
410.386285 -864.739986
402.479733 -849.686089
394.200025 -853.353533
398.835030 -858.521737
400.671849 -857.458638
400.288898 -865.799855
403.714098 -854.249697
404.212039 -862.651467
403.502992 -52.275712
398.098591 -52.343355
402.843590 -50.922465
390.255583 -51.487429
394.275531 -61.996933
393.877012 -46.913207
400.495579 -51.312322
391.961613 -55.819292
400.016081 -50.943306
397.647241 -48.357423
400.366752 -51.206728
403.369622 -46.052520
397.289759 -50.970609
409.041735 -82.548938
405.956385 -62.601910
406.115593 -76.104265
396.166583 -69.389450
395.023694 -73.211459
409.813127 -70.595036
400.614839 -73.741782
401.186925 -72.838360
399.280960 -74.443987
400.883312 -72.341527
403.115746 -68.711521
404.046076 -72.034246
406.646697 -72.196505
409.174554 -90.886055
406.107896 -95.793445
407.333870 -94.063970
405.249170 -93.001231
410.526967 -88.607180
418.626034 -90.052763
401.235987 -91.182213
411.966061 -94.146004
405.709113 -89.717560
406.989641 -94.786153
395.731354 -98.231167
406.008749 -87.865566
408.023704 -97.790073
412.062726 -118.351317
403.817752 -109.999901
412.923183 -114.335195
399.105177 -116.119023
421.051425 -116.153562
399.968909 -120.180240
422.735651 -118.871831
410.541554 -116.742708
417.774614 -116.283675
410.028295 -126.764955
405.497175 -110.285731
409.436983 -113.380315
412.167138 -116.077387
413.890394 -151.018845
413.151142 -142.093904
414.321901 -143.921001
420.187835 -142.556609
405.014225 -137.828559
403.983728 -149.769228
412.317757 -140.314619
414.167838 -142.224841
414.050670 -142.369970
423.870918 -146.356937
419.079951 -139.877481
412.547452 -141.728616
418.324627 -147.814717
413.979216 -163.826216
412.501528 -161.089428
420.590540 -156.585016
423.515244 -164.531511
407.208990 -162.991299
420.012474 -171.665315
415.711629 -158.957256
426.248376 -165.961994
415.262864 -165.588765
412.765077 -167.881745
422.748360 -169.456645
408.884647 -155.265103
417.420158 -167.398524
411.340695 -869.128942
413.409786 -870.407481
424.447308 -878.308655
420.134511 -870.294764
417.189323 -870.132635
415.565113 -874.882884
423.874433 -871.776808
421.395951 -860.896901
422.680884 -867.592252
429.043008 -858.949087
418.018267 -877.950940
421.783263 -870.551818
421.679036 -870.964097
410.758664 -195.208487
420.982873 -189.590337
419.458199 -189.266027
417.330157 -197.977643
413.322542 -189.459963
407.801084 -187.370753
408.039633 -184.158807
413.716815 -180.212667
416.806262 -189.429137
419.076847 -188.415858
416.414521 -193.133288
417.604693 -188.402074
421.046136 -195.337413
415.432700 -209.150855
427.909734 -203.920977
430.447542 -211.479154
421.702913 -206.194649
429.500976 -209.378024
419.326381 -212.649965
411.066937 -208.247435
422.728643 -217.032344
422.019862 -210.209096
427.025101 -219.748504
418.200848 -205.402339
424.406342 -203.511551
426.164392 -217.575548
418.087136 -235.314153
413.096636 -238.471812
420.694368 -233.097424
418.894397 -236.863733
420.880067 -234.160583
418.173951 -233.766007
423.601618 -245.616952
415.087219 -238.181911
411.353346 -234.363293
423.773558 -224.063963
409.379444 -234.322086
424.553074 -241.229182
417.635214 -231.705046
427.581060 -257.574862
423.407839 -268.521232
422.627643 -256.537124
414.184119 -254.081706
420.933056 -257.583537
420.347576 -256.674866
425.438223 -256.695150
420.374073 -257.523824
428.653097 -266.328147
423.390911 -257.140124
412.262748 -257.635246
431.986731 -254.081466
421.695058 -263.405257
416.937229 -281.170106
424.625750 -281.845010
427.697469 -279.391878
416.582978 -293.911291
416.597077 -281.266167
422.305375 -286.956605
426.248496 -285.826985
425.513934 -285.107451
414.644799 -280.097518
426.884530 -285.040380
424.114114 -284.606029
422.993765 -285.904830
424.148644 -288.148231
426.351121 -315.442269
426.454846 -313.879145
421.955466 -310.293595
421.130729 -313.611545
424.402941 -310.048487
424.081754 -311.391786
426.542043 -321.321384
437.089184 -307.831780
429.670626 -315.640265
421.469069 -307.069004
426.380959 -313.041058
424.969199 -314.546288
426.263653 -312.887508
428.701780 -343.220576
426.025277 -339.775614
426.848781 -340.755085
433.162382 -346.638137
435.589718 -342.890686
427.499972 -344.618391
428.762896 -338.017247
432.915613 -342.642453
434.247206 -342.157860
418.059766 -343.378597
429.398267 -335.225763
433.494073 -338.726540
433.657408 -342.994249
429.797739 -381.341901
427.729074 -378.499284
425.310086 -384.642949
432.677243 -373.693545
429.482217 -373.586865
430.881898 -372.514845
430.163624 -373.236253
426.900305 -376.252090
425.984461 -369.608951
429.668917 -375.450937
433.406474 -379.079754
433.816413 -386.136549
436.081285 -378.747486
432.783167 -402.013973
436.637138 -415.767123
431.600358 -412.525031
428.783544 -412.550543
423.195507 -413.142653
427.587408 -401.460772
424.564763 -408.968632
431.412812 -409.829873
425.073870 -402.281720
428.745044 -417.006533
434.320387 -408.941503
431.318752 -413.818902
435.087144 -418.329002
435.022947 -451.593449
427.109315 -448.116697
426.740940 -458.382078
434.693209 -441.089464
438.720504 -450.021472
439.827958 -456.859381
437.369905 -444.468970
429.644296 -452.392557
431.267988 -459.743070
435.078354 -459.111407
430.975247 -446.421749
431.477854 -456.714242
429.735652 -463.333425
432.017642 -481.839505
428.271352 -482.896215
435.892719 -482.168633
435.358151 -479.814037
437.476739 -473.798200
426.422501 -479.183751
435.232275 -473.163888
435.512630 -482.121554
440.162214 -491.919404
432.399816 -493.823084
438.732229 -486.083686
437.244042 -481.989948
427.618572 -491.114332
444.963897 -875.455403
450.617172 -868.097931
446.664222 -882.916154
441.600015 -866.859005
445.427266 -880.439964
449.853798 -874.372854
448.710296 -871.979506
443.780807 -874.030804
450.928697 -866.167135
454.145567 -879.876853
439.307080 -872.336591
438.928881 -872.138388
451.997308 -874.822812
440.501953 -504.569388
433.055317 -512.465320
433.496465 -517.167897
436.919037 -498.577665
440.724599 -507.472410
439.600253 -516.774504
445.565758 -508.387704
433.115517 -509.895189
444.868294 -504.789974
437.159694 -506.940754
436.121565 -507.829989
437.270063 -507.128780
436.136957 -504.424154
438.225334 -538.722241
444.342514 -526.096364
435.187893 -543.521610
430.582120 -530.005728
444.369516 -529.511122
436.747594 -531.544425
443.845907 -530.284329
435.581437 -525.187432
443.782366 -530.496322
434.022779 -543.676162
440.807181 -538.583365
446.934883 -533.416308
441.483154 -531.427923
444.762399 -566.689458
441.932030 -560.495780
435.781457 -559.933551
446.818540 -558.079527
442.566729 -559.989096
442.921379 -562.068306
440.406485 -567.765554
448.282497 -560.202762
443.519318 -560.460549
451.260913 -557.994063
434.176266 -569.257877
438.829522 -561.641833
444.844362 -552.379666
447.518943 -597.930015
447.484434 -591.215130
446.106491 -585.178875
440.103163 -586.042960
445.280203 -582.864189
443.608595 -586.711667
441.902692 -592.546961
444.802075 -587.017555
436.257412 -592.627358
447.815939 -584.825042
445.890541 -590.321083
438.629147 -587.037118
444.625040 -588.279431
447.869632 -606.891022
439.256857 -607.042715
452.126511 -613.874297
448.564275 -618.071902
443.032642 -611.478723
442.021781 -610.609735
446.953578 -608.197388
444.350478 -611.067436
446.853371 -599.046334
444.938334 -616.351611
442.595766 -620.321960
446.471222 -609.190427
446.661650 -608.927806
437.900886 -627.636830
448.497616 -630.967405
447.828877 -621.759446
457.914433 -626.196432
453.317881 -631.233042
449.243586 -630.846981
442.533098 -635.845487
452.151073 -626.622425
446.676986 -633.418749
448.215279 -630.228123
454.124117 -641.858417
456.495654 -630.122977
452.866241 -636.378139
454.940117 -653.805891
456.166297 -647.395969
461.883933 -652.663044
454.383785 -642.804779
447.291920 -656.646129
446.471301 -655.731899
450.855063 -648.402712
445.877338 -645.103307
457.461134 -651.907594
450.250697 -651.904649
453.175761 -655.539049
441.186836 -650.171463
450.333746 -650.794819
451.344042 -684.112034
462.103958 -674.134226
442.152564 -672.865718
453.278883 -674.894233
459.017795 -680.777033
451.460946 -673.002067
452.582193 -677.628504
452.434763 -675.721259
449.764064 -672.386132
450.222650 -684.801658
454.699482 -663.254336
452.466862 -673.570071
450.371104 -661.510691
458.295645 -699.516888
443.763126 -696.626545
454.789634 -696.384797
462.568821 -704.747403
451.319680 -693.462074
448.521965 -695.551236
444.758755 -691.640797
455.340513 -698.936503
454.121310 -698.056203
455.354264 -698.275315
467.044126 -702.339615
455.476986 -698.490877
461.012185 -697.584453
468.642933 -876.068156
463.647068 -883.288386
468.603339 -882.312405
474.755671 -889.150888
473.175919 -873.778647
459.614054 -880.738506
461.324872 -876.470355
465.855647 -887.042149
470.006514 -893.151436
457.991103 -885.890355
466.806515 -876.534899
463.197980 -880.430945
465.037363 -882.514776
464.269775 -728.991693
459.562585 -724.475906
458.866331 -719.532231
457.224232 -727.059575
458.130492 -723.336890
451.106341 -723.936979
457.987892 -718.566766
464.310829 -728.353737
457.275110 -714.449354
458.124883 -720.790468
455.128951 -713.639429
460.950252 -730.473781
456.178809 -727.082158
459.247723 -750.438624
467.258315 -750.623594
463.636726 -747.683498
459.601718 -743.283959
460.796682 -747.378278
463.642096 -750.230029
458.013683 -747.608172
451.066286 -747.833214
456.509108 -753.427163
473.660638 -749.693158
462.631301 -749.732448
461.945879 -738.141912
463.955398 -749.709529
464.862868 -767.088248
476.975375 -774.984847
462.971751 -763.874994
467.611525 -777.661754
465.677029 -772.493284
458.759250 -769.296345
464.429190 -771.283463
466.340760 -766.791714
462.992771 -776.773188
464.348542 -762.943592
474.281186 -763.252693
475.208844 -776.681266
468.982533 -768.936315
473.422334 -800.574992
459.370937 -798.030320
461.458132 -792.032060
469.758850 -796.017763
472.596329 -799.283056
474.671032 -795.135423
467.103270 -792.555599
473.674779 -801.526826
470.342758 -796.092616
475.806929 -803.144654
476.129212 -797.859868
476.703126 -792.299916
474.510730 -787.417987
469.733578 -814.282998
484.030180 -824.766861
473.980678 -814.235561
472.609992 -821.575836
471.987088 -822.128740
482.146289 -809.280181
471.019341 -825.234462
474.310678 -824.563285
468.962306 -818.802833
470.566618 -828.255434
475.098903 -818.657757
479.130933 -815.685725
480.491341 -819.925142
491.254998 -881.256496
486.446418 -886.164696
482.748347 -889.907173
495.812123 -883.931345
483.258045 -897.588489
497.324857 -883.605658
481.963200 -894.856183
485.966692 -888.694071
489.050720 -897.323184
475.476754 -887.935862
481.470120 -894.880457
486.460636 -888.804782
477.325311 -893.717534
492.350356 -831.742381
483.680306 -828.606932
490.309341 -833.428769
492.178786 -844.043701
484.605788 -838.530552
490.389910 -832.421497
493.845848 -838.056990
490.259623 -838.180479
489.998355 -833.966503
495.080645 -843.302929
485.214101 -829.034709
492.886260 -832.789045
492.779398 -823.502722
513.319627 -890.568898
508.170851 -883.671416
511.090958 -888.842157
501.767251 -888.788102
507.244278 -897.713649
506.446827 -894.027429
509.015981 -886.185781
511.338148 -899.101939
509.237981 -890.859612
500.603490 -900.587035
502.517083 -886.950535
509.662850 -895.861905
506.958006 -893.795531
503.394282 -807.157452
504.851885 -811.043541
503.128387 -805.876872
506.039860 -807.725742
504.392752 -806.375552
505.254294 -809.689220
513.729561 -803.623469
500.113507 -805.690156
506.500958 -816.745208
505.431093 -810.448912
507.821353 -815.805115
497.826187 -811.438745
515.538420 -804.958026
502.089299 -777.665778
509.181327 -788.960588
507.472129 -786.752944
509.190553 -780.322326
509.100579 -785.913736
507.619529 -781.850741
508.647017 -786.139532
506.554046 -783.170800
513.373873 -784.114349
514.129968 -785.473580
507.904731 -782.985691
508.900142 -784.971484
502.868555 -789.462704
519.257360 -758.357196
499.809391 -758.028532
500.712501 -756.826832
520.846315 -758.419195
501.896691 -753.208431
510.021920 -756.653851
510.464175 -754.176646
502.826039 -753.218886
521.340007 -753.924717
513.132635 -762.145292
503.278669 -753.730973
514.783578 -753.451987
511.766920 -755.887907
515.895294 -744.231084
518.837577 -732.152644
514.770341 -732.460908
509.769973 -730.242184
507.959036 -739.923236
514.879516 -727.353652
510.227701 -739.997326
511.745867 -735.330620
512.774295 -731.107614
503.745937 -727.606057
516.096836 -735.090287
507.117588 -733.977317
509.216789 -739.389052
507.931271 -711.329700
506.525434 -710.964609
521.493952 -710.904057
523.145023 -712.674098
515.439999 -703.684774
507.404399 -713.556932
518.553604 -703.893031
517.538087 -705.852763
526.096599 -713.267435
506.793811 -712.855792
515.587240 -703.626289
519.233496 -709.021537
515.401817 -705.176774
519.711982 -680.871761
512.023137 -680.864034
519.211886 -679.266303
521.400446 -682.376803
529.130684 -676.343544
521.978859 -684.700295
520.268052 -676.438090
521.827350 -677.939594
520.497539 -679.575460
510.238810 -675.844637
513.409320 -684.370479
526.860651 -677.451945
509.715489 -680.056459
523.377632 -901.709050
534.213051 -903.592779
524.617630 -888.676229
530.769376 -896.809175
531.503933 -907.775810
522.904562 -906.164304
535.067271 -907.938747
527.789986 -895.591271
535.675498 -895.952676
529.352431 -892.072158
527.334414 -897.745540
529.453673 -889.821333
524.064855 -892.846678
512.406224 -652.317407
525.827642 -640.808049
534.757904 -650.311195
529.181929 -651.315186
523.092827 -663.851218
524.061008 -649.039667
524.105120 -655.129639
521.345601 -651.876177
517.011554 -651.387735
519.433401 -662.799755
516.499430 -647.729167
511.473360 -656.233703
517.117424 -654.148362
525.069386 -630.021104
533.569121 -638.316187
519.118145 -621.337249
525.439084 -626.075086
523.792580 -631.323207
515.765913 -633.363423
527.230258 -632.288677
517.417419 -623.349623
525.159631 -644.373459
523.220384 -631.199324
526.054784 -628.794921
521.637661 -632.818004
525.927184 -635.828262
527.291252 -602.938267
525.767594 -610.424542
525.928100 -607.724728
526.642704 -609.326175
531.298277 -612.576434
524.523646 -598.907742
527.755061 -608.946701
526.620665 -602.467966
535.622823 -601.853772
517.763490 -608.505951
522.005860 -616.456648
520.571318 -603.563984
528.571969 -614.194674
529.051611 -594.331294
528.566947 -580.337232
518.635866 -583.825484
535.310258 -577.262030
525.849609 -579.467883
538.009485 -586.272535
522.983344 -577.779962
530.259529 -594.298074
530.063841 -579.791633
521.685226 -586.366454
529.424393 -582.320282
534.913500 -582.744594
531.032132 -577.849433
533.403701 -558.604750
529.703993 -556.933543
528.849274 -555.220194
524.723471 -562.170232
538.381423 -546.767773
531.204374 -555.986303
523.567807 -553.720583
536.124566 -559.065499
529.320808 -563.878579
534.326795 -553.529560
522.719953 -551.595818
529.499356 -554.840333
534.725370 -551.283184
540.619956 -526.105822
528.947750 -527.807136
526.939394 -532.037950
531.295146 -527.749602
531.768985 -526.925647
542.016318 -526.445468
524.863486 -530.292983
535.191711 -527.524888
532.020849 -527.732020
529.707110 -525.542901
525.533525 -524.940974
525.103578 -524.826448
529.554782 -528.081986
534.763584 -498.815098
530.617579 -505.645139
543.640414 -495.134144
536.673286 -492.997236
530.198759 -495.437409
538.982393 -501.882443
534.912882 -499.515905
537.134436 -499.191610
532.582908 -496.246975
544.443167 -497.835204
535.647180 -502.875324
533.087387 -499.243919
530.605558 -504.653229
534.559380 -466.730444
548.115522 -473.856336
536.801290 -480.055204
546.836243 -472.378517
535.028713 -469.838597
532.954455 -458.464607
535.700105 -470.406308
536.893755 -471.092087
535.717102 -469.871492
537.590739 -470.003947
533.298610 -481.533830
535.680257 -469.787104
540.223365 -457.860060
530.076059 -438.313415
534.639845 -446.089639
539.454882 -444.424644
537.961803 -441.151324
531.009780 -437.187373
536.902581 -432.621276
542.141033 -441.022242
545.799927 -445.163695
544.438117 -441.413206
540.044890 -443.204661
535.544608 -435.505006
529.442720 -441.047145
544.550173 -441.334303
544.547834 -411.127779
542.842838 -429.714870
540.703630 -423.656883
545.590098 -429.969913
540.623457 -418.507119
542.275618 -418.825479
538.516497 -422.844146
539.038767 -427.477928
546.330682 -413.946458
550.121213 -425.065235
541.124458 -421.674259
541.933311 -420.008524
546.007987 -429.142781
547.042144 -902.884451
542.482785 -895.778175
548.396776 -903.299335
540.068495 -903.940164
547.989705 -904.513069
538.892020 -904.726237
544.249867 -897.385701
543.707136 -911.309454
543.070495 -899.671842
556.314991 -898.077538
549.991427 -900.578522
545.109751 -904.909741
555.894586 -902.520905
549.796188 -401.970661
543.265334 -396.512878
545.302316 -393.070956
533.543275 -401.058111
541.846466 -399.584338
533.480249 -403.624613
547.278720 -394.724026
537.041370 -397.448417
539.272997 -398.986505
544.085114 -394.764774
542.551982 -395.305938
548.685986 -398.425973
543.109558 -399.440064
546.849076 -385.813230
543.094948 -367.592193
543.999300 -374.822443
541.077698 -364.174525
549.263546 -376.117218
545.230203 -366.443363
541.529650 -385.769751
545.967551 -375.637551
547.338169 -373.715091
536.385092 -376.937941
542.738324 -371.887540
538.201573 -371.622729
544.661960 -379.999061
547.617963 -351.320858
553.284388 -352.114441
556.227861 -344.824117
548.770463 -355.679354
542.878617 -347.310266
548.460015 -345.417308
545.507516 -351.351217
541.096721 -355.564501
538.907249 -359.931704
546.258578 -350.422462
547.003048 -359.493518
541.401898 -349.583298
551.030290 -354.924561
548.645657 -322.816186
543.418850 -320.571960
541.115434 -325.239276
548.747434 -325.077171
548.409336 -311.870657
559.261639 -325.716298
552.519091 -321.907348
546.290049 -321.631879
555.789333 -320.971358
544.606342 -320.620082
549.804357 -326.825161
540.012733 -326.969566
544.744499 -323.335463
548.865363 -296.296083
547.750618 -309.530515
557.389130 -292.946101
551.255628 -288.881132
550.267042 -296.432345
547.608481 -304.888589
538.474185 -298.841317
540.952507 -298.319706
545.220701 -292.574193
551.624476 -309.516382
553.513975 -295.051760
549.285580 -297.954654
539.636857 -293.435990
553.126943 -271.377221
554.792930 -271.234045
555.729394 -271.879856
548.520332 -263.724011
540.884166 -270.474812
550.979213 -273.065401
557.999565 -266.433214
551.460402 -262.685748
557.111458 -272.452246
553.767691 -268.028349
557.631204 -262.714597
557.249498 -259.888898
555.171879 -268.342282
547.399417 -248.640515
555.231358 -247.433556
551.662734 -237.281905
562.966153 -239.066983
555.019613 -243.438004
558.084314 -239.726240
546.655695 -237.670949
556.280169 -241.823793
556.613871 -233.974031
562.280127 -243.215625
551.316398 -241.832942
551.680452 -240.908697
552.190549 -243.507592
562.063681 -223.165145
553.664007 -211.916422
555.300898 -215.997065
550.504304 -209.049983
559.348315 -213.425739
551.914807 -219.963038
546.513163 -218.746127
553.613318 -217.733186
561.097523 -226.769947
549.749963 -226.578366
557.725836 -224.004909
556.842748 -217.182864
561.679615 -222.076653
552.500163 -194.772344
563.617972 -195.325693
562.628185 -188.554455
562.242102 -186.901460
558.499459 -187.972294
549.272481 -187.891841
563.950192 -194.569030
556.180207 -195.189680
555.033504 -187.319729
565.166978 -200.361524
551.303359 -192.270653
553.804164 -189.461362
561.591706 -180.632432
561.251639 -162.660440
549.846934 -164.101254
558.929231 -157.185590
561.541904 -163.163217
570.531992 -164.794886
561.593624 -161.791052
551.433830 -168.540607
556.274516 -169.060512
551.751395 -157.217744
561.287363 -172.258264
559.325283 -154.612993
568.099120 -164.163988
566.766645 -172.231145
569.786558 -140.044928
561.421820 -141.746861
565.692869 -135.752932
559.713148 -138.993963
570.663073 -135.874054
562.950146 -140.435855
569.455193 -143.212538
565.023643 -143.729937
572.002460 -133.695710
556.389365 -141.534680
562.609877 -138.321671
559.145269 -137.134659
562.806090 -138.448423
568.504194 -908.293636
573.210090 -891.967185
571.755106 -910.551701
558.378162 -906.239884
567.247441 -911.345077
568.764276 -896.520755
569.821596 -902.897307
558.229560 -901.355554
566.632974 -914.778124
573.581620 -910.237517
567.788732 -912.482563
564.823113 -899.192297
565.995050 -914.819793
565.283385 -112.244316
563.991546 -115.185297
565.885496 -117.781639
564.652898 -116.337296
566.004793 -115.706090
565.395722 -124.060032
568.711633 -104.862341
562.771604 -115.909885
561.731383 -117.615289
574.901321 -115.453612
573.377004 -121.917787
566.052132 -111.711016
556.061287 -112.836532
579.178506 -87.741123
571.778690 -94.061989
558.803361 -84.339603
558.938897 -86.941494
570.304609 -90.536721
561.303043 -86.090797
560.538998 -83.601741
562.129200 -87.461100
569.777209 -87.674156
566.942816 -88.676321
577.722013 -92.337069
576.559138 -83.771692
567.281829 -81.598762
568.448953 -59.304286
579.986078 -52.693728
564.551614 -60.070325
576.982879 -68.487797
570.636191 -59.416198
565.829166 -59.257802
569.058385 -58.915059
564.022552 -58.597782
560.752202 -57.386140
567.736034 -57.932079
570.897994 -59.226621
568.200301 -60.900254
569.861870 -62.952331
568.242296 -37.043763
584.337281 -29.874053
576.002513 -43.102042
576.053935 -37.071188
567.073392 -34.276345
584.859901 -35.710653
572.047836 -40.201174
572.830236 -35.237718
574.357562 -35.699290
570.072393 -37.243742
579.785773 -34.729134
569.403830 -26.196854
575.110637 -36.211212
589.888433 -16.005278
594.828278 -11.363920
586.969315 -6.667186
592.522621 -16.205431
580.434217 -17.186479
589.584978 -11.942142
583.135745 -24.966265
587.063777 -10.508422
589.837730 -23.447067
588.977914 -11.492333
584.570984 -13.896415
587.003703 -5.240625
594.221759 -11.921050
594.017519 -900.976879
594.663002 -898.184516
596.808304 -907.455529
587.886265 -902.343594
593.027467 -914.161847
593.893413 -912.907756
584.287800 -899.092237
589.565715 -911.202264
588.084041 -904.115158
582.874383 -903.206269
586.778372 -902.502226
601.276529 -903.794125
598.368581 -909.705320
597.866372 -48.791772
605.974604 -49.089161
603.600651 -46.981929
597.215363 -51.495010
591.868728 -46.159461
599.180739 -47.777389
601.355116 -43.939303
610.944146 -51.547180
602.178608 -38.091891
592.844936 -38.020616
600.366251 -42.203808
592.197539 -50.247846
590.630485 -46.182851
605.833472 -60.721323
605.687354 -68.687747
603.973545 -54.767739
602.682998 -69.716515
606.465153 -66.439222
614.305312 -57.179469
598.062504 -69.095154
599.173391 -66.356039
600.480562 -64.539776
609.175899 -75.324007
602.812585 -68.591484
606.789915 -55.854235
600.051923 -66.834500
608.558029 -897.596420
615.133480 -895.362038
611.179101 -904.710844
614.826186 -901.041993
612.027369 -906.401254
607.758196 -910.995834
615.165750 -912.951172
615.006244 -905.686165
606.814490 -909.951423
612.739406 -899.742178
607.867649 -912.261806
621.574586 -901.001604
611.559089 -905.841044
605.129838 -93.274571
615.654453 -90.575687
604.330085 -85.612455
611.096999 -97.251484
606.996035 -88.905462
603.688242 -94.774474
606.996286 -86.573547
602.468576 -86.811814
602.691271 -92.418426
613.393070 -81.854767
610.084780 -86.072996
610.476426 -88.984371
614.844152 -86.326677
616.466385 -106.243620
614.200697 -111.868255
614.535329 -112.990852
608.328272 -111.009514
619.008087 -115.006352
609.914907 -109.312934
606.992725 -114.238983
614.313041 -111.030934
621.318258 -102.351489
617.293895 -113.429786
614.750044 -111.144121
615.566318 -108.741557
611.250784 -113.836608
621.429656 -134.975867
616.417579 -138.096448
620.461540 -141.572680
619.476493 -132.678408
619.543980 -135.546619
624.427872 -124.549423
616.488698 -133.835210
610.186633 -127.373504
617.632481 -133.935344
619.237523 -129.559284
615.470447 -145.266282
607.710957 -139.454820
617.144819 -132.123186
614.096676 -150.154662
623.084967 -150.292786
623.896341 -150.129954
614.461025 -157.512547
625.175712 -151.096258
627.717844 -163.180252
619.960161 -149.048198
617.495047 -154.770148
620.442840 -148.645866
621.496840 -164.913767
617.879212 -160.650902
628.259607 -152.239326
623.659732 -154.981262
617.740627 -171.213544
623.091559 -177.188970
627.091123 -186.064838
615.228194 -170.903843
622.157447 -177.675799
628.189047 -189.961089
630.047156 -185.719739
620.612123 -180.069128
622.996219 -176.629247
629.796930 -176.808192
632.453473 -179.945007
633.433759 -177.082504
624.904952 -168.753202
623.979293 -911.093553
626.565941 -904.587093
633.386103 -912.130450
631.600585 -901.479351
629.247094 -906.840180
637.670702 -903.478516
636.052358 -903.714301
636.810062 -907.337708
632.610155 -906.719817
632.604235 -916.407931
632.808529 -915.599710
631.987698 -906.848066
635.546263 -904.778144
624.882790 -202.995789
616.109722 -204.041725
627.642937 -200.626357
623.496004 -194.820241
617.132278 -203.973724
633.424639 -193.565951
626.793147 -200.584221
626.792775 -198.076675
620.746712 -202.688966
626.187636 -198.329450
630.474789 -198.458931
618.955070 -199.873552
623.420398 -198.556237
633.172796 -218.913952
630.596900 -221.328258
630.635826 -223.558169
635.678834 -222.121353
629.582095 -222.210443
626.893148 -227.006731
630.806068 -222.477507
629.344166 -219.932772
632.131885 -221.823820
631.519707 -229.902563
632.044492 -219.005013
618.790258 -217.879393
636.442835 -219.720259
637.494995 -242.038120
636.764442 -249.524041
630.504179 -232.337417
625.821868 -236.352813
638.527149 -241.549261
634.741042 -245.495332
631.321012 -245.761765
628.615792 -244.651495
632.987444 -246.422248
621.994328 -244.314626
634.863576 -252.952419
634.109896 -244.617338
633.382299 -253.577040
634.520234 -271.118254
635.532553 -265.524733
635.838173 -266.286724
629.330307 -270.099673
634.112766 -276.869164
635.899333 -266.310105
632.720082 -266.031552
633.939199 -267.937535
644.362940 -258.096210
638.587788 -269.294147
624.718550 -265.133929
641.169654 -267.831381
639.383621 -272.493033
639.548416 -290.565110
644.451911 -290.383648
645.013336 -290.225138
640.243341 -295.820578
635.545993 -299.493637
640.466116 -285.967475
647.551446 -285.325747
641.120548 -284.027949
643.317638 -295.470385
629.985773 -285.990342
641.654851 -284.033337
634.707285 -288.885584
640.679734 -293.189861
640.093891 -318.701277
630.450924 -313.951337
649.302302 -324.732974
643.811686 -318.397247
645.574522 -315.679260
634.353529 -308.216360
638.781949 -306.258731
634.598990 -311.804891
642.200329 -315.532373
643.269001 -314.357785
641.528216 -311.068817
640.550301 -314.925123
641.046610 -318.356422
643.643955 -328.609894
641.422225 -337.684926
645.389203 -342.233468
646.025006 -344.485888
645.080380 -335.523280
645.248700 -343.783388
652.729505 -345.764713
638.928968 -350.808955
650.973053 -332.037181
646.406305 -334.961994
646.505336 -339.385225
645.007733 -335.450998
645.196356 -338.715607
653.664468 -917.073231
653.964213 -905.921434
654.766565 -904.420030
660.108211 -905.920265
654.314540 -912.000687
649.174385 -905.490399
650.312442 -908.953794
656.515977 -911.784717
654.003848 -905.981470
649.980549 -908.365010
654.002746 -905.971186
657.889380 -901.124277
646.057992 -896.670964
644.940712 -363.183503
645.884091 -362.296486
646.897353 -353.290393
639.077672 -358.797378
648.712895 -362.460516
646.949976 -354.449681
658.644050 -358.608516
646.385308 -363.231550
649.514629 -366.747196
650.456074 -363.001517
643.554885 -370.771454
642.120388 -354.679628
642.420999 -366.179072
655.673991 -397.844585
653.538792 -391.385258
650.778545 -391.828202
651.624489 -394.112372
651.524970 -394.399942
646.280031 -384.347623
650.246989 -380.942821
639.238915 -391.456341
650.845289 -388.147977
646.153689 -383.305487
658.423976 -395.275977
652.956175 -389.105872
650.606510 -395.795065
655.652396 -409.319775
656.233643 -411.647928
644.257063 -411.260025
650.708251 -407.027895
651.914111 -419.837952
650.607166 -412.257667
645.118383 -415.107401
649.333515 -414.926089
647.968899 -425.490315
653.145345 -415.787207
663.055116 -415.966284
656.112344 -423.961241
646.248116 -414.587611
659.802395 -447.832224
657.850317 -440.884864
659.695332 -449.856398
658.722032 -450.174664
656.776512 -440.849905
645.498349 -440.878089
653.184826 -449.976087
658.875705 -441.649396
648.810267 -434.515849
651.376811 -444.216194
656.507678 -440.575942
656.528313 -440.578670
656.151060 -441.318896
659.096008 -466.073459
666.188556 -465.895969
660.100891 -463.375931
663.471786 -460.847171
656.183777 -465.622080
663.838219 -463.571737
660.302944 -464.520112
662.349179 -458.214950
655.528141 -462.963939
659.834503 -464.418553
658.309967 -468.583782
656.364678 -456.950312
653.855371 -459.787862
652.767590 -499.790448
668.699065 -501.920762
662.189097 -489.636077
662.139626 -498.891785
663.649224 -497.569757
660.104567 -487.099399
669.890069 -488.750221
664.480802 -493.477989
659.519426 -494.054272
662.697401 -494.300063
663.512946 -492.488166
669.187281 -489.187995
662.146777 -491.404300
665.534234 -519.722208
663.591740 -523.344851
665.291172 -520.138629
663.031692 -523.546538
677.354649 -517.254143
658.637581 -510.084822
660.088772 -517.908104
674.545687 -517.866017
664.793541 -520.640972
674.964369 -513.134927
665.196819 -520.196952
654.032409 -520.936040
666.680545 -518.103814
682.860160 -914.099390
676.987077 -899.333314
671.183848 -915.613828
675.265345 -904.987333
681.294152 -907.255672
665.947989 -898.623070
675.726548 -894.120203
680.947868 -897.469148
683.384966 -907.474201
681.723362 -912.199473
670.182904 -903.603973
680.257454 -901.580996
672.007522 -893.050396
668.386046 -548.946149
657.525546 -553.278149
662.684464 -549.101629
669.527154 -551.616634
677.287057 -546.482945
677.933970 -544.254399
671.549044 -549.319307
659.024782 -541.520134
660.509632 -556.155840
671.006351 -556.554531
666.057968 -552.946299
669.370338 -551.609417
671.647500 -547.642821
667.115399 -576.928522
673.797011 -576.460585
674.938027 -582.303873
666.707330 -574.814162
671.247005 -572.588846
662.109112 -568.866930
679.543613 -569.081844
669.384550 -584.631246
673.372786 -567.122717
677.324222 -580.589137
672.849396 -570.077706
668.361258 -582.164297
675.737178 -572.114545
675.569047 -599.029898
672.666902 -594.360740
679.106781 -599.916631
666.876826 -594.105509
668.755361 -602.668379
674.368111 -599.935792
668.428112 -592.357092
671.549546 -592.825129
672.390815 -593.754277
671.284587 -602.942323
671.257441 -588.784350
672.495121 -595.132791
665.250601 -595.180490
672.770246 -621.545190
673.961821 -615.824549
674.657115 -615.384992
684.047907 -613.345880
684.883704 -618.241394
674.863995 -616.735323
679.344344 -624.545118
680.569456 -609.994141
675.298163 -614.433653
682.005775 -620.601534
683.172909 -617.416003
673.304678 -625.277912
674.402225 -618.126233
683.327182 -643.484934
676.273388 -637.310987
674.325547 -636.842590
677.181353 -635.548491
680.835681 -633.083699
676.186594 -641.342006
668.590741 -643.735041
672.126956 -648.173299
676.601116 -631.316714
677.515525 -636.562104
687.273697 -641.766302
669.071468 -636.959169
668.543404 -632.556752
690.220741 -661.191413
680.681268 -669.243740
681.906999 -662.507307
671.349904 -668.207919
675.795033 -659.466346
684.619383 -663.018945
676.986239 -662.851348
687.763046 -660.647311
681.314691 -659.599363
677.043375 -662.578548
681.455406 -666.113889
685.903379 -665.616743
676.190768 -663.832466
685.256242 -693.198971
694.676863 -691.883382
682.736629 -690.501247
678.145603 -701.008882
678.138996 -698.819423
676.629823 -684.283100
678.953423 -701.352582
680.064961 -689.025803
675.465532 -687.082163
672.552240 -692.482659
680.498678 -693.482409
674.353523 -695.135988
681.411929 -692.187805
679.524436 -719.180887
685.533150 -716.913612
680.225675 -720.102241
684.212326 -721.703773
685.937990 -721.697291
684.107450 -711.078648
689.817287 -712.391737
688.315312 -718.544592
687.868007 -712.687065
688.608377 -727.793541
693.900534 -715.248080
684.385987 -709.175685
680.536759 -731.278923
696.985036 -898.340832
701.605962 -899.702047
689.566137 -899.056645
700.940365 -904.249029
695.222663 -894.931854
701.269971 -901.843445
704.544727 -908.450083
694.744382 -897.978408
697.689078 -906.038236
685.815955 -905.417675
698.347672 -901.876484
693.899202 -901.486299
693.275322 -901.426665
682.490085 -752.963501
692.084928 -756.793282
677.661714 -743.836468
689.497458 -749.345990
679.469370 -751.686553
692.585203 -742.832320
684.620975 -749.288292
690.840157 -739.786016
695.263919 -736.427788
687.993822 -744.846785
691.306404 -748.186054
691.931212 -743.659323
698.316744 -750.527393
693.327679 -766.255176
689.506826 -763.557164
687.774688 -767.358176
681.682812 -771.896322
689.439162 -778.292662
685.671808 -777.327841
698.046339 -764.077490
683.366615 -774.569834
695.248065 -767.249811
688.230889 -767.206149
684.221729 -763.954377
686.567751 -762.989650
687.885738 -760.980728
693.926218 -794.734970
695.793760 -788.449245
695.619865 -789.189332
695.223717 -788.586825
699.259013 -786.955211
702.615875 -792.178194
695.964289 -788.401920
697.685140 -791.099693
703.202168 -781.222336
691.278955 -790.026180
694.939560 -798.597374
699.104105 -792.274223
693.163689 -790.266137
698.435063 -812.729035
700.856902 -811.424806
698.423149 -812.063430
709.052165 -816.644901
705.762929 -802.408942
697.068376 -813.882569
701.431042 -813.755107
694.629369 -808.235749
695.453839 -816.151309
705.616117 -813.191495
699.055693 -809.776629
699.694740 -811.272645
706.603339 -821.300468
707.438396 -835.143371
707.606956 -845.005352
710.950250 -831.417307
706.042511 -833.989589
705.732150 -830.421015
697.675905 -829.009119
707.606630 -836.173979
716.709718 -832.616933
717.256904 -834.127639
712.682265 -837.689997
717.278932 -841.091527
704.224628 -837.789623
714.896322 -835.379657
721.034118 -900.781331
718.385394 -901.222199
718.009002 -900.164099
711.333762 -903.292705
717.868309 -892.794178
718.052968 -896.972521
722.745668 -898.541525
723.776129 -891.082228
714.679767 -898.819393
726.993220 -901.391096
723.144633 -899.986133
713.190744 -890.972963
725.457159 -903.113506
715.493995 -838.567894
722.607295 -844.986146
728.827977 -853.634686
727.933722 -835.560310
719.954205 -850.133127
722.063978 -845.045743
719.109772 -838.775761
723.337493 -837.158993
722.897441 -844.346777
729.118272 -849.951001
724.123583 -843.039140
714.739934 -838.995877
727.013913 -836.272951
734.296484 -889.384970
735.145590 -895.709042
736.210593 -902.226224
737.293761 -895.299677
746.527137 -903.028057
737.519970 -896.035761
738.884959 -896.178825
744.311262 -904.142255
746.885713 -898.452203
737.472939 -899.747064
731.591968 -888.694170
726.592443 -899.726444
729.484394 -889.676762
744.191958 -805.980801
738.323724 -815.148098
731.475650 -820.652585
744.993904 -818.753172
743.030508 -818.825363
733.594624 -808.427853
738.563209 -811.047430
728.461300 -814.736099
737.936034 -815.216057
736.172000 -816.533846
744.905802 -820.971466
727.266656 -815.692557
739.779334 -816.237532
746.550732 -798.947202
751.220634 -797.757081
741.837075 -795.145767
745.152131 -783.844961
740.769601 -797.939312
746.178044 -792.227678
741.600497 -792.672972
750.043873 -794.108359
737.753478 -785.090315
748.314788 -785.009687
739.197550 -789.740787
743.052063 -792.093178
739.569884 -783.793406
751.510959 -769.516546
745.137793 -769.415730
748.360905 -769.300349
742.603884 -766.987808
755.463803 -764.011937
744.765799 -768.385635
748.098193 -778.331642
748.920726 -769.642668
748.773427 -770.646073
757.362277 -767.136840
746.009515 -768.500651
746.730698 -759.674982
742.748669 -762.347158
756.344818 -740.585201
752.649293 -742.648694
746.382932 -741.902757
751.703613 -747.265625
746.565004 -743.337847
748.593756 -742.378543
746.032219 -743.804078
752.776414 -736.676273
750.104665 -745.455284
750.955092 -733.124422
749.165370 -738.966350
747.478623 -744.729033
738.929336 -739.414769
765.420528 -891.592763
763.816527 -895.216807
762.339442 -883.765281
757.495047 -894.697235
749.343791 -885.756668
762.547715 -884.860552
760.650582 -889.631578
757.644557 -879.377153
750.257216 -886.471111
764.325796 -894.629587
763.822486 -889.549788
760.988870 -889.876036
759.277479 -881.233572
756.302824 -721.393898
755.493195 -723.598722
755.265453 -719.754598
750.808298 -718.509898
748.464499 -720.521791
754.144394 -720.983527
750.923961 -718.179410
759.695471 -729.453057
760.266078 -713.807755
748.560317 -715.947060
752.939244 -720.168862
756.390627 -716.568039
755.992207 -726.924664
754.350477 -690.208375
757.658364 -704.058792
760.300524 -694.505278
758.079048 -694.870457
757.472433 -706.052171
746.560449 -706.116798
764.073609 -706.601960
761.424196 -707.825496
762.036976 -696.059811
751.471302 -706.954006
754.806650 -695.928644
752.611635 -694.507671
757.614638 -698.930673
758.987604 -674.062702
761.892096 -677.430280
754.393007 -686.191670
752.381894 -674.539810
757.293923 -674.768669
762.245190 -680.572424
769.677180 -669.877099
759.376554 -677.861935
768.303252 -680.254079
769.122942 -670.505802
759.772697 -677.283515
759.688261 -679.462823
762.013151 -673.964332
763.174601 -649.522806
772.402250 -648.438533
771.730730 -651.443732
767.140009 -643.048143
760.253417 -648.076718
750.714662 -651.171808
771.481342 -651.080938
764.258749 -648.938514
758.481503 -644.898171
764.179422 -647.246766
760.484851 -647.915576
757.719579 -652.462045
750.913320 -649.218545
764.450037 -624.107208
755.058440 -617.120556
764.647460 -618.414554
760.170438 -618.800152
769.520143 -625.120751
752.336683 -619.565848
767.744949 -607.532647
763.259969 -610.794967
765.109116 -610.866333
769.798661 -611.314070
771.612478 -616.930293
765.970104 -622.468072
768.107752 -609.862308
769.610673 -586.634538
762.345713 -583.138031
770.188863 -590.487971
768.071423 -594.117367
762.480333 -591.736750
766.642882 -592.366538
777.109855 -588.778228
770.100708 -590.252662
764.289463 -596.534585
768.952393 -591.222839
761.959808 -595.459657
767.907704 -590.407980
767.464306 -591.930692
781.048350 -562.478625
767.077013 -572.693349
762.867166 -557.706648
763.464860 -556.602450
771.663023 -559.776976
776.847603 -558.923722
775.920935 -576.711611
772.456301 -569.721906
777.690286 -565.033789
766.396308 -573.692202
763.355563 -567.324437
771.109532 -567.358157
769.371636 -565.878367
778.925781 -554.074597
771.867312 -545.279330
775.502673 -544.336325
760.909729 -550.738981
765.749965 -554.086917
772.682807 -534.267758
774.183704 -546.328496
770.632798 -541.485223
767.704563 -542.853003
777.184550 -542.554289
772.648557 -547.919712
780.084796 -535.931085
773.404800 -543.379984
778.771488 -885.337871
777.467796 -880.795312
777.736947 -892.242166
787.758200 -883.196406
787.380365 -892.641488
780.315925 -884.926611
778.806577 -892.672709
777.232189 -884.099907
780.339240 -887.019243
787.782553 -894.303752
786.159839 -888.027441
781.879124 -876.257729
773.427881 -885.424667
772.525712 -520.511827
776.615414 -517.638154
771.667975 -520.032267
772.225290 -521.596753
777.984872 -520.144311
768.953302 -510.256565
770.192462 -519.189139
781.142121 -523.287791
781.229353 -521.541028
767.567062 -527.587824
774.621840 -516.350547
767.296777 -522.331368
774.345046 -529.002756
775.723797 -492.850437
777.556690 -510.795866
774.937668 -497.429449
780.781806 -493.792510
776.075460 -502.699786
770.303024 -495.486044
770.239144 -496.874556
771.038818 -504.824372
772.744200 -504.021454
778.286335 -490.833445
775.751645 -499.907750
775.026959 -498.854589
776.808690 -495.934215
775.047322 -474.851711
772.194583 -474.338636
769.205911 -479.892554
782.730527 -478.763577
770.377131 -471.116181
781.021176 -471.539085
781.760012 -476.767100
785.938704 -476.731554
772.898076 -475.049926
776.271464 -477.795117
778.191042 -475.092913
779.344128 -468.349067
773.563208 -475.628041
788.034284 -446.711454
777.941424 -448.894426
779.723747 -451.807758
780.832357 -448.637471
780.282075 -450.746378
767.778892 -450.590804
784.310973 -448.998491
783.179326 -449.118397
778.911302 -454.601421
779.010337 -443.618500
780.603660 -448.762312
786.631904 -445.103484
778.613006 -445.781527
769.483396 -416.529219
779.711231 -421.284135
782.105442 -418.662862
776.325626 -406.525891
779.841724 -413.896849
779.406910 -409.532104
782.336553 -420.812007
786.583265 -413.219710
779.201584 -410.668594
786.402671 -422.939407
784.603173 -424.782324
780.177035 -422.564249
787.913884 -424.952593
785.791990 -390.506364
790.559137 -378.241465
772.567010 -382.212047
783.261793 -388.805761
782.626488 -388.277249
791.670761 -387.558490
780.220093 -377.565092
782.203662 -382.581228
783.482298 -387.951503
783.530683 -388.106226
782.916815 -385.165200
793.774212 -382.352624
793.029302 -387.553509
785.548548 -356.455745
790.267031 -354.165039
778.743195 -359.426920
788.431327 -357.625204
787.694752 -355.375850
782.127176 -362.957846
790.266850 -356.582818
788.854152 -349.346235
787.844196 -360.427893
786.065589 -363.460697
785.375451 -359.358431
787.642358 -359.153526
777.209466 -350.376351
795.382626 -326.521596
780.331931 -325.181276
786.156873 -337.513236
788.971225 -327.199818
793.437435 -339.645794
797.889768 -331.064077
784.877268 -338.035821
793.259580 -321.521837
792.284103 -332.825447
795.102301 -338.087855
782.843368 -338.321986
789.890314 -327.544352
790.126293 -331.812277
788.654841 -302.478829
788.820228 -303.481597
789.873042 -294.385283
788.294595 -293.631810
784.715461 -309.241841
795.324980 -298.459567
793.631265 -301.165872
789.782115 -304.859059
786.075168 -293.676609
794.634258 -294.947182
785.161552 -312.233046
799.715652 -300.654862
795.247449 -305.439892
799.212795 -280.013139
785.261980 -265.786799
798.661217 -281.289147
791.915751 -281.884202
793.957497 -269.270300
792.895465 -276.200671
782.255490 -281.449922
799.749854 -277.968642
793.478512 -270.242963
784.418030 -281.688282
803.328026 -274.121159
789.180358 -270.989691
800.406471 -276.240391
794.349885 -250.729710
794.460687 -250.650259
794.817523 -252.144080
789.370996 -258.284112
799.963591 -251.759072
799.603948 -244.013520
795.094428 -248.409117
793.022857 -248.691973
802.575577 -244.789485
795.401906 -247.032880
791.002706 -244.531553
787.572465 -245.492562
796.231785 -249.732326
797.240774 -869.726706
807.191968 -871.049713
801.461071 -879.685309
805.833617 -888.761962
796.421720 -875.093197
790.758438 -873.156269
804.171390 -879.209861
801.620074 -877.490476
810.894252 -877.264002
800.795718 -879.736620
806.624969 -886.148223
795.946602 -882.273336
802.875249 -883.870314
794.684231 -226.578673
789.987177 -222.479333
796.781415 -227.339605
795.703060 -226.453420
790.230499 -228.930954
790.186832 -235.958879
796.872874 -237.410661
795.697365 -232.460791
804.376794 -219.755865
795.328494 -226.514453
789.903879 -225.800460
796.212110 -223.403311
794.216748 -217.455962
799.709159 -205.156187
797.787302 -203.361271
803.176320 -199.055583
806.827085 -200.260922
797.825017 -201.077245
793.892613 -202.397534
802.511055 -207.965808
792.679575 -201.892549
802.299728 -201.612393
800.516191 -200.783680
799.711963 -191.768714
798.949378 -206.007148
799.535256 -208.257917
794.187992 -169.357264
805.074558 -181.758747
800.800678 -182.021887
805.904280 -184.239763
808.216519 -181.977444
800.072825 -179.878761
794.859542 -178.994103
801.447993 -185.302244
807.324472 -179.223799
798.259802 -182.975590
800.509519 -174.705879
801.041928 -179.058772
799.080065 -182.629661
798.867925 -155.625815
800.838007 -157.103276
792.476713 -151.050683
802.832195 -147.957141
794.253880 -154.198114
802.164602 -150.028944
801.767426 -153.678333
804.779406 -148.688720
810.448553 -156.815497
803.348383 -147.398739
800.331594 -142.427476
805.583021 -163.453406
808.589149 -146.841827
804.066683 -120.021938
807.387624 -123.459468
806.002353 -126.233924
800.776021 -128.190813
795.501158 -132.057890
803.541520 -117.662815
809.323541 -118.906462
805.753484 -126.311349
807.457025 -129.495989
813.513188 -132.407319
794.192589 -130.475211
804.666970 -137.662243
808.756727 -123.089618
810.025948 -100.687585
807.907855 -102.129297
813.751642 -91.201036
808.533026 -101.059704
806.247925 -91.566529
817.873042 -99.612994
810.398444 -99.888410
807.339168 -100.890300
813.943813 -110.757928
803.222974 -111.053727
805.141133 -104.516381
808.966511 -102.162881
811.041738 -112.653941
812.602884 -81.565381
818.981021 -74.661400
810.208167 -78.066987
809.684497 -81.354068
814.648089 -77.001526
811.647398 -78.682342
814.267304 -76.163089
815.776830 -88.187756
812.740612 -78.217888
817.821730 -88.756960
802.083216 -76.368248
808.461385 -80.686436
806.802192 -77.616023
824.546230 -858.938803
826.146931 -866.965964
820.697974 -869.219531
820.857131 -869.822264
825.008520 -873.403924
833.919707 -869.517737
817.258526 -873.087210
812.514157 -864.134675
819.074552 -878.607493
822.426539 -870.342118
822.675029 -858.116980
826.550717 -865.732765
820.452138 -878.251940
824.070818 -53.294622
814.609231 -54.091524
824.853461 -49.775385
814.267968 -53.374517
806.103327 -51.139845
806.122474 -48.241765
824.262699 -61.460696
806.649185 -50.680047
818.888657 -55.983495
816.053368 -55.154199
816.535756 -53.423410
806.076995 -47.865152
816.527257 -53.828673
830.031911 -25.617091
820.193157 -28.895137
814.308420 -32.464199
822.332025 -29.994015
822.851024 -19.930057
817.503974 -40.740851
816.960989 -18.658726
818.062412 -20.398186
826.862241 -22.042662
819.857735 -33.635666
820.371069 -30.536808
822.734860 -18.454110
823.022172 -29.708746
827.453231 -15.940944
833.735510 -3.567331
832.264559 -11.003025
834.030885 -8.679359
837.302098 -11.101221
837.092487 -9.209292
832.758773 -1.627941
834.775240 -7.255019
838.115853 -10.556602
836.332893 -4.877564
835.963698 -2.555084
835.857194 -7.044396
833.495813 -9.109332
842.722200 -872.678110
849.424707 -859.943509
846.895432 -860.679217
838.983020 -854.827200
838.686750 -855.228099
843.023682 -860.891683
842.356974 -872.469230
846.677929 -859.226188
840.716255 -863.488919
844.287292 -860.166856
847.579596 -865.167070
839.900900 -854.883097
836.244450 -860.299089
852.411589 -16.609178
846.860254 -27.223940
849.818967 -26.268564
848.089597 -26.735951
848.739708 -21.013453
847.073682 -27.511740
837.764164 -32.343605
847.971687 -17.200152
846.763827 -29.798976
837.360115 -20.574099
848.358460 -28.395273
850.590177 -28.720677
849.817950 -27.452989
840.382032 -51.733792
851.170750 -52.301602
861.912551 -44.756355
855.289937 -49.998451
844.871658 -44.417571
844.960827 -58.547801
849.017531 -52.770331
857.590455 -43.218490
851.806704 -55.775712
850.916096 -45.519839
853.599158 -50.780102
850.732833 -47.451559
844.808312 -46.986956
849.455365 -70.732377
851.526558 -72.736294
860.392613 -77.042914
856.867652 -70.478197
848.266499 -76.384249
855.649587 -69.580216
853.806372 -67.099073
857.126214 -81.057187
847.758041 -64.145562
854.551063 -76.362584
851.416815 -73.939696
854.282972 -72.579570
859.395847 -72.779278
860.422283 -857.223830
870.858812 -854.036975
866.007785 -840.715480
864.372097 -858.036999
863.416324 -848.917672
870.286358 -853.356713
853.619006 -855.073104
856.621244 -851.103515
868.844502 -849.513003
859.051353 -847.948860
864.375131 -850.780289
855.421601 -843.394840
862.411025 -852.713408
861.353555 -96.242115
867.644230 -91.172294
856.259798 -88.663683
850.708888 -98.323621
860.811586 -93.927774
863.460331 -101.161774
867.146381 -91.873507
860.203362 -92.928123
860.149191 -96.671242
861.380505 -94.870320
861.611755 -107.584056
858.808316 -98.934114
856.932517 -98.983714
861.490244 -115.652953
862.394716 -117.185593
864.791494 -125.099295
875.828204 -121.999499
856.233690 -111.530440
852.466243 -118.520880
870.552384 -129.484825
854.403241 -114.013951
865.512771 -119.556700
857.264639 -115.139191
869.063240 -120.004464
864.624477 -119.411295
863.450519 -119.121902
869.566569 -148.330556
866.770101 -146.079045
872.267275 -141.127985
870.070946 -142.909119
874.272278 -145.809454
879.486569 -143.309764
863.652208 -150.310474
869.472469 -143.081836
871.215518 -139.840967
869.735813 -140.905014
868.288287 -133.323800
871.346948 -135.477802
869.405948 -142.513566
871.482646 -167.765826
864.550168 -171.531837
872.433021 -162.776300
866.362729 -171.544938
875.421152 -163.481572
870.717806 -175.356582
869.366056 -160.697826
880.210729 -173.113429
869.086740 -157.753586
867.993544 -167.479889
871.607647 -167.969540
871.278542 -167.521616
878.820899 -172.492916
878.472507 -186.533319
880.362935 -193.510095
878.470467 -190.069790
873.393334 -190.812704
871.567799 -192.264807
886.720721 -188.388292
882.559979 -183.550480
867.300640 -195.725925
874.486866 -189.068252
872.121923 -187.232690
879.041042 -199.823700
878.496182 -194.585461
878.219945 -187.084808
873.433420 -219.263917
873.586336 -217.763558
885.854333 -218.881774
874.745666 -222.757819
872.978561 -205.628067
884.283850 -221.307229
872.802353 -211.301254
883.880855 -204.601617
868.933939 -221.623964
886.960141 -206.514646
877.269341 -213.421241
871.371417 -211.749565
879.191231 -211.874656
894.585347 -831.483401
889.627725 -838.371858
876.846901 -845.201487
881.305235 -838.531491
893.241088 -835.361341
891.920665 -844.172559
877.141301 -833.402303
888.790912 -834.060101
889.973399 -837.517251
887.122113 -834.404988
890.123332 -831.240579
885.815956 -834.113207
882.886282 -835.176260
879.781604 -237.827241
886.549363 -232.090064
880.349499 -238.837501
880.507116 -238.385029
877.600062 -239.570795
889.295175 -236.440194
878.929791 -235.817057
888.078530 -239.271747
877.592643 -237.910003
874.728027 -234.532241
877.807453 -227.904953
880.218871 -228.926916
889.830586 -246.744764
883.275847 -256.355572
875.218069 -271.659236
883.146125 -263.628245
880.613125 -265.518725
886.071575 -260.916806
884.180947 -262.949396
872.587187 -267.664873
883.003247 -261.391027
881.948681 -267.446459
878.895990 -262.811396
883.466033 -262.841040
881.324156 -257.074947
883.112133 -262.018275
886.198012 -290.961414
891.360416 -280.799345
888.369084 -290.037665
894.745198 -279.647673
888.744745 -287.675008
885.914048 -290.367045
877.309829 -279.321088
883.420248 -281.524396
874.597960 -284.458687
881.821497 -280.857756
888.023638 -288.643002
886.691105 -286.888166
882.062009 -297.598641
885.335368 -301.689535
896.837723 -309.895545
888.547944 -311.558333
889.490070 -311.379117
894.975043 -306.065110
890.712532 -305.501953
889.008375 -311.219873
890.076204 -310.148895
899.431856 -308.633746
889.181608 -307.948983
889.313893 -322.282741
899.491313 -305.850122
894.168620 -302.526594
894.782322 -323.420522
892.656283 -336.092183
895.243208 -326.135154
892.249862 -335.030057
894.860367 -345.890894
896.570896 -327.578707
889.791149 -333.878522
890.286866 -338.097208
884.962412 -330.345745
901.689616 -333.012914
883.565939 -329.192088
889.242767 -330.155725
904.805507 -335.477247
895.383788 -358.002661
890.839382 -369.606037
907.257951 -361.195749
900.846657 -360.408419
894.912175 -359.122504
893.281311 -354.585746
889.597665 -364.506847
895.392159 -364.376330
897.379636 -361.619082
895.610879 -357.862645
894.645715 -350.856295
895.999395 -363.880416
900.854566 -356.695122
899.448484 -390.694789
898.248589 -379.485969
908.393070 -377.222147
900.831437 -379.769170
896.779367 -380.543764
903.948153 -383.323177
895.143718 -382.695203
894.964145 -375.519065
892.957321 -388.067123
894.124178 -390.131506
894.951210 -391.940249
895.557513 -373.265177
904.965100 -375.457994
908.937277 -826.277575
911.319396 -813.823185
905.892874 -814.237172
907.284855 -816.033456
909.359239 -825.972438
907.604481 -823.315311
896.277960 -829.417500
914.008336 -821.127079
902.152176 -825.013036
907.674372 -821.903063
903.068691 -817.887968
904.911949 -823.490167
915.834523 -817.103335
910.881934 -406.935049
891.233936 -406.973031
904.244470 -399.988832
902.898368 -409.358645
893.794603 -406.757649
906.300104 -399.266019
910.102029 -396.987243
900.252871 -408.287970
904.110794 -404.099008
899.482729 -391.657165
902.254886 -406.263424
897.422666 -403.911426
891.852622 -397.672472
907.200203 -430.437362
908.645299 -434.567532
905.754210 -431.478560
894.641718 -424.340854
909.629376 -425.383028
904.530350 -426.253772
901.462984 -426.481269
907.956260 -421.837614
900.974788 -433.238935
912.446787 -422.916849
901.675551 -416.298513
911.997402 -422.721996
907.595362 -424.558263
915.596240 -463.150998
916.523417 -470.245504
913.490847 -464.005787
924.581371 -469.512426
921.894318 -462.063603
909.385898 -469.092326
910.141291 -467.261294
911.581166 -460.807017
915.459511 -457.977471
904.038673 -464.636177
919.540747 -473.447472
911.729554 -456.952709
915.609555 -456.081832
925.674039 -805.529676
925.499860 -806.401161
918.416600 -803.913972
922.753986 -817.562802
925.829258 -806.419919
919.898825 -808.957138
922.551471 -804.212435
931.091714 -796.392448
916.547139 -807.803678
921.821690 -805.022665
919.045143 -804.758245
915.302690 -804.840562
918.077464 -810.678946
944.779241 -777.460063
946.040593 -782.889061
938.882698 -782.194102
937.371606 -790.698095
952.162856 -781.657922
935.765554 -779.098689
947.730750 -787.668202
951.986680 -791.797106
943.182212 -789.533352
936.918255 -792.910143
935.373667 -783.998411
939.349918 -783.523442
954.775461 -780.884231
964.226376 -758.972991
950.704099 -765.012587
950.246431 -760.727719
951.233845 -763.593667
961.307646 -762.562870
958.095181 -763.523388
962.135968 -774.883091
952.880184 -773.050466
961.801128 -764.751084
949.363214 -773.771541
956.112679 -770.661596
954.845582 -766.312620
962.737466 -766.557092
954.813227 -739.556533
964.648898 -742.651987
962.950551 -738.290780
955.488847 -745.611003
965.378987 -744.491211
963.980175 -744.115516
964.420178 -752.187285
964.274214 -741.018300
965.869426 -746.629722
964.024581 -746.927953
964.954898 -745.400536
963.276100 -750.097581
972.758746 -746.460046
966.901833 -716.459512
967.178715 -716.606195
976.951853 -732.948690
967.188943 -731.828403
975.852759 -727.206832
968.607184 -715.096100
971.070928 -720.500755
975.641646 -731.357703
970.874312 -712.526805
970.052215 -722.168599
973.039989 -724.215855
982.603477 -725.147574
982.871923 -724.561472
977.510641 -432.012313
966.273669 -424.441127
971.918961 -435.858442
965.350302 -432.677157
975.289021 -424.667513
984.751495 -434.120001
973.968125 -430.619393
968.946618 -431.957814
981.152812 -435.622132
981.042709 -424.857956
971.788731 -417.000927
983.338482 -425.705582
967.745672 -423.374143
975.747859 -467.032909
983.198836 -460.800176
982.825447 -468.734424
977.360830 -460.958978
978.789645 -456.178789
977.143717 -462.204130
964.746959 -467.430425
981.816830 -458.145739
974.051320 -460.671401
970.803777 -463.583801
967.981433 -466.413385
985.992272 -459.245271
983.542701 -456.368378
974.221350 -699.956800
980.114122 -702.473446
971.288812 -688.616480
968.442727 -701.651869
970.791003 -703.274047
975.945745 -701.578735
976.217974 -698.215500
986.461752 -697.204864
978.813954 -699.390535
966.752853 -691.695928
975.130772 -706.508607
985.337112 -696.950374
972.482993 -707.116871
973.921435 -486.884144
981.363741 -483.210803
971.983487 -494.930304
976.383352 -490.108074
974.025444 -482.935120
967.856581 -479.346482
969.611774 -484.379630
978.435828 -482.808744
974.552379 -481.380231
984.957586 -480.448489
974.105906 -485.339525
976.694308 -483.668088
976.392225 -484.791034
968.850003 -393.286049
977.140994 -395.192557
974.078861 -395.248910
974.508159 -395.167265
975.276619 -398.540640
974.518199 -392.656086
975.531890 -393.678619
978.551387 -392.310373
968.842278 -398.001891
975.704041 -395.794530
978.760522 -394.481618
988.656711 -399.344505
971.632184 -396.479110
976.908397 -507.664199
981.662996 -515.986757
976.704201 -511.905866
967.206025 -515.052635
976.391906 -512.108250
985.070159 -507.524328
981.357268 -513.534941
977.306433 -510.553983
980.889573 -515.819886
974.288092 -506.387455
973.516151 -511.201994
978.883975 -518.674024
979.788877 -509.022301
985.291563 -552.491329
974.854158 -549.756834
977.350319 -542.114655
973.408132 -531.878764
976.643150 -546.470464
980.533000 -540.568508
980.789157 -543.880054
987.310876 -548.889832
974.938581 -540.748477
984.765717 -546.709457
983.953023 -531.444557
977.544889 -548.294357
990.446962 -544.760053
969.386631 -675.761239
977.716060 -666.059725
987.801949 -677.899419
979.298991 -675.025637
975.648389 -666.907243
976.146563 -672.142154
988.823802 -680.583271
977.201163 -675.750928
978.491707 -675.702291
977.561248 -675.941489
967.384075 -676.993661
979.750300 -677.041091
983.163380 -668.282457
975.969641 -572.757672
976.984275 -564.649232
978.662050 -575.134067
974.252420 -579.066921
978.992364 -578.987415
982.228379 -573.166722
984.511749 -578.393569
988.481116 -578.369064
976.675969 -578.654844
982.956588 -560.078199
980.608444 -574.786893
970.779892 -569.131466
968.497699 -568.499283
982.350236 -370.171961
981.653275 -360.720205
984.546028 -367.189352
983.168204 -370.218827
985.352133 -358.012102
978.348664 -369.724992
987.586774 -356.925082
990.673404 -373.364541
981.826837 -372.177856
979.693919 -367.951967
981.794004 -367.620717
973.023027 -365.489796
981.564518 -367.723171
969.716088 -609.530219
985.105197 -616.022256
983.122958 -594.201441
980.855310 -605.667527
977.935558 -606.733761
981.531007 -593.236534
983.311460 -607.716785
979.749764 -607.584639
980.886870 -606.770105
974.148817 -596.199026
982.715968 -615.600262
980.337788 -603.572588
989.815854 -600.697585
970.297794 -648.321420
969.259644 -648.002864
986.244513 -634.995805
970.109954 -651.032487
976.408360 -633.115839
985.114472 -654.620067
981.231307 -648.551360
986.944806 -644.878369
981.502764 -646.196666
980.764232 -655.343442
980.287043 -647.355208
990.408906 -644.935300
981.684489 -644.504054
977.837596 -670.504549
977.935237 -660.801714
972.268754 -661.106055
975.244308 -668.419735
974.053804 -667.251389
975.757779 -657.201185
971.104356 -657.016483
969.560113 -664.453000
977.842072 -661.052694
977.083888 -668.538205
978.532902 -660.369834
986.798375 -668.674304
981.015461 -661.942355
987.427655 -345.397852
992.254387 -336.479901
993.118561 -351.685607
990.438677 -347.062346
981.957503 -342.078570
985.418296 -351.821011
984.910910 -346.181606
984.268882 -355.767193
983.695087 -347.039180
991.761783 -339.027941
981.062051 -348.800465
975.991859 -337.837428
983.215599 -343.539655
992.130108 -332.838449
986.268791 -329.072681
986.351059 -315.865909
998.671497 -314.762409
985.727881 -325.055094
997.040758 -329.423025
984.730443 -323.302170
994.550773 -324.573525
990.433262 -318.882960
997.514232 -318.173298
987.884348 -324.710039
993.011087 -325.994189
991.082843 -323.041401
1000.009073 -304.215118
1001.267088 -302.563880
1000.192193 -305.061833
1001.836285 -299.340491
994.759904 -311.375916
1000.511873 -301.959022
991.019183 -298.721441
997.437740 -299.018231
993.160800 -309.425034
1013.598957 -297.367086
1002.028275 -290.973209
1000.055630 -298.835661
994.677164 -306.709034
1017.713803 -280.253495
1021.696837 -275.681520
1015.062237 -275.841102
1019.382315 -279.353271
1016.674568 -288.616358
1020.363843 -284.675672
1019.724765 -280.747841
1015.515715 -285.094645
1015.186722 -281.378250
1018.119069 -277.078894
1018.351652 -275.086102
1013.907146 -279.296814
1026.521288 -281.230456
1028.330987 -269.690674
1027.051370 -266.988810
1041.899070 -266.546862
1042.700679 -263.575945
1026.295648 -260.959619
1037.718850 -252.807252
1029.595733 -269.060135
1029.652679 -269.583218
1045.446781 -269.318382
1039.112101 -257.254898
1036.489223 -255.346342
1034.841297 -253.065334
1047.031957 -265.974603
1052.946125 -247.741847
1063.996105 -247.015083
1064.290923 -244.227401
1064.907839 -252.918942
1051.009254 -250.646996
1057.357317 -252.438699
1058.695369 -249.312722
1057.796402 -248.724502
1057.462242 -249.130994
1063.011728 -250.012180
1067.445510 -252.059545
1054.100837 -242.014245
1062.111380 -241.504193
1091.276143 -243.841639
1071.938202 -238.955888
1090.340802 -236.300233
1084.023978 -231.740612
1090.539480 -236.680881
1078.537538 -238.567508
1082.532675 -231.303731
1082.681243 -239.575697
1086.474170 -249.886562
1072.148498 -237.344192
1081.533322 -250.514914
1076.938278 -252.793648
1083.958759 -231.581466
1107.207017 -238.727572
1097.009478 -229.560685
1103.853370 -241.872177
1097.200840 -241.779462
1102.854668 -242.639285
1103.188196 -241.253558
1104.038052 -241.106606
1111.348896 -239.876389
1109.808883 -233.899715
1104.486981 -234.284625
1101.232945 -240.694259
1100.836702 -241.663370
1097.893776 -244.037336
1130.655797 -245.512340
1111.804378 -236.723736
1116.178508 -246.383346
1122.110429 -243.214230
1126.213705 -247.413504
1120.032936 -237.426107
1127.281580 -248.579793
1126.061045 -251.113752
1125.793939 -242.559302
1129.511489 -238.538425
1114.230295 -244.967203
1114.061080 -243.419538
1119.341820 -236.911760
1121.035429 -395.489977
1128.683419 -397.943806
1127.989266 -401.693530
1120.786700 -399.236876
1128.588481 -399.305652
1126.986404 -396.720519
1119.476726 -391.217607
1132.866170 -389.269623
1125.116580 -399.786295
1130.742133 -406.743569
1132.399358 -391.148057
1125.747542 -396.860964
1121.185108 -406.643016
1136.115296 -253.749741
1151.713566 -247.504201
1145.034308 -237.988495
1137.780317 -245.104823
1135.008701 -247.766041
1135.428372 -238.207416
1148.847245 -248.398089
1147.799599 -250.334812
1139.896904 -240.870702
1140.109056 -250.015591
1135.737947 -246.968890
1145.056733 -247.520736
1147.833234 -239.145717
1143.039797 -412.210322
1151.020576 -422.265469
1147.481064 -418.261277
1156.366064 -415.513018
1149.630415 -421.258284
1149.639224 -413.070348
1150.120260 -410.923755
1150.933996 -417.990010
1149.548142 -418.280200
1148.468782 -428.952851
1139.498343 -409.561273
1141.396849 -411.850979
1145.939388 -417.081848
1166.528207 -248.247661
1167.291291 -264.878663
1159.624750 -255.213537
1172.063037 -250.622007
1155.697607 -258.392176
1163.275877 -246.230195
1175.457112 -253.488522
1166.201832 -254.186755
1169.293798 -259.792395
1164.760919 -256.233941
1171.069102 -252.780566
1162.495454 -247.141973
1160.476513 -247.056179
1166.909231 -429.916757
1165.733882 -425.322568
1168.758219 -427.989306
1167.252847 -431.908710
1158.122455 -429.731220
1168.837106 -433.750635
1164.248093 -434.555375
1174.430576 -424.825474
1168.924324 -428.819013
1167.520160 -430.582399
1167.694002 -440.044352
1167.928106 -429.683874
1164.917822 -436.039854
1194.896247 -266.082078
1190.465824 -266.874784
1178.790787 -266.236253
1184.649992 -271.917482
1178.719248 -265.458439
1186.510416 -270.259773
1196.590651 -262.585730
1179.798230 -255.476076
1181.220938 -264.076889
1194.414064 -261.310378
1182.112895 -253.257017
1186.486126 -271.849865
1193.558002 -258.700584
1187.920542 -424.464974
1184.271050 -429.802826
1189.155314 -438.242317
1187.020047 -435.064532
1184.608686 -432.019475
1187.634617 -433.961382
1179.151022 -433.469944
1194.567990 -444.130573
1190.605157 -431.613993
1194.110027 -431.610203
1187.194721 -430.899731
1191.035778 -436.251671
1196.445935 -426.018555
1204.129267 -279.282461
1207.887069 -278.344230
1215.911965 -284.614443
1205.667713 -278.054292
1206.039930 -284.657710
1213.265860 -280.216277
1205.549834 -280.212571
1199.486746 -285.278653
1207.477930 -284.831511
1199.118234 -268.200041
1206.444284 -282.678102
1210.651166 -269.882007
1205.612941 -276.972383
1208.401076 -421.487570
1216.340379 -415.501531
1207.781639 -421.012210
1211.517144 -425.259908
1206.974869 -421.822309
1211.168868 -429.198330
1213.365161 -419.457637
1210.821866 -423.934483
1204.791255 -424.548493
1210.723120 -423.241857
1212.194555 -425.444979
1213.559608 -434.729154
1210.808258 -419.041507
1237.223105 -292.060376
1227.010651 -291.852848
1224.536340 -296.671688
1231.874919 -291.564083
1231.347913 -293.677480
1224.440121 -292.007642
1225.722993 -296.441766
1218.812765 -288.429611
1225.357717 -292.604762
1220.696239 -303.093491
1221.650310 -298.586829
1223.879642 -299.430721
1229.555862 -285.501042
1239.249327 -413.769291
1239.734581 -406.061691
1225.251759 -412.471369
1225.534979 -407.723163
1228.241812 -405.259799
1223.051197 -405.757200
1229.031188 -401.305071
1218.198932 -405.883966
1228.588423 -405.852305
1227.357906 -411.356917
1232.693770 -409.249407
1230.147102 -407.348715
1236.433215 -404.903748
1239.757880 -320.537583
1247.459113 -322.754499
1249.918584 -311.021799
1240.055309 -328.878800
1244.684579 -319.378292
1240.695495 -313.301248
1243.682267 -321.452373
1235.774706 -311.281832
1245.322159 -310.060843
1246.913731 -325.640558
1236.184433 -327.177958
1232.866469 -324.494760
1236.093640 -319.022023
1240.345702 -376.644179
1239.178593 -376.345886
1250.550283 -377.459973
1255.565033 -385.927109
1240.900889 -382.657782
1246.745299 -382.629715
1244.877527 -388.351447
1244.661129 -391.604528
1232.782378 -388.759082
1240.053141 -386.679905
1244.520292 -383.176237
1232.375998 -382.284389
1246.119871 -372.551984
1258.730182 -343.561269
1252.352533 -352.424467
1250.206690 -342.038722
1253.648384 -340.359339
1250.704824 -333.603320
1249.291989 -344.915134
1247.348624 -345.422078
1257.480184 -334.591489
1249.844768 -337.026505
1260.796767 -349.639949
1255.868135 -337.571514
1250.313309 -343.170302
1245.318616 -340.295373
1262.286438 -368.292229
1250.572784 -367.650010
1241.934692 -365.801196
1262.163317 -366.940696
1248.051786 -362.163824
1249.537035 -364.850416
1247.757366 -363.286490
1257.024563 -360.357799
1247.595511 -371.318522
1249.481448 -369.178540
1252.303110 -367.573742
1256.311969 -357.888961
1248.065169 -365.384082
990.515987 -639.085664
974.379113 -633.989511
986.866293 -632.947713
987.881255 -644.586391
982.413634 -631.491770
978.798391 -636.926918
976.271066 -633.158844
979.900188 -625.717512
977.825587 -638.582065
981.215148 -633.641717
981.456290 -630.987629
980.366694 -635.378955
982.620300 -638.424253
