2.261645 -387.379006
7.771086 -384.082695
1.574389 -385.652434
6.664661 -385.735581
0.830245 -389.145028
14.371890 -420.470710
5.912329 -418.279192
16.817121 -412.753472
10.527537 -410.381190
16.124472 -418.693871
12.868988 -355.440136
14.708964 -351.107664
13.350866 -353.467473
10.908661 -354.178224
9.804670 -359.529565
30.650790 -335.702697
21.328651 -338.744311
26.732955 -339.690623
24.952053 -327.822964
26.010868 -332.756760
28.966057 -433.574323
28.710699 -434.918382
21.833653 -440.595768
29.857486 -441.253705
20.729980 -441.736358
45.527779 -316.488821
43.587818 -315.411616
40.758321 -319.599623
44.370306 -315.639745
41.786765 -315.480042
42.832297 -452.267350
42.636692 -452.305786
44.629415 -452.583142
43.863713 -459.627165
40.624821 -453.978590
67.512275 -294.434987
64.997487 -295.384307
66.452208 -300.547561
59.718067 -294.935540
62.981071 -295.989904
71.954005 -470.576345
68.922047 -470.190669
63.631944 -460.355455
64.269551 -470.743825
72.654445 -465.950763
84.554460 -283.629837
87.938060 -285.163507
79.285308 -289.510742
85.225094 -283.271425
83.144852 -286.331831
85.096316 -465.688601
85.651577 -458.744155
87.191015 -466.263683
91.685416 -467.335406
87.541314 -462.693457
107.535650 -279.443678
106.773824 -279.209227
106.237972 -281.486618
109.979898 -280.989758
103.143252 -277.920323
110.568826 -451.663125
108.721047 -456.621984
111.113220 -456.916663
107.680055 -460.914994
109.420260 -459.195623
127.129297 -274.372923
132.907624 -273.855401
124.950780 -272.393760
123.463862 -270.065316
128.081754 -274.981204
130.869169 -443.754640
125.567855 -436.633745
132.864519 -440.098125
130.410124 -443.230215
124.098857 -442.198006
147.522749 -274.295785
153.803025 -271.009980
147.920276 -274.878056
148.330785 -271.489174
150.309201 -272.586113
140.754143 -432.107465
144.294338 -437.283209
137.848981 -430.784431
142.295017 -429.396007
143.029544 -430.189132
170.051866 -278.604205
167.176505 -280.767276
173.339419 -278.613984
164.968229 -279.745308
176.582946 -276.763708
191.647977 -288.713430
185.726760 -292.880729
187.888268 -288.760153
192.079104 -295.209917
191.059629 -288.718191
215.011414 -302.148510
212.862672 -304.735813
207.873867 -298.909563
214.644254 -300.490442
212.690299 -310.796858
230.124566 -323.761853
225.393934 -328.102164
229.843408 -324.469839
224.354188 -324.581951
227.878347 -326.165303
244.815899 -339.403678
239.666069 -343.733437
240.431015 -349.081636
241.640367 -345.116339
240.775579 -345.178742
249.533741 -367.403756
244.148748 -369.465785
252.238766 -367.668414
253.434737 -368.393733
252.348169 -364.019362
253.552311 -391.000529
258.195140 -390.089912
258.520970 -394.627008
254.171058 -384.999093
257.506753 -389.440435
261.258592 -415.036142
257.938340 -413.998965
262.232911 -408.714651
265.264825 -409.183454
260.388651 -413.196752
260.748084 -428.851188
266.282358 -424.392116
268.067292 -435.900171
262.458126 -432.878290
265.018280 -432.351780
264.957551 -454.667728
267.276878 -452.145251
266.543368 -452.854987
264.760141 -454.231430
268.791535 -455.828420
266.447770 -483.621839
268.121884 -473.250043
274.561875 -477.090943
268.039003 -476.190859
270.425283 -481.620471
274.493160 -497.527526
266.674126 -497.335602
270.573697 -505.275487
264.212769 -499.247323
273.828454 -497.513744
269.574468 -531.869133
274.413648 -537.262536
271.345856 -535.441402
270.419958 -530.500063
266.694934 -539.510457
270.471711 -567.620996
269.564406 -567.264253
271.389191 -570.150981
269.493591 -570.872355
272.292145 -569.140013
266.033389 -594.322250
271.070958 -599.383522
273.718875 -598.108409
272.354626 -598.749926
270.314657 -599.567522
273.278131 -631.242043
271.086608 -628.559008
272.147504 -632.392007
266.438745 -628.460724
270.124433 -627.809222
274.231834 -660.207220
275.177733 -669.428394
273.219558 -666.080581
275.136921 -657.665909
275.058776 -663.005357
276.125350 -687.539787
271.891846 -685.291152
277.119735 -681.469215
273.797983 -682.186952
277.994093 -686.913488
279.445154 -706.901448
282.673125 -707.823174
278.690365 -704.842190
282.111127 -711.240723
280.576041 -706.829670
284.555625 -731.058615
286.029114 -735.530632
294.246794 -730.843017
290.402997 -726.135016
280.252618 -732.195979
295.618053 -757.423261
296.063805 -755.165196
297.536947 -750.243856
293.026404 -760.906796
294.379544 -753.376547
306.629940 -777.732082
306.731630 -776.837492
303.968154 -777.775187
311.444454 -775.469673
311.616796 -779.343604
317.250243 -797.110432
318.963322 -791.155836
319.197779 -799.379105
322.082451 -798.225440
317.167964 -801.792225
338.620111 -821.269498
341.769960 -821.507066
339.563246 -819.435241
336.877893 -820.719912
338.958121 -817.500106
332.359474 -401.856394
332.454466 -401.662003
339.443640 -401.716104
340.927203 -406.941881
335.091342 -404.755230
341.301164 -364.037612
330.424496 -366.703506
337.646101 -362.578480
337.807862 -368.585887
333.147363 -365.336934
333.130566 -450.277811
332.613482 -448.408863
335.630359 -446.445023
333.624596 -449.084909
332.489467 -452.074859
344.017068 -345.899621
334.921107 -343.333131
340.732404 -339.797590
337.639484 -341.856132
336.831856 -344.556252
339.738215 -316.936947
338.175273 -312.103753
335.922606 -317.256027
339.409769 -316.797089
336.906819 -312.526316
336.812830 -287.732921
339.576064 -292.518532
341.957165 -287.894129
342.409018 -285.649815
339.200271 -292.887623
350.075813 -255.795314
350.032508 -252.672646
340.962024 -255.948311
343.873978 -254.707230
342.896305 -255.235827
348.691870 -229.640850
339.411923 -224.544148
346.174524 -224.869075
341.574398 -222.631592
343.640798 -226.007707
352.786484 -208.115995
348.517887 -203.588170
349.008130 -205.384978
354.295219 -205.627946
346.520796 -203.138441
349.695274 -179.581930
349.060458 -177.630971
353.306514 -181.217909
349.539969 -182.472375
349.731549 -175.932942
351.137589 -157.628979
355.369675 -153.886188
349.312082 -154.072245
358.182909 -157.087783
346.023891 -150.366647
358.957422 -830.777470
356.289906 -830.275029
361.215114 -830.857635
356.454417 -828.865552
360.014913 -833.440423
354.080404 -129.116880
355.530507 -125.436043
356.187110 -124.917837
356.326034 -125.517336
352.465448 -119.157825
365.228553 -103.651744
361.013644 -99.285616
359.852069 -98.039045
353.716054 -103.671928
360.364708 -96.925525
363.525245 -75.812232
363.552630 -85.223727
369.272250 -75.181924
361.917272 -78.833515
362.667237 -83.354297
369.194732 -54.886144
370.525072 -51.485578
366.498785 -56.043327
361.315880 -57.760225
368.734884 -54.095586
375.568638 -29.940900
374.453308 -38.051831
373.505233 -30.583402
374.322020 -27.819353
373.799264 -31.096336
375.984247 -848.785197
381.501076 -845.539882
382.524383 -845.007530
381.138102 -846.113583
382.180379 -845.313798
384.007349 -17.298024
392.902434 -20.006321
383.582529 -23.784015
387.481500 -13.956509
388.560486 -20.988918
402.311336 -855.001181
404.073201 -856.865274
399.308880 -858.789970
404.881336 -857.972588
406.495753 -858.099407
399.700008 -53.379388
401.585115 -51.401910
402.559982 -58.537917
402.492219 -50.007820
393.846966 -50.481085
397.884638 -76.018489
404.090526 -71.914765
404.393066 -78.272145
403.554147 -72.703708
404.460271 -70.234843
404.860852 -98.866946
407.639429 -98.829819
408.165321 -101.177242
413.774888 -95.964338
409.597200 -93.063770
408.185567 -120.697950
411.532357 -112.940847
411.816720 -120.076596
410.444665 -116.772963
405.654987 -114.380667
412.276384 -140.062630
409.585533 -140.158672
416.607671 -142.719270
407.099585 -146.772266
412.232911 -141.908211
410.648178 -160.139668
418.902890 -164.579127
414.050191 -164.077212
419.670533 -169.108341
409.061450 -165.069120
422.848197 -866.485154
419.079677 -866.694812
429.372246 -870.024829
420.784593 -863.172032
416.977803 -871.379070
418.433882 -182.421714
424.004538 -192.004707
415.862483 -190.684573
411.962443 -186.964600
415.235551 -189.754794
419.372157 -211.352111
413.892079 -214.265054
421.227218 -215.356133
419.636508 -212.244543
420.367970 -210.702100
422.974039 -237.498546
417.940546 -237.296968
422.462574 -237.151378
419.667887 -237.136586
421.885721 -241.318227
421.929427 -261.761813
424.436729 -260.820351
427.883992 -260.152727
415.893485 -260.170521
422.727503 -257.907970
424.544507 -285.412856
426.939712 -290.957778
426.005624 -280.558681
420.668593 -285.254026
425.774935 -279.919516
426.384717 -313.922898
426.322446 -313.611964
427.053521 -320.825835
426.920671 -312.587233
432.480147 -311.244398
431.555650 -340.569664
427.624828 -343.240494
422.407460 -339.738353
428.258822 -344.196363
427.935444 -344.023720
426.348508 -371.960212
429.363967 -378.193127
426.788086 -377.431256
427.920007 -378.722100
423.345146 -374.064345
428.524633 -412.420584
432.655414 -411.963292
427.242705 -414.986528
431.840879 -408.685986
432.003015 -413.222241
435.102232 -447.761062
438.085422 -453.187424
434.288616 -445.059273
437.278372 -457.172436
433.222033 -451.773753
436.768552 -481.496072
438.233950 -481.876947
436.170702 -479.956783
433.870887 -482.418434
441.575455 -484.044629
446.128314 -872.975314
447.605336 -878.583627
443.257451 -871.008534
444.557328 -874.587792
444.217718 -874.711503
443.059482 -507.747684
441.725707 -510.364400
436.257442 -505.568518
437.756484 -508.306951
438.767942 -506.044762
440.859500 -532.504595
441.232836 -535.615109
444.223753 -533.541076
442.326687 -537.895791
439.642644 -532.996592
447.464294 -560.870196
442.412423 -562.838390
440.095566 -561.436862
441.588507 -562.479919
443.963261 -568.537424
451.767596 -587.360164
446.594816 -583.871469
448.572822 -582.227713
440.944373 -592.910573
445.917220 -587.660924
447.111394 -615.867457
446.328924 -609.240887
445.006759 -608.664180
445.425843 -609.016842
445.576456 -610.247064
453.875918 -630.144371
451.007503 -632.969746
445.159849 -633.733417
448.430348 -633.989032
447.591361 -638.187997
450.784395 -653.166451
449.624396 -651.973952
447.265738 -652.849493
448.549281 -645.566807
451.228849 -651.471427
451.469595 -668.889123
455.699840 -676.017492
452.538027 -673.260132
455.281937 -671.954912
454.342460 -673.004822
453.046152 -691.530742
456.241696 -697.597265
454.854197 -696.004038
454.079888 -701.683806
455.109809 -694.577150
465.129772 -882.780387
463.422410 -882.758891
469.195230 -882.532687
465.821083 -886.392955
465.292405 -881.826885
459.798323 -718.942742
460.206984 -724.660913
460.915498 -728.369849
462.742477 -723.703965
455.638669 -726.026203
460.250580 -748.203239
459.289362 -751.251102
459.162723 -749.607791
467.366604 -750.771976
461.704376 -754.121853
466.194359 -772.546964
467.487468 -775.529123
465.769724 -771.560546
461.875632 -771.834359
462.836414 -768.403969
474.567416 -798.883001
469.990791 -795.784638
472.309070 -798.670751
468.667456 -794.663242
470.745853 -794.805494
475.570972 -818.850530
475.800873 -814.674380
480.362127 -813.202227
473.463254 -817.435233
468.576042 -821.070841
480.892217 -885.343220
484.257676 -889.495470
486.158849 -887.685010
484.843351 -890.088422
492.299764 -888.763109
488.559671 -834.860752
489.273734 -834.242282
491.561035 -834.792871
492.163202 -835.850624
490.429989 -833.015113
504.306581 -900.359231
506.238482 -892.456674
510.273894 -897.222663
505.207256 -896.009788
509.754526 -889.177183
505.234080 -800.661204
503.689619 -807.449502
503.709410 -807.302062
509.467115 -809.603730
504.681189 -807.358512
508.671331 -780.269713
507.653126 -782.622230
501.613006 -784.001588
508.127955 -782.564468
503.379864 -780.808870
511.106623 -757.761575
517.778076 -754.533947
511.725318 -755.894370
509.883490 -750.495889
509.636035 -754.867822
510.232909 -737.365749
518.415983 -728.598179
509.210521 -728.870919
515.835965 -726.348867
513.413307 -733.683686
511.861035 -707.535147
519.294576 -706.946633
520.027157 -708.230327
517.597263 -706.708574
517.257266 -710.338889
520.109998 -677.305983
520.963318 -677.549531
524.838438 -673.120823
523.705104 -681.661002
520.775061 -679.704355
525.897078 -893.161103
530.382171 -900.668408
527.950828 -898.081236
534.734345 -898.867557
522.744728 -899.447039
524.589894 -654.330506
528.436889 -652.396854
524.528603 -653.354910
525.749865 -650.756920
521.530540 -652.934229
525.026415 -632.696026
524.913737 -632.594082
527.352095 -634.675074
526.275225 -631.383211
522.907750 -632.490920
529.385448 -602.979970
530.167719 -614.587854
525.982405 -605.545289
524.286786 -603.428736
525.116672 -612.046370
529.485625 -582.663608
525.047825 -588.631787
521.909639 -581.999401
530.614593 -587.547662
525.345279 -585.885256
533.757971 -555.759342
531.974558 -552.208858
533.969272 -553.208441
531.457587 -551.843549
534.370959 -552.833226
531.897333 -522.003716
532.108365 -527.971901
527.428229 -530.549685
533.229983 -522.186258
531.920334 -527.050359
530.957670 -496.068312
533.119165 -496.306106
532.228533 -501.001320
529.245149 -501.133598
535.600838 -500.053890
538.549662 -474.001737
535.066602 -464.496538
537.618479 -468.227959
536.239703 -471.395374
535.458760 -466.536408
534.948207 -446.970105
536.279357 -448.283773
537.193799 -446.084844
534.835521 -441.831315
538.020148 -440.512314
536.207676 -415.822728
542.909960 -418.055586
536.127770 -417.242415
542.415968 -420.699022
537.623784 -424.876459
546.722655 -898.638014
553.933308 -900.353358
549.440523 -902.966110
549.468857 -901.747689
550.636118 -901.017382
543.109509 -396.086073
542.647732 -390.905384
542.986044 -396.090556
539.819822 -393.162406
538.594308 -390.848171
540.496897 -376.650260
544.261891 -374.806870
539.769137 -374.990240
544.419357 -375.502994
546.119412 -375.877402
548.446589 -351.693817
544.770769 -350.335082
546.266653 -350.333332
552.351626 -348.199156
549.244340 -344.911139
546.691350 -325.073017
550.157465 -331.420808
550.265957 -318.317608
549.381022 -322.937361
547.875925 -324.484273
550.779314 -292.502559
552.293590 -299.435055
547.728013 -294.430788
550.046018 -297.962305
550.058911 -303.546368
550.625744 -274.490965
557.504997 -270.681707
549.693028 -269.888976
555.112119 -265.601050
554.848706 -272.085695
553.827146 -236.806193
548.997067 -243.623423
557.472517 -246.079188
548.222445 -247.019986
552.742665 -245.539422
554.971715 -220.574860
558.433995 -221.391608
558.306906 -217.164669
557.356315 -214.165940
556.468098 -213.192707
558.645646 -188.919107
561.490894 -187.342664
560.729583 -188.750788
555.685446 -190.944365
558.011751 -189.519136
558.271405 -159.824806
559.471593 -165.225660
554.548416 -166.053522
560.291314 -167.335642
561.857145 -160.451767
561.174452 -143.987808
556.091547 -142.970951
561.254856 -133.360035
568.235899 -135.396901
565.300881 -140.684234
568.634491 -904.825021
568.400183 -901.477248
570.014262 -903.868816
571.352358 -904.736702
569.297723 -902.793573
567.177431 -114.748478
568.148442 -117.277832
565.056910 -114.802999
560.472342 -115.451056
567.080950 -112.720328
570.982606 -86.406880
569.083926 -87.367525
562.689120 -85.451984
570.324165 -86.314845
564.760314 -82.446944
574.852132 -55.743518
571.204230 -58.545909
573.894805 -54.180133
570.250828 -58.473286
570.987051 -60.040937
570.541266 -34.565567
571.516148 -34.329725
570.105161 -32.088598
574.747174 -41.683535
567.398453 -35.983401
589.412580 -15.474043
588.731351 -13.747959
586.243767 -15.114808
587.963295 -13.971373
589.199302 -15.759543
589.837940 -906.207976
590.975045 -905.427865
588.690872 -904.920652
588.336042 -907.374658
590.244408 -905.556386
603.621929 -45.332280
599.406750 -49.405111
602.403594 -51.195168
594.384815 -43.215903
597.987251 -40.519825
604.747496 -62.634234
603.912416 -65.681505
606.965041 -64.046473
607.161102 -64.562577
599.101665 -68.729214
617.751209 -906.056741
610.207526 -913.692759
613.284029 -913.610054
616.962701 -907.706266
619.032905 -907.550166
610.459540 -85.749439
610.299997 -90.551863
610.059741 -88.269443
604.972841 -84.969848
609.674551 -91.101699
616.213084 -109.696130
615.071529 -106.352665
613.945339 -108.184729
615.508902 -104.267192
610.455868 -115.661519
617.238837 -135.202256
618.409339 -133.721181
616.720789 -137.020124
624.319461 -136.849261
618.109294 -134.871914
625.566134 -157.861868
618.689741 -151.887254
622.342094 -153.315640
615.825541 -158.821227
621.293672 -150.963496
622.354227 -176.191743
624.403523 -179.077041
626.494856 -180.165903
629.204911 -175.872376
624.478622 -178.721677
633.166460 -905.058405
632.580932 -906.098788
637.099516 -903.661325
633.877052 -912.635986
635.260696 -905.716902
621.782032 -202.771910
625.393158 -200.898911
630.071990 -203.455901
631.873216 -196.436772
632.094742 -204.078216
632.797500 -216.234067
631.271635 -217.691892
632.445021 -225.083430
635.327346 -218.445418
629.967470 -216.232649
633.176380 -246.719260
633.656089 -244.313160
631.319357 -240.291606
633.712085 -244.510372
628.581738 -240.552238
633.527222 -270.971368
631.258050 -266.089556
642.056399 -271.552052
635.165016 -268.905087
640.182266 -267.969621
640.652298 -290.556675
642.355663 -291.007046
640.772884 -291.585231
639.337894 -296.208618
642.808924 -288.548777
637.558803 -316.277582
642.162866 -318.474395
643.462739 -313.792517
648.778512 -313.179202
640.260295 -311.727585
650.518911 -337.961858
644.860286 -339.837038
645.348166 -334.996672
643.790507 -339.928564
645.812328 -346.121623
654.150648 -901.871656
656.398545 -909.728315
648.810585 -907.355485
658.872509 -906.546886
655.114749 -904.930599
646.653005 -365.203536
648.228565 -361.824290
646.456579 -360.940225
649.788391 -358.435951
647.665642 -364.060324
649.529003 -386.447677
652.818728 -392.248493
652.246495 -385.038350
647.413069 -388.373284
650.826319 -388.814249
653.951022 -414.949415
652.171380 -418.232376
649.935827 -414.142563
654.790451 -415.543020
657.028861 -420.097621
656.869371 -442.621930
656.330629 -441.620445
656.390727 -440.916086
655.421055 -440.852347
657.542585 -443.042055
665.494996 -466.194632
661.682509 -466.017101
658.327457 -464.936317
658.248533 -469.608370
656.846385 -468.529322
662.351846 -492.617425
661.750039 -490.343874
655.664562 -495.207589
661.762003 -492.042560
662.521288 -494.134177
664.891748 -526.938033
670.017025 -516.425189
670.394881 -520.418045
665.902351 -522.526061
661.808275 -525.998470
674.532249 -903.041270
672.557050 -908.807532
673.299691 -905.280589
675.549564 -907.606173
675.682347 -909.422491
672.193861 -549.357963
667.727137 -551.597294
670.671980 -543.377034
668.581024 -548.728449
666.730642 -544.363653
677.093861 -573.962968
671.211675 -571.490773
672.075188 -576.833669
669.074403 -572.202661
676.611282 -571.784136
670.437756 -595.766862
665.830340 -594.093543
676.890441 -592.588173
665.654407 -596.349782
672.193714 -594.613755
669.792946 -620.628270
679.015427 -620.587396
670.117882 -620.004387
676.281569 -615.979048
676.275456 -618.894414
676.790512 -637.088004
673.894117 -634.568847
676.804861 -636.748810
672.846946 -638.857994
681.263335 -641.646388
679.933002 -664.407383
678.554406 -666.183774
675.153800 -666.638601
675.783468 -661.680296
679.769249 -663.941854
681.603940 -694.565080
681.383077 -691.540874
684.069307 -693.236761
684.325250 -691.263141
678.850105 -687.578212
685.143303 -718.266204
680.592115 -718.843001
685.416847 -720.251010
683.907279 -716.300403
685.692608 -720.519019
693.701800 -907.764234
694.936715 -901.971972
695.435098 -908.881897
694.088063 -905.221175
698.020092 -901.339069
690.220550 -752.585328
690.137913 -749.224377
689.464997 -746.872816
690.225242 -741.480577
691.154292 -752.643728
692.783674 -767.705922
688.164320 -771.030997
693.350152 -767.874295
688.442668 -764.461132
696.933207 -765.341157
696.287456 -791.854762
692.584970 -788.631206
697.346918 -789.383777
693.953921 -793.896960
702.143080 -785.239040
696.799332 -814.944163
698.590317 -808.349917
698.658842 -813.734507
702.927160 -810.862753
706.719882 -809.906170
712.955385 -839.253200
708.590871 -837.629339
707.044883 -834.345882
708.973490 -840.032962
703.806408 -834.949971
717.147229 -901.601853
711.342505 -897.993539
719.193797 -899.579659
711.568415 -903.869027
721.080131 -894.208720
723.914135 -850.611148
721.187046 -839.049462
722.387862 -844.408019
728.346373 -844.277610
729.502007 -846.623399
739.045960 -896.577414
734.992784 -890.541840
739.951099 -900.644416
739.301889 -892.945501
737.502512 -895.110107
736.839306 -815.872864
735.422032 -818.692492
737.733201 -814.927798
733.345099 -814.681742
742.320594 -816.719653
740.928401 -791.217485
746.684212 -794.117559
741.897108 -792.745216
741.908430 -793.406802
741.453639 -793.357946
744.120472 -768.787706
745.924456 -770.005641
745.392742 -769.726004
743.063863 -771.445929
747.141099 -768.972185
749.022101 -745.631908
748.029057 -743.450797
750.547880 -747.242270
744.936846 -739.436037
749.163457 -745.356155
761.858067 -891.795123
756.974811 -883.817444
760.131406 -894.161014
754.604608 -889.986708
759.733805 -891.016488
751.510677 -717.516479
746.447217 -720.623753
752.908420 -720.213581
753.044821 -715.586732
755.911343 -719.295535
760.150013 -703.569001
757.512350 -699.258612
752.846978 -696.691537
755.225792 -697.714100
756.285027 -697.818141
755.854699 -675.993448
763.433736 -677.760145
758.758373 -674.507806
757.444838 -667.959766
758.664986 -668.628102
759.656841 -645.913259
761.953118 -647.807731
761.744571 -648.118317
764.617916 -649.748485
761.112668 -647.910302
764.595724 -618.375201
765.084387 -618.754454
764.282629 -617.017677
763.489248 -617.769449
762.335603 -612.240309
773.851490 -587.764618
773.749655 -592.453286
770.608451 -588.409790
766.543714 -589.820979
768.000540 -586.870569
764.830858 -568.775194
770.798856 -562.492450
769.448781 -569.195052
762.656984 -567.768965
773.594827 -563.549421
771.265116 -545.323907
774.372164 -544.353693
773.396391 -548.583111
771.421504 -544.339004
771.003157 -537.937889
780.889537 -883.957231
779.607535 -884.725143
775.297249 -888.328173
780.758950 -885.483693
779.612601 -888.330920
772.855504 -514.493189
774.799789 -525.256953
770.899323 -523.062282
771.114264 -518.663878
770.607621 -525.579941
773.669284 -494.425643
774.262683 -498.024112
775.813316 -500.215826
775.237147 -501.108916
770.376661 -504.999059
775.812549 -478.624145
782.643354 -470.329322
775.641423 -470.464286
776.796489 -475.841490
772.216678 -477.800892
780.049180 -455.416949
779.645222 -450.254287
779.422511 -449.807434
774.377957 -447.979890
783.120582 -443.346179
783.423005 -418.505593
783.653047 -415.820737
776.206518 -420.906383
781.917752 -411.844331
778.871893 -418.801982
790.609416 -388.917991
783.491912 -388.112446
783.357215 -387.993377
780.291655 -383.998979
786.688524 -394.657713
786.008642 -365.882008
782.860988 -359.623023
784.498378 -360.519496
784.251539 -360.286737
792.261028 -361.829929
787.428689 -331.844237
788.231722 -333.692198
790.403285 -334.092516
789.515029 -333.153517
788.190468 -326.749983
788.440453 -298.474691
790.546673 -302.588980
793.827247 -305.381702
783.387325 -298.616062
784.124267 -301.406993
791.256266 -274.036126
794.187300 -279.908022
791.982154 -275.045505
794.813604 -277.452831
796.437913 -277.152537
786.968267 -249.818410
794.774367 -248.930458
794.884344 -252.532936
794.057147 -250.770235
790.909365 -254.327745
801.534123 -880.854824
807.660844 -880.289498
806.009480 -873.448883
800.468018 -874.662306
802.110352 -874.607551
795.073948 -226.937645
797.057088 -222.939291
798.519832 -222.384715
798.351402 -227.828231
798.252391 -228.174170
793.381431 -208.235153
793.005648 -198.701622
791.691974 -200.708494
793.495852 -199.994649
801.236382 -197.546032
800.987470 -179.431772
798.031232 -181.953221
798.223968 -182.996280
801.842731 -179.182538
801.361567 -176.112258
805.115625 -152.983565
805.495692 -150.928961
803.148432 -154.631301
803.051563 -154.076467
803.480203 -160.558645
801.292385 -123.880839
810.566288 -126.994377
805.671726 -126.335254
802.253413 -131.720949
809.194395 -127.502081
810.686362 -94.901134
811.528825 -107.568299
808.228166 -104.252154
807.707960 -101.360489
808.487403 -103.968987
810.246477 -78.758706
812.714515 -76.523420
810.104007 -79.630113
812.359088 -78.119716
815.535493 -73.155715
821.610430 -874.320419
825.275215 -866.348982
818.661966 -866.985401
827.956951 -873.370460
819.002630 -869.102500
814.580822 -60.756693
818.055788 -53.779299
815.706628 -53.653431
818.987054 -49.356241
822.207359 -52.846332
814.737845 -32.958578
822.209787 -35.775978
820.379908 -35.559204
822.888029 -33.435315
825.067629 -32.051428
835.267350 -9.002130
837.300965 -13.890885
832.925257 -7.855082
831.639176 -8.694930
839.230759 -10.677244
843.893679 -861.780689
840.162728 -861.889118
846.381142 -858.463908
843.201767 -862.580865
839.303077 -865.737091
843.469247 -29.801619
844.479762 -27.035546
852.981028 -25.814277
844.257768 -26.014246
846.225324 -25.410411
854.573776 -51.030681
857.552828 -47.656179
852.045858 -51.793406
853.725144 -54.904234
850.568294 -56.519172
864.353271 -71.848683
863.443060 -68.172819
858.710371 -65.797392
858.548736 -71.581908
856.952835 -71.762422
861.700384 -847.514236
860.852933 -844.303019
866.947950 -845.952560
864.023863 -850.272421
862.126035 -850.706729
857.767137 -100.545438
860.830265 -94.511086
861.031378 -95.949239
862.872087 -95.392561
859.657250 -94.235679
869.319029 -115.595396
859.361600 -122.782602
859.757193 -117.989598
864.083008 -121.651178
868.755183 -118.063692
872.950363 -144.863422
869.021604 -144.125254
872.040422 -141.503708
869.622116 -144.355050
873.261217 -142.706755
870.120056 -167.054659
865.078932 -167.366811
874.246493 -160.843817
865.831018 -167.619082
870.588815 -170.276808
872.964597 -185.652210
879.007572 -194.264882
870.861612 -189.253476
870.077886 -192.267345
875.144380 -190.988519
881.849899 -213.175511
870.926213 -214.252357
881.496344 -220.599855
878.921634 -213.983382
881.869002 -214.314860
881.705550 -839.808802
884.072649 -838.387452
883.154989 -836.956646
886.091097 -836.940760
887.108630 -834.562067
873.981799 -236.510999
880.275701 -239.365451
881.477610 -239.282255
878.041413 -240.268161
886.233410 -236.166018
885.853799 -262.422309
887.267484 -269.151261
886.172113 -262.607320
885.100264 -262.395586
882.304809 -267.559450
886.779895 -290.248899
880.472285 -283.662977
883.034287 -288.706646
890.329588 -287.265079
888.605992 -282.534000
891.482403 -316.516716
888.786930 -316.640065
888.794456 -312.600093
890.224102 -310.761577
892.454657 -314.563728
891.943814 -328.103904
894.652430 -335.722058
891.168237 -342.052899
893.890334 -333.738684
898.253309 -339.222234
895.526875 -358.030560
898.838636 -358.417911
897.612767 -355.496486
891.918074 -357.625752
900.049117 -353.641717
901.541997 -376.502698
899.214376 -380.661288
891.568454 -378.261492
898.424671 -380.016628
898.092360 -383.511771
903.679217 -823.044683
902.778262 -824.380393
906.036795 -825.442741
904.074200 -822.648240
904.630493 -817.292386
895.446270 -403.753063
906.668429 -400.777299
905.223418 -403.941557
902.225001 -407.617939
896.612441 -397.169205
907.933602 -428.386907
906.002032 -425.566351
904.786933 -428.725750
909.917404 -422.427551
907.517278 -420.772109
915.137932 -464.210760
910.518654 -460.607714
913.569183 -463.879437
909.510521 -466.015267
916.101504 -459.469086
929.628637 -807.684332
927.933900 -803.453229
927.801400 -802.350644
926.747056 -812.279550
921.101789 -810.499181
946.936235 -792.028830
938.212629 -780.534254
943.003600 -784.698455
945.361186 -785.486079
949.789551 -785.946157
949.548343 -765.753230
955.104394 -772.234885
958.324333 -764.936127
956.398121 -761.978356
955.515994 -765.007602
963.737792 -743.143053
966.510414 -741.732623
964.921540 -742.529513
965.955566 -741.883394
963.949681 -744.178007
963.849858 -724.372085
973.921445 -725.255243
972.199058 -722.079634
977.260847 -719.730802
973.761867 -725.014970
980.036642 -431.266101
980.850221 -429.774702
976.818634 -432.177954
972.150218 -422.297231
968.973104 -429.193685
974.422958 -458.823526
972.598248 -459.384748
968.051873 -459.423148
972.554362 -456.221883
972.183461 -458.564372
980.266809 -692.817014
971.026932 -698.154765
974.901661 -699.260979
973.880086 -694.604834
974.416139 -698.026883
974.381985 -489.564947
975.232862 -488.897299
978.524389 -491.094009
976.167019 -484.244317
976.084767 -486.963637
980.616864 -401.171205
977.133831 -390.437913
971.980013 -393.416743
976.715664 -394.174956
977.696817 -395.640720
975.901601 -509.208600
981.695227 -512.511826
972.623399 -508.840903
970.381148 -512.297856
971.836163 -507.497814
977.873434 -538.933580
978.531136 -541.753000
978.430053 -541.864393
979.128067 -542.459542
976.169226 -540.193115
978.443989 -675.313630
978.672741 -676.122268
981.631793 -674.653739
979.532422 -673.284658
976.347421 -674.022687
980.572402 -572.656132
976.189254 -575.285754
975.495983 -567.019494
980.805882 -570.199602
979.200590 -571.347194
986.691358 -363.352039
979.392554 -366.546650
980.024618 -373.929678
981.597431 -367.076259
978.129925 -373.317631
981.428009 -602.773288
983.693124 -605.773660
987.141384 -603.045403
977.864650 -608.162254
984.438136 -607.111620
981.303116 -646.613402
976.488339 -641.546951
980.537770 -644.153063
980.861574 -642.714710
980.418195 -644.520555
973.694637 -659.124202
971.967959 -659.917511
982.217611 -658.370403
975.080767 -666.810057
976.877048 -661.056331
980.273349 -344.097197
988.451369 -341.187274
985.013652 -345.472188
983.818920 -346.933867
985.990838 -344.900097
992.563626 -328.799717
995.755853 -329.360248
992.343953 -323.074305
988.912343 -322.165325
996.971246 -328.266572
1002.109212 -301.373895
1003.929517 -303.556177
1003.046462 -305.920741
999.381149 -301.167937
998.811584 -307.061911
1014.862405 -275.818584
1017.356343 -283.099794
1021.354984 -275.768065
1021.746027 -284.467768
1017.796185 -274.481034
1038.543692 -267.218443
1038.884928 -260.802373
1038.936317 -263.715123
1044.778547 -261.187982
1041.516848 -264.577111
1061.462788 -253.007255
1059.511720 -245.579817
1052.445243 -246.021585
1056.850481 -252.592921
1057.174237 -246.194700
1079.907998 -243.118444
1079.761946 -246.182829
1079.733284 -242.854917
1078.423147 -238.957609
1079.382016 -240.731176
1101.530198 -242.563954
1101.899986 -243.677393
1098.065815 -238.537943
1095.384918 -243.494530
1100.350541 -239.939597
1120.207648 -239.549738
1126.852663 -243.129042
1121.809386 -238.256126
1120.957819 -247.973850
1119.278169 -239.493256
1125.882544 -398.707918
1129.492633 -397.402713
1125.895701 -397.159553
1125.446458 -400.883121
1127.193842 -400.022892
1144.696097 -251.165704
1144.119485 -245.443947
1139.487946 -251.423178
1144.865356 -248.385156
1137.754114 -247.065388
1154.938461 -415.713654
1146.796070 -418.872687
1150.385888 -411.478918
1148.087932 -416.360130
1150.022223 -417.424768
1161.821394 -256.031706
1164.386847 -256.026040
1167.469893 -247.935333
1163.101063 -258.854955
1169.281099 -252.116791
1170.764891 -433.051644
1171.713344 -428.453525
1171.884139 -423.113211
1169.760136 -428.202643
1171.329146 -428.439891
1185.267236 -261.155558
1185.524473 -266.036841
1184.831234 -264.177799
1189.737351 -266.220927
1191.215300 -262.124323
1191.164078 -430.786735
1190.517057 -431.786331
1185.708591 -429.422720
1185.274668 -430.519596
1190.504334 -437.631973
1203.034327 -280.148909
1206.293339 -279.011160
1208.783303 -273.794608
1206.872256 -278.904946
1207.237873 -278.287591
1217.486433 -426.148915
1208.007709 -430.237153
1209.683476 -423.064632
1208.442368 -424.031877
1210.914209 -429.350873
1223.248460 -303.450589
1222.018220 -291.482159
1224.725419 -296.322935
1228.937872 -299.145151
1225.830435 -294.552156
1233.118411 -399.313944
1230.663157 -407.173014
1232.964797 -404.149097
1230.479002 -404.072469
1225.906566 -405.115861
1238.790819 -320.673826
1239.781742 -313.273602
1240.184059 -310.514088
1242.160574 -317.675890
1241.862161 -317.469595
1243.642310 -383.394416
1243.239746 -391.649320
1240.084162 -378.936460
1242.446456 -384.817589
1250.629215 -381.959449
1250.296913 -339.200785
1247.620628 -341.644318
1254.463597 -345.712554
1251.770063 -337.024489
1246.094715 -342.099016
1250.748815 -365.585747
1255.389700 -362.212999
1249.511099 -364.494077
1248.734551 -365.638469
1253.178259 -368.750938
981.234220 -641.742877
976.666437 -640.297145
983.497992 -634.808797
981.083020 -631.093758
981.377467 -638.997718
