156.025325 340.990292
153.520837 343.318243
118.296945 382.396008
93.489666 505.426679
117.907489 520.455474
104.599157 520.189245
133.929735 346.946141
165.307904 363.954339
170.812082 366.572075
112.081371 393.608741
94.571061 439.409189
110.055348 401.955970
97.959140 426.020419
139.378068 420.123931
161.965449 450.346938
140.179833 456.697118
39.814820 483.808449
130.044395 473.042813
143.059375 490.620506
71.563345 480.787266
89.340298 491.655275
121.216691 535.055300
161.903495 568.524207
132.397762 350.540748
144.777038 557.217376
175.175561 323.232339
191.051193 580.082883
214.763724 317.045407
157.027209 566.179027
138.778867 337.860516
178.020421 576.493014
244.040432 323.223585
177.087955 576.240838
197.483386 312.386452
203.835903 577.164121
193.680768 317.711591
231.211333 575.140185
195.448955 313.126078
214.905517 577.005011
196.866858 313.994302
213.065627 575.887658
250.094758 576.997578
242.779982 322.554351
187.279961 579.622466
232.889123 319.833514
278.381478 577.097512
294.371954 326.243134
248.214802 323.866792
185.067821 578.128967
323.902402 343.330257
242.772531 576.013786
291.228234 323.880847
261.948124 576.504860
274.989719 324.432114
314.227293 571.478023
286.374263 324.780905
307.200643 576.480688
318.273654 323.875272
294.444453 572.946827
365.947996 334.114323
278.627688 579.071829
344.832584 326.349045
291.578580 580.327530
322.385442 326.470757
347.837723 590.973677
357.130202 326.864990
357.305558 585.984688
353.667761 326.557586
351.975025 590.284602
338.371464 328.366711
333.990364 585.959804
427.414856 330.238849
413.530555 588.443950
386.715871 350.644647
293.103197 581.646164
430.204614 333.912202
397.252407 577.269207
413.666276 332.482761
417.756172 592.585068
460.427086 327.837485
357.610201 589.353525
433.569192 332.711889
405.168300 583.264395
432.308017 330.146223
434.223293 599.367235
396.899001 332.194676
440.803271 600.053799
483.505667 330.124739
445.070585 598.700882
404.026480 337.294583
415.438981 590.421811
456.234470 327.567352
427.775244 596.853519
472.282282 329.425868
431.257896 598.203660
454.510048 328.014520
507.108954 598.410438
550.325113 336.240667
546.086426 597.107979
445.336690 329.358910
487.067360 596.214754
489.830044 594.229781
537.264943 333.848256
527.378745 597.846075
523.879305 334.493893
536.663106 592.882713
527.965391 333.509272
540.036983 585.490078
498.866329 334.107748
515.273422 597.989743
551.715817 333.851909
518.816586 597.349981
586.975933 334.802322
554.857902 602.979531
520.773724 343.301332
631.234006 611.458504
627.125492 353.957296
592.203937 609.985153
679.890678 331.296623
591.741175 609.745749
611.366228 332.513056
591.456868 609.891531
608.774044 336.915789
605.020281 609.176875
595.642611 337.449889
653.827010 607.630992
592.795529 336.972519
651.548326 611.004901
625.525871 334.397485
567.075467 602.698751
618.848078 332.066375
659.997832 611.424060
644.684519 340.481340
642.014726 611.255980
667.753673 331.794025
688.404900 602.170310
671.805506 332.376428
693.104344 576.894175
693.670596 330.230634
711.386899 608.219851
713.902093 327.595464
752.644734 614.646896
722.718021 332.103772
764.619383 614.922041
709.584887 330.304333
723.405523 613.492801
735.629955 329.194509
731.801877 607.794058
736.592515 337.256003
692.130720 608.367884
681.107363 330.638677
766.266681 606.379608
751.969190 324.961544
783.066100 592.056679
736.479938 329.250618
793.959632 612.862859
733.701010 330.257678
792.918611 609.837744
816.157231 333.199279
742.756286 616.283523
751.526889 324.986387
853.803027 617.396586
771.209771 329.310409
762.685596 612.739725
815.376810 328.792619
834.040849 615.183577
836.389164 321.808499
849.987088 616.752938
825.248196 325.215768
806.175568 615.093186
811.294109 331.526920
916.655991 609.629067
825.882073 322.729684
868.782136 602.649079
872.436043 318.807597
940.399596 605.937693
901.130594 325.319351
885.890431 607.183725
872.499849 320.702861
863.115113 607.279643
928.847797 339.140364
866.501231 597.043343
950.720836 320.205724
945.577662 603.850845
873.865628 317.888705
900.859619 610.471307
994.540439 311.104876
944.839018 603.804348
899.620930 322.570664
979.692181 601.362886
869.687212 318.311268
921.327862 608.909249
1010.777237 307.837377
948.564528 605.121450
967.574168 315.318365
991.374092 600.016141
985.430887 313.531069
1060.784449 591.874966
970.467104 315.019576
996.933484 598.498485
1020.940698 307.633149
1009.734030 594.871192
1007.062365 308.943128
1015.191543 589.658101
971.427942 314.439785
987.339598 600.234693
1002.612083 308.527998
1079.945562 596.413688
1112.096294 310.676058
1020.006684 590.061447
1022.580461 308.641392
1092.261443 586.801693
1087.545428 296.817760
1031.113954 573.516860
1078.551016 296.762998
1083.521850 596.881822
1072.662621 297.794728
1084.562088 596.648029
1126.384441 306.587676
1121.940810 581.872215
1072.796631 297.366410
1134.148037 585.870530
1148.029804 293.799391
1130.343162 585.088003
1070.700351 298.248023
1169.471190 597.057410
1148.045737 295.260083
1181.963523 586.965189
1155.338019 290.395647
1100.642672 574.438737
1136.979948 298.287173
1121.659486 579.230815
1167.208663 283.242185
1148.823913 591.769773
1158.770721 287.014471
1190.320854 274.724798
1163.722642 590.931858
1207.532219 603.421595
1156.573005 288.350306
1197.248888 607.752664
1186.881276 274.870963
1182.813679 606.443043
1195.546468 271.703608
1179.091938 611.284191
1210.020202 264.451041
1184.990321 610.881230
1241.800216 650.436251
1168.943351 279.156160
1219.572418 640.002163
1224.183161 256.150137
1223.714769 643.545743
1216.293334 258.648967
1252.495786 655.489310
1245.594764 243.487427
1279.860349 676.456770
1257.874236 240.707962
1328.012156 685.630845
1240.273482 243.914904
1266.182125 670.323527
1243.118745 241.511015
1287.604388 677.751747
1276.057787 675.276271
1318.976014 233.765810
1307.445575 222.947050
1254.285717 666.800076
1346.714212 696.321224
1360.295955 217.026282
1402.163941 196.845856
1304.281906 693.151155
1352.194943 212.420035
1263.829477 677.670700
1286.626807 221.842451
1322.043963 703.028351
1384.378243 196.602773
1342.100772 707.827389
1321.421678 208.359725
1321.808797 705.061824
1354.993647 203.524807
1349.875911 702.183766
1409.952411 192.085249
1382.939236 716.787455
1383.734348 192.721966
1409.686975 729.279816
1376.827550 718.980114
1370.133457 200.969101
1415.154494 728.615840
1385.673454 191.919032
1385.556506 722.914884
1412.712723 192.644359
1446.663563 725.132282
1430.430842 195.495294
1441.023766 727.355303
1413.135780 195.073512
1406.146166 728.982526
1412.390087 192.353285
1447.744813 725.526581
1493.232690 204.821073
1459.414512 716.665766
1463.630586 202.867835
1465.997422 709.260259
1510.307721 204.938866
1446.496622 716.778838
1509.974569 204.557055
1468.887503 702.091988
1486.598691 208.008604
1455.103104 719.081820
1491.756296 207.019876
1467.052589 693.455149
1501.389131 207.913694
1526.939984 674.351394
1512.561116 209.742737
1488.106462 684.061056
1550.395182 228.830398
1463.259679 689.383656
1548.600634 233.623704
1521.759681 677.627366
1572.278234 237.070419
1572.602348 651.046301
1568.992607 238.426274
1511.573350 653.197912
1515.615543 217.177596
1524.067894 660.227626
1570.606313 237.669050
1551.512448 646.372336
1597.325476 254.944649
1574.278393 645.066033
1538.429687 252.850810
1546.961830 656.367798
1581.159941 243.778098
1666.920029 610.405849
1595.930177 254.423372
1580.846353 642.172048
1662.904850 273.650725
1648.152959 609.224644
1630.912007 269.108304
1629.748382 602.775394
1621.296792 604.075152
1647.312697 268.745001
1625.944754 598.519535
1617.025338 263.642437
1643.073288 583.636703
1654.461206 596.100008
1686.967473 275.721442
1694.323775 584.542180
1645.980706 270.601777
1686.058542 582.149972
1654.199065 272.123193
1656.510244 551.448799
1618.342591 266.639793
1706.907767 574.569711
1653.814025 271.376245
1764.588586 564.234303
1684.393337 276.431322
1730.440605 571.813238
1768.392288 279.798317
1711.171157 575.873139
1725.914394 278.008976
1675.418103 579.733551
1717.304725 278.724070
1774.388574 572.492628
1743.629584 278.680279
1785.030502 572.691869
1778.468725 281.730134
1743.758557 571.216813
1705.495880 277.889321
1797.187698 570.981942
1730.905778 278.444470
1830.559483 287.144738
1764.219440 569.710847
1759.642978 552.513089
1818.304927 285.182635
1817.215704 567.564274
1800.122400 283.613733
1771.325652 570.688482
1816.907150 285.200178
1812.752580 569.173776
1804.494359 282.818658
1834.437437 563.503498
1832.757946 289.700101
1788.755996 568.990425
1843.686229 301.318123
1875.669814 548.675207
1874.731215 277.443673
1906.415158 557.903386
1851.271533 290.389287
1817.450489 282.547679
1850.196480 561.153359
1868.899356 281.908754
1854.070736 565.086995
1859.769503 287.715003
1882.927639 552.890116
1898.093159 283.856542
1887.646191 562.453980
1942.142794 284.535253
1898.198062 546.934073
1940.666231 302.775615
1975.091534 551.726783
1864.046812 290.083013
1884.431681 558.359149
1968.307713 301.614789
1928.662211 557.219609
1874.916377 277.421480
1918.454468 550.327301
2054.976129 281.956215
2035.339165 548.883753
1966.009724 291.980522
2001.499297 547.433529
2036.436927 280.563169
1944.738131 556.805187
2017.215437 301.141179
2012.983244 550.416001
1995.734472 280.097476
2010.176454 549.642569
2008.267334 282.333536
1985.187594 550.499723
2029.696130 542.602290
1982.428216 288.787382
2002.417085 548.494548
1988.269541 281.783131
2024.799052 546.853587
2069.998826 277.945424
2035.851782 283.505795
2047.716594 548.055986
2068.182316 278.446665
2004.257921 547.414391
2021.465473 279.180320
2049.072707 541.761144
2089.334638 277.220708
2082.452007 522.520252
2017.964911 278.858548
2054.611137 535.477560
2082.126611 277.305967
2099.262636 542.743216
2058.277110 280.138048
2090.297599 542.316860
2101.787446 277.817198
2079.464368 548.003386
2120.982647 278.384249
2167.076071 541.452535
2097.014077 278.141445
2177.808870 539.043874
2172.624359 280.286838
2138.297263 541.961451
2172.501215 282.015448
2145.861140 542.359215
2135.097324 278.448049
2128.769375 538.615484
2179.527500 283.466113
2156.152475 542.067655
2167.354994 280.050774
2184.600134 536.150428
2142.577460 282.616216
2178.058795 537.827491
2160.042192 279.769675
2146.498179 541.373821
2204.838445 291.847337
2230.469815 518.036356
2206.073258 296.217773
2197.755418 528.681080
2211.452639 314.135420
2192.033078 302.714424
2200.437830 319.898958
2191.316575 337.490794
2217.586011 354.007166
2206.561690 343.259206
2237.229814 369.424515
2238.863871 372.166369
2240.164062 377.791887
2239.923712 394.971820
2246.793537 397.872047
2253.856206 413.562392
2250.646894 406.875074
2235.876422 428.495956
2219.787675 423.222986
2241.475583 447.913008
2237.359865 444.155019
2231.977673 521.573231
2240.328107 459.160887
2244.194019 470.672439
2192.737914 499.925487
2234.763213 517.454809
2208.687766 489.513709
2247.348415 487.843143
