110.965754 356.915319
144.794814 351.177660
110.654334 365.017623
99.755077 514.697114
99.377930 511.344760
93.293767 514.208565
119.643718 346.609186
120.804348 379.329879
119.065322 374.376285
101.995680 407.724360
109.392299 408.396928
118.030624 411.558512
94.972173 421.240290
97.752527 429.279019
124.481855 438.527493
110.494222 452.358926
99.723885 478.701263
117.251476 477.385489
107.305668 481.092364
113.978454 487.999410
145.031091 514.593730
143.621796 544.573400
116.245795 533.137729
142.906102 331.619957
163.683929 566.004559
154.261271 324.156243
156.928713 564.948604
177.125579 320.976195
168.540401 572.121625
204.439363 320.611580
171.726463 575.085732
174.859289 323.052842
172.654166 577.298883
184.982820 318.073750
182.189804 577.982506
187.192630 318.377965
174.973676 577.710710
178.749695 319.751746
222.598828 570.295095
195.365756 319.999829
195.149428 574.980735
198.424053 575.659939
202.531461 319.941076
235.595520 575.029330
239.707269 320.555616
232.669619 573.166459
227.957560 320.008843
304.391773 322.485643
223.564644 570.196382
221.788944 322.233610
227.524961 572.185635
257.663864 327.534789
305.727038 570.517387
299.122817 323.547919
253.833165 575.589507
312.857138 322.438170
282.948092 570.516958
267.472234 335.778434
289.637187 574.219716
289.116289 337.127402
313.937225 577.950287
320.223346 326.201201
277.539332 575.904895
297.372809 326.334650
318.393153 575.256205
300.850400 321.796490
355.285687 590.992164
351.729299 326.458459
337.303423 587.371069
358.086950 327.925686
367.276599 594.700932
381.312178 328.497131
384.879156 596.495735
389.816323 330.181454
377.748029 595.573851
414.924077 332.819439
402.451785 597.565343
397.313471 333.484097
422.672682 598.544395
412.325148 339.674721
379.783796 596.059338
407.617244 348.620415
405.043992 597.113367
423.274369 334.609296
448.152459 601.016099
456.081295 337.679641
419.234394 596.957194
380.129177 329.213810
446.465000 601.707733
456.015789 337.066042
457.968233 592.601371
489.446765 338.004554
508.843298 588.473468
475.849987 338.847851
483.459080 603.634241
463.963494 337.569917
483.177974 601.997047
504.411850 337.984960
483.976947 603.149205
511.482131 341.905274
465.835249 598.804679
498.405953 586.761097
526.958277 337.126963
521.799884 598.142981
503.326265 339.883807
543.569580 601.242058
537.677953 336.618851
562.875370 601.603211
546.867330 334.466757
561.786505 603.878520
559.972572 339.988009
571.430471 601.483812
558.025680 337.260237
596.228691 606.510562
584.152850 335.810053
546.275945 602.979221
581.510935 339.501429
645.597389 607.779623
605.302518 336.269644
583.649677 597.521142
572.905183 334.940477
629.700867 609.020965
626.013473 344.875831
614.644671 608.174572
636.616446 331.739409
610.931816 609.259821
623.420321 333.987854
603.658963 607.890678
594.271982 332.480723
666.203617 606.850851
634.726328 329.901754
639.650000 609.139608
682.341855 331.007643
656.276632 597.142295
666.859385 329.527519
640.358678 606.442134
700.777001 337.312500
680.099045 606.718446
709.380759 328.068840
718.070339 602.919559
743.622517 322.439516
680.951270 609.777056
722.732984 328.022079
694.554804 608.235465
680.570528 332.061912
764.052834 610.410872
711.452654 327.640618
718.700672 604.765685
726.782483 324.668138
734.097037 606.189288
745.119922 322.821266
749.116105 608.643507
766.961870 324.966556
761.299577 602.416499
776.974228 326.662508
804.360846 617.923344
767.852044 325.574601
761.835284 613.274355
745.979221 323.012013
789.769692 617.357029
841.178401 327.683370
773.909899 615.823007
796.047662 323.708552
824.549800 618.721173
823.591383 326.674614
839.180985 619.044303
843.267711 322.673120
874.245416 614.443852
835.428607 333.150994
854.115035 617.921136
865.063777 323.119702
854.501419 618.831111
837.165874 326.486339
838.713786 617.065572
957.110342 321.016160
884.339748 608.468690
899.431244 318.119826
896.748827 604.872406
916.425735 318.978902
929.984945 598.420376
912.561174 319.297122
884.871444 607.834520
912.245227 318.923054
947.079430 597.783892
899.081341 317.238305
963.019026 599.601578
911.736745 319.250987
920.457287 599.802242
960.284484 316.435762
969.409725 596.316742
939.267705 318.484934
920.154912 590.570442
969.932863 311.888331
977.023294 592.378383
998.943752 313.653920
941.446946 600.005023
958.147944 315.171700
959.397917 599.884547
986.584869 312.717971
974.447089 590.584157
974.581411 311.734548
1005.119149 590.228920
978.564962 310.368854
986.145652 591.885179
1055.637966 302.042834
1025.074770 582.669119
1008.011333 316.621860
1025.644750 587.408986
1028.624052 308.590233
1085.713989 586.455824
1033.742189 304.977199
1061.670235 575.000412
1040.645124 303.435937
1059.795810 587.907832
1050.253199 302.022712
1108.623455 583.868034
1103.549312 299.831512
1080.032520 587.462223
1071.666896 301.424405
1103.865637 587.821165
1087.032263 300.531090
1113.307234 583.499661
1097.921687 301.467655
1115.691683 578.387921
1120.269994 297.347697
1116.263944 582.763396
1150.161782 290.246277
1127.431083 585.997523
1136.757314 293.989918
1127.922194 583.850320
1154.877662 289.626468
1166.785338 586.726929
1181.811902 279.609251
1184.238208 578.769263
1173.027929 282.783838
1194.518468 275.919541
1193.041779 596.195657
1170.472917 594.953177
1164.213404 282.499211
1222.129066 599.768819
1197.385419 276.584034
1176.076973 606.062958
1219.937321 269.272912
1199.934539 618.260726
1208.577670 270.857662
1227.430224 629.346704
1214.634276 624.478900
1210.731552 269.466951
1200.642471 628.967633
1239.407431 253.205731
1255.757290 652.572907
1199.548904 266.509578
1252.735707 656.117936
1241.450052 247.237880
1223.282217 639.511981
1234.698798 250.838637
1275.519417 673.241176
1242.782623 246.344443
1284.533689 676.380942
1326.279767 214.113673
1294.550474 682.269327
1286.433212 680.396590
1301.214218 228.604206
1296.653693 226.804374
1279.468038 675.604830
1289.242345 682.784824
1304.702823 221.475737
1341.109097 206.618091
1286.937339 682.112344
1318.283710 211.625702
1310.392176 692.779914
1313.759194 213.825827
1341.900298 700.393310
1352.415337 202.564214
1346.567966 703.977864
1343.064834 204.642651
1331.233852 699.415024
1388.564463 191.557633
1354.863546 706.396587
1378.382418 192.282058
1448.654000 720.630255
1386.446752 191.344037
1379.879939 715.696169
1429.520208 728.020094
1372.759412 193.565597
1405.760935 729.559964
1384.374518 190.883978
1405.292990 728.781538
1415.857987 196.986356
1428.702957 728.438202
1429.381121 193.545628
1434.252342 727.034336
1442.594419 193.324267
1433.875283 727.182976
1422.949438 196.069974
1446.701513 721.683060
1459.285563 194.115976
1446.993169 717.764971
1476.925665 197.808174
1438.257702 705.354666
1464.545375 196.032354
1438.682958 705.282139
1494.782369 201.640738
1459.051628 707.250099
1502.926758 204.783393
1499.600736 679.372978
1478.150814 203.215547
1482.011294 697.382786
1512.736592 206.867350
1490.274768 688.760407
1524.754904 212.055393
1486.445443 689.087318
1519.237951 213.524038
1529.641381 677.196534
1520.499874 209.924687
1571.445731 668.809426
1507.584987 219.373654
1580.292681 665.646411
1551.116868 230.068638
1506.740866 671.275604
1579.266018 238.477433
1588.992886 655.954365
1586.226361 244.346670
1585.164632 660.573922
1507.114016 235.923163
1592.042615 652.558730
1579.249845 242.807161
1602.609821 630.661519
1596.640431 258.152811
1594.615444 646.517627
1651.010014 266.570619
1608.993362 622.806266
1632.125597 270.179902
1597.980925 625.963611
1629.840927 269.307782
1601.195960 597.250514
1610.697383 606.446368
1629.697882 269.839644
1636.749353 594.871753
1615.082093 268.916286
1676.803055 587.451190
1665.897830 589.033127
1605.987499 264.106457
1664.958690 572.338262
1663.152866 267.630410
1718.996919 576.708036
1701.177123 275.193229
1696.275621 582.027554
1691.122610 270.837697
1725.037861 576.916031
1652.208936 268.022145
1698.978480 578.848040
1707.900967 291.958138
1679.371568 583.649322
1693.267160 274.242153
1749.721853 573.411568
1718.092521 281.228231
1759.749314 570.649977
1746.638026 281.285712
1735.270609 574.399554
1756.668764 282.916935
1709.200785 578.290487
1802.991544 283.904026
1767.991559 570.001391
1747.910291 280.735053
1775.691728 568.665099
1795.601256 283.657906
1791.721982 283.907910
1811.614057 565.505929
1795.376533 565.575087
1770.479905 282.136533
1795.631610 565.912834
1832.456891 285.441656
1797.837692 564.994547
1824.749737 284.754777
1803.295537 566.435228
1833.985438 285.205240
1786.123412 557.565256
1843.898282 286.252864
1866.408871 554.509074
1848.948211 286.473372
1902.038993 560.217638
1845.952393 286.368111
1879.322211 561.065561
1873.217242 286.748685
1848.518588 286.559258
1853.442684 544.714272
1889.336977 287.036391
1886.119572 559.974789
1860.759750 286.412480
1902.745491 559.752953
1907.458670 289.223819
1896.858395 560.756956
1886.764698 287.468963
1909.798571 559.180698
1886.665311 287.470536
1906.969538 559.499918
1916.983171 301.646441
1925.315447 558.043165
1895.032315 290.247869
1967.802900 549.350347
1929.218637 292.795678
1923.388476 557.149274
1953.941825 286.651432
1978.780953 545.400703
2010.199592 284.131751
1986.774670 539.304077
2013.813384 284.182156
1977.779670 542.197619
2029.491273 282.147271
1978.303718 546.487124
2006.732515 284.734200
2039.654533 550.482656
1983.050681 286.519471
2031.294840 549.241382
2001.640929 546.031544
2031.002407 281.885401
2031.874825 549.834737
2023.205349 282.918948
2043.731422 550.420863
2057.757847 282.700618
2049.718168 282.399911
2026.404890 549.701280
2050.518384 282.299949
2033.109288 549.830128
2074.377957 280.794699
2110.017414 538.507403
2097.014132 278.925999
2102.465812 541.816727
2067.587174 281.296959
2083.601896 548.258758
2131.420993 278.179965
2062.398774 549.804329
2088.754049 278.929857
2085.225480 547.381500
2121.218975 279.031588
2112.920040 541.281408
2136.281188 278.169277
2132.159524 539.483638
2087.232485 278.736665
2116.115788 536.120972
2126.305790 279.132094
2105.603253 534.453362
2157.483530 277.439127
2181.690690 537.678626
2185.415052 276.260314
2170.758596 539.263876
2181.471828 276.361282
2174.827906 537.891298
2184.060165 276.351850
2199.589964 538.490801
2194.922870 280.894000
2187.805576 538.929284
2187.398543 278.668445
2203.791994 537.570054
2196.793592 282.036796
2216.703764 532.171903
2204.174770 293.224235
2235.771299 521.993477
2221.238979 311.399851
2222.885568 321.332172
2212.253520 315.324613
2202.780790 316.740545
2212.900225 336.208302
2221.168594 346.594363
2235.902888 366.794279
2237.376441 363.635219
2241.933646 372.980107
2224.321916 379.343911
2203.083542 394.356557
2195.115888 391.216797
2239.806709 396.531565
2216.207346 416.104782
2242.761786 434.261090
2244.986539 447.799273
2222.703393 466.949016
2219.540223 524.234510
2223.662937 472.469291
2237.982427 482.697831
2221.133998 479.586360
2230.386539 513.750632
2220.454000 489.747494
2238.123866 499.409330
