119.000000 342.000000
47.017600 396.432527
119.000000 362.000000
119.000000 517.000000
119.000000 527.000000
119.000000 537.000000
124.000000 332.000000
124.000000 371.000000
124.000000 381.000000
124.000000 391.000000
184.291020 406.207759
124.000000 411.000000
124.000000 421.000000
124.000000 431.000000
124.000000 441.000000
128.137426 479.966371
124.000000 461.000000
124.000000 471.000000
124.000000 481.000000
124.000000 491.000000
124.000000 501.000000
118.649519 570.568629
129.000000 555.000000
132.000000 324.000000
135.000000 563.000000
141.000000 319.000000
143.000000 570.000000
151.000000 319.000000
152.000000 575.000000
161.000000 319.000000
211.030248 579.860347
171.000000 319.000000
171.000000 580.000000
180.000000 314.000000
180.000000 575.000000
190.000000 317.000000
190.000000 575.000000
200.000000 319.000000
200.000000 575.000000
210.000000 319.000000
210.000000 575.000000
219.000000 580.000000
220.000000 319.000000
229.000000 577.000000
230.000000 319.000000
239.000000 575.000000
240.000000 319.000000
249.000000 324.000000
249.000000 575.000000
259.000000 322.000000
125.067998 567.404897
269.000000 319.000000
269.000000 575.000000
279.000000 321.000000
279.000000 575.000000
289.000000 324.000000
289.000000 575.000000
299.000000 324.000000
299.000000 575.000000
308.000000 329.000000
308.000000 580.000000
318.000000 329.000000
318.000000 580.000000
327.000000 324.000000
328.000000 580.000000
337.000000 324.000000
337.000000 585.000000
469.362422 276.660175
347.000000 589.000000
356.000000 324.000000
357.000000 590.000000
366.000000 324.000000
367.000000 590.000000
375.000000 329.000000
377.000000 590.000000
348.705801 340.770682
387.000000 590.000000
395.000000 329.000000
421.777463 587.105056
405.000000 332.000000
336.372209 612.571252
415.000000 334.000000
416.000000 595.000000
425.000000 334.000000
426.000000 595.000000
435.000000 334.000000
436.000000 595.000000
445.000000 334.000000
446.000000 595.000000
455.000000 334.000000
456.000000 595.000000
465.000000 334.000000
466.000000 595.000000
475.000000 334.000000
475.000000 600.000000
485.000000 334.000000
485.000000 602.000000
495.000000 334.000000
389.522957 625.328377
505.000000 334.000000
505.000000 600.000000
514.000000 595.000000
515.000000 334.000000
524.000000 595.000000
525.000000 334.000000
533.000000 600.000000
541.558159 373.852548
543.000000 600.000000
545.000000 334.000000
552.000000 605.000000
555.000000 334.000000
562.000000 605.000000
553.398263 302.331318
571.000000 610.000000
575.000000 334.000000
580.000000 605.000000
585.000000 334.000000
590.000000 605.000000
595.000000 334.000000
600.000000 605.000000
605.000000 334.000000
610.000000 605.000000
615.000000 334.000000
620.000000 605.000000
625.000000 334.000000
629.000000 610.000000
635.000000 331.000000
639.000000 610.000000
645.000000 329.000000
649.000000 610.000000
655.000000 329.000000
659.000000 610.000000
665.000000 329.000000
669.000000 610.000000
675.000000 329.000000
679.000000 610.000000
747.761124 339.667648
689.000000 610.000000
695.000000 329.000000
699.000000 610.000000
704.000000 324.000000
709.000000 610.000000
714.000000 326.000000
719.000000 610.000000
724.000000 329.000000
729.000000 610.000000
734.000000 329.000000
739.000000 610.000000
743.000000 324.000000
749.000000 610.000000
753.000000 324.000000
759.000000 610.000000
763.000000 324.000000
769.000000 610.000000
772.000000 329.000000
779.000000 610.000000
782.000000 329.000000
788.000000 615.000000
792.000000 329.000000
797.000000 620.000000
801.000000 324.000000
807.000000 620.000000
811.000000 324.000000
817.000000 620.000000
821.000000 324.000000
827.000000 620.000000
831.000000 324.000000
837.000000 620.000000
841.000000 324.000000
847.000000 620.000000
851.000000 324.000000
857.000000 619.000000
861.000000 324.000000
867.000000 614.000000
871.000000 324.000000
877.000000 609.000000
880.000000 319.000000
887.000000 605.000000
890.000000 319.000000
897.000000 605.000000
900.000000 319.000000
907.000000 605.000000
910.000000 319.000000
917.000000 605.000000
913.132356 337.599959
927.000000 605.000000
930.000000 319.000000
937.000000 604.000000
940.000000 319.000000
947.000000 600.000000
949.000000 314.000000
957.000000 600.000000
959.000000 314.000000
966.000000 595.000000
969.000000 314.000000
976.000000 595.000000
979.000000 314.000000
986.000000 595.000000
989.000000 314.000000
996.000000 595.000000
999.000000 312.000000
1006.000000 595.000000
1009.000000 309.000000
1016.000000 595.000000
1019.000000 309.000000
1026.000000 595.000000
1029.000000 309.000000
1036.000000 595.000000
1018.106685 323.194437
1045.000000 590.000000
1048.000000 304.000000
1055.000000 590.000000
1058.000000 304.000000
920.461614 566.822998
1068.000000 304.000000
1075.000000 590.000000
1077.000000 299.000000
1085.000000 590.000000
1087.000000 299.000000
1095.000000 590.000000
1097.000000 294.000000
1105.000000 590.000000
1107.000000 294.000000
1115.000000 590.000000
998.949955 303.631939
1125.000000 590.000000
1127.000000 289.000000
1195.661280 618.077189
1137.000000 289.000000
1145.000000 590.000000
1147.000000 289.000000
1155.000000 590.000000
1156.000000 284.000000
1174.962807 572.647316
1166.000000 284.000000
1098.199812 291.543556
1175.000000 592.000000
1182.000000 600.000000
1185.000000 279.000000
1190.000000 607.000000
1195.000000 279.000000
1197.000000 615.000000
1204.000000 274.000000
1206.000000 620.000000
1213.000000 269.000000
1214.000000 626.000000
1221.000000 634.000000
1222.000000 264.000000
1229.000000 640.000000
1231.000000 259.000000
1235.000000 648.000000
1240.000000 254.000000
1243.000000 655.000000
1249.000000 249.000000
1252.000000 660.000000
1259.000000 247.000000
1260.000000 667.000000
1269.000000 242.000000
1100.464337 651.253011
1279.000000 237.000000
1279.000000 675.000000
1288.000000 680.000000
1289.000000 232.000000
1297.000000 224.000000
1297.000000 685.000000
1306.000000 690.000000
1307.000000 219.000000
1315.000000 211.000000
1270.709567 703.713729
1323.000000 204.000000
1325.000000 697.000000
1332.000000 199.000000
1416.845319 694.501366
1273.797528 237.088334
1344.000000 705.000000
1351.000000 194.000000
1354.000000 705.000000
1361.000000 194.000000
1363.000000 710.000000
1371.000000 190.000000
1372.000000 715.000000
1401.325457 172.338340
1381.000000 720.000000
1389.000000 726.000000
1181.846311 184.401789
1399.000000 730.000000
1401.000000 189.000000
1408.000000 735.000000
1382.722385 199.748074
1418.000000 735.000000
1421.000000 189.000000
1428.000000 735.000000
1431.000000 189.000000
1438.000000 733.000000
1441.000000 189.000000
1445.000000 725.000000
1451.000000 189.000000
1485.434995 725.863691
1460.000000 194.000000
1464.000000 710.000000
1470.000000 194.000000
1473.000000 705.000000
1480.000000 194.000000
1467.160830 727.495381
1489.000000 199.000000
1596.576815 692.402752
1498.000000 204.000000
1501.000000 695.000000
1508.000000 205.000000
1510.000000 690.000000
1518.000000 209.000000
1520.000000 685.000000
1527.000000 214.000000
1530.000000 685.000000
1536.000000 219.000000
1539.000000 680.000000
1545.000000 224.000000
1547.000000 674.000000
1555.000000 227.000000
1557.000000 669.000000
1564.000000 232.000000
1567.000000 664.000000
1574.000000 236.000000
1575.000000 655.000000
1580.000000 244.000000
1583.000000 648.000000
1546.187552 244.605126
1593.000000 643.000000
1595.000000 258.000000
1600.000000 635.000000
1599.188631 304.023071
1558.662458 618.281487
1614.000000 267.000000
1618.000000 623.000000
1624.000000 269.000000
1625.000000 615.000000
1643.378974 620.926854
1634.000000 271.000000
1638.000000 598.000000
1644.000000 274.000000
1644.000000 590.000000
1652.000000 584.000000
1654.000000 274.000000
1662.000000 579.000000
1664.000000 274.000000
1657.252592 582.577821
1674.000000 274.000000
1682.000000 575.000000
1684.000000 274.000000
1691.000000 570.000000
1694.000000 276.000000
1701.000000 570.000000
1704.000000 279.000000
1711.000000 570.000000
1713.000000 274.000000
1720.000000 575.000000
1722.000000 279.000000
1730.000000 575.000000
1732.000000 279.000000
1740.000000 575.000000
1741.000000 284.000000
1697.760747 576.116542
1751.000000 284.000000
1759.000000 570.000000
1760.000000 279.000000
1656.953092 571.332523
1770.000000 279.000000
1779.000000 284.000000
1685.070347 517.728514
1788.000000 565.000000
1889.603572 266.123877
1798.000000 565.000000
1799.000000 284.000000
1788.010603 548.033798
1809.000000 284.000000
1818.000000 565.000000
1819.000000 284.000000
1828.000000 565.000000
1829.000000 286.000000
1838.000000 565.000000
1839.000000 284.000000
1848.000000 565.000000
1849.000000 284.000000
1857.000000 560.000000
1858.000000 279.000000
1867.000000 284.000000
1867.000000 560.000000
1877.000000 284.000000
1877.000000 560.000000
1887.000000 284.000000
1887.000000 560.000000
1897.000000 284.000000
1897.000000 559.000000
1907.000000 284.000000
1907.000000 555.000000
1916.000000 289.000000
1917.000000 555.000000
1926.000000 289.000000
1927.000000 555.000000
1936.000000 285.000000
1937.000000 555.000000
1946.000000 284.000000
1947.000000 555.000000
1956.000000 284.000000
1969.561138 571.487628
1966.000000 284.000000
1966.000000 550.000000
1976.000000 284.000000
1976.000000 550.000000
1986.000000 284.000000
1986.000000 550.000000
1996.000000 284.000000
1996.000000 550.000000
2006.000000 284.000000
2006.000000 550.000000
2015.000000 545.000000
2016.000000 284.000000
2025.000000 545.000000
2026.000000 280.000000
2035.000000 545.000000
2036.000000 279.000000
2045.000000 284.000000
2045.000000 545.000000
2055.000000 284.000000
2055.000000 545.000000
2064.000000 279.000000
2065.000000 545.000000
2074.000000 279.000000
2075.000000 545.000000
2084.000000 279.000000
2085.000000 545.000000
2094.000000 279.000000
2095.000000 545.000000
2104.000000 279.000000
2105.000000 545.000000
2114.000000 279.000000
2115.000000 545.000000
2124.000000 279.000000
2125.000000 545.000000
2134.000000 279.000000
2134.000000 540.000000
2144.000000 279.000000
2144.000000 537.000000
2154.000000 279.000000
2316.642285 528.230591
2163.000000 274.000000
2164.000000 535.000000
2121.536760 259.726915
2173.000000 540.000000
2182.000000 279.000000
2183.000000 540.000000
2192.000000 279.000000
2193.000000 540.000000
2202.000000 279.000000
2203.000000 538.000000
2355.582742 285.750990
2213.000000 535.000000
2219.000000 287.000000
2223.000000 533.000000
2225.000000 295.000000
2230.682032 298.732990
2225.000000 315.000000
2225.000000 325.000000
2225.000000 335.000000
2225.000000 345.000000
2225.000000 355.000000
2225.000000 365.000000
2225.000000 375.000000
2225.000000 385.000000
2225.000000 395.000000
2225.000000 405.000000
2102.506313 386.244211
2230.000000 425.000000
2230.000000 435.000000
2230.000000 445.000000
2230.000000 455.000000
2233.000000 528.000000
2235.000000 464.000000
2197.741581 453.445144
2235.000000 484.000000
2238.000000 518.000000
2240.000000 493.000000
2240.000000 503.000000
