127.059804 344.934263
138.004104 348.621528
125.985921 364.473476
120.595347 514.332352
123.525223 534.120080
123.056532 542.163713
128.245977 334.000505
123.507168 378.418493
126.861952 371.167162
121.798689 393.456594
121.868651 396.773535
118.960649 413.805223
121.376732 414.598988
115.462996 426.369928
123.349037 442.752169
123.979720 451.551042
132.579974 462.897009
122.144246 471.806684
122.367849 477.662966
122.294579 488.917287
122.548628 500.189834
123.212360 546.262179
133.884214 552.732326
129.115431 334.037123
145.559592 563.522139
139.184227 325.086522
150.230024 567.017326
145.322717 323.307643
149.335182 567.563856
152.337433 324.029958
154.500565 570.425751
160.562694 321.831323
171.406499 573.823553
184.517500 316.491356
180.321705 573.587365
180.514903 317.274805
194.006107 575.824166
197.338759 317.943405
209.051149 575.589186
207.566235 319.654603
208.678112 576.531171
225.079189 576.623549
225.914044 319.719100
216.964813 576.359659
228.265967 319.323377
231.113119 576.306141
252.626769 322.953417
237.540712 321.193168
251.730902 577.293966
249.956223 323.055934
254.619495 576.851648
264.087877 328.324518
265.566906 577.109680
265.842433 325.630543
280.841343 576.564867
294.699119 327.012585
299.579890 578.067388
306.336548 326.640024
310.068257 572.131881
303.083527 330.477658
306.251718 575.333907
314.911695 327.432517
293.104438 578.330742
335.276270 331.567762
325.768553 575.451576
339.616268 326.039362
331.178515 586.166218
375.734553 326.836765
330.319473 585.309832
342.737355 326.299433
359.791266 592.623134
361.697287 324.800982
356.239180 592.101605
364.893508 326.759499
362.157097 591.716000
394.558493 330.357938
393.351977 591.596502
398.645730 331.398278
400.928914 593.040919
397.840102 336.866354
389.607976 593.325038
424.147049 342.105019
409.649886 593.479162
410.163267 335.828049
416.997682 593.227820
453.909330 338.833664
435.994176 592.973333
427.930846 335.928509
453.897016 595.688645
459.452986 333.447394
444.276777 590.173431
462.632613 334.384586
470.896714 597.727070
457.306684 334.951125
471.555652 600.042112
486.669495 344.075140
478.787524 599.810049
500.196654 337.832437
525.970324 597.503833
517.775864 333.406186
513.803258 598.098410
526.082562 596.362469
511.524174 334.454170
527.867904 586.451007
508.317519 333.688425
519.397851 598.270296
539.007670 333.587261
532.279536 597.165449
556.452652 334.240466
536.452302 600.578654
573.186239 335.820058
568.704294 606.427393
561.964869 334.536734
572.101132 606.864811
567.397001 335.192992
572.266327 605.729890
573.031661 335.162153
586.084348 606.809456
592.512828 333.728088
607.094454 606.193771
601.522279 332.728150
613.274979 606.854158
580.670511 335.333138
638.706118 608.460241
620.489837 333.975025
624.733603 607.973388
629.520103 333.301895
638.817823 609.566747
636.964206 343.024338
654.170307 607.953430
655.375021 333.512429
679.967658 607.037005
671.504446 328.938631
675.488784 606.535095
661.266144 332.325116
679.429149 603.977346
700.356898 326.146471
688.435477 607.950377
675.074973 328.739800
696.627747 608.729895
704.336962 324.892027
704.621474 609.526517
716.402616 326.351928
721.275449 610.480631
703.521597 324.674582
734.463150 610.748185
745.204990 333.400342
723.638427 609.239176
745.585521 330.622591
744.656437 610.011192
767.436389 326.953868
784.166523 600.834509
769.803592 327.192625
777.096391 607.419815
787.422246 326.083338
771.849412 606.998417
794.583691 326.374438
784.818062 605.677446
805.725717 328.223381
806.897590 613.669937
794.695238 325.889745
815.556259 616.933806
803.485284 326.846978
823.321682 618.769949
819.917918 332.083130
836.474690 619.260688
828.219946 326.242823
843.502739 618.282714
837.946537 324.540197
842.060917 617.504597
834.232258 325.225477
849.008105 617.507173
863.128011 323.896606
865.284263 612.061731
881.868429 328.554611
875.143349 607.733213
884.456802 321.868746
878.519328 604.890547
881.099075 321.324758
899.670831 604.706950
903.640562 321.339452
921.128673 600.209245
913.976019 326.383501
915.219897 602.783641
914.929865 322.525597
928.488852 602.157310
931.633442 319.023141
938.876209 600.876182
953.556711 316.562002
950.516396 600.408161
954.888314 315.265349
968.101960 597.228311
949.819534 316.042029
981.940584 595.727448
976.117157 313.150497
991.373958 587.780948
984.561398 312.862395
983.968770 595.857777
985.024701 314.000877
1007.944428 593.406667
992.120444 318.920387
1014.886088 594.454337
1007.323161 313.115850
1024.346005 593.452348
1020.906733 310.370110
1031.602839 592.467626
1046.069413 306.151676
1042.790731 590.541186
1033.113968 307.357579
1058.480284 587.911815
1050.216839 304.579463
1058.888474 578.521669
1056.489728 304.863649
1040.146305 588.486410
1078.985835 309.703438
1059.743020 590.881478
1080.836107 302.442148
1094.025393 589.332742
1077.505388 301.505963
1099.636596 589.107529
1099.718178 298.439625
1118.439114 582.947718
1114.037959 294.698990
1112.955963 587.160273
1105.508284 295.923873
1124.206902 580.641520
1129.640235 290.560739
1146.851066 590.438010
1132.070248 290.141194
1141.683341 590.141962
1152.588397 287.295799
1154.835403 594.202192
1149.210123 286.218048
1160.685544 595.762517
1170.493389 292.741871
1161.218063 285.585363
1194.379997 587.235623
1182.105589 597.219508
1206.075066 273.987416
1190.252886 604.564327
1204.843512 274.943090
1198.572648 618.066522
1205.081829 274.628422
1207.561412 625.974919
1202.502540 274.871786
1204.055513 625.005654
1199.559122 625.210784
1232.618127 261.409760
1222.960656 640.522463
1217.723561 266.800597
1247.351212 654.942824
1239.688411 256.959062
1227.551987 647.685718
1257.252906 249.874883
1267.081149 670.213614
1259.135847 249.154573
1265.586269 669.450099
1279.504717 241.546151
1258.400990 665.132154
1279.993448 239.399187
1286.558105 679.216391
1285.084920 678.255209
1295.529937 239.322531
1301.904486 228.447304
1307.026171 685.915220
1318.088254 688.457093
1319.306000 215.061859
1317.074543 213.522880
1314.296834 691.814630
1321.916903 211.781906
1325.149118 696.773968
1351.588915 195.923656
1335.887842 705.762552
1353.864252 195.609426
1340.001295 707.962451
1360.262591 194.612220
1350.582552 710.037931
1350.108318 197.233316
1342.657827 709.572878
1374.461358 192.943663
1376.238392 718.361582
1384.659122 190.810711
1371.945541 718.231922
1389.436714 723.687355
1396.324825 190.093781
1399.858954 728.024167
1400.836760 188.992184
1412.164777 731.648552
1415.109583 189.758778
1439.686349 724.149021
1419.556847 190.797090
1429.877248 728.545913
1434.135754 190.112166
1413.309588 732.501713
1439.739222 190.236237
1452.051082 720.579669
1449.621304 191.101565
1470.005228 712.370627
1467.069265 194.036278
1449.159559 719.002764
1485.021247 199.286528
1486.265495 703.519758
1466.005679 194.353161
1502.885978 695.063996
1498.972955 203.203060
1499.144469 697.267595
1490.078372 202.329089
1505.816559 691.302458
1519.510464 209.174564
1500.629792 694.083878
1530.380880 214.181971
1507.479655 690.768130
1531.915648 215.055820
1520.335460 686.065086
1543.776780 221.818190
1543.323165 677.065376
1541.577054 220.115380
1564.998779 666.342979
1552.447117 229.058607
1555.327019 671.002448
1552.006049 229.590629
1579.802964 654.617733
1571.697599 243.439961
1565.192904 662.411193
1574.868152 247.672225
1584.944043 650.599734
1568.788376 251.662876
1593.963283 642.615959
1613.012610 260.470710
1605.930025 630.420521
1610.785708 261.570127
1609.196967 625.904502
1620.681272 266.825575
1613.181443 622.303934
1625.811162 270.366479
1618.757404 614.749911
1624.798311 607.113279
1635.476033 279.748027
1631.884809 599.868321
1624.735619 270.495266
1644.196055 587.878433
1646.745744 580.343151
1654.839294 272.556393
1668.891998 578.929475
1657.825644 271.865499
1673.906506 578.078636
1688.320231 274.281952
1678.947356 574.993726
1685.168292 274.787957
1707.761845 557.768480
1699.871147 278.986591
1692.954811 568.267624
1702.056931 279.155250
1694.569701 566.635199
1711.635304 279.285853
1723.083392 566.736677
1750.297052 283.447414
1703.969425 566.612811
1716.564708 279.238705
1744.024478 568.845062
1749.297061 284.859190
1763.544812 568.252778
1743.790822 288.235167
1757.858688 569.202424
1758.329685 282.836411
1769.319458 566.302829
1767.231218 282.603978
1789.755774 283.248496
1766.621222 568.083342
1783.124185 563.988243
1804.258246 283.625122
1795.083405 551.826976
1806.657172 285.241191
1818.274333 564.114068
1810.960016 285.707849
1805.380087 559.273060
1826.021548 295.934224
1824.166157 564.584605
1848.686193 285.988196
1835.296899 564.923236
1826.509148 290.076109
1841.671802 564.518741
1867.453729 283.175616
1841.337406 563.977830
1862.966560 283.336401
1863.642152 284.745560
1859.782918 562.073278
1888.680490 283.608809
1884.867540 559.170787
1905.535087 283.917955
1884.428162 559.769999
1902.569059 282.760397
1910.850803 557.462515
1911.660274 284.384661
1891.477774 558.502704
1910.103227 289.290245
1938.481576 553.937642
1927.963364 285.846675
1911.882313 556.121224
1936.641842 284.786367
1947.227814 553.705858
1949.252932 284.436501
1946.351346 553.506599
1968.952966 284.000050
1956.947156 550.015685
1974.614567 283.823593
1972.887164 547.667318
1974.297010 283.364720
1963.608011 543.482022
1995.109492 282.527528
2001.068591 543.100947
1986.432651 282.960341
1994.814203 548.281099
2008.929035 281.933947
1995.195135 547.037812
2013.380444 544.931519
2022.872080 282.777377
2022.706080 544.411262
2032.899091 281.433198
2031.497847 544.153829
2044.919289 281.776660
2050.719445 281.823502
2028.804896 539.904049
2063.916445 292.313091
2044.269040 543.991026
2057.944846 286.643868
2073.944515 546.466446
2079.916634 284.125368
2079.925174 546.571631
2080.865455 280.773727
2071.999700 546.991405
2113.297570 276.761385
2106.749119 543.347872
2106.273757 277.163974
2099.581522 543.535761
2127.134324 278.552843
2097.241264 544.894567
2132.421107 280.367665
2134.908123 539.714841
2111.079266 276.532777
2131.080483 538.247569
2153.232973 278.458510
2136.903065 532.993517
2158.556439 278.398601
2156.391609 537.122854
2151.807751 278.456351
2177.160883 539.104802
2167.948280 278.478846
2190.899640 538.890196
2177.185096 279.432215
2206.552875 536.851671
2181.563539 279.646817
2193.984461 538.652665
2182.163884 278.965153
2191.268926 538.177936
2197.021501 284.877940
2209.189123 535.278724
2218.605651 296.629685
2219.347750 529.822836
2214.629380 293.982006
2223.983458 304.430807
2225.830448 316.723795
2212.433883 318.958357
2230.130660 337.291467
2233.489944 349.102565
2228.798477 355.523313
2217.516695 364.914835
2224.680190 373.189646
2207.930330 383.036078
2230.796018 400.679435
2224.523598 404.903883
2224.021369 415.549087
2228.481216 422.999258
2233.597997 442.517858
2238.288633 451.291173
2228.419403 455.668326
2222.839761 527.071449
2237.438647 462.189060
2247.236242 470.861708
2242.999864 476.711978
2230.561491 512.261845
2233.216638 495.602226
2234.908982 503.972721
