91.009427 394.228855
81.878450 381.018597
103.376988 411.424655
106.429609 402.300774
117.691613 449.995930
107.551660 454.671296
210.922431 278.794714
215.001120 267.450196
243.419379 230.487231
240.106728 233.053162
262.469986 182.554825
279.000836 183.446120
289.201048 142.042399
288.204295 128.479909
293.512991 67.487092
300.552842 78.622150
292.285282 21.515955
314.598577 19.969204
314.584542 76.392055
319.486452 82.262586
343.384017 111.263530
339.942940 123.177907
355.338578 177.955202
366.912156 166.318742
376.592015 486.065190
386.310503 472.711188
377.122799 210.408455
382.462888 207.348972
388.719710 430.217976
391.430992 446.580153
397.518598 520.765284
378.837908 516.692620
403.629557 239.292111
396.457489 249.231260
411.793330 553.978454
415.321363 543.479190
422.380051 420.628605
424.074870 414.808151
429.335125 520.514229
434.936436 528.031952
476.880906 409.420026
472.635338 401.506564
509.292894 397.938101
507.595109 395.034985
545.659095 400.713453
537.693893 406.246599
536.199017 493.867913
545.418578 498.832168
578.146567 423.440302
578.771985 417.416252
590.922230 510.723296
586.172450 507.014346
618.323364 207.832455
615.681633 219.642099
609.144557 446.119034
603.857369 447.471776
609.984805 466.310492
619.115910 471.015992
618.952983 507.686301
626.237136 506.538319
638.014251 160.617913
634.923422 172.321116
656.278734 134.399701
670.007164 143.230267
681.011991 112.639607
694.353530 115.656580
767.597812 108.589150
771.019148 98.146576
780.727018 147.339884
775.397696 136.917905
780.842020 67.167029
774.982979 66.389752
777.001243 22.878141
776.926916 37.345348
824.270582 342.538314
815.380107 336.617602
821.804504 368.722560
813.351017 371.320395
827.389397 315.337477
839.116048 315.863481
847.269809 390.460270
837.938428 390.803072
859.681891 310.747772
870.094043 298.583184
890.829233 394.386416
877.999180 400.071278
882.254830 316.393636
899.519142 319.878419
918.474808 343.429683
904.137274 337.313491
911.719320 374.815396
900.265840 378.342330
