-158.928290 -49.078294
-160.782818 -61.634578
-174.270828 -49.200594
-172.791026 -44.493509
-163.391690 -62.148525
-167.433598 -61.987074
-169.721117 -50.376969
-159.786873 -54.697880
-164.594122 -49.716868
-176.044665 -40.497320
-172.669883 -49.572708
-175.660677 -50.889755
-170.249638 -55.620046
-175.342867 -48.403257
-177.459125 -39.447771
-185.394638 -57.442454
-181.274164 -40.506419
-165.462475 -54.707560
-185.617768 -48.260411
-183.690236 -47.915452
-176.569195 -51.989306
-189.428339 -44.203647
-184.846183 -51.175263
-184.247095 -42.173789
-179.130494 -45.806709
-182.929103 -55.400067
-178.558334 -52.139681
-192.947999 -54.356964
-190.362070 -47.079863
-188.145609 -56.740311
-197.101267 -51.477226
-198.734485 -54.021450
-192.752217 -50.017931
-194.537716 -51.773404
-189.257989 -51.013349
-205.988411 -50.301451
-204.155985 -40.981271
-208.709095 -60.280699
-204.227009 -55.292682
-207.175594 -62.627130
-202.596691 -63.692419
-193.011259 -51.216684
-208.630357 -47.230904
-206.097107 -54.643502
-202.393669 -47.405827
-219.878022 -49.630838
-217.926067 -43.750543
-216.680903 -55.396214
-214.889040 -53.168437
-219.848673 -51.680607
-216.452634 -52.638876
-215.203036 -46.314095
-217.565226 -54.867898
-215.990182 -50.900343
-227.735310 -47.925359
-217.396731 -45.326058
-223.756200 -41.604077
-219.291463 -46.702793
-224.528480 -52.140569
-214.140015 -44.493537
-221.024573 -57.439722
-229.619692 -51.643442
-221.798230 -53.411907
-231.124878 -49.625694
-234.295088 -49.772315
-231.901777 -46.659040
-238.099755 -51.746820
-236.981248 -52.777422
-229.216472 -48.529901
-228.392675 -46.665397
-236.219512 -52.445907
-223.168334 -54.095727
-229.410518 -51.618967
-240.881013 -49.884483
-248.279674 -50.606862
-249.625378 -55.041469
-231.438883 -54.487428
-242.157967 -55.855087
-245.258872 -56.231256
-236.275039 -60.061606
-235.832398 -61.462402
-245.378941 -60.091404
-251.520315 -56.495317
-252.353214 -50.120441
-255.827962 -54.801902
-249.372438 -49.585177
-250.170113 -51.655654
-254.177549 -44.117097
-257.829788 -43.362593
-249.239459 -49.959791
-262.324972 -48.910678
-264.270229 -52.954854
-254.750064 -50.200343
-259.563877 -43.766847
-265.386700 -39.134660
-250.908220 -38.029309
-264.549537 -45.059914
-264.243594 -50.100936
-257.648744 -48.180436
-275.476835 -49.261587
-274.381050 -48.604746
-269.956332 -52.909567
-265.306576 -44.685813
-267.367769 -45.963462
-271.278670 -55.988583
-267.943988 -45.854144
-269.322574 -39.211944
-276.575430 -46.426684
-279.023875 -50.149950
-276.161321 -46.433184
-275.971577 -34.359836
-278.491881 -37.649114
-275.894791 -39.322212
-276.211554 -33.642749
-270.215669 -42.078900
-277.111961 -47.718292
-281.154113 -51.610635
-288.240409 -28.827061
-273.433322 -38.757508
-291.354192 -48.604770
-284.378706 -38.690880
-284.786097 -29.364354
-287.287851 -39.380594
-283.210230 -41.893076
-276.371317 -42.471116
-278.628512 -41.867697
-289.635939 -32.427440
-289.084764 -32.354422
-289.304169 -36.341036
-297.416546 -29.490882
-297.480752 -24.507463
-286.903797 -33.319121
-295.552180 -38.002833
-291.147135 -22.472288
-290.297501 -39.631468
-289.792941 -16.534818
-295.336200 -27.230236
-282.926714 -29.666426
-290.027409 -33.536582
-294.434337 -26.371074
-289.377773 -23.727041
-300.392110 -18.162753
-292.055272 -35.004153
-293.551075 -28.096360
-299.785637 -16.743811
-306.898980 -21.151319
-298.151759 -17.215602
-291.731132 -17.190071
-299.605963 -11.663268
-289.162201 -8.109585
-290.437794 -19.291776
-307.908428 -13.566249
-294.453163 -22.922579
-294.332058 -5.088859
-296.762842 -5.802393
-301.285849 -10.295642
-297.468830 -5.398629
-298.137430 0.587558
-301.384517 -13.734435
-295.653374 -11.211439
-300.759836 -17.679591
-296.730526 -13.195518
-287.225459 -3.118032
-291.173580 -2.009298
-293.404462 -2.685787
-293.686351 5.286177
-291.578072 -8.096282
-297.099294 -0.805937
-296.051495 2.518516
-296.223218 9.166971
-289.908283 -6.044433
-302.640238 14.617356
-295.597975 22.572643
-284.284632 7.719495
-293.380451 12.652716
-292.968084 2.074936
-295.074890 10.820541
-289.668308 4.651849
-298.208721 7.296159
-296.613952 8.354527
-292.327038 19.268356
-297.597300 27.216730
-292.555409 18.964419
-296.441092 24.110157
-292.711085 17.431670
-297.548391 28.044732
-290.436899 30.408488
-287.132681 16.370650
-282.399243 14.824961
-285.822756 17.609809
-293.729311 35.762165
-287.810863 36.490891
-294.402058 38.149210
-288.444702 28.880461
-285.040216 34.778833
-290.530715 28.762210
-291.829767 24.649712
-289.542268 30.106459
-275.776708 38.423631
-287.797451 34.134878
-284.539921 36.505104
-284.280203 36.093620
-276.200116 33.862308
-284.429722 35.123569
-284.438864 35.265175
-284.422584 24.986900
-285.015806 33.413112
-289.586107 39.922265
-276.575913 29.774961
-276.563429 45.439538
-288.367860 45.890389
-278.398563 41.242412
-271.240820 34.926221
-284.276962 51.546608
-276.264572 49.327306
-274.949206 41.960445
-276.525609 40.428618
-283.726188 48.573654
-276.802028 43.571251
-282.662591 43.973180
-276.378937 49.906953
-278.335382 50.163024
-282.891483 57.823478
-270.256083 43.371063
-269.841693 50.797697
-268.061641 57.765209
-271.812760 67.592636
-275.231889 58.742650
-257.391343 55.741674
-268.645003 56.219958
-268.791464 55.690344
-271.574674 53.736326
-264.266254 47.853636
-268.738002 56.548251
-261.693980 62.083907
-262.464216 62.283232
-266.408101 65.027595
-260.405425 51.276296
-263.821175 60.851771
-264.311926 61.610848
-253.732703 64.720807
-266.185802 72.997101
-270.580120 59.868576
-251.538887 70.811965
-265.033643 61.749786
-255.980097 71.347861
-261.398639 78.515912
-259.617424 75.128452
-257.539814 72.079938
-261.292112 67.069587
-256.139621 61.805888
-261.836512 65.369143
-239.888217 74.830537
-251.641292 71.816044
-248.238178 77.135518
-251.944621 70.764177
-257.894471 75.396399
-258.822357 76.500923
-252.797492 77.948708
-248.343875 64.467481
-253.878971 67.946895
-245.834839 77.594019
-250.900869 71.545212
-246.996439 76.647794
-243.577356 79.726664
-243.041140 77.771959
-247.919822 81.624202
-241.001676 75.160647
-248.033718 85.275308
-241.961520 79.298164
-238.707727 84.869804
-235.150564 69.232094
-227.776633 82.659585
-240.193530 92.620254
-231.471057 79.598526
-225.898155 83.029759
-234.510345 73.721967
-229.380271 85.339662
-225.722144 76.102769
-225.993439 87.616802
-225.292999 88.417523
-219.632255 94.464717
-224.043781 87.903643
-222.926381 97.445187
-222.957128 86.260675
-220.871222 86.548869
-224.173890 87.187963
-232.544957 84.566222
-214.301327 93.440862
-206.065873 98.637336
-226.481719 94.155824
-217.999775 89.233472
-219.223006 101.696542
-221.163703 100.295765
-214.619437 89.801328
-227.176970 97.169772
-215.937068 101.451858
-210.815005 105.284716
-216.964537 107.924398
-209.981853 103.527551
-208.267517 110.449158
-205.892733 102.547052
-221.957574 103.312539
-215.738113 97.904013
-209.015702 91.786267
-217.913731 105.360490
-207.826729 118.878533
-208.629155 104.905313
-214.763274 106.551246
-205.443878 101.762492
-206.048364 115.622851
-206.477156 111.209233
-207.017828 106.905595
-209.172738 104.438870
-207.912240 111.212273
-213.168824 122.492429
-200.144997 120.453186
-202.367387 120.494009
-192.961074 122.866486
-197.433569 128.615509
-203.161172 115.115347
-203.604184 124.708910
-202.590781 111.293158
-203.021585 128.392644
-188.617071 127.813369
-197.130609 139.495092
-205.475517 121.064402
-202.218847 125.813250
-201.462315 129.410782
-196.725917 137.189400
-190.094440 128.260233
-197.824857 138.257585
-188.329919 130.289366
-192.857951 146.717944
-194.488377 130.052953
-194.010959 124.390441
-190.532628 133.974084
-182.123591 139.907861
-191.468582 135.406321
-188.696376 135.080883
-191.797011 134.861475
-196.629270 139.897034
-184.085055 137.130455
-178.333879 133.001770
-175.621797 139.321502
-183.588511 147.782887
-189.678784 146.685557
-185.112997 142.046640
-185.798626 143.925976
-186.227238 144.354397
-183.101717 145.575904
-168.201617 150.693544
-182.435041 141.605913
-177.284348 147.399396
-176.215225 153.013368
-180.186888 148.753834
-171.636693 146.375545
-178.335312 153.819990
-182.430399 148.807120
-184.288739 143.586337
-171.027675 161.426607
-163.625521 155.463370
-168.626812 154.108695
-169.367009 155.600908
-172.191815 154.216087
-161.644036 150.109196
-176.182682 160.494604
-178.617062 160.556802
-167.438292 146.169287
-157.014256 171.033354
-158.356132 164.184577
-158.464641 159.115316
-165.238385 155.289637
-164.260696 169.445407
-160.415640 161.716255
-166.166122 153.204315
-155.142234 159.569526
-158.113791 160.344897
-151.670974 174.091943
-148.203406 158.026422
-150.264184 167.620560
-161.074013 163.345199
-158.888480 170.571919
-152.647735 176.711801
-152.413966 166.646552
-157.867495 163.102533
-155.025689 160.531945
-133.661314 166.610194
-140.482689 176.031400
-144.500148 170.311164
-147.722633 163.886763
-134.846908 172.275389
-145.142738 177.000254
-144.863140 167.023812
-144.555871 179.884766
-139.465590 173.997734
-128.637712 180.193885
-126.070338 182.220241
-136.123780 178.932403
-125.208260 183.248648
-127.003367 184.309783
-125.244069 184.815030
-132.288573 184.233321
-137.329637 183.993552
-133.473858 178.406074
-118.250120 192.801860
-117.151589 187.558763
-123.928321 197.779473
-112.130619 185.664099
-121.075631 194.106247
-122.093234 176.708168
-105.411252 190.807092
-120.743848 195.020472
-115.666192 178.561931
-98.943414 184.205793
-106.556944 191.572066
-110.603152 195.255843
-111.085679 199.311806
-105.050971 189.544299
-106.421546 194.026161
-104.200684 194.138219
-112.071606 192.900475
-107.478951 187.884691
-100.198843 191.414941
-95.999454 192.042250
-91.629995 201.478572
-98.948386 193.746015
-89.445643 193.293681
-92.866765 196.074343
-94.605254 182.547245
-91.941157 186.901401
-94.953097 197.604379
-83.924501 190.953725
-82.193546 198.932853
-85.964878 194.060565
-71.895662 198.869841
-83.354497 202.913026
-83.718491 187.794673
-76.696576 206.249846
-80.399332 200.650496
-91.129344 195.613439
-78.612244 201.294557
-68.350231 197.909400
-72.097907 206.538663
-73.624483 201.702400
-73.372284 196.359780
-77.965286 195.006299
-70.945640 198.789960
-69.282077 204.250962
-64.998289 196.915791
-51.322405 197.214534
-62.400565 191.256940
-61.727544 196.526526
-62.134810 196.218467
-58.945150 197.791483
-70.747111 198.089370
-59.867231 198.959398
-58.674303 201.242055
-58.202032 198.348789
-47.650770 198.719984
-50.699330 205.782782
-45.671428 200.104885
-49.718875 200.684265
-46.223962 202.551363
-44.514501 201.597211
-43.310707 190.870287
-46.474315 201.766365
-48.508249 200.202987
-43.597329 210.735576
-41.429410 204.599510
-41.448843 198.361665
-39.564009 191.023297
-39.979492 190.144262
-26.610451 199.715169
-43.339764 199.502724
-40.330780 202.227299
-38.559017 197.902327
-35.081004 194.164926
-31.115500 196.424978
-27.375790 201.385039
-31.572145 190.638523
-28.138507 201.864477
-16.860705 199.720365
-18.218368 204.912320
-34.020152 196.513086
-31.135739 198.496955
-10.977459 201.957483
-14.289077 206.794135
-9.492374 206.975715
-1.451918 201.653233
-3.108937 197.644787
-9.859903 199.905645
-12.310908 205.067837
-12.598361 201.274317
-12.050560 193.953295
-8.182797 208.972177
-13.370576 206.372127
-1.722528 208.820924
1.737396 198.510686
-3.310007 214.335794
-9.985446 204.316920
-1.055516 207.030013
-12.481014 197.071444
-5.027342 213.258345
10.462970 207.456651
6.355031 195.362296
9.357785 204.192899
1.021519 196.853188
15.576343 204.536441
8.420930 212.136500
9.337743 206.030247
0.298816 202.676834
13.026033 209.261212
19.002994 207.670648
20.654704 193.346477
14.446782 200.290001
20.442289 199.713340
32.463217 205.688723
18.603428 204.977541
15.289001 209.421721
15.120658 206.856459
16.256245 197.908680
25.842245 201.814014
32.795961 202.004310
30.774186 197.538646
40.602223 200.015202
22.712782 211.251382
29.868089 202.675418
31.538325 204.641912
30.156380 199.677238
23.574905 202.407380
52.519736 200.723301
34.847115 199.475681
47.301433 202.510087
48.022788 208.733103
49.972448 202.179793
47.775262 204.609681
40.080815 205.981580
46.149266 204.749737
36.532622 201.183688
56.251038 197.945395
52.071894 203.651359
48.534983 211.794151
58.320282 204.182607
45.409178 200.154909
57.100516 204.738770
49.490987 206.590286
64.752933 199.157419
49.791726 211.538487
78.909375 202.911107
66.715260 203.450514
66.803468 203.385952
78.978397 201.390884
69.115061 203.665926
70.303439 203.155209
67.068904 203.258464
67.897031 209.372783
69.087460 196.799924
81.025578 213.098762
75.643501 201.244805
78.738390 202.258784
78.890869 200.575544
73.653636 201.591412
73.404397 191.660808
80.740208 199.502179
77.838378 198.535143
75.481501 206.026816
90.381352 198.384205
84.880253 190.890108
85.411252 192.758748
86.609033 190.848190
87.839869 185.488542
89.748799 202.337356
87.869148 198.596577
80.324867 200.285427
97.928949 191.147112
98.930890 197.828150
101.552529 195.110465
91.300085 201.729718
104.198517 193.974598
102.994701 193.337144
91.139762 193.641293
102.822741 195.833142
99.303313 196.853894
103.411055 193.367400
113.517561 191.758459
110.107276 197.334322
105.171040 181.220047
114.223076 195.013763
104.372956 196.333425
111.113603 191.314832
116.657715 193.809272
105.371123 199.429110
122.232117 191.502282
118.677022 192.605345
119.498064 175.813844
114.839323 181.818568
115.804147 186.990374
106.394103 187.048202
117.384290 182.807501
112.890061 176.495328
124.427997 181.170824
120.004390 175.420337
126.062958 186.574396
133.886383 175.058047
127.651495 179.831391
132.764215 184.580068
127.800048 180.769432
127.616355 181.058002
126.519666 183.221991
136.765823 182.650698
130.528972 177.510532
131.610430 177.899408
137.041259 174.189459
139.421373 175.192448
138.986959 164.209089
130.558359 171.070322
135.688270 173.101933
146.340284 175.605766
136.099173 165.832129
138.658835 174.106074
155.911969 165.574418
145.463939 164.016464
150.996925 159.902560
140.451728 171.778067
150.152690 171.992160
134.932299 165.818038
146.324597 164.651333
140.926859 161.781109
148.636767 164.292022
156.260677 171.812556
153.435362 158.710059
161.059477 166.328417
155.354865 159.621226
163.814787 158.871495
155.447830 157.646282
157.341040 167.069714
150.473934 159.929566
154.676724 168.825299
172.973330 150.264378
163.956018 158.583722
164.991042 154.068433
158.389246 161.455349
163.552480 153.984804
164.749364 154.564780
164.261554 150.264034
167.200118 159.286856
163.028589 149.222836
169.897281 147.326937
168.415619 145.868638
176.115721 147.289638
176.257268 135.737217
172.794332 146.787277
180.301618 136.917116
176.876587 137.761313
180.268816 141.941346
174.567790 143.984342
180.901164 131.576653
181.295122 138.810029
173.881304 139.604605
171.513190 134.978753
172.702077 146.740019
174.133274 147.418720
180.936361 136.922367
179.550917 136.879693
178.801315 130.110626
182.341767 128.691770
188.088894 128.794086
187.775091 126.835333
194.221983 130.105208
192.370699 129.698438
181.320020 131.930271
197.903473 129.227530
196.051543 119.434435
184.923432 117.488868
197.456627 116.613327
195.813380 117.548619
200.312167 121.050846
190.042726 116.691234
191.532938 106.995658
195.976722 117.563516
191.174554 115.915248
193.851573 120.941377
194.437770 126.044242
187.229625 104.309663
198.502440 105.642896
192.942870 109.073471
195.714239 104.170146
198.732827 104.708352
196.133607 106.055569
195.743163 102.162199
208.078799 103.574000
191.095982 111.526651
197.367735 94.973430
203.312838 99.331817
205.709066 95.141731
202.077605 105.897194
197.623492 92.209511
213.771658 102.141438
203.127750 86.512847
203.000438 98.095108
203.902202 97.264905
206.167830 87.020501
214.187714 93.583339
218.148434 90.632432
213.851906 93.377133
205.178061 97.480453
213.695571 90.517452
215.275981 101.192865
212.514537 88.723326
216.983547 103.448021
213.057182 95.574260
217.713105 97.123061
213.142502 84.968974
226.052871 87.857315
223.628303 89.454757
228.102950 89.741953
222.642239 91.109615
228.284324 84.160231
221.901724 86.429386
225.035312 73.297574
226.505231 88.735841
230.761601 81.918627
226.736202 85.023453
220.888217 79.023570
234.451423 70.048567
230.080389 88.656026
230.254314 82.995272
230.231442 81.564542
227.774244 69.729557
233.411742 67.723380
239.710940 65.832727
239.838681 72.056842
240.418593 69.033147
234.549558 71.548030
235.933515 77.675422
239.167267 77.495371
242.739948 61.811887
254.190733 65.315643
246.202920 64.921837
245.941056 71.033337
239.831398 58.658159
243.086774 62.030838
247.013043 66.631189
242.162017 61.196467
245.624451 62.487063
252.469742 62.741772
244.610090 46.082289
250.204895 51.911426
252.096020 56.236999
258.994081 53.685149
257.189905 49.699157
249.072913 43.008123
252.497600 54.621597
250.203095 54.803135
256.770034 62.414613
248.490851 45.658952
260.387048 37.082856
250.074912 41.283973
259.600300 43.186434
247.884195 47.457820
246.434078 43.307226
255.370055 37.727352
259.168880 39.395585
255.198539 45.365787
261.715086 37.803109
265.578734 26.558362
262.521859 38.761787
257.020917 35.875008
262.038166 38.574831
256.917641 38.248622
257.006786 35.342972
247.964803 30.968713
260.133789 29.137426
260.292438 21.829214
260.029945 33.477773
265.663313 21.712537
252.883708 18.244865
263.858300 25.361858
270.398762 20.078275
266.088310 31.947125
261.510270 27.198512
257.192280 27.171480
264.406521 15.018082
260.034110 16.106455
261.495637 22.541241
255.279967 11.555074
265.093409 9.870638
260.598909 -1.661176
259.317347 -0.868205
274.013076 13.132608
257.477912 19.033348
263.329005 -1.840128
269.547438 1.722913
268.006999 -1.905517
264.493129 -1.023237
267.466600 1.018833
274.094312 3.453758
264.271929 -3.974932
262.423481 0.114787
252.850491 -0.933809
267.066768 -10.774270
264.349644 -12.658977
278.448400 -13.191403
259.835916 -5.418457
267.402318 -10.366793
266.321021 -8.343819
266.562162 -8.717282
262.222131 -5.081369
278.831568 -8.192252
263.520133 -15.514457
271.071019 -17.120058
269.787947 -19.784267
273.233240 -31.224320
277.120544 -23.665465
265.181696 -19.548477
258.983556 -18.558459
271.844629 -23.860098
263.176280 -23.196082
266.769469 -24.884426
272.817297 -29.685345
286.755890 -28.915596
272.389863 -34.749503
272.359210 -22.234022
272.244919 -25.813507
281.544759 -36.743162
275.147203 -25.109126
275.247074 -25.349151
276.908816 -44.701773
283.569121 -36.980245
289.154698 -35.765576
293.776542 -38.208145
285.569503 -44.630952
271.679185 -36.977681
290.871148 -38.598972
279.001590 -39.185136
288.278211 -29.182880
287.294781 -33.459598
287.972290 -33.789799
286.144393 -46.098798
289.802437 -43.339950
296.908332 -43.770782
294.575838 -50.119223
290.808296 -44.995473
281.792547 -52.152803
282.010469 -48.201953
301.396507 -39.212271
300.716984 -47.305362
293.840953 -43.625878
298.391539 -59.467317
293.575269 -49.202352
288.760535 -49.736336
307.781895 -47.953458
287.877943 -45.760448
300.743604 -43.115828
305.509707 -56.027990
296.665593 -61.075799
306.408343 -58.824967
309.076734 -60.226448
304.367607 -59.495556
307.629951 -51.366405
307.477463 -59.028498
299.266326 -56.371436
303.438024 -57.687406
258.238369 -62.774935
255.547920 -63.339500
257.785568 -62.042266
261.804310 -56.575783
266.277120 -61.905105
258.778544 -61.164444
253.736668 -59.423106
256.671138 -73.400899
254.913821 -63.010829
265.601640 -59.925584
268.569610 -63.577443
276.499614 -52.919791
270.613877 -63.862157
268.106400 -54.440402
266.282751 -56.196745
274.045415 -62.963751
272.897638 -53.837260
274.933041 -61.321197
283.947379 -60.133051
278.387683 -64.171602
284.036795 -62.876716
287.269593 -67.393127
281.904793 -48.972408
269.916955 -64.325593
284.372622 -57.686767
279.589188 -62.358512
271.283440 -61.215252
288.155282 -55.716163
287.634733 -64.872045
289.988668 -62.183802
292.549177 -67.350275
289.845820 -61.794192
291.495741 -53.598497
287.227072 -63.013861
284.644919 -53.157386
290.168762 -62.537231
191.699393 25.204507
183.108070 34.009873
193.917583 36.031793
182.531066 29.070960
194.598321 32.147155
192.304795 19.613653
191.452976 25.755422
184.218008 19.678049
194.816851 30.595180
209.024434 17.392922
190.316039 24.237955
199.018362 22.997301
199.931747 22.246903
208.715442 14.224316
195.642299 24.396047
209.232587 23.195605
199.138535 14.816392
205.894140 22.251761
217.787594 8.875247
199.316290 17.133224
199.365702 24.091523
208.018870 7.803896
218.916420 10.865143
202.828020 10.132695
210.931634 12.435556
219.765878 12.104726
212.328970 15.656849
225.138450 4.869895
211.662386 -3.173959
215.675675 4.921355
207.075791 -2.114696
208.656125 -0.461146
214.068747 2.760906
217.989166 -4.254627
214.233509 1.321708
222.543700 13.737515
229.267812 -14.848311
223.054237 4.290654
216.760670 -12.641593
233.967514 -6.911044
223.059330 -2.314034
222.886887 -15.847082
225.602289 -13.520972
230.485365 -15.506230
231.322550 1.649518
224.695838 -18.111267
229.430624 -19.018744
222.141257 -28.192388
227.123076 -20.189001
228.886680 -31.357251
227.336465 -19.580332
232.719870 -16.737554
228.260463 -23.503509
229.435468 -7.083919
234.024437 -33.964964
231.537018 -29.690188
226.089893 -38.403413
235.197310 -39.909696
228.313998 -34.573319
222.292508 -22.480296
220.399348 -29.769599
238.087140 -34.580883
230.578496 -31.624443
238.289865 -26.200780
238.051960 -35.123283
249.053105 -34.308996
236.837576 -25.692495
238.124234 -39.773276
236.724249 -37.790130
229.923345 -41.865771
242.828470 -48.423034
234.572352 -45.099407
243.614593 -48.243645
241.195624 -35.890346
244.287655 -44.526229
244.441343 -53.059835
237.892663 -39.416206
245.270884 -45.289151
235.910528 -45.046162
244.820426 -45.636522
232.002832 -46.613698
251.203287 -56.184466
250.300320 -56.519683
247.583135 -59.890303
241.646625 -57.867522
249.073201 -55.053762
249.830070 -55.636384
248.779438 -61.529806
259.748891 -50.742075
251.767345 -60.131244
168.694269 -17.200662
178.445041 -23.966685
162.266383 -21.017588
167.486632 -32.644341
170.057321 -31.011700
181.302261 -24.210258
170.552121 -28.681619
164.971910 -24.062781
168.830378 -22.658356
179.795014 -9.155726
173.698307 -17.192620
166.071542 -21.442677
165.841343 -14.898290
177.591127 -17.387222
171.787043 -8.795422
163.272622 -4.558520
178.366157 -2.528079
177.300164 -11.683886
172.996508 6.900934
173.909075 -1.737265
168.850725 -9.608920
176.275559 -4.381866
175.504540 -10.970994
175.948407 -1.751922
176.308884 -5.177217
175.939116 1.801290
182.243745 4.887009
177.641732 1.190277
179.502266 7.139875
169.320303 10.504779
191.052472 5.816914
175.019548 9.166248
184.412253 8.651712
178.366283 5.528125
175.274396 4.133779
178.757831 -3.244767
186.914385 13.104435
187.481882 5.654851
183.591460 16.232455
183.976758 27.598875
185.847345 8.134358
182.891195 9.394764
176.101260 19.268163
182.018325 13.150105
176.341160 21.522392
122.616733 -79.213989
129.853017 -70.679296
132.607861 -78.008995
132.037787 -69.050717
127.868607 -83.587518
134.630656 -78.943423
139.674995 -73.783200
125.747160 -79.848094
129.250559 -82.629905
142.943148 -80.290236
134.900898 -87.773982
133.223985 -71.914675
137.840708 -86.352528
141.582449 -78.169765
138.762896 -76.030033
138.055342 -85.879974
126.526598 -73.571384
146.696425 -84.893423
146.031742 -65.769687
138.793229 -71.305632
153.315322 -68.176932
149.160985 -69.217281
146.123946 -68.740865
143.814746 -74.924859
141.288442 -62.934921
138.357787 -64.992753
139.177243 -59.793407
144.848926 -57.859516
159.124846 -68.276999
149.406047 -51.595804
153.249154 -63.386802
162.320026 -53.374769
159.644355 -66.016120
153.841922 -60.855211
153.085395 -58.685754
153.455488 -55.284040
155.403726 -52.255407
167.715401 -53.858009
153.841533 -43.053424
158.585596 -46.802068
150.138452 -47.727000
165.621657 -45.791248
161.530027 -53.806770
158.499355 -44.866884
155.879364 -49.721377
151.116118 -49.202308
168.276138 -45.591431
159.248532 -41.191953
161.593816 -38.307070
161.422358 -35.989593
164.440237 -45.904375
156.158808 -40.856858
169.343426 -43.461688
160.092080 -45.914258
161.554242 -30.558062
171.153811 -31.644808
165.792047 -24.578035
160.784721 -28.517911
162.746889 -22.947503
158.456189 -31.957454
154.669037 -28.615402
153.913603 -32.919644
158.777999 -24.476245
24.580291 -97.369437
19.847856 -99.227084
29.659486 -93.587182
24.545923 -97.925328
25.280173 -93.810226
30.034336 -102.975928
25.075955 -99.317665
30.754171 -98.988333
33.749883 -91.513852
28.891790 -95.899981
47.194533 -90.407855
33.927694 -107.492911
39.404409 -97.124155
37.536526 -95.493119
32.853093 -103.807128
45.335578 -97.224384
46.784992 -95.372496
44.975779 -87.396213
48.627462 -84.167884
50.023217 -97.496465
40.958048 -99.349607
56.734276 -94.959338
43.987094 -99.256612
50.164136 -98.293373
47.287141 -95.234203
50.652081 -96.469754
50.627207 -96.554239
69.556940 -105.008868
54.399473 -99.690707
60.917600 -95.935206
61.285945 -105.734822
59.733171 -90.299325
66.722548 -98.862937
69.816560 -101.554723
72.967635 -92.146523
56.400810 -94.373394
68.349181 -98.409758
63.711677 -96.238725
68.234742 -90.562971
69.669213 -102.169802
69.578900 -106.162124
72.082777 -97.501219
66.596449 -98.808446
71.062858 -92.339496
78.369447 -100.431733
84.531492 -94.902728
90.207754 -99.837444
84.243136 -88.981281
83.438172 -90.686818
89.835674 -96.290296
90.011605 -91.776459
79.153530 -88.210164
78.509578 -99.470172
85.855282 -99.464336
92.782273 -87.503749
88.155398 -96.104290
91.320125 -92.105610
87.734625 -91.155900
89.481338 -92.920047
96.530430 -86.229423
90.570456 -91.832471
99.416613 -84.780125
100.503948 -87.415088
92.220049 -82.935170
95.599988 -91.138287
101.850919 -96.703965
92.681422 -99.110465
103.437212 -87.428680
98.372587 -89.722629
99.262031 -87.728564
102.161820 -83.943059
101.444485 -97.202187
102.992429 -84.721866
109.060946 -87.465337
115.233164 -87.938549
109.921997 -84.731791
118.681858 -80.445977
108.722210 -87.529481
117.529302 -89.588382
102.811087 -93.148214
100.467120 -95.973601
118.102402 -86.747314
117.616546 -82.084382
117.734279 -90.751168
114.430778 -75.725938
124.213201 -84.527641
114.404862 -89.970355
118.809988 -86.952821
112.931453 -81.337259
125.097444 -81.304916
-159.431812 -49.489586
-162.084795 -46.702939
-161.209254 -56.781768
-158.482381 -47.455815
-153.500434 -59.064264
-159.774381 -59.771956
-161.654219 -66.178374
-161.391335 -47.446986
-160.704594 -61.236639
-148.017864 -66.724482
-151.455120 -55.383377
-154.010736 -66.631980
-143.367564 -69.235246
-148.737203 -69.422560
-146.518165 -70.376009
-159.396442 -67.050499
-153.992485 -65.320995
-163.236384 -70.860086
-140.838637 -81.893696
-142.396895 -67.973768
-137.731676 -70.544999
-143.589609 -68.844291
-148.412577 -74.962800
-149.338664 -66.992920
-146.006566 -73.801255
-145.670132 -74.017678
-152.219385 -65.436046
-138.980198 -79.843740
-128.465698 -79.811953
-132.122491 -79.198565
-130.621622 -71.392032
-135.429963 -82.140785
-128.424368 -90.598073
-133.175944 -71.866381
-136.909890 -80.146678
-137.452683 -77.374086
-131.058959 -86.932561
-123.743394 -80.597688
-120.720874 -95.155671
-133.865454 -87.999260
-125.949234 -85.283091
-125.823307 -85.486811
-125.068255 -90.341458
-135.366342 -93.235918
-125.716455 -86.216214
-112.829611 -89.689290
-116.017525 -93.899274
-116.063323 -98.563272
-121.871707 -81.347820
-125.108018 -95.715811
-118.167191 -80.580705
-113.378045 -94.139976
-113.551311 -82.889229
-111.504158 -94.525753
-113.903460 -90.539343
-106.919032 -86.715053
-102.243177 -83.553165
-106.349457 -99.043975
-117.344625 -87.345860
-103.828962 -91.950038
-107.363761 -85.144864
-100.586546 -94.424787
-105.556358 -92.016895
-94.849394 -94.849536
-103.202160 -85.874379
-91.991877 -100.410512
-96.418493 -89.089463
-94.333723 -85.211613
-90.878294 -87.085674
-93.485824 -95.741950
-83.460794 -92.999827
-99.940274 -88.965868
-88.349417 -101.211002
-90.837481 -92.850837
-82.998252 -95.590375
-79.570847 -95.619449
-81.103554 -95.966160
-82.652540 -89.074597
-84.091142 -103.784866
-82.138227 -83.390174
-81.096083 -105.001087
-70.628127 -99.028350
-77.091342 -99.261629
-61.378803 -97.844582
-69.866796 -94.185201
-71.674213 -98.740159
-72.656728 -91.397323
-73.581358 -94.034046
-67.038165 -85.397352
-78.492389 -88.459972
-56.072453 -107.212462
-62.298507 -97.433722
-57.334322 -85.643577
-69.474048 -103.529794
-61.285186 -96.355358
-61.662239 -103.887459
-55.823004 -93.130091
-72.054246 -98.335319
-59.240638 -93.961928
-46.049027 -101.235921
-55.325142 -95.264977
-48.500989 -97.810332
-48.322702 -97.556682
-49.269398 -92.146326
-49.344026 -97.126879
-58.698965 -104.364420
-58.324908 -105.114475
-41.513887 -95.860213
-36.065231 -100.526901
-28.992686 -99.657097
-44.502365 -93.202902
-39.651945 -99.132871
-38.612742 -95.487176
-35.069890 -94.517393
-28.152239 -101.779384
-33.425817 -101.146332
-40.992699 -96.651546
-35.828671 -103.026317
-29.854026 -95.490087
-29.584157 -100.974065
-25.383791 -100.457582
-23.905984 -111.201995
-26.819070 -99.633978
-27.042236 -99.437937
-31.757648 -93.567131
-29.954990 -95.224401
-30.384603 -111.718429
-33.731017 -103.904767
-34.255081 -111.291903
-25.024521 -110.273722
-22.352938 -121.523954
-27.115149 -113.815598
-14.531705 -112.022386
-29.806115 -109.472931
-28.347298 -102.557040
-35.555477 -111.103687
-32.958051 -116.901102
-36.369344 -126.672091
-33.027860 -112.432710
-42.592733 -121.334049
-34.515687 -109.125884
-35.898138 -122.345335
-27.152171 -112.448658
-37.708200 -114.953985
-40.533105 -124.394443
-45.033363 -127.052403
-45.875775 -116.720660
-39.520517 -125.035183
-35.183285 -130.595222
-33.505987 -113.780365
-38.777612 -134.611228
-31.384534 -117.796188
-39.644037 -125.631242
-31.382165 -126.869727
-41.972889 -129.643140
-35.929583 -137.410255
-34.756736 -132.219942
-38.683938 -146.443006
-32.819097 -129.193312
-29.262697 -141.737006
-39.017740 -138.049828
-34.795546 -132.624818
-26.954054 -138.137149
-19.665669 -135.971386
-33.841203 -130.188331
-27.448973 -138.441187
-25.636692 -138.263112
-31.307485 -142.857637
-19.854116 -141.871338
-22.045460 -134.053717
-29.734220 -147.828231
-19.602227 -134.657653
-17.459780 -138.967159
-10.762836 -145.019646
-15.703481 -149.203730
-24.562987 -144.125156
-13.173760 -143.397011
-15.229262 -131.829283
-11.623151 -151.630591
-15.707096 -151.383932
-3.089466 -144.363889
-3.831863 -135.708406
-12.581137 -134.192497
-8.091700 -145.095987
-13.073461 -138.499493
-16.535393 -137.524714
-6.083950 -140.075791
-2.796211 -141.080765
-3.413659 -144.392459
3.457560 -140.685439
2.356971 -139.395735
1.694693 -136.679132
4.190631 -144.226529
-8.905603 -137.436609
2.131172 -135.436008
2.209999 -150.681293
-4.376675 -138.928934
1.177209 -136.606627
11.551377 -132.607076
11.529008 -140.005997
14.834990 -140.905990
23.518565 -139.854773
10.607930 -142.649689
16.237812 -137.472582
7.662526 -151.674065
8.076749 -134.851213
3.536870 -139.462365
16.873914 -140.509345
19.536786 -127.251756
19.663176 -140.027825
11.111840 -139.259237
16.319202 -131.339093
22.072932 -147.586706
24.075125 -148.614688
19.077360 -139.196192
17.904058 -139.387938
37.009054 -138.183425
29.280584 -131.096131
21.955242 -129.112112
30.712535 -141.115288
30.621627 -139.938681
29.794069 -131.638914
24.647270 -136.926625
29.004104 -142.450577
30.453367 -130.161720
36.025695 -127.645928
42.640675 -119.311529
33.256746 -138.052183
39.591994 -128.198224
35.774902 -123.989022
34.354766 -125.333116
29.724244 -136.250726
45.018558 -136.199684
24.242866 -130.867419
31.605460 -119.284473
37.211463 -118.580360
31.580617 -120.693291
31.284389 -123.333067
34.377169 -113.948965
30.513849 -120.969494
36.859465 -115.249124
31.056812 -125.222689
25.545903 -118.174419
22.140341 -114.816452
22.773166 -113.951071
20.692335 -116.437330
18.213020 -120.175260
22.711864 -118.335540
21.568426 -114.207869
25.036241 -119.505232
20.408483 -104.302946
21.531260 -124.883017
19.018071 -106.751059
18.676787 -116.476466
12.705664 -103.966734
28.119733 -105.610245
19.559956 -105.831558
22.546346 -107.496948
25.765381 -99.740500
14.847210 -106.544347
13.552200 -99.001310
-258.999190 -7.543584
-255.839367 -5.592747
-261.546507 4.440055
-260.766820 2.912567
-254.963794 3.419606
-260.972690 -0.138971
-253.529762 -16.450753
-258.170314 -7.289625
-259.233744 -4.510484
-243.357879 -17.337282
-245.240463 -13.875884
-248.668628 -11.083243
-259.425215 -19.915344
-244.278555 -15.013966
-256.842383 -16.554502
-249.158680 -26.202503
-246.107506 -17.634139
-261.226716 -16.390467
-250.106131 -26.349533
-251.415385 -23.249779
-248.412085 -21.350129
-249.192704 -22.308478
-246.961425 -23.121219
-242.391336 -17.755632
-244.007093 -28.453260
-249.188571 -22.327519
-244.874968 -27.213677
-244.131073 -33.263722
-235.797546 -23.455947
-237.909536 -26.689874
-240.504521 -23.594263
-238.290614 -26.004451
-233.360451 -16.751638
-244.529866 -15.554743
-241.719529 -25.073570
-234.635320 -28.297998
-228.827092 -27.962811
-226.013407 -29.941846
-234.333762 -22.454531
-234.130093 -32.624942
-222.980459 -31.449456
-231.979472 -31.631409
-223.267127 -26.206604
-239.225127 -30.039416
-220.243862 -21.941639
-213.425820 -33.535573
-218.089906 -32.726010
-214.051261 -32.750789
-226.039432 -34.643882
-209.160570 -25.799005
-212.005022 -35.461964
-219.344485 -35.467103
-215.725672 -19.197917
-229.547987 -34.701628
-209.605987 -30.784940
-208.205964 -30.890397
-205.205371 -25.326890
-211.807003 -23.970503
-210.617009 -35.513645
-206.750588 -29.209287
-210.301111 -31.774111
-206.856511 -32.351722
-211.611135 -27.100110
-199.418040 -37.969489
-206.344846 -21.596002
-201.591637 -37.874577
-201.293578 -34.256130
-193.659185 -40.155583
-193.149671 -38.530882
-189.256413 -35.188758
-192.839187 -40.317096
-204.405008 -20.269373
-195.039774 -36.465097
-185.354589 -31.404721
-189.222370 -20.897151
-183.077436 -34.523700
-183.146332 -37.378931
-185.969242 -33.702404
-194.818880 -39.181321
-186.809636 -31.389943
-187.470242 -32.130919
-183.429938 -34.451341
-175.745915 -42.583246
-178.071562 -31.999217
-167.281715 -38.281710
-182.625281 -39.533331
-177.864003 -29.419551
-174.854869 -28.988656
-172.829441 -25.295265
-174.967112 -28.414611
-267.543346 4.641195
-260.418133 3.119877
-258.275348 7.154557
-247.807764 5.859895
-249.522170 -1.357403
-258.395022 4.405784
-255.855334 3.174747
-257.813493 2.449643
-252.136738 -2.179586
-246.502476 7.554590
-249.058645 7.938935
-258.072930 6.484697
-256.962936 10.015271
-244.788492 7.103478
-260.950956 4.324252
-260.026634 21.638227
-268.073309 6.143303
-253.125804 13.180487
-254.396207 29.099110
-254.420937 15.273620
-245.755472 22.222876
-246.009210 18.854443
-252.479900 20.219885
-251.226184 26.577028
-239.913762 20.696706
-248.869818 13.203053
-260.892228 25.564469
-246.834177 26.062493
-245.993756 19.592571
-256.285063 27.018470
-252.250621 33.973367
-238.098645 28.915839
-249.086536 16.442617
-252.457873 30.471208
-246.658452 26.442315
-243.749818 28.716377
-238.746569 39.773722
-236.836961 33.738165
-241.089374 39.345840
-237.786561 33.813789
-240.621557 30.381286
-234.805845 39.151243
-240.497824 36.176375
-249.333172 32.565142
-233.654561 34.128806
-244.372460 49.873342
-232.669103 45.460555
-235.461106 41.373952
-243.168824 51.836253
-239.390256 48.233937
-246.078279 36.917667
-228.547595 47.554315
-239.791888 42.531037
-235.766409 44.701146
-231.987828 57.174192
-229.592135 55.496058
-229.622833 50.936011
-231.523839 51.676685
-225.281530 59.584829
-237.098767 40.717932
-235.975031 59.022580
-221.921106 50.531124
-219.152808 46.414169
-222.945895 58.813687
-220.475102 54.835516
-224.229525 52.497423
-225.648433 58.111032
-218.625633 69.617819
-226.511098 51.538229
-219.463993 57.186272
-230.498475 55.727188
-219.394388 61.126688
-210.560202 67.723739
-213.287057 61.668761
-215.739256 69.591995
-215.061738 73.480842
-223.569875 64.319031
-215.666507 62.183606
-210.616828 64.260400
-215.653720 59.936538
-217.898957 66.297213
-210.586522 60.572541
-205.087863 60.337999
-217.698480 64.104613
-209.970549 59.510893
-206.510468 70.021975
-209.683724 57.504058
-214.940510 60.900982
-210.235507 61.687047
-218.091646 62.560308
-202.078871 46.473205
-201.160176 47.251234
-204.727548 40.328492
-207.912409 42.380457
-206.966989 57.536210
-211.485923 47.601722
-200.553925 52.677739
-204.697476 57.122233
-207.859542 42.825422
-200.265046 38.174827
-211.489685 42.111285
-203.700850 37.120514
-207.737581 29.174817
-200.404832 29.850681
-202.907063 42.001724
-203.287769 40.961415
-208.418535 27.757095
-209.956318 26.904132
-209.430045 33.862895
-201.813211 24.574833
-193.696681 35.646501
-199.994078 26.132899
-195.404309 20.212162
-200.278533 28.021270
-198.608560 28.566259
-204.953737 15.522361
-200.433727 31.724982
-194.722584 13.510133
-192.270478 5.631590
-197.255843 16.829832
-192.996655 18.080130
-199.951472 13.177506
-195.304155 18.571569
-194.744141 13.880742
-199.315925 10.988568
-196.571046 4.161630
-188.501504 -6.196667
-183.319936 11.596112
-192.864201 3.828173
-190.495072 6.054348
-194.084253 2.574227
-200.192257 -0.420407
-198.706999 3.614290
-192.829988 0.064325
-188.250646 -4.076256
-185.846245 -11.075575
-186.511273 3.073926
-183.155102 -15.024011
-184.740308 -19.462603
-187.174340 -19.705801
-193.651379 -11.349469
-189.308977 -6.931148
-186.371204 -16.323603
-185.962689 -10.607964
-174.024502 -15.688902
-177.744316 -19.239921
-171.850416 -23.665445
-181.656591 -15.492359
-178.461833 -25.812396
-186.705751 -8.871970
-188.579317 -18.688673
-179.581922 -14.013524
-179.698478 -17.592304
-185.809647 -19.565904
-177.511327 -24.758147
-173.756675 -31.258190
-172.325570 -33.735157
-179.638935 -23.634416
-174.065742 -26.694838
-170.682949 -18.278970
-176.229252 -29.310768
-177.492323 -26.511331
