-164.199935 -52.614344
-159.977724 -55.827767
-169.840594 -52.195726
-172.704972 -44.430805
-173.909851 -48.390040
-174.971963 -49.326959
-182.974746 -51.677410
-185.102965 -51.031483
-190.752889 -44.776873
-195.305924 -51.838789
-194.005523 -48.754610
-195.388706 -51.074607
-201.869882 -50.817278
-202.648267 -50.019367
-201.910609 -51.103393
-215.392806 -61.072400
-211.731415 -47.767227
-217.675760 -47.881930
-224.205028 -49.036049
-219.780067 -48.186292
-224.673655 -57.646651
-229.542721 -43.238584
-231.643823 -51.465895
-232.237651 -58.786594
-241.006175 -48.694911
-235.937769 -50.002631
-239.903567 -50.788752
-251.048410 -53.097032
-256.624447 -49.042059
-248.836028 -49.565523
-255.967952 -50.950613
-260.190220 -44.097557
-258.074193 -39.782627
-263.291238 -45.828519
-272.557613 -51.440282
-263.932881 -38.656770
-274.746727 -44.281183
-276.487169 -44.048304
-268.043186 -40.989975
-284.537406 -35.814370
-287.866831 -36.149710
-275.984880 -38.292375
-287.771132 -29.532302
-288.644351 -29.697350
-286.023932 -28.381866
-294.730627 -26.395317
-294.319864 -23.152082
-299.777035 -28.625059
-293.407153 -17.340327
-295.893351 -14.771893
-297.834743 -21.673392
-295.667601 -4.007929
-302.674537 -7.945931
-302.847527 -6.180122
-297.482838 5.766388
-297.040430 4.778662
-296.904326 -0.764710
-295.044609 11.155874
-297.134462 9.559420
-299.261499 11.994168
-298.305575 19.417542
-286.135885 15.156151
-293.739735 24.735763
-288.715151 30.678363
-287.087596 31.585356
-285.623279 24.063014
-282.799686 43.559478
-284.319092 35.567669
-283.660783 33.687826
-280.216631 40.628877
-283.304083 45.189268
-284.553232 38.325899
-280.986147 54.235352
-278.357510 55.175232
-276.221380 59.079903
-268.126979 54.020278
-274.622361 55.230150
-270.027755 48.891601
-254.242011 60.905474
-266.173506 68.941780
-263.851259 60.137327
-257.426441 66.944370
-255.767400 69.473299
-256.719660 65.096174
-253.343695 83.006876
-246.694507 78.360936
-258.915834 66.971492
-243.863662 77.253083
-236.093589 73.740911
-242.391526 79.589591
-233.079219 80.550924
-237.385138 83.262358
-234.805507 82.824174
-221.163566 84.397094
-232.108277 84.331334
-225.647363 90.942742
-212.514793 94.555368
-219.641638 90.574928
-218.674293 98.976726
-208.709327 96.889417
-210.607662 100.741469
-211.260563 99.886663
-202.285954 114.973080
-211.527498 110.015481
-211.272278 112.425889
-204.607230 122.286684
-201.128064 111.838441
-204.692800 119.661773
-197.599297 125.732858
-196.296241 131.546060
-197.971523 125.221924
-190.113037 135.046151
-184.075421 129.342926
-191.396163 135.865196
-177.533973 143.598581
-181.282971 148.308569
-186.399658 142.512718
-183.788171 143.937830
-172.841187 148.003486
-172.319101 145.435459
-171.415884 157.977665
-160.043436 156.757636
-171.785662 147.106671
-162.293938 161.561843
-162.680987 159.054358
-159.718519 160.423131
-150.858941 168.430636
-158.171201 167.687480
-147.975821 159.201908
-142.106879 167.628767
-139.040404 169.504923
-146.220760 177.103348
-119.213565 180.080190
-134.295306 181.072763
-129.507554 181.738943
-116.972974 179.466386
-117.973690 183.508182
-116.662302 188.478903
-109.003934 182.656049
-110.852042 193.240765
-108.418132 192.138056
-90.758543 190.822873
-89.136816 196.587065
-93.944109 194.138868
-78.273092 200.620218
-74.811335 202.161241
-75.835312 197.680064
-70.306709 198.286908
-71.855721 188.610010
-75.580369 192.508822
-54.409256 195.302386
-61.394136 198.483059
-59.117305 197.181337
-50.327238 202.873429
-46.473865 208.148771
-49.358811 199.099125
-32.778811 199.947151
-38.401726 201.448496
-40.359214 200.755877
-26.602259 199.352700
-23.487824 210.537343
-21.142166 197.928210
-13.048582 203.550069
-13.530140 203.816500
-17.144073 212.284801
3.720673 201.210355
-1.409377 208.743064
0.100024 201.634113
13.187673 209.573705
8.670466 204.140108
12.027001 205.208794
21.060959 204.883185
21.825482 201.728276
23.914188 207.145921
32.436730 203.499495
28.007668 207.038901
29.662777 212.536324
43.363347 196.034947
50.901914 209.848436
40.803487 202.236217
54.949366 203.153428
56.614965 202.119127
58.073288 202.633399
69.035581 204.426995
73.065200 206.061995
70.574916 201.841281
73.116009 197.432055
84.614812 197.809138
79.546028 201.659334
96.345871 200.505084
87.715771 197.864046
87.178809 197.419058
98.494117 195.654280
98.217714 196.843301
92.893571 195.100711
102.609115 189.422076
103.884590 184.146272
109.281378 191.314138
119.882744 189.867513
118.563604 185.862658
116.057002 185.506648
118.946056 181.606280
126.229216 178.769397
125.173952 187.536034
128.774606 168.978693
137.398238 173.644965
133.771936 175.015368
149.496154 170.722105
152.689310 163.353312
144.817059 168.617209
146.002496 159.645821
152.966075 155.777156
157.157076 162.576873
165.156071 157.914924
162.977471 159.050868
170.957507 154.734240
170.432915 145.610167
176.826284 143.878866
177.904116 150.890329
180.722635 143.342457
181.958818 138.612546
177.316369 138.839621
187.099335 132.299885
194.061107 125.136997
183.932466 132.353056
192.768494 112.615334
199.114987 122.744878
192.227590 107.723257
197.515213 105.184965
195.145205 103.645000
195.896197 101.381584
197.578683 91.438406
203.511437 97.523368
199.185324 91.116342
213.293442 103.024168
216.472577 93.436756
214.696548 93.386981
222.118608 89.211928
221.947025 88.678301
216.934188 90.193222
230.283538 83.371817
234.573464 84.330332
228.812701 88.839733
239.552783 71.715415
242.226206 66.991405
238.903618 75.296302
237.022716 62.598252
245.918154 61.437199
236.378363 65.202416
250.486077 51.982160
248.746650 47.238786
243.828897 57.895342
261.035669 48.888687
257.102402 48.310940
249.140543 47.563119
260.146614 31.028185
259.828655 31.329125
257.526921 33.360523
262.449474 24.251210
257.123090 22.543213
261.570320 18.931906
262.808085 3.739710
263.802364 10.062043
267.852698 5.536121
264.502600 7.234155
267.468872 -7.952139
263.967239 3.833842
266.323703 -11.039859
261.115136 -3.917594
265.995357 -3.375395
273.194280 -24.714871
270.840372 -21.342143
264.863139 -19.429140
276.988983 -22.198111
275.212477 -23.400826
270.891339 -27.506252
290.526352 -42.530479
276.345935 -32.230729
278.802014 -32.750739
294.130708 -47.868632
290.509154 -37.125765
294.426987 -48.654921
302.878252 -55.867592
290.962397 -44.623812
294.587384 -49.258059
306.813847 -54.025520
303.882040 -58.639568
300.286621 -54.720846
265.075292 -65.480810
255.171737 -61.082738
259.524293 -60.771716
268.051965 -61.761372
268.374853 -63.573548
275.074138 -57.574798
285.883105 -62.240665
281.226441 -69.613967
279.986121 -58.812608
294.944490 -65.093967
286.630834 -57.606335
289.815732 -62.078461
185.176245 34.087386
189.733977 27.157653
180.635032 25.200744
196.464156 25.341333
201.139704 22.637782
201.629308 20.022737
207.709518 15.359301
215.302161 15.364259
208.709866 16.679691
222.443334 -2.555866
219.490005 13.309792
218.721214 2.180467
220.719655 -9.213575
232.984384 -4.297742
223.493215 -7.632117
220.344186 -18.719925
232.807550 -18.468941
230.100887 -21.178116
230.239021 -30.239195
228.709674 -22.976184
230.008854 -29.570330
233.369139 -33.550091
238.787901 -37.135611
237.517581 -38.200739
245.614287 -48.720303
243.151148 -49.647839
243.115640 -43.819691
255.449326 -52.541381
247.645162 -56.533950
243.316759 -48.804228
163.977692 -24.156601
173.038676 -25.621177
168.717589 -22.308356
179.865940 -10.331512
172.945911 -10.666329
173.140786 -13.087502
177.630400 -0.690943
181.910093 2.453439
168.273966 -0.468969
185.410319 2.876656
182.701604 13.790367
173.421471 3.363453
183.235900 16.713783
183.557771 16.070638
181.221213 17.609919
134.226937 -79.072949
126.717498 -90.058997
133.711985 -80.133504
135.113980 -71.306063
140.170218 -74.276987
138.895989 -82.264482
145.447134 -66.697632
151.568784 -73.006162
144.875379 -67.855966
158.927896 -52.854912
148.876470 -58.084151
158.621026 -52.769048
159.014987 -50.050598
153.992263 -58.719877
158.659989 -57.421020
152.142120 -40.648221
159.099664 -38.598422
152.846318 -41.877911
164.835358 -20.856741
156.500082 -31.197515
169.797769 -37.284006
19.149132 -104.150406
25.366004 -105.024965
20.066567 -96.812901
41.835513 -98.383082
37.991259 -102.843682
36.114657 -97.831335
51.352839 -96.111642
54.165703 -105.348744
44.460953 -101.270760
68.413716 -98.693547
60.608093 -86.807879
61.416625 -106.033304
67.299076 -95.913868
73.773295 -96.558446
65.170959 -96.174404
82.119798 -92.009844
78.083091 -94.600857
84.399841 -92.484153
81.732850 -93.787460
95.437510 -95.767215
97.417889 -91.867772
99.075852 -89.543626
100.182291 -91.879679
102.874829 -91.735429
106.473833 -83.630881
107.713277 -84.803988
106.382914 -84.240139
116.686206 -88.647475
117.948957 -89.196724
120.881631 -80.681993
-159.540599 -54.958950
-157.025591 -52.913297
-157.662544 -56.474739
-154.974040 -65.172202
-155.801222 -66.088517
-156.480018 -57.992019
-147.421589 -74.718764
-148.255399 -69.612783
-146.579378 -71.078432
-140.092505 -78.173253
-134.109456 -81.794892
-135.629065 -77.778597
-122.797932 -78.559742
-128.111117 -79.868092
-124.708257 -85.947809
-115.519124 -88.972555
-114.524126 -89.025393
-118.510503 -83.038008
-102.126402 -94.159926
-104.121115 -89.948814
-106.535606 -91.717706
-85.352717 -97.396869
-96.806455 -101.296203
-95.786857 -94.399403
-85.591342 -92.683371
-76.865004 -98.484880
-81.566550 -92.394014
-73.259311 -96.513008
-76.847492 -91.735542
-73.939127 -93.703434
-60.925681 -106.799726
-61.951559 -103.379533
-58.431205 -95.390357
-55.077252 -96.550094
-55.058363 -98.253773
-48.002580 -97.955424
-34.301698 -100.389007
-37.583777 -100.963609
-32.270374 -101.299704
-21.131550 -105.071865
-24.348952 -99.754152
-24.956320 -103.039818
-23.331476 -118.372467
-26.291768 -115.942582
-25.632760 -110.176337
-33.273886 -116.717593
-30.380408 -112.819153
-29.548321 -119.629510
-37.901198 -118.733920
-38.510315 -122.244738
-33.506093 -132.162158
-38.176322 -137.918884
-36.607505 -141.998952
-37.620297 -127.604052
-28.353765 -136.810703
-27.546063 -132.839409
-26.574257 -137.953344
-15.980129 -139.965129
-15.759656 -141.692536
-23.047667 -136.413888
-8.398627 -133.611209
-6.128172 -137.122280
-9.424344 -144.725957
3.180770 -146.731522
2.862814 -139.175386
6.527281 -137.209506
11.821658 -138.028041
10.283728 -140.221371
10.872633 -139.985389
16.706568 -142.287953
13.512824 -143.884777
16.910812 -140.060276
27.377990 -136.384833
30.342431 -129.489060
29.289684 -129.270247
41.644515 -134.265818
40.234823 -130.800620
45.320031 -128.381726
29.975241 -121.311705
30.823595 -112.946794
31.073580 -118.155562
22.175088 -115.567412
27.570939 -112.445002
28.372967 -114.309393
19.200510 -106.714473
15.761385 -115.356184
19.653868 -104.194117
-259.338013 -2.620811
-260.951910 -4.080659
-258.529373 -2.235627
-261.496227 -16.890494
-258.984044 -18.860744
-254.865216 -17.164369
-251.512927 -14.309487
-254.423988 -18.483051
-251.962156 -28.729034
-235.427052 -30.016251
-229.628599 -27.851691
-238.320040 -21.099047
-223.730005 -36.334783
-228.327385 -21.638344
-222.230718 -31.931140
-216.524870 -23.693030
-215.383546 -23.246982
-209.051345 -27.329897
-207.171566 -32.090512
-203.565439 -24.414731
-205.200043 -28.407536
-193.418284 -26.831418
-204.532176 -27.987453
-199.783483 -30.842427
-191.806864 -30.714514
-194.530905 -27.125994
-181.753775 -28.007338
-179.236222 -22.770895
-176.445959 -30.507511
-170.880776 -30.967181
-248.803316 1.427647
-251.669510 4.755690
-256.678631 -5.795720
-249.001746 15.392918
-262.855977 10.467906
-258.856326 14.231171
-250.798149 14.451065
-256.201304 22.988291
-251.048124 19.499452
-243.145551 25.417492
-247.627524 27.754940
-253.251297 19.943772
-240.788851 33.897857
-248.755582 30.003794
-246.213405 31.967956
-239.046557 44.883070
-232.770402 45.572369
-241.519395 39.945035
-229.352343 50.398563
-227.143544 41.803542
-230.940784 51.808286
-224.559599 55.661338
-231.326443 58.773669
-214.018985 55.004581
-221.942903 65.230482
-211.739987 58.369623
-208.882072 64.686101
-203.349622 58.786147
-211.264118 66.950737
-207.821552 56.246136
-207.780156 55.270894
-204.110681 53.105762
-210.423230 49.180581
-205.843618 37.346251
-205.905745 41.452875
-206.026118 41.485049
-191.884191 29.339215
-203.357832 29.843179
-207.541480 22.261421
-195.166619 20.357035
-200.226666 19.838587
-203.045745 21.442557
-187.859660 -2.784279
-192.697495 3.725169
-194.736087 -4.603868
-183.541756 -12.307580
-193.767887 -7.683211
-185.466627 -14.714557
-173.702063 -13.798935
-181.517300 -15.859745
-174.610907 -8.451746
-176.604322 -20.800854
-183.537511 -23.996946
-173.485316 -20.271675
