1.069032 204.805792
0.328899 204.795082
1.877367 205.723480
0.637426 204.759857
0.112382 204.886572
1.761874 203.784102
2.029814 201.730953
1.418371 213.127088
1.724478 212.528207
-1.155046 222.984610
1.104548 213.563006
1.281056 214.414984
1.723362 212.264054
0.997560 218.495675
1.570062 240.436986
-4.617986 233.289646
0.915325 239.659303
-2.212814 234.963089
-4.961481 233.203143
1.695130 242.087124
-0.364868 234.940816
3.006310 190.870539
2.612527 191.090231
2.475832 191.979276
1.875779 196.184986
2.856931 189.825021
2.779000 190.096175
2.506088 191.708891
3.580628 249.383195
3.950086 252.436617
3.712235 251.388179
3.466512 251.206470
4.186933 253.844625
4.768401 255.835117
5.035517 257.361158
4.912917 179.618823
4.334759 182.035083
4.681024 180.141018
5.466165 176.644016
5.436434 176.900250
5.267565 177.379405
4.718887 179.447238
8.045269 267.884346
7.272492 265.447653
6.114311 261.314760
6.619611 263.026961
5.426491 259.092664
8.650195 269.884405
5.346196 258.538572
7.227956 156.295845
7.546645 165.267733
13.529295 160.500668
13.736479 159.921630
6.463292 159.816363
8.209210 166.252867
6.642689 158.765013
9.166010 146.744044
11.797477 154.651421
8.575036 147.818303
10.152023 143.420625
8.498119 148.248102
9.911514 155.194224
8.835167 147.381964
11.101592 277.429543
12.516907 281.322463
12.661041 281.421180
9.578245 272.700940
10.643007 275.884146
9.379169 271.648609
11.943213 279.826129
11.121914 131.210702
16.779457 135.800480
12.249934 130.651517
16.257713 135.314841
13.113846 138.210745
11.107512 136.102985
12.526373 130.583865
17.345192 291.933480
17.120373 291.488275
15.203373 287.362401
15.694084 288.333301
14.346509 285.525622
14.026070 284.404423
12.800987 282.066280
14.742132 126.859316
18.967095 119.390808
18.015025 123.298049
18.670806 120.620290
17.166559 122.691829
18.850488 119.989705
19.337078 119.172106
20.427640 298.032949
17.768058 292.689489
21.525498 299.053675
20.865606 298.642669
22.699030 300.482682
20.755845 298.607565
21.996992 299.672679
20.501138 115.449861
24.326544 106.543476
22.124032 113.497843
21.723464 113.073817
22.959181 111.252177
23.138318 112.198310
22.910404 110.413430
25.587139 309.684967
26.276005 311.378141
25.774941 309.849818
26.630223 312.938551
24.958854 308.110533
26.382839 311.813096
23.526521 304.499467
26.418910 101.178558
26.476252 100.962455
26.163032 102.097798
27.714813 98.902706
26.442818 101.069942
25.723512 102.839299
25.338181 103.853209
29.521309 318.334299
30.497485 320.517536
30.639694 320.505686
30.433771 319.850306
28.165052 315.588172
32.014383 324.350807
30.583770 320.463220
32.582882 636.204256
31.909655 635.331127
32.737325 636.394798
32.964643 636.616380
37.044491 641.100752
32.007448 635.529429
34.148807 637.907102
34.117445 86.702742
32.986571 88.533400
31.000577 92.332528
33.720068 87.259638
32.413137 89.561431
33.011849 88.411172
33.790493 87.320617
32.331799 615.065703
35.151317 623.073925
31.983122 615.372129
32.378415 616.016310
33.846069 612.944138
32.161377 615.239561
33.728592 615.540338
36.824318 327.257710
32.910969 325.362755
39.567999 326.777894
40.036339 332.260384
34.259675 327.538195
32.367500 324.249638
34.278318 334.143358
40.412629 77.396466
40.344917 77.328602
42.373883 74.469621
42.496037 74.940274
38.319015 80.468056
40.652599 76.922111
42.341295 74.537613
37.995435 601.887018
38.223912 599.402636
35.045943 604.826742
37.541471 599.812110
37.557985 600.903161
36.107080 604.080775
36.799395 602.347590
38.029686 337.601715
39.111072 335.862342
38.639131 345.388348
33.746396 335.185780
38.938736 339.330388
34.244447 335.604133
37.260345 340.390240
40.465364 349.051938
37.733104 347.741416
37.170682 347.008436
40.601703 348.978948
37.905649 347.754882
38.634721 352.270163
37.741776 347.103897
39.790377 357.142888
40.951071 366.970391
40.513241 365.046030
40.763135 366.376422
41.575764 368.683539
40.550678 364.814677
40.553674 365.249113
46.604015 382.294033
46.748646 383.199606
44.142733 376.528522
45.000949 379.194980
45.672064 380.567610
43.102040 373.472074
44.808300 379.007418
45.707216 650.108939
42.460847 646.971574
42.735106 647.133677
42.995460 647.568629
43.262846 647.850973
40.677151 645.050091
39.179326 643.437937
41.981224 589.855602
45.073376 583.618210
40.131806 587.204042
40.989505 587.607966
41.971283 589.228876
42.157897 587.350175
41.235745 591.577828
50.026152 64.202212
49.492033 64.610017
46.692903 68.533688
46.856746 68.161182
48.831672 65.497822
50.299625 63.638536
48.863941 65.763310
46.346555 576.391865
46.046109 577.416206
46.119136 576.200171
46.878007 574.856704
47.298772 573.754100
47.424087 579.903656
46.973602 574.597151
50.209298 391.552706
50.119729 391.753732
49.388764 389.069952
51.969548 394.034100
51.028302 394.922606
52.720769 395.435500
52.690040 395.236614
49.696283 564.185109
50.859684 559.772459
48.276293 569.300360
51.064911 558.979329
49.931583 563.226071
50.856995 559.748168
49.556896 564.498590
53.051520 657.218839
53.343038 657.418466
50.756445 654.918511
56.042954 659.783953
52.726470 656.902869
58.187044 661.578125
53.481281 657.595742
56.002662 57.133040
60.079101 53.404577
56.314912 56.909308
52.995936 60.411160
54.591079 58.517760
52.771731 60.617186
58.034291 54.933618
51.683800 555.821447
53.587554 548.381270
54.218504 545.918660
52.660697 552.006426
53.897986 547.158305
54.208829 545.995630
53.099323 550.274549
57.039348 535.120243
57.384704 534.003051
57.909849 532.214189
55.640880 540.456091
56.581401 536.804728
56.855164 535.755039
56.729576 536.168977
60.987281 405.028663
60.973710 404.841681
62.392012 406.520826
61.784371 405.112010
59.879996 404.391915
59.108219 403.398485
59.123150 404.766782
65.692695 47.165929
67.373449 45.466868
71.157054 41.880382
70.166165 42.519030
66.893545 45.941288
71.316216 41.480724
71.733574 41.154687
60.591358 523.193422
61.486255 520.138717
62.346880 517.183663
61.246471 521.105485
60.781058 522.586627
60.642103 523.024041
60.028641 525.090239
67.038266 669.152288
64.035731 666.593095
67.480366 669.520717
65.559350 667.923039
67.104135 669.158482
64.681857 667.210417
64.538909 667.093932
64.698408 509.588163
64.192200 510.563174
64.140079 510.686280
64.377704 509.819511
64.609679 509.878021
65.005285 508.516943
64.864179 508.952444
69.273540 410.840674
68.658178 412.521259
69.196865 412.068051
73.673146 417.245090
65.277456 409.650504
73.752472 411.143565
74.013152 418.052686
67.547336 500.708107
71.124433 494.541702
68.614266 493.912493
67.524979 496.076063
71.780969 494.517271
66.802415 493.663782
68.101006 495.027077
71.476122 41.274714
76.104971 37.797532
79.027563 35.563208
75.902250 37.767246
75.855937 37.903345
81.529879 33.484882
76.455067 37.458853
73.135113 485.026347
71.873558 485.061799
71.283937 486.707938
73.444459 484.407154
73.755866 484.041228
72.265160 486.537724
73.079304 487.259541
78.585627 678.649636
76.656022 677.071492
75.974141 676.505731
72.607461 673.724249
76.906964 677.278091
76.168265 676.665902
73.551095 674.410585
74.050762 431.582723
74.326822 425.851280
73.258130 422.383510
74.787146 422.781284
74.694085 422.313496
75.021304 423.305057
74.842783 422.805667
75.163380 442.415464
73.198217 439.169699
76.082351 448.657063
74.059499 441.294527
75.647139 440.316841
75.356142 441.529112
73.034398 439.104344
80.268428 472.962033
77.820066 473.295107
74.556354 464.743063
79.983944 470.888213
78.227608 470.587402
73.423827 469.638405
80.125970 477.276860
79.300404 456.712551
79.194630 457.486131
72.756103 453.082852
73.524421 459.618841
80.757331 458.697028
74.167372 457.944228
76.357665 456.630754
83.355888 32.344709
83.350026 32.414694
88.108016 29.341926
89.768868 28.299818
86.432601 30.307777
83.066066 32.467271
92.586705 26.539031
84.247830 683.328478
82.634960 682.000102
85.870782 684.671838
85.654652 684.492232
90.771702 688.682625
89.302452 687.483131
86.422306 685.122671
97.281014 24.544319
93.615531 26.267228
101.228217 23.010007
99.535144 23.587818
91.960868 26.965273
98.611593 23.887387
92.741924 26.579406
101.224259 697.244867
103.061678 698.751876
99.540622 695.864345
98.130266 694.703426
95.137950 692.258484
97.685154 694.343740
99.387627 695.739264
109.200078 19.693998
107.986016 20.041326
110.411495 19.202384
113.514071 17.902818
106.319083 20.804601
108.963962 20.626191
102.981275 22.238538
106.669261 701.711271
104.847961 700.217645
109.098987 703.705173
107.833890 702.667018
108.177627 702.944370
113.726275 707.496114
108.268323 703.023859
119.717306 15.606467
118.133770 16.116566
117.564998 16.402858
117.793048 16.288183
118.433156 16.000255
120.871449 15.357805
118.522277 15.942144
119.443407 712.163456
124.699021 716.401339
120.877420 713.340383
116.916521 710.110980
119.498939 712.221280
123.794696 715.642676
123.021149 715.071233
127.784776 13.349096
136.088286 11.261518
128.772420 13.060112
131.748584 12.337097
134.302083 11.673650
127.270961 13.485622
126.411438 13.763226
131.841812 721.999555
132.312967 722.509704
130.303322 720.859871
129.983869 720.665266
131.889436 722.118878
135.537950 725.191298
133.887290 723.704087
145.868470 8.904058
144.999466 9.306293
140.693609 10.034135
141.658014 9.790297
141.242606 9.897085
140.657498 10.057193
139.212110 10.679131
146.126920 734.312449
142.151584 728.835628
144.478698 733.154679
147.382119 735.699044
141.852947 730.101221
143.873425 731.262324
145.273596 733.878959
146.032009 8.864515
155.976716 6.897623
152.509128 7.550635
152.202771 7.684613
148.039090 8.440340
148.965013 8.227118
153.196163 7.405834
154.343208 742.040667
153.060374 741.007745
155.513929 742.586426
150.367175 738.485587
154.167226 741.954311
156.379702 743.075048
154.678610 742.169135
158.201938 6.535094
164.250620 5.531031
162.710703 5.762900
165.120063 5.498726
166.619409 5.148617
170.058066 4.670682
162.737164 5.759171
166.500320 748.508581
166.832338 751.373224
170.535931 755.285767
170.679639 755.335718
169.262265 753.299143
161.389038 746.609516
165.675541 749.982323
173.625359 4.173872
179.501657 3.450870
180.369613 3.400613
174.356765 4.080683
174.742679 4.271029
170.894215 4.577788
172.295394 4.310607
177.295677 761.656081
180.073875 763.898674
176.838411 760.985693
177.287007 761.540945
173.666641 758.325452
172.174596 756.925102
179.018184 763.148676
189.860424 2.523379
191.834811 2.360659
181.403732 3.297778
186.858673 2.740204
191.990663 2.282059
191.271295 2.319533
191.578984 2.281055
190.994530 770.888026
187.017576 769.166217
189.231825 770.668953
183.466126 766.487797
189.493404 771.415719
183.977420 766.759959
193.755518 774.854548
199.759881 1.539462
195.614889 1.942458
191.676063 2.260642
198.549594 2.054554
203.794250 1.292192
196.022293 1.879317
201.014665 1.503121
202.288040 782.599728
199.252297 780.235305
202.180168 782.533310
202.910325 783.001818
198.420616 779.444889
199.080251 780.094999
201.095399 781.552643
207.165197 1.019331
204.818616 1.264348
206.897078 1.055134
210.369567 0.984614
208.348793 0.997627
207.071752 1.034683
200.081540 1.534610
208.573139 787.423127
211.263948 789.335104
212.622899 790.100968
210.304398 788.509030
211.361517 789.482309
210.792350 789.001834
212.027366 788.096436
216.690781 0.892124
218.316509 0.759642
218.379520 0.762502
215.329811 0.952351
215.435261 0.921672
217.324521 0.795439
221.092325 0.777170
219.972264 797.527611
219.591007 797.541435
219.626634 797.216084
219.341676 797.684415
219.135193 797.845005
220.222477 793.443227
219.892724 797.149001
227.691102 0.875921
229.945437 1.849405
229.661950 1.968562
229.908533 1.584942
226.119149 0.831420
225.365338 0.624351
231.282069 2.624719
230.828454 783.912366
223.644112 790.769867
229.107868 786.049454
226.966005 788.051435
226.833144 788.273179
228.295464 785.995475
223.085315 791.967342
235.262367 779.388812
235.502554 779.298100
235.694991 778.842538
238.352106 776.244839
236.783326 778.152135
232.474121 781.509161
233.180470 778.364517
240.250182 4.435879
239.942760 4.077168
236.986050 3.524291
247.022465 5.198948
241.380077 4.234897
238.640838 3.914472
238.876015 3.747003
248.286992 767.922407
247.247486 769.091174
244.763906 770.431985
252.860015 764.635393
246.096942 769.946754
254.447607 765.434180
247.406925 769.005047
249.207407 5.606286
248.671353 5.464639
249.181842 5.546554
251.422800 6.131582
250.399745 5.814173
252.600544 6.358067
251.261762 6.003896
255.198826 665.398330
257.487065 667.050620
255.774518 659.556835
260.232332 658.824642
258.923559 660.209188
256.338102 667.869043
253.664108 666.326703
249.264232 689.724150
259.685376 690.225924
249.025331 694.498472
253.505248 689.214382
255.915695 686.750928
253.405021 689.315657
252.636761 692.903481
255.050199 699.436412
252.987764 701.516692
255.389891 693.737144
250.080127 695.800353
251.687021 694.207840
256.104371 700.064538
255.099906 700.105233
255.761968 712.643891
252.536124 713.003061
255.647120 718.833842
251.545750 711.965256
254.256236 712.927911
253.629810 714.544166
255.384435 711.417477
255.231164 757.220831
252.050271 757.191894
252.940297 758.213774
254.917240 759.691023
253.586096 759.189080
258.058971 759.141296
255.151267 760.908206
251.553164 723.681187
254.836849 722.162029
256.777007 724.338211
255.733538 715.311696
254.998520 721.008042
250.950467 724.109227
255.919862 721.971337
258.724892 734.142895
255.663754 736.918262
257.144204 731.834895
254.906308 737.932302
256.344909 733.477075
252.965932 738.367795
255.180188 738.678171
260.141935 746.085604
256.241118 739.985629
255.211324 740.167945
256.348165 743.036639
255.759324 740.773395
256.715616 740.848246
257.650898 739.780340
259.074947 7.895384
260.940994 8.315819
261.794021 8.459926
261.640120 8.452321
262.135347 8.587260
262.023928 8.934832
264.686606 9.412658
263.425401 657.846465
265.594793 655.973972
265.470634 656.735441
269.563400 657.351618
265.701169 656.192758
267.463231 653.191251
266.173899 656.025849
273.410255 12.186416
274.115928 12.405038
272.804339 12.229593
274.579832 12.619175
272.557023 11.919704
272.625822 12.073122
272.896906 12.004334
270.026537 656.619380
271.604159 658.047410
270.474884 656.366555
271.922289 656.787810
275.206709 657.822271
275.085622 657.929750
278.357379 659.159746
288.981625 18.271656
289.478412 18.524151
284.173396 15.776965
288.403735 18.150186
284.181293 15.779850
284.231455 15.787558
282.892622 15.713306
283.160141 663.335400
285.170683 661.141750
282.813490 660.872212
286.720769 661.552961
283.586031 660.854680
283.371681 660.889212
286.372041 661.834606
294.096123 20.958870
294.186593 21.257815
295.133290 21.594526
291.011392 19.290444
292.801681 20.329751
291.493616 19.504455
292.311632 19.934515
304.435741 665.586143
296.374019 663.896498
291.901591 662.445451
300.284051 664.866450
292.785302 662.904234
297.532999 664.357415
296.982576 664.116117
304.638620 27.776123
311.795604 29.784786
307.356923 27.723336
304.445467 26.139545
305.434448 26.748347
305.619622 27.132153
308.221590 28.038166
309.085142 666.550746
303.623535 665.781651
307.226768 666.247374
312.682670 664.131364
307.668359 666.440710
305.966783 666.090535
310.161707 667.264797
316.958600 32.268751
317.246362 32.478375
312.806913 30.472330
317.970899 32.932162
314.103147 30.935155
310.970458 29.523559
316.972830 32.302941
316.644730 669.106468
319.069771 669.785659
318.330751 671.960617
321.109331 671.357962
317.547875 670.279217
325.447152 673.880732
317.719487 670.916896
320.907501 34.541912
329.287646 40.723811
328.060117 39.889065
328.487418 38.096362
333.537297 40.599229
333.104854 40.220965
327.259692 37.922107
334.132275 676.695148
332.661236 676.969875
331.741096 681.764710
333.181385 676.993667
333.292800 677.627518
333.911248 680.385443
328.605772 677.006416
339.146320 42.767469
339.506833 42.901559
335.956733 41.413740
337.211939 41.954380
343.525101 44.788942
336.521993 42.126029
340.097128 43.087221
343.891894 679.222612
342.637820 678.963630
341.897433 682.040768
341.667333 679.697051
339.867030 684.026342
338.417634 680.969467
337.462113 680.117712
355.517904 51.971737
344.165788 45.151811
350.521711 48.368466
350.065558 49.145028
350.843961 48.447059
349.065836 47.699065
350.492971 48.434129
358.634308 681.301374
350.757670 680.502417
353.253329 681.800120
352.134624 680.400213
356.913023 679.185345
351.934442 680.460941
349.819233 679.957449
360.774191 55.360231
363.829079 57.350145
364.040556 57.478250
362.527778 56.659281
359.425666 54.647149
360.712875 55.277001
361.698220 56.801419
368.135946 683.085791
364.638596 681.662048
362.829647 681.550798
359.962400 681.028437
369.719690 682.546618
361.938305 681.474932
363.578610 681.761589
369.163528 62.174397
372.222418 63.559637
376.960526 66.590302
372.581445 63.503994
367.789585 60.151716
379.508084 66.874855
375.816495 67.315103
374.732876 681.543750
374.306232 683.009647
373.686920 682.218513
372.785037 683.788217
371.361843 687.470099
372.480162 685.320806
375.138730 682.972030
379.382492 75.125407
381.441929 78.652879
378.797741 71.644740
378.798705 74.546410
379.168997 74.479489
378.556067 73.190799
379.908567 76.169567
382.111271 682.324060
390.194426 684.114703
385.646931 679.514030
388.044910 676.171614
384.405177 678.156059
383.169784 680.159721
379.036598 680.720886
382.149648 79.891039
386.018009 87.792066
382.467152 80.512466
382.364398 80.307697
382.934716 81.406735
383.149502 81.529219
381.804950 79.330175
389.526584 95.155222
388.985199 94.270817
390.774728 97.544277
387.296940 91.012602
389.041553 94.152150
390.722887 97.572583
388.804507 93.661038
391.637064 99.397260
392.578325 101.428213
393.778130 104.256106
392.476913 101.123083
393.221453 102.584608
392.813414 101.763680
393.002176 102.169636
395.125678 668.625826
395.121934 668.632644
395.338844 667.118155
395.694882 667.618008
392.787240 672.230827
393.182150 671.837567
394.814973 669.084670
400.932058 116.674258
401.163578 116.721763
396.523889 108.893203
400.980565 117.524364
397.957878 111.812269
399.129560 113.773717
398.123567 111.964019
402.493506 122.817832
403.723004 126.089014
401.875555 120.430198
401.809005 120.832445
402.640104 118.641034
403.250331 119.209344
403.208427 125.226599
404.206310 130.173957
404.352845 129.675150
403.726383 134.493190
405.506337 133.175267
406.108997 136.217751
407.247822 136.454607
405.609521 134.630540
398.993541 660.857048
401.464943 655.824129
402.423144 653.639874
401.707732 654.187504
400.437418 658.731403
400.418956 657.751872
400.587269 657.730677
404.648522 647.868453
405.448157 646.556444
411.809012 645.443832
406.201607 646.577763
407.305263 642.764579
409.417616 643.858733
410.707677 643.411711
409.456657 639.465491
407.033305 642.124732
409.781270 634.084552
408.769634 635.431438
406.662604 636.623710
410.028445 633.885341
406.143211 640.469130
409.610683 143.245600
410.131936 146.720703
409.696321 144.723767
408.163453 139.288501
410.613879 142.749109
409.566534 143.983161
414.890809 144.918296
408.919926 621.578096
408.130123 618.513431
406.080367 616.527273
407.871911 619.100797
406.814609 617.496843
408.318520 619.708871
409.101786 628.277602
408.856030 607.481113
415.718365 605.513732
410.037817 605.008925
409.631547 604.270892
408.998374 601.873392
408.829696 604.638515
408.648194 603.131018
410.998388 157.210219
411.295242 156.251807
411.047836 157.930831
411.786954 158.603157
412.576822 154.527269
412.670156 154.351393
411.191350 157.941699
414.880776 585.006027
412.435923 586.169611
413.817324 580.890798
410.137303 587.794002
409.820813 587.937948
412.966257 587.468895
411.996604 594.576722
414.303987 163.133253
416.650766 168.120289
415.880886 166.225885
416.923030 168.544813
414.330257 163.268045
414.791673 163.728119
416.120187 165.265976
415.398652 573.278667
416.650646 568.308421
414.618367 575.697295
415.158164 576.067078
416.836604 567.389646
410.867797 578.205134
416.681295 567.672210
417.604905 560.732915
419.098416 553.436136
421.538284 555.882422
418.136109 559.409717
417.904006 563.303120
417.675487 562.495513
417.385142 562.972451
419.312558 175.307757
419.540571 179.300223
421.014452 182.951552
420.750922 183.584204
419.901911 176.777071
421.347239 177.149958
419.449674 174.629855
425.606023 501.266962
424.169876 502.068910
417.538276 505.817280
431.680380 498.781119
428.282841 500.357503
425.903122 500.924078
430.883148 498.809614
423.524948 512.248127
422.800320 519.732557
423.208422 517.664576
422.984914 519.283378
423.260621 517.810815
423.066517 520.414814
424.047587 515.238646
419.914864 547.993045
420.727018 544.538034
420.337142 546.857148
420.756412 542.596527
420.304825 544.438773
420.261753 547.451855
420.270849 547.441642
421.191006 187.756225
421.206253 188.104324
420.535024 188.449363
420.743919 185.498052
421.200903 187.764226
421.966171 192.130850
422.492496 196.226363
420.784370 528.578340
420.860502 528.147757
420.842016 528.850599
424.144510 521.464110
422.631782 528.508698
420.686273 528.341499
420.534343 528.257444
421.575698 538.973125
420.842429 542.743698
421.238560 540.160453
421.471464 539.319671
420.732775 538.074981
421.715469 533.460479
421.608964 535.645027
423.628891 201.906435
423.599184 201.780424
423.152539 199.928793
422.797456 199.374827
421.612751 199.244044
423.731490 204.827083
422.266720 199.724990
429.812373 217.026122
423.450095 222.365657
423.740378 217.902069
421.733311 217.758723
420.629437 215.046553
425.660326 213.769963
425.584947 216.121813
425.009132 227.793068
423.530631 225.100792
426.331155 228.786179
421.872853 230.636057
424.396906 228.160847
423.674585 223.660713
421.836823 230.434429
424.080426 239.302050
425.989080 237.978265
426.822884 243.229010
426.595129 242.715867
426.371069 243.585567
424.445367 238.375405
422.530037 233.372678
425.885245 246.750167
426.876199 250.310569
426.539962 251.136074
427.258677 251.757264
429.097585 258.997050
427.143156 252.052490
427.113445 254.546604
431.646918 269.767681
427.506748 265.233681
426.682088 259.741850
426.719720 258.530644
426.235570 255.698900
429.328733 259.167239
427.873773 266.961798
429.723706 280.546608
429.437658 279.115300
428.983531 275.161164
428.992048 276.157491
428.978204 276.023770
429.083101 276.650215
429.014660 276.339111
430.468890 286.519296
430.944279 289.450024
430.574228 286.721379
430.321455 284.133498
431.820776 289.578972
430.570667 286.999693
430.513020 286.803364
431.955862 297.352567
431.495601 293.991753
432.188799 302.461147
431.415174 293.413854
432.387464 297.268164
432.773828 298.415789
437.934183 300.871508
435.643519 495.939997
434.948306 499.439449
436.570673 497.072479
442.187487 496.594796
436.332534 491.784603
435.573490 496.285601
439.838968 496.839210
431.987301 311.439487
434.990494 314.768513
436.414569 307.264089
435.793644 311.491993
432.060040 308.366902
432.239660 307.516567
432.237096 307.762120
434.779794 324.020243
435.331813 322.342405
431.964627 323.003329
437.894673 317.731025
435.032726 323.055048
431.595140 322.310770
430.094172 328.890395
434.116286 336.926628
435.581805 336.411896
434.085047 335.523842
430.653395 330.418629
432.265478 333.052270
434.488621 335.647333
433.171997 335.232860
435.552712 347.517157
436.330875 349.644800
436.452542 349.036998
434.577796 341.704549
435.579745 352.465875
436.046156 348.584549
436.272824 349.801264
436.790457 368.473724
435.991104 364.352845
435.903240 362.189180
433.692138 367.356137
436.797263 360.189907
436.459960 365.640067
437.718675 369.769038
439.223968 373.845752
435.669572 368.692043
439.178605 373.410128
439.134684 372.995205
438.713751 372.476070
440.629287 375.805738
439.425186 373.818095
452.385324 493.883993
448.324326 494.936028
446.398322 495.260429
448.455407 495.071978
445.087236 495.723195
444.062643 495.995096
441.300032 495.036765
447.764639 391.267238
444.610658 384.824217
445.031075 386.094200
443.918282 383.851196
446.714488 389.332676
447.840896 390.731151
444.713463 385.804616
450.060578 395.436655
450.919359 396.787498
452.227967 398.917246
448.271771 392.206640
451.698001 398.265880
452.633059 399.929278
452.953683 400.711168
457.634178 493.795523
459.034957 494.835426
452.628026 493.932170
454.415765 493.568386
456.278414 493.296396
456.691087 493.160184
464.088855 489.974209
456.892986 409.056464
455.045617 405.121491
458.444869 406.973530
456.323154 410.146081
455.891604 408.118372
456.080169 407.932477
457.122519 413.081217
459.893374 420.192999
461.344066 423.873057
458.336426 416.856230
460.518959 422.555719
459.248856 418.870930
457.867974 414.937947
457.128288 413.393343
464.019357 433.577087
464.067786 433.340838
462.347256 428.569057
462.154465 428.230554
463.375262 431.758186
463.468891 431.705483
462.983501 430.830731
472.137078 489.850797
462.819717 489.082030
471.144579 482.701020
466.888389 487.368078
466.033330 487.764668
467.197432 486.426639
471.337950 482.091974
468.361380 440.477468
465.530683 437.694631
469.042367 439.958222
472.072310 442.283512
465.920328 438.253393
468.813468 442.857234
465.821923 438.229396
472.820337 454.922593
471.293287 452.546816
474.844127 457.969792
472.192338 453.610456
471.685969 452.920331
471.803741 452.618053
472.055583 451.976744
473.697623 472.671495
471.771963 480.566418
474.047827 476.840690
479.288109 476.290500
471.692668 480.987767
477.082227 475.222979
482.034884 474.597203
474.434703 460.670393
476.141053 466.537279
472.484387 472.011674
476.453218 465.307966
482.062776 465.255817
481.251906 462.695251
477.858052 462.962718
537.241227 479.286756
532.816586 480.162749
535.495889 481.428257
539.048690 482.792246
529.465065 479.604451
535.822120 480.786007
530.110436 482.167439
541.969209 461.531488
539.918425 467.804582
541.053512 466.985597
539.517605 466.460621
541.231628 465.133202
538.657863 466.521517
541.585309 463.693045
546.199595 496.655850
548.514186 498.207882
546.673417 495.822437
546.678711 496.973495
546.556514 496.717337
546.808092 497.267323
545.048455 494.894981
542.800743 456.327541
544.208783 450.324692
543.911541 454.512512
544.574103 453.462455
542.672223 457.856263
543.501890 454.619527
542.525609 450.622003
549.416026 447.058393
542.703994 443.231111
549.751172 440.330030
547.113681 444.752899
542.747438 443.006413
541.750356 443.568120
545.627354 442.816836
550.941534 427.526471
550.704190 431.926108
550.928958 427.954101
548.650612 433.900465
552.393767 422.551677
550.805261 428.122909
550.740246 428.430401
553.111072 501.813805
555.222781 502.868609
556.837300 504.305793
556.586272 503.676479
555.670340 503.341447
554.908517 503.909409
557.515396 504.372849
553.609405 419.447077
552.448423 422.395980
554.385436 417.248509
555.231672 414.434604
553.003536 421.000843
555.985181 413.425905
556.550798 411.638565
561.385828 400.724760
559.950997 402.880088
559.408547 403.703971
559.228412 404.500659
558.736041 405.693180
559.138697 404.582601
562.018887 398.834577
561.845083 373.299506
560.394625 376.461688
560.321357 375.827993
559.990370 375.316231
558.963736 380.936515
559.910155 375.041805
560.246174 375.401677
558.568059 388.152969
560.960111 388.133678
562.614238 384.061376
560.078329 391.817474
560.541502 391.342374
561.663831 390.004455
560.165759 390.853281
569.409010 506.686980
567.215875 508.465872
561.053152 505.654306
564.655263 507.160251
564.853602 506.860115
565.421948 507.285247
565.684065 507.198367
563.231438 355.877147
560.465613 352.223044
560.101052 353.445813
559.981060 352.722564
563.260744 347.828149
564.121536 352.106620
556.373491 357.481249
561.132710 364.916732
561.498146 365.553357
563.298511 359.277733
561.576646 366.193020
562.193554 363.512583
562.289728 367.499952
561.469272 365.297187
563.433250 147.936928
560.654771 153.670197
562.742103 149.089027
558.500052 149.517117
563.031513 149.651969
563.425808 148.013449
563.034036 152.039043
559.995570 328.699697
560.521230 329.859537
563.369488 330.283430
562.348889 328.570917
557.096877 332.758359
560.432531 330.804435
562.407789 333.641106
564.433650 337.901705
564.056224 341.771960
564.569483 341.155161
563.999105 341.635803
562.802560 343.662813
562.349376 340.467353
561.946495 346.299972
562.798630 128.691848
561.264202 120.495686
562.798277 127.988893
562.694496 124.621222
563.282592 135.062604
562.209199 121.594310
562.037758 123.794522
565.143510 165.850391
564.081374 166.897615
563.913471 167.078162
564.774268 170.398315
565.018896 165.905479
558.106664 170.152852
562.676551 168.363530
564.126634 300.699445
560.493595 306.379842
563.612262 306.619282
563.371534 308.249297
563.491091 306.363183
560.035940 308.028245
563.206058 306.420065
562.988557 320.630332
559.532712 323.809478
562.500778 316.316319
561.927041 319.590719
559.884938 320.061182
562.523756 314.304921
559.577095 322.546081
567.245589 275.782822
563.104528 289.259527
564.622150 285.928822
566.856839 276.752696
565.364998 283.262455
565.554702 281.397214
565.889064 284.424831
559.486907 293.931858
558.951448 296.314165
565.160708 295.802678
564.865548 297.321813
564.775860 296.232789
559.799719 299.982984
565.317639 295.151943
564.270125 110.673449
564.619625 111.301426
563.562533 112.954802
562.966683 112.394604
559.367626 114.253138
566.559169 108.507449
564.930284 111.184675
567.589217 182.297496
563.313326 174.338927
567.974584 182.888413
566.733350 179.785031
564.287688 174.707999
563.357919 173.352367
570.289526 184.550272
569.116646 268.343760
568.058590 272.359447
568.147302 271.873470
569.053626 268.563193
568.649289 270.062006
569.263642 267.755145
568.812544 269.509879
570.986145 96.467110
569.155529 101.392224
568.653276 103.239277
567.069110 103.925044
569.326109 101.264276
569.686397 101.510368
569.950561 105.214121
574.347004 536.280566
574.335196 531.834213
573.361669 533.403775
572.696237 533.789137
575.687447 542.199752
575.433731 541.653826
572.719623 536.299467
570.319369 187.505709
572.513024 190.293780
573.395026 186.453817
569.786235 187.961237
569.247333 185.464315
573.069631 187.191076
571.823529 187.990072
572.847105 255.528855
572.603104 256.111941
572.076277 256.614281
571.789369 258.624290
573.104230 255.281773
571.863184 258.636009
572.903326 255.312945
573.880281 508.858433
575.858626 511.273707
578.977744 512.140746
575.807822 511.170625
572.395566 506.108308
576.756970 515.411304
572.818585 506.793216
570.335672 87.880257
574.063939 90.548837
577.923151 84.357274
574.070930 92.130337
573.228568 92.792232
572.609411 87.450002
577.199681 85.609132
573.461692 202.113346
575.675344 199.380223
574.865523 203.616706
573.322227 196.254576
576.863069 200.838355
576.441151 203.024951
572.002662 197.900178
574.624636 522.385563
578.742235 522.038874
573.981450 523.508103
578.635320 522.052310
571.621957 522.423732
573.680982 523.856502
570.790141 521.892056
577.245963 549.031106
579.720224 552.600102
576.413408 551.664345
579.228046 551.961608
576.652326 551.842271
579.797965 558.591181
576.215376 552.207026
577.077622 242.502136
575.944435 245.764275
576.873575 242.735633
575.734271 245.904452
579.192195 239.181278
575.429268 247.487205
579.026567 238.418000
580.067188 210.717373
580.597597 208.286981
577.531422 216.053224
576.953274 214.301788
577.764373 215.318397
582.285611 207.631311
577.705225 216.804682
577.385756 235.164460
585.076125 228.441039
581.955253 233.177037
580.306088 235.616000
577.216893 234.781357
578.066473 238.922628
580.173129 234.583714
578.278955 562.485073
583.648732 569.051572
574.458438 559.775866
583.345249 567.985827
581.837844 565.991007
582.782027 565.086457
581.443518 561.274795
584.809208 77.563412
584.026052 78.269401
581.592467 80.387582
584.356436 78.015081
584.283436 78.047540
585.527520 76.939927
580.784673 81.403917
577.629052 223.697504
581.771487 222.493256
584.265170 225.389494
583.792246 224.600476
586.637213 227.228118
582.059672 221.776978
578.060747 218.387116
589.777225 576.906973
591.811762 582.689956
591.650643 578.136934
586.431880 572.339191
589.405299 576.031615
589.717115 576.432439
591.884693 580.146714
594.079828 69.694623
594.510525 69.254543
599.177239 65.604685
591.430783 71.693197
591.450151 71.649769
597.119958 67.159814
596.486372 67.649427
594.853263 581.793172
596.234656 583.972157
597.281894 584.479786
593.513398 580.239467
596.144021 583.295895
593.904440 579.553222
595.197265 581.788143
606.768430 59.511729
606.419728 59.700504
606.699262 59.614769
609.711249 57.525713
606.692447 59.507860
605.996282 60.088591
603.537618 62.621818
601.468450 599.953742
603.138716 601.589250
601.361579 605.915820
600.941087 603.207696
603.181893 602.827492
603.276813 601.479461
603.202631 602.245614
603.794563 611.867687
603.696728 611.824508
604.295321 609.612780
603.954821 611.484101
602.682951 605.364785
605.610446 613.518051
604.349502 618.538337
604.540667 631.913111
606.954237 633.952586
605.900754 632.332171
607.039796 635.025669
603.302742 633.052106
598.604558 630.065480
606.196522 628.450161
608.952185 643.888664
607.415471 639.792932
610.792614 644.776639
609.452428 647.059627
609.295449 650.395856
610.667313 643.493478
613.451545 645.481893
617.232946 52.312940
615.936284 53.548602
619.702463 51.457020
618.278718 52.140021
617.747827 52.457382
621.025110 50.905669
617.578131 52.460109
621.251012 653.428645
622.312961 653.736380
618.814604 658.203310
625.977378 653.664052
624.377420 652.385848
621.158532 656.051018
615.308203 649.787333
631.540566 46.037733
631.937134 45.852055
627.072154 47.997842
627.902463 47.623820
626.131183 48.497100
634.740261 44.574924
628.681092 47.308961
630.579375 654.515655
635.336979 656.083701
631.018162 650.904469
636.338282 650.677601
630.736764 652.924640
628.909234 652.949298
632.829960 653.044090
635.086844 44.370494
636.686270 43.673339
637.362732 43.526307
639.966679 42.424157
639.250515 42.711834
645.734074 40.239201
640.318534 42.299643
646.222381 649.728652
647.804242 650.581178
644.898333 650.042657
642.078561 650.224522
643.666131 650.056728
648.280130 650.233236
640.902644 648.916007
656.751819 36.216635
648.669736 39.107962
651.141480 38.184901
650.097569 38.499886
647.082846 39.049005
655.661839 36.638249
652.639542 37.658167
658.314785 645.862047
653.937299 649.519011
658.944420 646.304954
658.243785 647.919214
656.127128 647.081570
651.627937 648.023832
656.613381 651.361209
663.290843 33.872459
662.327667 34.232417
665.254776 33.421408
658.274782 35.866109
659.817704 35.124065
665.963849 32.859461
657.809621 35.821537
665.129300 642.673807
670.772105 643.540393
660.293845 644.680780
662.815802 643.135122
666.110380 642.849646
660.734695 643.911042
661.256881 641.119471
672.642351 29.815288
672.427983 30.460021
668.284236 31.994209
668.336478 32.023351
673.906567 30.565077
672.911110 29.779554
673.977525 30.297264
679.580320 642.940293
679.222169 646.794967
676.238214 642.465156
676.505412 642.404642
679.255557 645.212874
672.961998 642.516090
676.070045 643.286675
680.323174 30.590004
687.013222 29.311219
690.203538 28.948134
681.928918 29.914736
678.966120 29.982570
685.339762 29.606186
682.905914 29.843371
688.197905 642.157770
686.293541 642.353869
684.602794 641.913695
687.626549 642.370785
686.805187 642.340300
684.978396 641.968736
685.855848 643.330148
695.275027 28.441016
691.171006 28.784756
692.611712 28.645282
696.958982 28.317869
694.161069 28.487320
695.380745 28.551716
697.724826 28.307705
694.259997 642.812843
702.370197 642.205589
696.655979 641.952610
703.262105 645.012218
701.902719 640.011538
698.425435 642.257239
702.221539 641.417954
702.919631 28.040087
702.257679 28.050875
705.918690 28.059698
707.409151 28.094417
707.635401 28.040837
703.807430 28.046609
705.570678 28.018713
709.805963 641.892761
706.047384 640.740265
710.675867 641.388107
710.238988 641.580114
705.793372 642.578597
706.969145 646.481420
707.213230 638.877802
713.218725 658.118303
710.187123 659.091425
711.077217 657.623215
710.971662 657.129367
713.172645 656.845403
713.443196 661.613710
712.305350 654.696823
719.973979 28.694444
719.089955 28.668390
716.711625 28.357924
709.820576 28.085770
714.737746 28.250976
717.344836 28.313352
714.096711 28.188661
716.056567 671.450377
715.722097 673.404244
710.264424 671.532771
714.249895 667.266220
715.301344 670.630338
714.174541 667.109870
714.665308 670.115188
716.692445 681.604399
717.539739 682.894650
716.719789 681.950647
719.392959 688.195025
715.023476 677.298276
716.908862 682.277974
717.615051 682.179074
720.642346 696.713438
718.654481 688.955501
719.501212 691.080650
721.697141 700.011494
721.801631 692.187710
718.956069 692.135003
719.382906 692.528988
720.662455 795.874920
719.551558 796.798196
722.042210 796.793925
719.506503 796.876024
720.593947 796.494372
719.457490 796.781378
714.660346 791.798334
723.113431 730.391158
717.938767 732.549753
716.839680 739.758179
717.908812 734.459095
713.874359 738.532954
717.270054 739.932513
720.392047 731.318167
722.902746 746.946840
717.256488 751.251373
717.156546 746.280108
722.512770 751.504537
712.735632 745.121122
719.092781 748.915422
717.499971 749.765695
719.204738 758.585306
720.014956 759.563840
718.714915 759.314309
720.648677 758.478078
718.373322 751.165317
720.531661 752.918162
719.455919 757.206798
720.138757 770.887389
723.484122 771.771980
722.118260 771.377184
720.064663 768.864768
724.568542 771.747650
714.149205 763.772161
716.639022 766.738352
724.380569 783.213005
722.226943 784.753999
717.610446 778.337038
720.830788 773.778008
721.283025 778.260936
718.407823 771.302808
720.899061 777.430845
720.081142 706.533373
721.481954 704.161287
720.597568 702.120580
724.515543 709.122301
722.396163 704.483504
720.484039 697.062269
720.756277 699.717972
721.196518 714.817912
721.117514 710.585701
721.040978 714.301816
721.273701 713.197697
720.267917 712.103465
722.993329 710.930368
720.126579 711.996640
718.093944 727.316545
722.166153 722.231002
720.452950 721.169665
717.931086 726.872902
720.763639 725.192233
718.850621 727.440651
722.134774 726.560688
723.293256 801.276557
724.705163 805.096262
724.081616 802.988031
724.387132 805.665076
725.451929 806.286381
726.922393 803.901031
733.883911 806.486272
732.312535 29.514265
728.643421 29.556339
728.134958 29.588598
728.969874 29.813119
721.577361 28.780655
727.441748 29.338695
726.512825 29.332409
735.647863 807.887808
736.715585 805.741478
734.944748 807.516473
737.592645 803.406148
735.412818 807.481207
734.715681 805.090542
740.264719 803.727685
740.283391 28.287165
741.291660 28.333483
739.416592 27.762367
739.020411 28.690679
733.075659 30.136529
738.188302 32.456105
737.611502 29.581714
752.078876 799.906387
744.711333 802.070869
748.589211 801.354537
749.556236 800.284859
745.758622 802.205916
747.022251 801.770101
744.326862 802.488048
750.864878 25.800575
749.570186 27.334839
743.166935 28.267651
748.755256 26.086546
752.674669 24.511034
750.740685 25.463724
746.862482 26.771983
753.752562 798.034098
758.557133 798.085174
760.411003 797.551055
758.522724 798.356450
756.932645 798.568295
758.473773 798.483879
758.242154 798.459545
760.385420 20.827416
764.885913 19.252773
759.597356 21.298799
761.006752 20.497349
757.135761 22.400070
761.033899 20.505130
760.537864 20.747656
775.678718 791.434418
769.809124 794.635185
767.989544 794.966645
773.197893 792.731328
763.413968 796.454758
769.682270 794.607980
765.293190 795.584576
765.727329 18.529389
774.571655 17.560593
772.113655 16.608068
778.799488 14.485629
773.388725 16.236115
773.329449 16.412402
775.997484 15.239526
783.942438 787.530578
777.834787 790.041296
781.261053 788.475678
781.855288 788.579327
782.265084 787.153932
777.593203 789.931079
781.342039 785.329895
779.437292 14.499098
782.978632 13.095137
781.599989 13.559594
780.884290 13.710598
779.457177 14.157390
784.942057 12.572452
783.403187 12.942318
792.577199 783.031095
790.996133 784.765275
794.085241 783.085703
790.858725 785.636669
793.563831 783.312457
791.529758 784.578267
790.495899 785.943843
797.237212 10.038178
794.706266 10.802565
793.341659 10.422425
793.801086 11.403776
793.697795 10.513165
792.242481 10.886551
796.672552 10.275067
796.401525 781.355827
800.407347 778.354804
797.138943 780.187526
801.906733 777.619020
807.234741 775.672426
798.571782 777.201769
802.773870 777.595124
800.082779 10.209581
798.841360 10.140581
805.158997 10.176367
810.556509 10.183394
806.989538 10.332372
802.604228 10.592692
803.942075 10.027841
810.142049 774.700766
811.901945 773.979400
813.658975 773.258275
811.847955 774.148851
809.911989 774.610313
813.163906 773.615027
813.482199 773.457745
815.079527 9.516858
813.752633 11.203962
816.430470 9.321174
817.963103 9.329471
816.932314 10.246196
812.436018 9.871913
816.878309 9.612316
823.319359 769.351928
819.480669 770.975370
827.588800 767.137815
824.710637 768.631486
824.271611 768.821225
826.293580 767.681355
822.302852 769.802980
820.724082 12.151672
820.909438 11.951149
825.199717 14.341963
823.993494 14.668963
823.693690 13.557123
826.859917 15.081656
825.212693 14.301429
835.565564 762.944331
841.278028 759.579915
841.132964 759.840960
837.891757 761.648844
834.378681 763.454522
832.883813 764.359193
833.572563 764.008173
837.633326 20.874560
837.582748 21.115701
839.327776 21.720696
838.069802 21.113833
838.700384 21.631579
837.436026 20.739674
836.926068 20.540430
845.676379 757.407658
843.157915 758.725962
845.398788 757.340059
847.577225 754.671054
846.500716 757.035168
848.290043 755.939115
849.275604 755.333017
843.828291 25.363216
848.496230 28.979472
848.463641 28.893970
847.645982 28.261996
849.674721 29.984921
843.848487 25.383318
849.100675 29.456177
860.031701 750.398355
853.786374 751.462572
854.844618 751.590447
854.294815 751.622837
853.532998 752.260671
858.477602 751.074961
858.641659 751.155931
858.967813 37.701455
859.396975 38.017844
855.185832 34.541167
856.043241 35.250679
861.172162 39.987136
858.101492 37.195058
859.281418 37.915870
864.577240 542.669572
869.223052 542.980416
868.973032 540.069728
864.034192 543.768267
864.770285 531.582677
863.060077 547.603095
864.813013 539.320174
864.107964 558.855605
866.810923 555.766622
860.921649 561.178124
867.778943 553.450287
864.145557 558.214030
862.869918 559.358751
869.891027 554.250912
868.707088 747.354345
869.331581 747.099035
868.891074 747.311389
870.566950 746.418663
866.134079 748.244221
869.433746 746.772086
869.026423 747.241974
872.778244 51.559800
866.539051 45.246780
867.270048 45.960918
870.281588 48.952081
869.529542 48.202631
871.570418 50.286516
870.585088 49.278093
871.381709 569.224507
869.887017 561.682956
870.919780 563.337330
872.188589 564.513467
866.194063 561.967799
872.198445 568.041202
869.996395 565.208950
874.133611 578.009792
874.772367 579.490135
874.387420 578.949562
874.448795 579.236682
876.138447 583.313705
875.177477 580.844884
873.492590 574.090304
874.344889 538.415655
875.985492 540.125878
879.693325 540.428124
874.066423 539.366452
876.903774 540.131523
875.270258 540.001021
874.082575 540.639612
878.796614 596.342117
878.881942 594.258116
876.223747 592.534169
880.725574 588.857638
879.250033 594.136768
876.534252 589.728598
876.435709 589.317556
881.995698 741.207006
880.890993 742.371607
880.822518 742.418630
880.581553 742.362752
881.879757 741.745575
879.829132 741.969624
878.400503 741.054642
880.909956 60.025299
884.723307 64.114501
883.588380 62.884821
878.878593 57.945532
880.804731 59.966653
880.001462 59.056785
879.822462 58.869212
880.695683 603.376237
879.227275 603.517639
880.660000 603.618910
875.159048 611.980698
879.953970 605.112115
882.793478 606.630066
876.970561 608.807271
880.295135 615.101046
882.140356 617.180745
881.906320 616.856697
882.169860 617.211769
881.918241 617.085475
880.370354 614.143393
888.755260 614.780944
890.854131 537.753204
886.589308 535.687902
893.462703 534.290626
892.082537 534.551221
887.107942 535.200542
891.160312 538.195762
886.852694 536.386784
884.623934 628.997885
886.765274 633.949220
886.725764 636.728817
885.780778 623.917566
887.033092 629.875591
885.585824 630.307718
885.795901 631.767825
891.012502 70.880200
887.701116 67.305820
888.372864 68.034129
890.805829 70.591342
893.190640 73.312225
892.427507 72.307272
889.249709 69.141359
892.788220 737.145201
891.428490 737.690015
886.006793 739.877423
892.723998 737.129252
891.913089 737.347895
891.333367 737.687544
888.772824 738.732834
890.822696 647.422231
889.165517 642.822738
888.739242 643.107413
888.245163 641.851740
885.105069 639.877758
885.373446 639.240611
888.989716 642.539863
893.799001 652.064570
891.646215 651.888296
896.530076 654.269729
896.088692 654.045243
896.372739 654.526076
895.363348 653.953343
896.659092 653.954137
903.315814 530.586201
892.458575 535.365833
897.226505 532.650913
897.535293 532.998633
900.974472 531.232470
897.457446 532.623040
900.724440 531.057318
904.995596 86.007526
901.875873 82.163642
898.894590 79.184634
901.184777 81.603785
902.007966 82.316612
901.954252 82.381561
900.867846 81.122103
905.488515 731.028875
898.052723 734.611871
908.090818 729.482092
901.058635 733.363804
904.015959 731.651547
901.446222 733.171311
903.082423 732.373264
905.876815 662.203218
903.108067 663.178161
903.028859 661.695867
905.829011 667.091224
904.920355 670.386238
907.579690 665.166540
907.426308 666.603393
908.111079 528.303715
910.897404 526.954550
906.717751 528.902884
907.973003 528.380487
911.233079 526.793128
906.827595 528.910431
909.125228 527.693802
910.095125 91.983622
907.048032 88.542843
907.105090 88.666536
907.950739 89.778819
913.723798 95.735761
911.041584 94.890690
912.252088 94.525413
914.020743 725.545794
913.609610 725.937214
913.663122 725.898041
910.055267 728.254905
911.970853 727.081590
911.114133 727.229778
907.475171 729.881809
915.340272 669.530328
920.476401 675.927927
918.222670 674.360163
917.144382 672.142541
915.708756 670.121564
921.395560 676.922638
921.168337 676.493364
922.490985 521.176307
919.563105 522.043528
919.116744 522.433232
924.194397 517.970812
922.951056 520.668648
919.594613 521.926283
918.578642 522.764273
917.829942 100.498454
920.957083 103.190681
922.948941 104.982876
921.627257 103.731871
920.559104 102.609022
917.653311 100.046383
921.373582 103.600849
917.975049 722.637730
925.932037 714.733860
922.268253 718.287861
921.289048 716.265006
924.075195 716.946726
923.709766 718.846218
918.157899 722.703990
926.389350 682.270944
927.599632 683.838377
925.579285 685.630007
924.835958 682.861864
927.418781 684.293416
925.818789 681.752378
930.503536 686.721062
931.445364 112.586588
926.941637 108.584381
931.103863 112.288341
931.906069 112.988927
929.478831 110.844436
932.072527 113.108795
932.423451 113.440830
931.510848 515.818598
930.982622 515.870125
935.695395 512.986434
932.356427 514.882366
929.231232 516.656894
933.214305 518.295823
934.585586 514.391603
936.953994 713.710387
934.218888 713.652525
938.917420 710.288416
930.273887 711.737220
934.455527 712.515858
933.479614 710.425462
937.217618 712.629715
938.457628 693.939181
937.174332 694.782472
939.870910 696.459762
940.349784 692.349626
939.177354 694.631777
935.826248 693.133136
936.908686 696.749971
939.461945 119.626945
946.542806 125.917002
943.508691 123.188872
945.489897 124.956255
940.667128 120.690488
944.417045 123.993564
943.688022 123.353841
941.686577 508.302363
940.821164 509.165523
946.873728 503.173019
942.770479 507.093424
942.560707 507.094393
944.808467 504.423783
943.558117 506.140024
942.766737 707.481646
942.705589 710.160993
943.371386 713.343339
942.919658 709.360577
943.153389 712.750251
942.635550 711.301635
940.951450 709.891231
947.077013 694.319818
947.912290 695.390589
947.358299 696.991949
948.665248 695.832379
941.659835 704.362017
948.791021 695.870690
944.423605 699.618510
952.642904 131.399889
954.907581 133.381697
953.750441 132.283338
955.821574 134.882933
953.621337 132.217883
955.830722 134.536879
953.287524 131.966327
950.404875 499.530114
949.356401 500.542460
950.056289 499.902473
950.351543 500.708273
951.071046 498.583904
950.578104 498.975902
946.058491 503.902001
957.074688 485.898699
953.831976 492.842361
954.565061 490.650333
956.381291 487.020329
954.239950 491.926303
956.385696 487.248573
957.945485 484.003681
961.297535 138.921598
962.882235 140.333271
966.834628 143.751417
960.126001 137.932412
965.650862 142.637774
966.748547 143.598881
963.154579 140.488031
958.347436 483.077495
960.758365 477.540226
962.048648 474.340491
960.035047 479.545417
961.113592 476.900163
961.764403 475.250633
960.379843 478.771594
965.809037 463.830960
963.668425 470.110556
965.477823 463.915740
963.833239 469.558133
967.112223 460.057254
966.982971 460.467413
964.622225 467.341849
970.213448 448.947498
969.815519 450.870748
968.697746 451.853328
969.562024 450.723678
970.361352 449.967440
971.073423 447.692001
970.104941 450.050151
974.566896 150.515469
975.367104 151.052858
977.671894 154.068542
974.482418 150.325602
976.065424 152.386375
978.289351 154.800876
975.487228 151.178377
974.417578 440.054442
975.929237 436.313103
973.803816 441.434070
976.247064 435.415416
975.436591 437.601007
972.147346 445.161267
974.633351 439.566528
978.663130 429.042252
979.285379 427.273781
980.593744 424.041493
979.568406 426.410915
980.397730 424.464677
979.567043 426.231347
978.267254 430.040178
983.516235 162.130964
981.559682 159.288430
982.286228 160.210999
980.590961 157.904746
985.956188 165.631476
984.812009 164.303408
980.708628 158.298792
981.216268 317.139088
984.128732 315.086228
982.022272 304.404328
979.653011 317.499363
984.566223 305.854391
982.462093 311.547470
984.197301 308.269620
984.819446 336.187829
984.499917 334.328660
983.339035 328.237921
985.062550 337.545675
985.342555 339.305369
983.575270 328.182040
982.787076 324.594548
985.498894 340.212560
986.266989 344.661508
986.303568 345.969618
985.964741 342.980337
987.505874 350.819839
985.761559 341.850667
986.361959 345.187520
986.126582 410.792243
982.258413 419.665711
986.986055 409.432060
982.271923 414.090643
983.166311 413.510143
983.504721 412.574379
983.319334 416.936844
989.401841 296.954883
987.963627 299.018795
985.143720 302.544452
984.386559 302.752170
983.891228 303.231463
986.681234 300.345785
987.540336 301.039547
987.747700 359.629914
988.673923 365.644200
988.087704 360.759957
988.243267 360.391950
987.779436 359.713232
989.061657 362.115347
987.790732 359.759045
988.477956 169.260421
990.412154 173.125964
990.067808 172.137582
989.892948 171.842046
987.716428 168.402564
990.290981 172.738068
987.339889 167.785011
990.198706 400.445436
988.833436 404.631608
994.812857 397.018826
991.820544 401.989078
992.457373 400.103754
992.724354 400.240543
989.161735 403.925773
992.220147 374.843478
991.151773 371.266796
991.182921 378.074826
991.547279 374.871976
991.422594 372.437159
991.964891 373.219684
991.414220 372.209180
993.798059 289.421638
994.005646 289.048532
990.040478 295.280145
994.112458 288.403693
990.252489 295.319886
997.323033 283.308490
994.110402 288.946305
997.607590 384.080202
995.148948 382.812139
992.421774 388.455497
993.178654 384.386817
998.523967 384.097561
996.564763 383.593255
996.356955 383.551855
995.731703 395.765330
995.538408 394.533752
993.313924 393.366817
992.703924 400.186330
995.337332 391.376957
994.266369 393.624559
995.885014 395.823437
992.344412 177.920307
997.054110 188.012078
994.937056 182.779840
997.663996 190.078506
996.436534 186.129995
994.897165 182.594304
994.095575 181.341254
997.473747 278.717439
999.898808 279.992250
997.897898 277.058429
1000.791394 278.879375
1001.552610 277.743835
1000.765415 278.942481
1000.660604 278.894487
1001.087261 198.521966
996.781349 191.868752
1001.697624 198.494238
1002.131575 199.877853
999.368626 195.177813
999.236114 193.164948
1001.822804 198.720361
1003.079406 202.343528
1004.516482 204.503144
1003.814888 203.078183
1001.671882 200.639368
1004.253642 204.557126
1003.150219 203.260513
1004.784776 205.059419
1002.877228 273.579704
1004.707028 268.310303
1004.699544 269.289452
1004.722458 269.175046
1004.438867 269.972358
1006.436083 261.876367
1002.960847 273.025926
1009.355083 215.292291
1010.091935 216.694726
1011.321085 217.392949
1010.910623 217.150257
1009.099676 216.503994
1011.489850 217.585748
1009.208180 216.375733
1010.990055 231.702759
1005.560256 229.310530
1011.237482 231.220143
1006.810609 232.820450
1009.264120 231.258020
1010.441528 231.357441
1010.852608 231.469090
1006.211668 262.812274
1008.114129 256.413539
1007.205820 259.188555
1006.665004 260.985138
1008.216813 256.025699
1009.412399 251.785406
1005.807619 262.501195
1010.113338 250.192749
1011.086170 248.395994
1008.109813 244.620109
1011.049862 247.897584
1010.705893 244.383235
1009.362415 251.611913
1008.587579 242.704754
300.891238 734.174067
299.347837 734.580136
298.875865 729.025928
298.910810 733.978710
299.318487 734.771319
299.285895 738.636233
302.737594 729.120537
305.851386 738.492666
299.913884 736.192903
302.241032 738.751600
305.136687 735.827368
304.273951 733.993939
306.267033 739.471853
303.698323 741.735614
311.215152 739.726159
318.010740 738.561155
310.061445 741.096136
318.439992 748.653305
308.682716 740.677621
315.943022 742.813206
319.928425 744.306242
336.105264 748.385162
325.159883 746.629407
332.323976 747.713716
331.691358 747.556488
325.606091 747.056531
328.017769 746.135972
332.729698 747.701551
349.694215 754.939375
345.925916 749.826854
347.146705 750.791886
347.814500 749.135838
348.489113 752.296981
346.579288 749.314946
344.747290 744.681170
367.597173 755.085080
362.099259 754.131701
361.880935 754.290126
367.652971 755.073922
363.502147 754.611162
357.225510 753.610109
367.650184 755.000570
380.133452 755.897711
382.030838 755.708870
382.327777 755.794253
383.768473 755.750721
385.604983 752.466339
386.934670 753.442827
381.756092 755.805798
401.070471 758.100866
401.013495 765.404971
401.014496 757.972593
400.908934 755.781774
400.847335 754.735822
400.871156 755.316940
401.002698 757.438517
423.068931 759.154618
423.505482 759.494651
425.944544 759.651933
423.765428 759.049229
421.963058 760.005926
423.614493 762.967388
417.344299 760.017847
457.509738 764.437296
458.945558 762.765104
454.079971 761.580300
454.288381 760.494489
455.231718 759.365917
448.905032 755.976342
457.666485 763.384233
495.501976 760.804816
489.094001 761.614397
492.358226 761.422772
498.537429 760.755785
493.832310 761.210708
489.382742 763.809543
490.323132 760.852137
517.027596 759.681337
523.335202 753.273173
522.713551 753.940804
522.188955 754.429853
520.732386 755.564115
522.704406 754.462614
519.389957 757.436576
544.581375 761.302098
545.367124 756.212640
538.780712 755.205112
539.876817 754.864064
540.837741 755.228788
540.189844 755.391535
539.678992 755.225811
569.818619 753.821360
567.771715 760.549078
571.775468 753.283985
576.751870 752.388545
571.422559 753.504376
568.436860 754.144409
572.409286 753.945130
598.872970 746.759480
597.426694 747.013483
594.617564 747.830888
591.432916 749.024093
597.761349 746.938029
597.901964 746.885382
590.343386 749.074981
610.880979 743.945015
614.688413 742.701730
615.094555 742.356420
610.382361 747.250083
612.954003 742.510710
612.381044 744.661498
609.322350 744.756522
635.665242 736.333371
634.620219 737.210232
634.448168 736.789746
641.878612 738.591532
641.049253 738.348393
634.210190 735.891523
630.821228 732.065448
664.880487 725.025830
663.378262 725.010648
665.310620 725.108601
657.538057 726.797345
663.576663 724.534296
657.496937 727.834260
661.898168 725.393951
674.108973 717.156364
670.257811 714.673490
674.340539 717.247827
679.480463 721.092699
668.289935 715.060584
676.599510 716.720840
670.249160 720.195992
293.705571 743.851108
292.498264 740.451685
292.507528 737.740478
295.794347 743.407090
295.385844 743.793935
291.434167 737.460047
290.557440 742.228020
288.490739 752.296179
289.983415 751.062955
285.267235 755.194679
287.147811 754.758769
286.360843 753.951484
287.630308 752.258165
292.212158 749.503571
281.680690 764.746409
276.820656 762.733824
281.596174 759.085282
277.806917 763.588862
279.067423 765.767248
281.598181 760.943572
280.896572 757.267722
281.269845 774.739431
281.816655 771.708115
283.697586 774.986638
285.269260 778.358612
281.348173 774.623147
281.772104 775.229407
280.746686 774.342155
294.338459 781.270448
290.736209 787.460964
288.329020 788.355784
285.998268 787.822301
287.460459 787.462076
291.362467 783.574368
289.475482 785.694488
304.411178 793.926986
304.078290 793.551558
302.485535 792.491194
304.396973 793.888163
304.408627 793.921885
302.656909 791.944983
303.720804 793.151468
328.677921 796.273082
329.283733 797.016786
325.875711 796.267655
317.331734 794.428770
323.487847 795.303283
323.488481 793.611382
328.291543 796.938189
347.013781 802.040367
345.593825 801.739987
351.239775 802.037279
350.652818 802.181682
346.548694 802.255048
347.574564 802.203305
347.092786 802.349461
374.320096 808.359225
372.930130 803.587452
372.061751 803.516912
372.009304 806.752667
373.239199 805.299751
374.681298 804.962192
368.689497 800.319448
402.399530 806.697851
404.417074 806.870916
404.843761 806.480876
393.959465 806.284042
399.074830 806.644239
394.155751 806.391422
403.495145 806.872355
429.759429 809.556884
427.019312 808.107841
426.537914 808.003461
423.022899 802.974470
424.730753 804.526940
428.648360 808.442365
423.328279 806.900801
459.102467 805.806074
465.307030 804.244897
458.277935 805.802291
458.280929 806.086886
458.724521 805.961762
461.387460 804.303951
462.302650 805.176967
482.349644 801.638336
484.695893 802.023091
487.242751 802.338686
479.398611 798.401497
483.805472 800.927117
481.716709 802.243574
479.252991 802.906345
499.246542 803.342614
505.497838 804.538619
511.322707 800.009815
506.253442 803.400311
506.800267 801.175294
505.577675 803.938399
501.670029 803.519844
542.078826 806.430066
539.288213 806.294005
541.349734 806.334616
544.961425 806.208285
537.711627 806.066167
540.853987 806.596503
539.759005 806.377918
562.563049 806.403767
568.149923 807.348749
562.906402 806.083379
559.424362 804.449207
567.113718 807.417222
565.786529 807.085084
567.676795 807.522645
588.531929 804.335793
584.052838 807.030408
587.240153 805.349565
583.033642 806.778307
582.847997 807.835995
585.833237 806.275836
583.874647 807.239580
594.604079 802.916832
605.403958 799.640815
599.483229 801.376167
601.352460 796.798571
596.353949 802.732665
600.921299 800.403355
595.702376 802.956947
668.326598 776.838273
661.836518 780.558293
672.332824 774.415270
672.986250 772.813216
667.345595 776.572528
665.113689 778.547285
668.520358 776.344654
684.760339 762.975255
680.415759 769.838621
682.255990 769.281227
683.539465 768.097527
685.430197 768.244857
688.318264 765.480869
689.248757 768.730417
696.756502 761.815095
693.094356 763.231383
695.798204 761.166754
689.580287 763.229259
701.177161 764.451895
696.198382 756.508996
698.507304 760.694299
694.530845 750.011224
695.812808 747.632819
696.943936 742.778518
701.264977 744.308673
701.209412 742.850363
696.385119 746.378178
696.737768 746.193857
688.312490 730.097673
684.722366 724.530151
685.802869 726.102262
687.494679 728.955393
690.751195 734.771790
691.048597 731.795528
687.458912 728.902610
683.832855 725.849311
676.386904 720.487593
680.584390 721.924752
682.616954 722.117226
688.304131 722.253474
676.351141 719.238388
679.948685 721.344903
621.441134 798.827781
618.481771 798.751881
623.579918 798.017120
621.284871 798.625841
621.738915 798.733746
627.479562 796.616068
624.137898 797.649987
639.389295 792.389981
641.152122 791.108653
643.608924 790.413360
633.281005 794.567324
640.145619 792.050736
639.748448 792.312064
640.352611 791.733607
648.528273 787.971111
654.305769 784.945842
657.364467 783.499394
648.019542 787.531936
653.507367 781.258794
657.175291 783.954529
657.167441 785.627110
