27.876956 303.545414
38.004710 106.150734
30.305866 56.252644
87.069935 23.191059
133.981642 52.393362
182.654500 56.715853
213.677334 42.602201
265.291610 33.427428
341.911641 19.630377
395.969979 27.657627
465.804558 49.654042
477.970261 116.365110
501.001971 155.075365
490.421784 207.914842
449.984215 264.709844
413.893787 299.287796
370.535606 303.637787
344.984372 311.276017
359.733674 404.882668
328.047438 368.209444
289.994376 348.187079
287.858655 318.050445
257.193087 287.060261
282.196130 275.239583
291.428037 256.390654
317.716360 253.340976
315.695367 233.724791
320.446075 232.274354
343.870603 206.922573
289.711253 220.335766
264.687398 241.094864
224.634833 239.682120
226.016657 253.952957
207.430238 229.254370
198.761352 212.374386
190.756802 187.058297
162.266477 171.178357
167.115298 153.595657
150.868451 123.298636
150.262863 191.540365
183.777838 228.754377
177.519168 257.070150
182.561114 266.527263
160.293454 277.377252
131.197522 287.516138
94.593554 274.549615
