100.294335 215.754026
100.145197 217.465854
106.127048 197.174464
103.158172 203.748356
101.825771 221.390579
105.233889 225.285675
101.999283 238.330075
106.100015 228.894040
109.085220 191.996995
113.196029 186.279206
113.454121 237.078733
110.928139 243.460252
120.993089 182.612844
118.012877 177.417721
122.280183 249.208678
113.809048 248.217859
122.063560 166.878727
124.649593 170.821642
125.850132 255.839920
126.835449 254.198286
124.332193 166.998058
130.854361 165.913232
133.501394 156.072274
133.598001 156.688327
141.222440 256.875394
138.583930 251.380992
146.817788 151.494888
147.902181 144.162805
141.704812 252.630554
154.806846 253.882209
156.812049 151.376157
153.054434 145.981777
164.145653 261.095004
157.534002 261.495367
159.648354 143.107249
165.931765 144.152107
167.601380 263.982637
162.880940 261.265961
175.831976 145.163576
176.136739 147.895543
170.227659 268.046566
176.030456 266.783690
185.869485 275.028485
186.213564 275.670957
179.507124 141.210966
188.028172 135.355012
193.888142 281.124092
191.710887 279.453915
194.795671 107.802464
193.869314 108.174050
189.316981 122.744354
198.247646 121.425883
193.038797 131.232062
196.583498 129.121603
198.493272 290.263423
194.951855 289.979709
196.252623 379.517518
200.977464 377.191382
204.575680 103.277468
200.069743 99.262522
208.345206 88.402205
204.489547 98.570655
204.618919 360.461298
206.111232 365.529394
207.959611 300.215864
201.795954 295.036233
206.736180 382.538926
208.803138 388.587355
203.185503 80.738989
203.694299 82.882123
211.096290 351.694977
211.200890 357.225629
207.180976 72.467133
208.805102 70.940432
217.980662 383.715342
216.306529 387.390773
215.706083 300.338934
217.141715 306.270036
220.562565 356.206706
222.237705 353.663303
228.119756 60.019547
219.149715 66.581171
221.354910 302.582199
225.379487 303.997898
225.525497 391.400211
221.501351 388.149533
222.262908 313.656153
233.300060 317.071995
232.000086 53.886447
232.860566 50.183855
230.302799 346.726053
229.400250 348.689063
235.480982 322.622864
236.206950 324.844652
228.553053 390.853380
235.119487 389.061886
240.394311 335.243502
237.401131 338.607804
239.851891 151.755935
235.972952 156.263983
246.857966 45.167831
238.727311 50.512684
247.585957 140.091528
246.372467 134.299534
246.535182 389.946169
249.178325 384.407147
252.945670 157.429034
250.117155 154.125261
251.208086 49.214445
244.582643 52.164360
251.260489 134.447420
254.703739 131.300791
261.414642 68.080312
253.262866 73.347347
255.516694 395.356343
255.427302 391.460577
253.838540 123.987792
256.324432 117.721400
254.600768 154.708709
254.040305 149.373489
263.922527 53.644192
260.172138 54.022120
258.864516 75.714088
264.481027 75.434336
261.423752 111.444623
262.770898 111.319864
267.093577 88.697647
264.776105 88.547588
258.472206 94.497647
266.933755 93.628305
265.105904 390.119817
270.278477 391.706668
265.133293 155.405304
269.876638 151.713493
278.701205 389.590516
274.624807 391.961039
281.096907 145.896527
277.724659 146.487023
285.257120 387.251640
287.067813 393.023755
288.380428 149.116369
289.057740 149.092213
291.800128 388.399878
298.328644 389.397325
303.616502 146.619325
301.718806 153.222976
301.009109 391.301927
303.797952 393.370620
306.838038 145.091555
302.193811 148.858704
315.213881 387.943899
315.926090 397.376094
319.913725 148.840333
324.618302 144.096678
326.303500 386.871118
330.130699 394.737779
334.955901 142.428263
326.280707 140.931636
336.749720 387.166033
336.767221 389.202725
339.886086 147.076834
338.931120 145.955644
349.680295 386.641689
348.368637 387.464045
344.038941 139.444820
350.346868 142.727192
356.054712 392.803116
355.420466 387.476131
363.713891 143.041168
363.542092 142.082711
372.033078 392.591752
364.797964 387.958768
366.848952 150.907243
368.427341 148.247989
375.280860 394.694921
373.695890 389.429479
375.938217 148.184718
377.023157 140.956188
385.469732 392.049145
379.452269 394.366297
394.602189 148.136039
381.916001 144.078732
394.559950 390.004257
399.119720 390.385878
397.645807 150.376918
394.146852 149.944047
401.193910 388.928503
405.405275 391.777639
409.106381 149.275939
414.932073 148.758771
415.625294 389.715028
415.931066 391.474215
415.843245 143.971853
422.314567 153.664974
420.566362 394.147962
427.109340 394.950376
429.370716 148.812367
424.171327 155.685343
439.304795 159.954348
438.009711 160.204503
437.111678 395.957989
432.348323 396.088187
445.659225 158.786532
441.498749 165.243328
444.441005 389.637586
451.252386 387.961217
452.999827 173.100851
451.931111 169.948871
453.330858 391.533447
456.059924 396.596360
460.333825 177.668855
460.871885 177.205871
464.565487 357.626156
463.939314 366.057584
468.758826 391.976661
462.880653 392.349642
467.598453 182.554197
467.005504 184.074692
464.774934 373.157170
465.023992 368.576438
476.331238 371.267338
474.258191 363.309036
477.160294 189.033494
470.467130 190.976358
478.822993 197.123583
489.651230 193.265609
483.975120 372.373546
485.385451 372.313215
485.796270 199.740280
485.928424 205.873746
491.385544 214.644073
492.014290 213.796513
495.204475 360.740590
494.999855 364.998020
497.232689 220.002837
498.881108 222.058531
505.573495 364.698065
502.194328 361.895645
507.841347 231.747879
507.056601 230.175405
511.452884 236.939959
509.357766 239.199008
509.139151 302.398943
510.338811 295.038318
511.450234 305.689185
511.242729 307.525029
514.981853 361.706575
517.861018 362.117971
515.442719 244.050742
519.994009 244.839161
516.057150 257.384244
508.449553 261.651017
519.848262 281.723548
512.892989 281.617680
515.398537 311.003689
513.622541 310.217807
516.258198 264.407661
523.329241 267.050437
522.123567 357.413237
522.039550 362.289833
524.345850 319.105577
524.982272 319.619111
528.774063 326.355381
528.705596 330.935507
531.988603 349.719626
531.747337 350.434075
538.841133 332.680524
536.720286 336.408693
