428.659577 848.313393
431.529321 848.059026
428.430236 851.030615
428.961896 845.016694
430.254917 848.261834
429.324656 844.033784
428.705653 846.056673
426.173816 857.885924
427.013571 864.597120
429.210668 856.961471
434.116179 860.909231
429.244915 857.296330
430.811733 851.786850
430.193842 850.643159
429.665589 857.538798
435.092900 860.996253
429.535379 868.389742
424.673747 861.694102
424.905132 861.950657
428.600555 868.690647
428.299655 864.581997
429.429914 868.036676
424.942830 861.781148
430.704141 858.441128
435.215625 877.172141
427.498200 866.901697
435.840837 881.539322
427.969192 866.592191
429.541802 870.022831
427.067211 872.766129
435.599403 883.889049
428.688483 875.680713
430.592628 881.779755
429.232671 886.658321
429.601388 886.585224
429.604440 888.697739
435.501836 883.859279
433.701197 890.446637
426.550798 889.955539
428.945013 885.985313
427.977238 901.952161
435.453489 895.166884
428.147517 899.261094
424.876061 899.515817
433.683804 905.518453
430.590689 897.330308
434.912564 896.277908
434.828886 896.076024
433.297904 908.346546
427.321664 901.986893
427.470161 913.235838
430.741568 904.822182
424.765006 899.138278
425.256014 902.983916
434.209882 901.635153
433.277929 908.589405
428.976076 918.579158
427.044634 913.952449
428.783630 917.413285
432.872442 913.039307
428.790268 916.227001
432.070849 915.870644
429.726142 915.747406
428.791242 917.232867
431.070012 927.054766
431.268872 926.754077
429.986647 921.979853
430.778897 925.651939
434.741799 916.880533
429.561017 920.779891
432.080072 933.161826
430.464921 925.462858
432.266662 933.774527
431.733900 931.097840
433.012189 936.847586
431.938583 931.981406
432.565063 934.600589
434.792070 941.388134
433.637806 938.602647
433.749555 938.598822
425.295689 1045.347151
428.124673 1043.349531
428.785535 1047.620575
428.560056 1052.165189
430.489172 1048.781368
426.477398 1042.222024
429.310215 1047.091634
425.856858 1047.037783
430.801267 1064.539830
429.643577 1054.607441
429.009237 1050.735631
426.638791 1046.584208
430.525073 1055.544204
431.821081 1061.360765
430.388039 1055.667748
435.030037 1056.135838
429.347333 1065.793880
432.142301 1062.431221
429.084730 1066.452294
428.087021 1065.996194
428.646394 1066.254149
435.815091 1072.760378
425.841208 1056.259725
427.345773 1066.118068
432.977143 829.782710
434.586697 821.291857
433.992306 823.262101
436.450492 821.364319
433.636673 826.270069
434.241740 821.824230
434.116840 822.494407
434.252797 821.765826
432.736558 831.767527
433.958895 827.792901
432.459116 831.200265
432.752043 831.175969
437.098115 831.997083
438.625547 834.560961
430.818437 838.942050
433.434531 831.093914
437.881494 950.092487
438.205448 951.552915
436.430424 947.945534
436.808246 948.600368
435.873612 942.649729
436.685202 949.737065
435.828816 945.205378
437.170245 948.113022
431.371852 1045.346018
438.654020 1042.202702
438.239616 1036.545515
433.486051 1036.566442
430.525571 1036.145212
438.632031 1038.626800
435.389874 1038.205642
433.411786 1043.944838
436.246718 1075.271793
437.514906 1076.655616
437.233303 1075.982707
439.365588 1079.028169
438.759967 1078.826877
432.301263 1068.752150
436.241747 1075.484091
433.604373 1070.443533
439.719846 795.627678
438.126307 806.168925
439.669178 796.343089
438.827077 802.400809
439.145873 799.694073
438.765928 802.298068
439.308108 798.027342
440.857307 788.865064
438.924256 804.506893
439.041595 804.973196
438.361662 811.670289
437.940367 807.850894
437.447099 811.976286
436.918185 811.869216
439.938830 796.009984
438.635000 806.953816
438.076536 953.002226
439.055963 953.858355
438.308392 953.139239
441.184734 957.221492
438.888873 953.945780
438.630347 953.138589
440.043925 956.768226
439.657756 958.201781
439.460623 1079.436465
437.499742 1077.321062
437.836658 1077.408357
444.555824 1084.086548
439.255791 1079.466042
442.468949 1082.201155
441.789060 1082.075122
443.419352 1080.135160
444.078928 967.111837
441.984210 965.093931
438.734665 963.155930
444.158957 965.920216
441.203451 960.690308
441.720541 963.850784
438.265848 968.947462
440.860241 964.729244
442.034708 1029.013549
438.438492 1026.569434
438.538934 1026.436201
438.965407 1026.673260
442.216670 1029.429909
441.139654 1032.682946
440.920694 1026.372436
444.148152 1026.603032
442.977812 782.492192
444.036134 780.518478
440.277923 788.828973
443.407686 781.573750
440.309327 788.691920
442.991472 782.475315
440.022272 790.771459
445.494152 777.951962
450.143804 1091.430484
453.261594 1093.313462
445.054022 1085.822102
446.955226 1089.030829
447.598915 1089.615544
449.866280 1091.373134
447.518745 1088.281035
447.854635 1090.352599
451.697785 762.305095
451.663458 765.620622
449.242469 769.040116
449.052414 769.572722
448.424884 770.826657
452.272353 760.356667
449.735078 767.353031
451.774755 762.196939
445.806029 970.417440
451.817293 973.866457
447.979571 973.979000
452.157387 973.392610
444.443426 977.759354
447.786429 975.920518
455.152971 974.925679
451.029165 973.887858
451.195755 1023.779642
450.609943 1023.741989
442.689221 1026.912033
454.389472 1018.818906
450.856672 1023.841021
450.614010 1023.692761
452.586556 1026.880829
459.378468 1026.927943
454.559596 752.655373
456.962586 750.136553
456.151576 751.870481
457.209615 749.560114
454.482052 752.724823
456.645442 749.743266
458.338615 748.059911
452.653153 758.903885
455.238606 1094.378844
451.787777 1092.512070
451.312386 1092.159831
464.599464 1093.883907
458.107270 1093.458045
455.468773 1094.460721
454.795459 1092.952529
455.174439 1094.282147
461.527805 740.385653
458.639024 746.645766
460.073169 743.046906
460.068837 743.048147
459.630295 744.482982
461.834166 739.990336
462.376849 739.202090
460.491420 742.169161
461.599887 977.083336
458.435264 976.145908
460.275318 977.314301
463.051527 977.839465
455.253017 975.127515
465.591073 978.679662
460.640287 978.198763
461.435873 976.924579
459.351037 1024.280269
465.819563 1028.069378
461.874687 1026.585125
461.155784 1024.704596
462.261442 1027.987980
461.899346 1028.322308
460.605615 1028.732494
465.515377 1023.048877
463.912956 736.662736
464.948061 734.996042
469.012058 729.796419
464.892097 735.744223
463.636356 737.742994
466.001331 733.230367
466.276105 732.846961
465.821351 733.570053
461.253617 1093.872009
467.319866 1093.714665
470.483625 1087.926424
465.975830 1093.951085
462.856018 1093.610186
464.804336 1093.921026
464.974189 1093.969080
469.565890 1090.191532
473.598127 722.261081
473.359408 722.242255
468.861013 730.038644
470.419695 726.963166
468.707351 730.330359
476.023800 718.504554
470.963391 726.052911
474.726802 720.190605
475.103383 982.953572
461.225571 976.857945
469.703259 980.064026
469.151565 979.793312
469.210554 979.813237
469.249147 979.838571
469.294052 980.073041
473.225432 982.016783
468.876360 1027.681409
476.666335 1032.711654
470.001526 1028.828701
475.884718 1030.848930
470.846992 1029.342522
465.873463 1026.081620
476.521601 1030.504342
471.887475 1033.785396
473.870769 1091.749371
482.225762 1091.712458
475.171679 1092.188950
469.997697 1089.458149
467.906553 1089.981063
474.064245 1093.014320
479.032152 1088.945136
473.383294 1091.033660
476.190356 717.072752
479.377840 714.560752
476.491312 716.898860
476.125593 717.179241
479.586668 714.984418
478.087399 716.257936
476.835764 718.631515
481.126595 713.152072
479.336836 985.811697
479.601543 985.768152
473.534976 982.561233
471.400208 980.906238
475.860158 983.476001
475.822038 984.513302
475.391984 983.912478
476.776143 984.232975
478.014214 1031.345682
478.601494 1031.530425
481.900328 1031.298810
479.698627 1031.752375
479.585653 1027.602875
478.957390 1031.709111
481.765987 1033.148471
475.965028 1030.000152
481.284662 1093.113008
487.627713 1094.369906
487.814578 1094.138846
481.359075 1092.532632
476.141764 1091.869937
484.560496 1093.323769
476.644077 1092.970860
485.823099 1093.328906
493.881460 702.246577
490.462183 705.665175
487.832127 708.012346
486.663870 708.462839
492.381998 703.959708
479.986295 714.084547
489.025011 706.959206
489.028280 706.890898
486.325844 991.662286
481.816832 993.693108
485.349133 988.783169
485.856676 991.372040
486.351685 992.453402
479.752878 988.744723
489.036941 991.226892
476.810009 988.586999
490.195291 1037.127564
490.544254 1038.300640
490.513775 1039.108349
489.750087 1038.713601
488.654023 1038.285686
481.116402 1032.999864
488.226040 1038.074693
488.096851 1038.231016
490.647376 704.744882
494.419865 701.192319
491.583433 703.663104
493.946997 701.506103
492.580971 702.764952
495.323704 700.907167
492.054661 703.235872
493.143443 702.262191
490.097410 1095.236668
493.596415 1094.975600
495.684321 1095.340621
489.935238 1095.140632
500.645868 1095.497039
496.760573 1095.396894
493.156941 1095.166660
495.396787 1095.065026
500.095979 995.192197
496.041620 995.273601
495.051317 995.907511
491.157802 1000.514199
498.254697 995.400545
493.692872 994.398702
496.236980 994.803687
492.125994 993.032250
498.281325 1036.299633
504.099718 1045.094351
499.773540 1044.542777
500.027253 1044.787135
499.692852 1044.414167
499.311119 1043.394371
499.747279 1043.245795
499.266679 1042.605374
502.671691 694.180726
500.209036 696.728110
504.840658 692.286152
503.269967 693.677426
500.062285 698.477685
499.674009 697.735180
505.156138 692.892409
505.874305 692.132737
504.263069 1095.793051
507.694727 1095.471138
504.894227 1095.758428
504.561227 1095.776575
502.729278 1095.662687
498.737175 1094.253323
502.536496 1095.787460
501.963618 1095.661050
503.902573 995.493436
507.222983 996.031394
506.210762 995.620458
505.329265 995.506192
505.970907 995.660279
502.145195 995.161811
509.658751 996.437717
507.096936 995.593014
498.005084 1041.620383
505.975425 1039.513921
501.673713 1045.378552
513.566249 1045.633300
508.559742 1041.985801
505.484961 1048.715794
511.893081 1036.868652
498.945199 1042.465892
511.338084 688.155280
511.104992 688.476231
512.983909 687.131608
510.152927 688.946750
511.174384 688.293164
510.365617 688.800182
504.422846 692.897724
504.654508 692.483243
515.055893 1094.292105
515.114876 1094.759845
515.300823 1093.510382
524.324380 1093.784506
509.239244 1095.290012
519.757857 1094.153978
507.606209 1095.172284
510.392761 1095.264170
516.219071 998.918547
516.950746 998.962054
521.769903 999.270158
516.916030 998.952802
511.741377 998.296887
513.225377 997.988860
522.034391 1001.799507
518.791491 999.648340
513.854353 1044.190432
516.740032 1045.268528
512.128499 1042.435844
525.521664 1043.300107
519.107092 1046.915121
522.742008 1042.401697
521.905910 1043.282345
516.760840 1044.991412
515.532189 685.510128
515.181023 685.953915
523.111449 681.007949
516.896496 684.656967
528.703265 677.419573
520.207605 682.641602
521.403091 681.871258
514.713279 686.034348
526.376220 1093.347318
525.622948 1093.841810
521.614795 1092.761676
525.927937 1093.522206
520.671695 1089.811973
529.209072 1093.968848
521.462785 1093.641116
524.509752 1093.577394
525.546553 1001.944468
527.010983 1006.513873
526.572809 996.611162
525.390294 1003.926699
528.636414 1007.059946
530.803045 1003.788697
519.641760 1000.270999
530.023151 1002.290303
524.849118 1048.150576
531.925073 1042.412695
526.591378 1043.908101
526.223740 1043.952822
534.162383 1040.743371
533.529413 1041.548267
531.437258 1042.008326
530.094719 1042.272876
523.765665 680.550803
522.657771 681.240437
530.522583 676.490338
528.919274 677.312792
531.405382 675.759880
531.064964 676.373542
531.026552 676.192879
530.204824 676.546116
534.833493 1093.720976
534.315590 1093.290310
527.022241 1093.777122
528.549098 1093.928977
538.770339 1093.676639
525.974311 1093.115652
535.172716 1091.718601
539.374048 1093.828566
532.259941 1003.483684
536.695235 1006.300928
534.121600 1003.734985
534.311499 1004.319395
535.355797 1005.371670
533.571208 1003.701264
536.229626 1011.494084
529.926913 1010.886231
535.408646 1041.459183
541.931457 1045.586479
539.265497 1042.975833
534.740331 1042.320523
532.241209 1043.670798
544.108268 1041.922507
537.631705 1042.991726
543.420927 1042.165402
538.478408 669.876789
538.262961 670.093284
544.686182 666.009779
543.195827 667.277787
540.031557 669.358595
544.160693 667.602403
536.532368 671.557115
538.486315 669.898320
545.362759 1094.086846
545.320265 1093.915621
544.748940 1094.152989
551.200236 1090.751834
541.672567 1085.714266
543.054656 1092.698364
544.175105 1094.044822
544.430997 1093.872949
545.579073 1009.003615
552.657778 1010.879025
543.095208 1008.902197
544.612374 1008.329104
548.196479 1011.311934
553.559820 1010.885584
553.089834 1009.474895
547.285783 1009.384963
554.066341 669.134616
541.734445 668.195236
555.869134 660.258941
547.594078 665.137692
545.457501 666.131050
554.953664 660.315824
542.467453 667.821540
547.848350 665.186858
545.433251 1037.273015
555.387685 1041.038879
546.008603 1044.215328
545.144571 1040.405527
547.018014 1042.558110
547.264178 1049.708131
549.015511 1042.227626
546.899270 1042.673711
552.166206 660.778653
557.221317 656.398770
559.514655 657.489852
555.163813 661.857367
548.595240 664.096721
557.197499 656.245630
560.604051 654.028733
558.760438 658.081260
557.254938 1090.657805
556.529528 1094.026378
556.090752 1093.748206
555.388717 1092.751413
550.389304 1092.473664
553.700184 1091.541551
560.651006 1093.682634
549.823444 1093.177659
554.103387 1010.510917
556.479090 1012.199799
552.500119 1014.484929
557.734772 1009.653987
557.125375 1012.060146
557.297079 1012.500669
558.162879 1010.311959
560.901792 1011.687801
556.565137 1040.878626
555.440167 1040.832041
561.136781 1040.667131
555.851247 1040.725107
550.994503 1041.007553
559.372557 1039.959738
559.714114 1039.545924
558.990433 1038.713845
559.802978 657.537233
562.839802 652.668188
557.603001 658.152746
571.773794 646.406223
565.151842 650.951217
563.772752 652.165585
569.800600 647.591681
565.004100 651.121002
563.425358 1012.851766
558.525502 1013.556331
555.112105 1011.019539
562.412591 1012.806312
560.262820 1011.292697
559.352676 1010.739316
563.476850 1017.845714
565.665995 1013.662868
561.556027 1087.241441
563.320571 1092.817467
560.818935 1094.037776
567.301943 1094.015361
569.149373 1094.556806
564.843643 1094.285727
572.320156 1093.695241
565.926100 1094.277812
565.104061 1039.489631
573.839003 1041.551477
571.149450 1037.591921
565.713767 1040.405831
572.459410 1042.015963
574.456544 1043.420382
567.989554 1040.942060
566.330235 1041.129521
576.864920 644.409512
569.008106 648.104735
566.703805 649.701586
581.781806 640.002457
567.126046 649.451427
579.720083 641.209790
577.293659 642.751130
572.358984 645.934331
581.961703 1014.253713
580.527716 1015.532681
580.519634 1015.610726
573.451476 1016.089086
576.749103 1020.215926
572.961329 1013.540604
578.287839 1018.739176
574.070166 1014.863342
566.859472 1094.015787
569.600132 1094.463323
571.171768 1094.385937
578.675809 1092.748140
574.802069 1093.476508
581.820495 1092.125156
571.389927 1094.207211
577.873130 1091.474923
578.167319 1044.987133
573.266797 1040.914673
570.259467 1037.590893
580.491803 1045.890351
579.519696 1049.610248
571.842536 1043.475379
576.696013 1043.142405
577.732149 1041.994477
582.676157 639.248511
583.371295 638.897683
580.497964 641.104397
582.917497 639.121842
587.555862 636.511848
577.804217 642.472425
581.617262 639.946042
581.812635 639.824668
577.134720 1014.881470
591.687059 1011.996919
581.541204 1013.817156
585.798683 1013.159335
582.721175 1013.920445
579.424964 1016.403698
587.849278 1011.548101
584.553935 1017.195958
588.359275 1086.687370
592.506723 1089.515213
582.957843 1091.178780
591.713438 1089.024755
580.191264 1092.099521
582.256143 1090.918581
584.586516 1091.340615
581.111253 1091.857453
592.866623 1036.491110
587.637810 1041.328041
584.612909 1043.204776
594.947277 1040.066375
587.713163 1041.979027
586.454827 1042.145548
581.643385 1036.739047
583.804289 1042.473556
591.505474 633.990652
594.961135 632.213697
592.108102 633.642033
592.050161 633.680613
597.330415 630.964404
586.170610 637.318218
596.019966 631.737399
585.188058 637.773604
593.766042 1090.215136
595.081269 1088.839557
593.161532 1078.237855
597.015244 1089.911788
595.195130 1089.189776
591.811452 1084.559109
593.910821 1089.172365
595.418915 1088.895689
596.120558 1002.471495
595.088518 1010.064587
597.122471 1007.259587
596.597677 1009.790900
596.630752 1010.300488
596.984263 1007.367626
599.506221 1011.752405
596.376906 1010.357986
602.993315 1040.924429
600.158985 1039.792933
595.633674 1040.859602
591.767193 1041.622727
597.037175 1040.498257
595.316321 1041.726253
599.065569 1040.493678
588.260244 1042.754883
594.872601 632.218295
598.725018 630.510884
601.542910 628.478663
602.275510 628.261271
597.947364 630.766294
594.926577 632.568555
602.732939 628.473484
601.725141 628.394438
599.459807 1017.833129
606.086156 1015.947030
597.955246 1013.758966
610.883437 1014.362586
608.558485 1022.779146
601.783812 1017.579833
599.503755 1021.763931
611.065868 1017.805976
607.187501 1089.991618
605.572576 1089.366349
604.617683 1089.452404
599.820048 1088.144760
602.245796 1089.594276
610.070164 1088.850599
607.002225 1090.017036
612.465546 1089.426996
604.790988 1041.427953
608.702668 1042.198540
607.978369 1042.692285
614.874711 1038.997591
606.698712 1041.609975
601.606692 1042.266276
611.412918 1042.178436
610.081808 1048.932364
607.491766 625.475919
602.910324 627.846568
609.589407 624.556330
611.716698 623.448139
604.534210 627.019754
604.035281 627.649664
616.082922 621.194691
607.174903 625.901970
617.031006 1016.690149
623.120732 1017.614029
614.882360 1016.437325
610.712777 1014.053545
616.972647 1016.882257
613.141790 1015.924488
605.341251 1012.870183
614.481041 1015.875904
608.901846 1089.807623
607.018334 1089.961114
606.439221 1089.858377
616.322567 1086.082353
613.849251 1088.944886
615.402427 1088.958125
613.914882 1089.213120
621.184738 1087.462621
623.289188 1044.604480
616.977094 1041.345621
622.446247 1048.114850
612.116259 1044.836164
619.794139 1042.542640
617.198505 1042.778791
616.495759 1036.492932
622.447164 1038.190926
618.280963 620.069855
619.637051 619.295121
616.345665 621.033345
610.725640 623.884655
619.534629 619.331929
618.954895 619.663764
617.063397 620.647715
620.757560 618.655185
625.769896 1016.862562
619.012640 1016.541913
630.243865 1017.416270
615.412768 1017.644341
633.861973 1017.073423
619.294003 1016.268182
625.659720 1016.901014
624.014473 1017.019718
619.608350 1088.742702
618.716938 1088.592752
624.395311 1088.587121
619.888190 1087.449907
627.376954 1088.146831
627.446864 1087.272396
625.149199 1088.392221
620.031299 1087.913856
622.233563 1036.188592
622.613844 1037.890042
624.940236 1041.231260
624.630590 1037.816908
621.944941 1042.893263
627.662752 1043.018992
627.952988 1041.602063
624.329223 1044.314731
628.226811 614.212445
629.030517 614.892766
621.279879 618.453578
628.040872 614.414940
628.196588 614.247020
634.176188 611.891943
628.243305 614.184617
628.516871 614.181600
635.893079 1017.373821
635.287485 1018.752098
638.061763 1017.244512
625.160262 1018.615374
641.275763 1019.761917
629.240623 1017.340837
632.960037 1016.394398
637.361040 1016.187958
640.277093 1084.934035
638.106649 1082.649225
642.785523 1085.981350
624.899764 1088.551817
630.583337 1087.034031
630.757652 1086.733853
640.812257 1086.691923
635.068843 1086.496851
637.995543 610.320975
641.858707 609.143346
637.959421 610.293201
637.806935 610.400202
639.995576 609.905565
637.264650 610.835249
635.192472 611.498158
641.999478 609.086727
633.195013 1031.622682
628.573797 1036.048157
632.016412 1041.399798
638.351668 1039.383440
632.270484 1031.113334
636.347161 1038.355722
637.396004 1033.632826
637.050047 1033.737570
643.472092 1018.676407
635.828110 1017.250343
647.122599 1023.626278
645.139760 1021.625496
645.782744 1016.844306
647.020825 1021.565783
639.373875 1015.676581
645.935138 1024.301284
638.339372 1087.222448
642.916919 1085.971854
643.114775 1086.256550
643.430237 1086.002858
643.802887 1086.748196
642.926138 1085.596707
634.577422 1085.918594
639.175141 1085.333212
643.916858 608.492742
645.856183 607.881726
647.066592 607.492126
644.027306 608.450926
639.489839 609.863470
654.572157 605.058397
648.869160 606.954807
646.059625 607.806313
651.433173 1037.810755
644.118255 1037.290172
648.846367 1038.111289
647.388805 1033.909412
649.018480 1044.606146
655.005496 1037.321297
648.139598 1036.831408
643.618278 1035.780951
661.222139 1015.279788
655.848787 1022.659641
661.457282 1017.455506
654.831960 1017.522208
660.140496 1015.394146
646.080773 1020.926113
651.610293 1020.584179
660.897239 1014.914532
653.658572 1088.759617
653.698229 1088.726708
655.559321 1087.378764
653.513009 1088.423874
649.404435 1087.477754
654.819478 1088.160168
656.001808 1087.162263
653.675119 1088.664784
657.549856 604.070356
646.856252 607.557218
652.106456 605.873271
652.929544 605.597219
660.298650 603.062004
657.260775 604.143867
661.128591 602.717753
654.384569 605.115331
654.251661 1039.786775
657.718494 1036.286293
655.847477 1036.178233
657.677156 1033.542009
656.297170 1036.460244
660.614195 1036.840410
659.840272 1035.228795
660.199396 1046.613031
663.808143 1015.729633
660.581959 1014.661477
664.171818 1016.451517
655.970080 1018.808005
660.137955 1015.695386
662.660181 1015.113329
668.320074 1019.074155
663.925724 1015.288110
669.305762 1085.707924
660.792040 1086.447290
656.591237 1087.427011
662.891654 1085.247202
658.478268 1087.068523
671.333218 1085.648693
668.056650 1085.455093
664.344017 1082.191414
658.988713 603.564906
664.812859 601.455815
664.987976 601.192785
659.427801 603.330660
670.289571 599.486094
663.068995 602.241182
662.881514 602.400489
669.203254 599.898397
669.785041 1033.207859
666.517941 1031.323346
657.036357 1035.665409
660.828702 1036.723102
659.471133 1029.359585
672.663863 1029.738887
659.879857 1038.457167
670.305926 1027.421825
677.513400 1084.463320
674.206778 1084.742648
680.169073 1084.569502
670.821673 1084.430166
671.963549 1085.499140
671.983972 1083.971722
673.931930 1084.453524
680.851171 1084.624328
669.516208 1015.523918
673.822750 1015.657878
673.922500 1016.154348
674.918711 1015.958987
674.313965 1016.297614
673.677022 1016.068978
667.638386 1015.631743
672.666887 1016.343898
675.772511 598.115947
679.409016 597.110375
670.504587 599.731219
668.218943 600.219338
676.370083 597.888655
674.413688 597.834382
675.934719 597.401813
677.087100 597.536971
676.303611 1030.029762
675.973087 1027.624240
673.852532 1028.955013
684.745451 1031.969448
675.401797 1029.916954
676.921093 1029.864207
673.821233 1029.638228
678.438834 1030.603241
683.633315 1082.731035
682.834354 1084.386632
684.665512 1084.105754
686.693248 1083.658209
688.750930 1083.494746
685.405128 1083.966718
682.317441 1084.492818
684.037516 1084.203383
681.493704 1020.930273
680.044169 1017.210443
682.369324 1017.742288
689.675849 1020.948960
679.165337 1020.934761
676.642967 1013.964610
679.629551 1007.208126
680.104109 1012.013690
683.478056 1026.616719
675.637000 1022.379923
679.225343 1030.478307
688.577753 1027.433115
683.474250 1025.999271
681.685957 1024.259182
683.164086 1025.870667
684.105395 1029.505144
686.887296 590.848895
679.283003 595.896633
692.006502 593.784831
685.911870 593.667640
683.078504 595.894096
686.308541 594.424363
688.937932 593.251291
685.983616 594.710127
692.395903 1082.596235
694.714260 1081.402377
688.821471 1082.445749
699.483478 1079.429968
692.265119 1082.733770
688.808048 1083.277316
692.044150 1082.466098
696.895861 1081.173137
694.374152 593.739071
697.971906 592.434689
696.258222 592.904590
693.541240 593.427861
702.480921 591.822947
686.929193 594.569503
694.322628 593.441273
697.752591 592.652398
699.828767 1078.581287
697.678843 1079.633615
700.623024 1078.005981
708.601467 1077.941172
697.027202 1074.531109
703.668555 1078.256817
705.331470 1078.378607
696.299948 1077.573566
702.779931 591.054742
704.452343 591.416674
710.722164 589.889161
704.053211 591.467625
703.939699 591.563452
706.024065 591.061904
704.966718 591.167682
709.540495 590.282532
708.986523 1078.124212
708.717903 1077.670107
710.788549 1077.893942
710.680888 1077.092773
714.333251 1077.783186
714.880126 1077.837985
711.889252 1077.689428
706.224047 1078.351678
715.043691 589.126210
721.198492 587.871428
717.028013 588.719032
714.802609 589.154144
721.478477 587.875387
717.664076 588.459982
708.330009 590.605351
709.678994 590.129337
728.146238 1076.008177
724.286033 1076.377603
721.658605 1075.896721
721.987666 1075.963810
724.278873 1076.342142
721.252361 1076.360360
721.603746 1076.645325
724.784049 1076.033140
724.066337 587.191219
725.002088 586.924664
722.136341 587.599588
725.125272 586.819957
729.725591 585.877294
724.259640 587.037451
722.605377 587.716997
720.127946 587.980286
726.345516 1076.009194
730.746939 1075.859911
733.861763 1075.729831
730.630381 1075.850331
734.256474 1075.718647
735.644775 1075.634873
725.186471 1075.964370
728.722232 1075.922528
734.266459 584.954542
734.783368 584.975264
728.535338 586.145960
736.987166 584.538753
736.692716 584.622379
736.483956 584.815739
739.236906 584.289970
733.118516 585.183387
734.398674 1075.674611
744.795279 1075.106719
743.213388 1075.124600
743.380641 1075.165379
742.585494 1075.240925
744.434148 1075.093050
735.307548 1075.660722
742.614117 1075.162585
745.915231 584.151135
745.408070 584.005251
752.149997 584.198872
741.839025 584.158804
738.805558 584.362905
745.299897 584.008856
746.065341 584.155537
743.519354 584.065459
750.512504 1074.224063
750.541220 1074.253444
755.666414 1073.494296
748.995112 1074.005655
754.034943 1073.469653
748.271186 1074.583114
752.108660 1074.086289
748.790304 1074.432153
755.290006 584.292145
755.488109 584.309206
755.368057 584.306950
752.506297 584.156852
753.578593 584.206062
758.189435 584.243053
750.704211 584.146971
753.367787 584.487862
760.742280 1072.638821
761.551466 1072.516888
763.328334 1072.222752
767.433334 1071.500339
754.277133 1073.704173
758.921350 1072.905823
763.148416 1072.253689
762.071288 1072.441673
765.236003 584.321321
763.835364 584.200090
758.769864 584.378729
761.728871 584.322362
761.847151 584.091196
757.787924 584.175897
767.423664 584.270362
763.854151 584.252990
769.199185 1071.187948
765.680392 1071.809788
772.692953 1070.559547
773.024410 1070.502513
768.477893 1071.303436
764.804560 1071.956308
772.687221 1070.568299
771.974349 1070.694963
769.063776 584.240361
773.445694 583.779804
777.480493 583.469072
773.722414 584.128306
776.636107 584.157650
767.761344 584.142333
771.217645 584.207489
773.900736 583.914285
782.154416 461.085246
779.513915 460.620072
778.846212 460.634024
778.154322 460.896536
777.854839 462.949697
778.536171 460.894533
782.295153 456.615654
782.692171 459.351676
776.998846 475.523158
772.420161 472.158610
782.762211 463.245069
782.347949 477.051763
781.768707 470.400077
780.723773 470.060051
777.410794 474.712671
774.692543 468.213163
777.583594 477.645060
779.625726 483.601948
780.505578 483.200746
777.927293 482.513034
782.046305 488.513502
779.769761 474.295220
782.753294 488.039827
777.326739 489.967638
785.452259 1068.336728
787.357220 1067.866576
779.876646 1069.219137
775.558411 1070.047261
790.188172 1067.177437
786.753648 1067.826860
785.647073 1068.280291
779.410139 1069.262339
784.715317 452.352553
784.620729 452.444483
791.223031 448.987041
785.440293 451.043368
784.572088 452.553449
783.475501 454.475723
791.900092 454.886317
785.386071 451.072214
790.075327 497.380502
782.540755 492.430660
784.329432 490.874050
782.888004 491.645256
777.266509 483.957548
787.146669 491.588728
784.065842 491.484011
779.886996 490.633463
776.287211 584.099905
789.793060 576.527709
782.087220 582.203821
785.072161 583.093314
784.522217 580.339288
781.848893 583.117519
778.548690 583.872376
781.383372 583.180772
790.939365 444.241110
789.676404 446.339508
790.207786 444.706868
790.755322 443.794810
789.994385 444.429820
793.187473 442.086613
790.034154 444.231385
789.383130 445.047810
789.522660 500.901618
788.169548 497.123966
794.003179 503.669326
793.818217 506.209618
793.186962 504.156758
793.744915 500.134458
792.202637 500.210930
791.423163 501.440570
787.909376 1067.544731
792.988501 1066.502428
799.058448 1064.930704
794.979542 1065.997787
785.993413 1068.227144
788.668886 1067.523915
792.885481 1066.526013
788.911324 1067.092050
796.012844 581.626583
795.008218 576.230339
793.166045 583.244634
794.035444 583.426733
789.063916 580.725134
796.275213 583.199530
793.809831 583.484080
793.501613 583.050044
798.925311 435.195308
802.013190 434.577811
800.178203 434.823422
804.762187 433.053830
794.645236 440.204916
799.193185 434.516184
803.763494 433.242601
802.084993 433.704557
791.541798 501.026883
797.867119 506.098564
793.437971 503.522181
796.997355 504.148316
803.016663 505.157003
794.492324 504.730692
794.982987 515.111488
794.978242 507.954441
799.791552 1064.685308
803.066729 1063.846644
809.023650 1062.148057
804.069237 1063.570966
806.292780 1062.772754
794.880422 1065.990054
802.043440 1064.139528
799.019345 1064.952353
797.803398 583.166265
801.214855 582.927977
801.020499 579.739904
803.733893 583.045810
804.567054 583.049009
803.633815 582.952027
801.196703 582.637933
810.259344 582.964228
803.216716 433.420253
798.920861 434.549025
810.983348 432.680586
806.606090 432.644480
806.997600 433.298931
805.810471 432.553169
808.760762 432.548493
803.636014 433.447389
806.512231 510.159378
803.514349 507.109417
804.343823 508.788782
813.171411 512.041032
803.464774 507.151325
803.791152 511.748959
802.101370 509.884990
813.561514 512.604480
806.772605 1062.709925
811.085633 1061.559028
806.525278 1062.861273
813.826944 1060.768343
817.810451 1059.302140
812.016672 1061.291539
815.006024 1060.418030
811.600541 1061.382517
816.762062 582.610206
812.587946 582.832467
821.457069 582.964829
811.889243 582.877782
822.662006 582.821834
816.826220 582.992213
819.620763 578.202023
810.239153 582.464696
819.039840 432.493723
807.196424 432.536251
811.235350 432.377506
819.429543 432.037648
812.737348 432.180153
818.099408 432.146380
819.864907 432.292253
817.102029 432.276371
812.000594 510.203947
824.828882 513.099345
814.190230 514.711093
822.227752 516.667761
818.639564 511.254671
816.013098 513.356385
824.107958 512.966092
824.387985 512.673413
821.077650 530.322399
818.344799 526.978896
819.681136 524.891400
821.686873 532.742598
819.244266 525.852589
815.062787 523.376863
822.291446 532.652248
818.775599 526.563488
819.324840 1059.069282
819.201584 1059.139480
823.196391 1057.158179
831.306972 1054.962563
819.554116 1058.959638
827.011273 1056.434902
814.936091 1060.382701
821.159186 1058.336452
822.585088 522.676607
828.081148 521.889816
819.526472 523.078114
831.110549 524.776312
816.815336 515.466396
818.788031 523.011025
820.481555 521.722708
823.939428 521.694446
825.850303 537.490186
828.601001 537.501226
832.080647 541.786643
825.982861 537.066361
821.426941 533.278559
831.713728 543.148352
821.083390 533.131284
824.444387 535.697198
822.862467 582.558773
818.169976 583.034067
824.564508 581.322613
822.265738 583.218786
822.686663 582.830186
822.835035 582.123477
827.598745 578.982925
827.929637 581.670051
828.936737 435.033382
824.428441 432.795113
824.296530 432.915537
829.309074 433.354437
824.016007 432.520847
819.015923 432.080206
827.920684 432.914997
824.403913 432.774371
827.611854 512.831107
827.530931 512.058380
820.117761 514.534505
835.794989 509.006674
828.114692 518.248943
830.235447 510.676507
820.875855 512.469960
831.195167 505.795487
832.495937 1054.814144
830.735739 1055.150143
836.740319 1052.838013
829.782917 1055.338825
829.246817 1055.623595
831.631798 1054.821125
829.946867 1055.376934
832.267448 1054.538833
832.459118 545.533862
834.333426 545.503066
836.660003 540.811903
832.781233 543.592559
833.960175 548.564449
839.104121 544.631994
831.263763 542.522742
834.447644 549.402331
834.428269 579.618587
836.162720 578.502824
832.826862 579.171641
829.103073 581.181477
828.601825 578.680117
833.450283 573.583824
834.882138 578.489385
839.682485 577.008670
843.858279 433.500920
833.860900 433.687159
837.074425 433.316926
832.903898 434.187933
842.591346 432.807080
837.025226 434.750399
845.557452 432.770429
832.821502 433.222610
835.526947 1053.601623
843.893710 1050.181938
850.117061 1046.121684
841.668046 1050.938431
845.213634 1049.147150
841.468792 1051.072176
843.302053 1050.610355
834.582029 1053.798000
845.345116 553.692960
843.546181 554.489691
833.660778 549.648861
839.828554 550.442355
838.604369 545.376270
841.017410 553.250788
840.765767 549.190512
846.437333 552.605632
842.197641 579.057294
841.798191 578.759679
846.221305 576.951545
844.479233 576.736914
851.670836 575.936694
842.737542 578.797838
850.071483 574.113132
844.942225 575.860815
853.853889 430.854350
840.492885 432.734159
848.619459 433.305917
848.143428 431.735613
847.387443 432.029898
843.769044 438.471175
853.055648 430.920626
845.596704 432.354587
854.437618 558.163429
847.300339 555.093085
843.888742 555.840499
848.457614 566.397957
849.533020 563.115754
847.467421 556.873827
842.668015 554.427538
854.604608 556.310669
845.302274 559.171489
843.458703 572.603226
848.988337 559.427502
852.822681 565.182403
856.780600 566.491736
843.577116 572.941089
852.098229 565.943659
844.886106 569.534612
849.733442 1048.016330
852.449804 1044.880242
859.721444 1048.140086
850.207682 1045.386139
852.659560 1048.215872
844.867687 1050.488201
852.952976 1046.709145
850.056651 1045.215402
856.376201 431.110131
864.857616 430.969240
855.340166 430.916960
864.488327 431.588059
857.670650 431.556929
856.871095 436.642671
861.368981 431.731223
862.155322 431.968940
856.546536 1047.502461
868.160210 1046.927224
856.451014 1049.666372
862.777616 1048.083649
858.919951 1047.343211
858.349558 1049.247595
856.669891 1049.582182
862.977117 1047.244498
869.987866 430.628031
868.561386 431.497269
871.771070 430.348274
866.141766 431.321057
867.627410 432.414240
868.676524 431.535474
868.502224 431.254466
862.484551 433.209048
873.007143 1046.055957
877.965732 1045.420642
866.923137 1047.241330
861.613893 1047.369779
864.911544 1046.447530
868.727584 1046.588208
866.562951 1046.943018
860.751041 1047.541798
874.992515 430.798715
881.886459 429.744191
875.328776 430.119751
872.481998 430.228229
880.925778 430.131041
875.976351 430.118834
877.051552 430.021225
879.737974 430.828186
880.472636 1044.965386
876.866393 1045.097219
879.958923 1044.990467
881.965958 1044.807632
871.626846 1046.130486
881.456666 1044.590826
885.440489 1044.444185
881.091100 1045.209483
887.358922 429.850246
890.425423 431.164261
880.485393 430.567757
881.383908 429.855744
893.123175 430.235236
881.653262 429.789849
886.762594 430.011772
896.180631 429.828045
890.640119 485.398892
890.407543 484.405863
893.164082 490.590109
889.486449 488.674087
891.088831 475.625382
890.175884 485.024526
893.580380 491.260491
888.425173 486.849944
893.802917 489.719058
891.336537 489.405385
892.585897 493.710363
889.085377 487.885426
888.814479 487.123183
892.761545 490.663597
890.732459 491.366562
891.860335 491.004726
891.305985 1041.909067
892.382466 1041.033205
892.271319 1042.086013
895.632759 1043.682200
889.432702 1042.578801
887.504936 1042.807137
890.872731 1042.316621
890.301499 1042.522422
895.605479 501.628424
895.131954 502.300733
896.531678 493.987892
891.670290 501.083314
894.658148 502.669042
899.950254 505.754128
894.349218 502.748088
894.097117 502.358125
898.559723 536.390152
893.533944 538.622821
893.815773 529.269264
894.821056 529.977729
888.081024 528.216062
897.460366 531.448825
894.859696 530.036321
900.641970 537.452840
892.898094 541.248321
892.531228 542.200801
895.429935 539.878274
894.839281 539.909715
890.877103 535.307791
894.913652 539.933515
901.537832 535.964516
891.150971 531.752893
891.870967 546.709289
893.347708 549.265597
891.780348 546.406850
897.642884 559.186676
897.188334 558.786874
902.115408 554.778042
890.963316 553.354312
893.973740 542.035489
895.814120 429.828148
896.648624 429.936816
897.816724 430.008590
893.938887 430.019305
898.925720 430.798498
894.981327 429.861202
892.332751 430.018598
899.200847 430.209002
896.012574 556.667955
900.086680 562.400304
896.999458 559.414190
897.460180 559.539433
897.121192 559.586383
896.301140 558.792316
897.825053 561.729611
896.061990 557.991038
896.406763 491.138297
899.589724 490.513190
897.577750 490.021856
904.033056 490.925785
901.220086 490.682572
899.957291 490.559157
894.545257 487.430778
898.784606 490.520646
907.092791 1037.235485
896.563667 1040.613258
902.000250 1038.536292
897.364195 1041.057902
896.312303 1044.212748
902.291903 1038.349975
897.664622 1040.426540
895.253568 1044.325357
897.285774 559.834478
903.337771 564.368694
908.189967 566.711297
901.392254 564.559803
906.791532 564.639062
895.323534 566.697170
910.767272 570.800514
896.670745 560.983606
898.721777 506.132491
903.027820 508.376358
903.463261 506.672588
898.794947 503.800491
906.911593 497.054887
902.790263 507.369861
903.840931 506.218136
903.122618 506.018964
898.179025 531.251393
909.548000 522.890776
911.422960 528.402997
901.913559 522.315987
905.411924 526.168114
902.381877 513.865018
901.983059 514.151408
909.820413 523.730301
907.244943 434.085162
906.690686 435.495797
912.831728 431.360339
907.598379 438.702468
910.277947 431.448636
910.052365 431.066495
914.187214 432.209206
909.217716 436.147001
916.728180 486.569646
909.956013 491.413318
907.527191 490.185444
910.567043 490.757963
914.102896 487.879225
905.340747 489.587566
909.582150 494.606950
910.883478 488.550969
912.376342 1035.366058
910.821224 1036.985214
911.392708 1037.144749
904.939887 1037.752010
909.198159 1036.271487
912.916893 1033.356022
908.047678 1037.512774
902.003980 1038.419202
914.105285 572.360075
912.843778 571.587587
911.273147 566.358419
911.174967 568.314994
915.655868 573.366537
910.952227 570.223993
917.833378 574.323059
909.291261 566.421391
917.584353 431.426004
915.404166 431.420069
917.371325 431.540090
911.542830 431.087030
921.750410 431.030859
921.195850 431.311581
916.361754 431.198822
913.508790 431.222836
922.276905 484.533493
924.594566 483.224488
922.523420 484.511522
925.195937 482.970572
916.980723 485.340915
920.519872 485.941183
909.251957 489.368591
921.540805 483.890426
917.943429 574.396040
914.134661 572.006924
917.944932 574.391143
921.702678 575.980385
924.231670 576.699943
915.295297 574.886640
924.979681 576.853024
918.152420 574.075830
920.053832 1034.741884
926.364099 1033.368536
922.897584 1034.005497
917.545002 1034.986819
913.536177 1036.268210
919.488069 1034.193192
919.630890 1034.802890
913.159944 1036.034713
926.758809 431.817077
924.177577 431.383750
927.239000 432.252097
932.902199 432.104130
922.635908 431.222258
932.499005 431.950807
931.830611 431.476390
919.775645 432.355523
935.221835 482.210305
932.243465 481.282371
927.053625 482.596012
934.621235 482.584611
929.346139 481.889465
934.354263 482.203196
924.068693 483.645625
929.096234 480.841999
924.217991 576.771549
920.658423 575.508166
930.614936 577.817753
932.361376 578.283606
936.617071 578.544104
929.954128 577.676764
928.600415 577.615460
926.490509 576.773955
933.952928 1031.197549
931.237557 1031.122416
929.359783 1031.907124
933.690565 1031.223270
928.506790 1032.791485
921.697453 1034.404090
929.290736 1032.190516
926.939098 1033.160065
930.057324 432.154495
938.294588 434.771048
941.307024 435.277682
933.567198 435.323244
933.704083 432.685773
934.959215 436.674988
935.061329 434.213361
928.644215 431.584345
935.608688 478.687753
944.913608 484.927644
943.764088 472.325959
931.039798 482.004311
933.786929 478.532841
929.554545 474.470593
937.396367 476.622028
937.506463 485.050210
940.887615 579.355103
940.774023 577.295998
940.444492 578.715391
940.367579 578.656454
942.775791 580.693285
942.262639 578.938917
939.337605 578.393683
936.280248 578.005512
938.784232 1028.537448
940.077215 1027.750658
941.329848 1027.361427
938.420421 1028.652267
943.107318 1026.202912
947.133702 1023.871009
937.547632 1028.858118
940.975476 1027.458830
948.790600 469.878066
948.280849 470.324782
944.966467 469.292547
938.288975 476.940494
948.998259 469.237845
942.369539 477.371921
951.870109 465.328852
946.108642 470.735631
940.951514 435.364774
947.717233 437.535828
949.884768 444.535161
949.089720 441.021488
950.732417 440.071349
948.022834 438.257328
949.100123 438.593381
939.070360 435.796893
952.084309 465.240744
948.954898 455.859744
945.631342 454.033254
949.943416 467.755718
950.006438 464.103019
950.389195 459.776751
950.292293 466.353132
950.477604 457.531159
945.769347 577.820133
950.772223 576.256757
953.812337 574.516167
952.436990 575.302591
948.310315 577.020420
949.340520 576.433250
947.088993 577.386300
940.656992 578.536437
948.221641 1022.892108
954.135827 1016.043071
941.920008 1026.998539
946.949012 1023.924089
948.498091 1022.733723
949.891318 1019.412867
954.565714 1017.207277
948.297245 1022.773723
952.932725 444.049302
950.435911 441.881404
947.196638 444.725012
949.517087 446.266012
953.271497 444.807958
958.739252 450.709673
955.491363 447.031847
951.510190 442.293105
958.313070 452.116870
958.095168 451.137580
959.931769 450.651301
952.790490 452.074861
957.611703 450.187315
949.800342 457.560664
953.993095 450.964283
960.258018 452.173154
949.466251 1019.314003
957.476226 1015.608679
957.552038 1006.619282
957.191120 1010.675568
954.643567 1015.855644
955.091730 1015.053683
962.178150 1007.007070
955.603226 1012.009544
955.439564 573.022305
957.016635 572.596184
957.892017 572.388042
957.883511 572.127503
957.275523 572.691187
959.542004 570.175784
950.571908 576.329967
958.004077 570.866517
965.469992 980.070193
962.333155 981.335963
965.459124 978.893164
958.355641 987.613436
959.071096 985.664765
956.354798 979.819218
967.636723 978.347542
965.420503 979.762625
959.172140 991.074600
964.997581 985.723872
964.588335 983.167034
963.348896 987.223335
955.395842 989.605062
961.162378 992.040021
959.145359 987.780523
955.204205 990.408522
959.214259 999.449479
958.729435 1000.885292
957.267606 1002.300069
958.625854 999.827147
960.329882 997.207938
957.078915 995.680056
957.565693 998.733946
961.579910 991.742912
967.414873 565.072581
965.897615 564.306693
963.420084 563.307819
959.805291 564.637980
964.405761 558.312192
957.127078 570.742814
965.194975 559.702478
965.675997 563.892250
975.447766 973.888188
969.735297 976.468007
968.506828 967.499876
969.648809 977.954257
978.155718 973.797643
968.256802 975.780132
967.971388 973.003476
971.911560 975.975382
974.447698 557.870591
977.343015 558.121873
973.123984 560.181399
972.554306 559.415356
970.411326 562.552888
967.906185 563.810914
972.551667 560.012626
971.862590 561.432724
987.535357 970.359237
974.722989 975.775572
974.995460 975.383675
974.442494 976.318384
979.244893 973.034445
974.217084 969.832725
973.720250 970.194738
979.781481 973.289172
982.476220 554.935271
984.018978 554.146120
982.756582 554.488775
978.809024 556.205115
981.944007 555.325227
985.426768 553.695310
983.920508 554.338870
983.044384 554.488874
996.747805 973.949344
984.976865 973.775312
991.044114 971.862545
986.972384 971.027118
987.411174 971.114482
989.207160 973.254744
991.689875 972.688698
988.035164 969.834567
994.246533 551.114675
990.861246 552.923521
988.324292 552.891054
994.874013 551.014622
983.091804 554.365973
993.427751 551.356358
991.908306 551.600578
993.186919 551.270797
1005.988715 976.916839
1005.912054 975.251602
994.015485 974.355728
998.891053 974.759007
996.482568 973.072723
994.178336 973.562096
1002.544666 976.151075
997.015162 974.374832
997.109987 550.795902
1001.523932 550.489684
1005.131578 548.842581
1005.732928 550.160073
998.740498 553.341804
992.034482 551.556505
1002.572299 550.921810
1001.209718 550.235445
1011.801355 979.508706
1014.155405 980.866285
1005.946248 976.745959
1014.113171 980.854979
1010.961782 975.554097
1010.089432 978.456026
1011.624716 979.586225
1009.834469 977.280977
1011.340885 551.767792
1017.213131 551.710013
1019.119567 552.193009
1011.309293 548.445508
1011.061536 549.725745
1012.603490 550.924349
1016.245900 550.614770
1009.029248 543.389484
1018.988488 974.205047
1020.862090 974.408595
1019.499981 974.101987
1019.745681 974.189922
1024.703511 975.679832
1024.034748 974.805878
1019.654931 976.336203
1013.054282 979.784003
1019.683184 551.882501
1023.125592 553.336265
1016.079048 550.411633
1020.266620 552.127727
1021.855185 552.922806
1018.764799 551.714076
1017.063543 551.947835
1027.073258 554.050956
1028.479294 554.578152
1024.194710 553.433518
1027.690306 554.392194
1023.555795 553.447094
1030.913485 554.810045
1023.806991 553.508674
1032.684614 556.114372
1029.198131 554.931152
1023.402519 974.501527
1033.388372 974.364326
1029.605658 974.564001
1033.857961 974.364560
1033.117935 974.498283
1019.933770 976.799243
1032.477941 974.444471
1020.609361 977.226527
1037.806166 556.503689
1038.882313 557.326830
1039.590316 556.995929
1034.097299 555.632701
1039.245845 556.891742
1038.714943 555.864138
1036.932966 556.834865
1036.758555 556.659851
1043.084527 974.993422
1038.485434 974.688234
1033.963280 974.477405
1040.440763 975.093515
1042.161621 974.879716
1036.226252 975.064528
1041.567311 974.973565
1039.109341 974.766532
1049.701629 562.086431
1056.085982 565.382138
1042.146661 559.769521
1045.688259 559.903154
1045.833642 560.522105
1049.028914 561.849420
1050.128315 562.272778
1048.088345 561.677345
1050.491985 975.289920
1045.603025 975.128739
1050.188987 975.342088
1055.885367 975.120479
1051.579019 975.345559
1046.819062 975.446900
1047.703726 975.179367
1054.389888 975.340204
1059.442117 567.093399
1052.659156 563.582373
1050.590236 562.527176
1059.518015 567.661640
1056.065598 565.289390
1059.482651 567.019509
1060.393593 567.821194
1057.912637 566.103410
1060.292699 975.252033
1060.157164 975.215279
1057.882566 975.297283
1053.864246 975.354362
1058.040078 975.265656
1060.686826 975.230158
1051.304196 975.233126
1051.406988 975.302107
1073.347546 574.236272
1065.186648 570.402544
1062.941385 569.006534
1067.204643 571.687066
1070.333347 573.569456
1062.571792 568.745070
1067.448634 572.106087
1066.131197 570.926642
1074.698147 974.906719
1066.896040 974.988249
1071.766011 974.824548
1070.622846 974.861162
1075.545508 974.875192
1071.627573 974.824988
1071.404291 974.828392
1065.511486 975.091486
1074.994911 577.057220
1075.205286 577.094823
1073.985597 576.185856
1080.556356 579.190701
1081.302710 579.809915
1074.525998 576.484022
1074.067314 576.335779
1074.326898 576.673854
1081.229907 975.066697
1089.774666 974.720646
1081.069026 975.036983
1078.127876 974.872119
1081.816852 975.072866
1080.342515 975.008615
1073.689783 974.961994
1071.733158 974.887320
1089.419706 583.515409
1087.938249 583.137682
1082.680879 580.576067
1091.866864 584.903448
1092.597443 585.682195
1085.233723 582.011572
1084.777579 581.576082
1085.381681 582.202629
1093.495082 658.731881
1089.806357 655.511915
1090.074474 660.290773
1094.101056 659.593830
1092.478274 668.154227
1086.431161 659.845047
1092.110666 660.045195
1096.263037 659.284741
1088.348239 666.018304
1088.578001 667.466936
1086.693363 673.122906
1086.236381 673.585750
1090.361210 660.472102
1092.520754 667.862881
1089.688012 663.151478
1091.117648 667.374862
1095.943593 674.594772
1088.507478 680.594824
1090.254483 680.256149
1086.982541 679.946149
1087.703709 675.860807
1088.809070 680.463154
1097.676592 672.351746
1085.966274 680.254823
1085.391091 974.844782
1089.472618 974.735815
1081.733849 975.074237
1088.508239 974.693481
1090.203314 974.696519
1090.611632 974.680696
1094.056145 974.554042
1086.738902 974.839616
1095.430744 586.225075
1100.603011 587.073766
1094.299856 589.072002
1095.723865 586.133181
1102.837333 588.131842
1095.486690 585.762964
1088.800600 583.653855
1094.262865 586.762275
1095.697566 667.103785
1103.473845 663.537203
1092.288306 660.747459
1102.405808 656.797402
1099.777221 663.355169
1107.132194 666.612528
1098.872460 661.323619
1098.529873 664.259713
1090.416045 679.626754
1105.341228 680.480534
1104.489098 680.756444
1108.114987 682.107068
1093.899865 677.692683
1101.599501 678.378738
1109.052068 681.634197
1096.437565 677.828996
1098.647246 974.397654
1101.910660 974.299414
1100.558954 974.332524
1100.943632 974.322744
1097.872778 974.414542
1105.421765 974.211767
1105.945671 974.198740
1098.002724 974.412078
1113.463375 591.378427
1100.070052 587.486096
1104.846132 587.014296
1107.641045 588.632768
1100.652223 588.001507
1111.731856 588.556791
1103.572337 588.041563
1113.728545 590.116052
1105.002702 661.675009
1117.129875 660.560706
1117.319914 658.621149
1103.086542 655.631953
1109.535362 660.941019
1105.299335 657.829081
1110.068031 660.998121
1108.772680 662.012127
1110.403152 682.899069
1113.759903 682.291864
1115.099361 682.723423
1110.305718 682.749182
1111.347351 682.724032
1110.610733 682.869665
1107.355391 681.023541
1116.889509 682.833076
1117.243189 974.004412
1105.015294 974.218086
1109.885014 974.118975
1112.034058 974.094375
1116.236556 973.927718
1102.521139 974.287900
1105.649465 974.197695
1108.518996 974.041025
1121.030500 589.233528
1111.573630 588.070222
1120.671380 589.857323
1113.033494 590.445505
1111.612803 588.147778
1112.883449 590.544823
1113.455057 591.207433
1116.697162 593.516977
1116.801771 658.377852
1119.835971 659.805863
1116.225441 659.116885
1119.542479 659.967948
1118.694779 660.289620
1119.340817 660.462594
1118.577335 660.188896
1119.697867 659.852616
1115.022076 680.976030
1121.004708 681.907416
1118.989363 682.644105
1120.943277 682.574964
1121.193081 682.486159
1128.130556 682.155980
1112.484456 682.756568
1119.342921 675.563866
1124.306492 847.594620
1119.106965 844.879941
1129.295828 842.545689
1117.095287 846.820200
1112.747925 841.758382
1119.560243 848.099032
1112.357555 841.081519
1121.831017 845.022482
1120.118887 861.780896
1118.217999 848.561925
1121.832820 854.566700
1118.957329 851.997841
1119.184018 853.143902
1124.460573 848.832635
1122.275859 855.451272
1122.194386 851.717026
1126.483678 867.540195
1121.061906 864.530955
1125.171521 861.776002
1119.101210 853.309956
1121.655420 867.550612
1126.847360 857.694060
1120.327718 862.559761
1119.563326 860.181809
1121.534936 871.322704
1122.799535 873.183276
1124.388263 877.261380
1121.389277 874.730267
1122.290511 866.898167
1121.680368 878.491613
1123.132699 872.546481
1125.401415 879.174643
1117.097360 973.975767
1120.627762 973.840229
1127.885948 973.174361
1123.850276 973.458309
1116.233873 974.024452
1113.177623 974.048014
1118.817411 973.906425
1128.588585 973.098821
1128.884890 590.265067
1124.878808 589.702166
1122.787716 589.153567
1122.053609 590.180602
1122.886595 589.387319
1115.895182 588.930059
1124.934781 589.149538
1127.549495 589.865553
1125.086416 876.116190
1121.817112 885.680811
1124.760281 882.560439
1129.442765 882.647576
1132.882866 878.728924
1119.728175 891.464963
1125.759564 878.412483
1125.855517 887.136722
1137.058412 654.701900
1127.014241 657.352818
1121.701260 658.612804
1131.598126 664.208913
1128.291947 659.503192
1128.317821 658.211104
1131.189201 660.270232
1138.595891 653.914352
1129.911916 840.589474
1135.888643 838.627361
1129.841314 840.677338
1126.698603 841.337369
1131.985948 840.092095
1127.620325 841.140434
1132.591985 839.867358
1130.851516 842.262139
1130.596226 681.338455
1131.288103 682.067876
1131.864034 682.285817
1135.996311 681.353050
1125.444782 682.371214
1127.218883 682.083453
1133.338073 682.935811
1130.472777 682.306934
1130.047331 972.646895
1125.629775 973.544849
1138.196693 970.811569
1130.924140 972.381522
1125.534932 973.646233
1124.767286 973.560433
1129.091010 972.196791
1128.581924 973.059352
1141.574781 592.614080
1132.935684 591.129110
1138.049400 589.209443
1130.668561 589.972209
1135.776386 590.771816
1133.226325 591.214602
1137.936074 595.493912
1139.428543 590.236956
1137.220646 878.739183
1126.404509 879.876921
1137.065034 874.870077
1132.023728 878.896834
1131.955746 879.191848
1137.767497 873.867709
1135.823940 881.217389
1136.529667 884.415695
1132.414291 656.648332
1141.691166 651.995435
1136.552787 655.279894
1142.197019 653.459986
1143.580492 649.118604
1134.483329 657.538453
1140.291048 653.429885
1145.782607 657.737375
1133.569542 843.768512
1138.851719 840.026107
1139.200940 838.929671
1141.053082 838.535099
1134.427304 845.048715
1140.842847 838.880619
1135.812669 839.010928
1140.496231 838.946625
1142.779520 676.769570
1139.574502 678.833048
1147.433429 678.507512
1138.749986 680.743460
1135.712168 681.485431
1133.234300 682.883519
1136.612607 680.847672
1138.692686 680.131321
1141.381765 970.125727
1148.058123 968.169861
1146.220939 968.692253
1134.319944 971.593354
1141.543692 969.647001
1146.905295 968.470045
1139.983236 970.512769
1136.082786 971.237126
1141.486700 872.254829
1133.692471 875.926109
1142.533643 872.498123
1133.520805 873.973850
1135.007335 874.574387
1136.831158 873.746834
1141.677047 865.639148
1135.471206 869.277061
1144.070015 591.398729
1139.420879 589.033885
1142.685947 593.391405
1152.472029 590.938629
1143.356235 589.511902
1151.580131 590.040590
1151.309215 589.772170
1146.214102 590.097471
1149.165278 654.807677
1150.463313 654.498132
1149.102969 654.658279
1150.108345 654.550333
1157.680932 653.935553
1150.703311 654.528497
1148.038284 654.647197
1150.700575 654.445771
1148.575420 678.545801
1154.858945 674.943659
1152.526910 677.289665
1150.633553 677.835817
1158.279901 677.101841
1154.176460 676.220621
1149.105817 678.360620
1148.491019 678.556927
1150.413318 841.440557
1154.200490 839.447399
1148.364937 837.349446
1150.690181 837.530534
1149.675555 838.113097
1156.549227 835.202112
1154.053808 836.317487
1149.325339 837.655220
1151.388188 966.569346
1147.797404 968.261379
1146.964870 968.506877
1148.484944 968.028222
1145.953638 968.866564
1147.581334 968.323553
1141.724592 969.998762
1152.313567 966.425363
1149.452448 871.009103
1151.216683 869.759575
1153.139789 870.983287
1157.343493 870.990737
1152.676442 871.340573
1145.857818 871.885621
1155.088250 870.564796
1148.738555 871.659485
1151.831153 590.231882
1162.749665 591.611770
1154.270626 595.977017
1156.483711 594.056304
1155.782839 591.507017
1153.327575 593.395951
1151.531332 591.044801
1154.388088 591.606644
1157.998703 654.782451
1160.011326 654.659675
1157.110929 661.601660
1160.119239 655.610263
1165.615848 656.972237
1155.171299 656.620538
1166.734771 655.742158
1164.857926 653.426819
1162.318124 675.893845
1157.402268 675.975381
1151.344902 677.514774
1159.387682 675.525316
1155.119183 676.416842
1162.344371 675.804274
1155.569760 675.953204
1159.604142 676.045837
1155.141387 838.087983
1161.395687 832.959774
1160.969607 838.715794
1155.845974 836.030907
1162.873543 832.869768
1164.579318 831.692699
1156.623370 834.865771
1161.871207 834.687317
1161.168999 962.443724
1165.705536 960.113430
1162.142984 961.771781
1161.953812 961.988675
1153.409983 965.900276
1165.261787 960.223285
1152.300139 966.421421
1158.514128 963.689786
1171.146967 869.288074
1162.279864 868.988289
1167.106773 869.179744
1157.511841 871.779689
1155.875494 868.579152
1167.085285 869.812926
1158.362046 862.858569
1155.317909 870.261783
1164.352296 590.700604
1165.509126 595.107276
1163.834718 590.666895
1162.891895 594.901472
1163.739121 598.087655
1170.921609 589.214490
1169.105217 590.695862
1165.756145 590.084360
1173.107404 643.888894
1166.152337 653.952239
1169.448397 652.859232
1165.458365 654.477776
1167.931293 648.781194
1171.160339 653.934824
1169.149012 653.673700
1173.674309 647.909371
1173.618391 677.314703
1166.687402 676.356871
1168.753329 681.219485
1175.287217 684.788304
1163.054776 674.073560
1171.672564 675.822568
1173.270627 680.567973
1167.490909 677.106460
1163.299566 830.837984
1168.612270 825.277870
1165.821372 822.984091
1178.489451 829.998480
1166.123861 829.075920
1176.516885 831.949585
1160.374078 833.487999
1168.774699 825.899252
1170.050017 957.690024
1173.339115 955.143026
1170.402463 957.070591
1170.082208 957.337124
1164.884190 959.627510
1166.384055 959.719611
1169.205174 957.999820
1164.567069 960.576966
1163.253973 870.066218
1174.568114 861.220434
1171.525232 868.933156
1174.390014 865.375687
1175.076892 871.422939
1171.921873 869.275781
1177.695220 866.743230
1172.355732 868.686324
1172.031674 589.817180
1181.713558 590.838148
1171.419070 590.072473
1172.449929 590.125057
1170.241932 587.449468
1172.018696 589.686468
1174.733045 588.564900
1171.994972 589.712380
1184.116297 648.310147
1177.676248 642.679228
1187.147070 649.606011
1179.391944 648.332095
1182.962634 647.244294
1172.844198 640.783622
1178.405334 644.660123
1174.652414 642.535371
1173.937611 676.005833
1173.290020 677.080585
1176.451044 670.290462
1178.282190 676.927702
1178.810511 673.362322
1174.939995 685.918293
1181.762798 679.740746
1175.562552 684.459848
1171.800847 826.554919
1178.587670 832.534272
1169.634525 826.166778
1185.516180 826.972761
1179.187292 834.092307
1178.484917 831.202496
1175.618647 831.184530
1174.631321 832.775565
1174.338850 954.310070
1176.524070 952.270397
1171.335156 956.584849
1180.444519 947.195057
1170.936031 955.986766
1174.925558 953.532444
1176.556349 952.235811
1178.220466 950.235761
1177.366909 871.074986
1187.036723 878.993290
1177.365883 872.381431
1183.240477 873.426862
1179.866762 873.152115
1188.655967 879.296105
1180.173118 876.038173
1184.605861 867.599891
1182.474672 590.879817
1187.438799 594.865343
1177.641569 589.463576
1178.914166 589.937692
1175.989917 590.114944
1184.505278 593.314365
1175.743427 588.688873
1182.364698 590.628285
1192.324619 939.809656
1184.714207 943.452258
1181.419257 946.359777
1183.833975 938.417717
1183.279625 945.223094
1184.883916 938.054656
1180.842847 945.690730
1190.107111 940.193966
1197.438591 672.712129
1191.774771 671.798744
1182.700928 672.722478
1197.651442 672.505221
1184.353935 675.202780
1182.790489 667.407936
1181.267800 668.263775
1192.407343 671.743149
1191.811268 641.915427
1191.017029 637.348840
1198.644476 640.507094
1194.826658 636.088202
1190.382750 639.370985
1190.407309 642.145774
1186.363615 639.720334
1186.505729 642.648300
1189.908332 826.479694
1196.175488 825.484948
1190.382932 826.581667
1185.135329 829.652330
1189.127662 827.454073
1191.941376 826.041801
1195.874501 825.757284
1181.014707 830.227005
1189.021747 879.443742
1193.237201 877.264534
1188.721614 877.608965
1192.249932 877.892823
1184.511629 873.962438
1195.850828 874.814280
1188.590617 878.197722
1193.021621 878.209913
1188.281909 935.118710
1191.244810 934.604217
1189.413903 934.251712
1188.915609 930.987469
1188.620699 934.971806
1186.199741 938.490372
1189.946079 940.667639
1184.104226 938.578646
1187.707930 602.300450
1184.292596 592.768942
1191.677000 603.593760
1199.639676 603.066257
1188.928890 597.885318
1193.071725 601.405539
1183.755898 593.789486
1188.736168 596.745227
1194.704329 885.239766
1202.470076 882.996644
1193.720994 889.337371
1196.192883 890.235395
1193.265780 889.156007
1197.125871 893.691234
1195.317453 894.108983
1202.267630 883.273967
1197.587031 918.084458
1192.800705 925.966511
1194.995065 920.392216
1195.216532 917.649582
1194.929899 920.909444
1196.988992 916.044799
1195.616414 918.997298
1196.197304 916.432584
1201.892605 667.103408
1197.812740 671.492098
1195.453496 674.377769
1198.425796 671.976366
1201.000922 674.215830
1197.645265 671.860836
1197.380730 672.806021
1191.323900 671.140906
1199.077535 824.118118
1198.208277 824.926425
1197.839005 825.047567
1195.161684 825.596419
1199.239334 824.586286
1200.203613 824.665850
1197.814607 825.056962
1203.077667 821.121115
1198.116953 632.311945
1193.804096 633.360607
1192.137489 637.198395
1198.945540 637.602169
1199.215828 634.950219
1195.805868 637.247605
1190.739202 641.336495
1195.838645 634.418564
1200.485428 897.017946
1204.061837 896.918325
1200.525852 896.459840
1199.044368 898.344342
1194.875817 898.818537
1195.707538 894.020741
1200.822222 901.503848
1203.466897 897.286741
1198.912056 906.110127
1202.680041 897.808850
1197.511023 906.227321
1201.056636 901.398608
1195.786614 906.355076
1202.249884 899.068048
1200.574364 903.595199
1198.228503 896.012090
1200.422488 604.437432
1203.207221 603.420660
1193.186495 603.228533
1194.246417 602.870063
1196.112354 607.619895
1201.386983 603.026359
1201.650445 603.024430
1194.574677 599.844665
1210.031348 632.737925
1210.790956 637.282799
1206.527730 630.864860
1206.426674 629.535106
1204.566211 628.547389
1207.017342 625.966762
1207.000548 628.141715
1206.674611 629.108622
1200.891229 674.243957
1208.069379 674.017840
1208.158325 674.557851
1206.082757 672.871524
1210.233314 672.604635
1206.425365 678.891817
1207.944906 674.137426
1199.936764 672.046174
1207.009608 816.188580
1205.444501 822.165952
1205.409097 823.522822
1214.427757 823.737005
1208.570960 823.478047
1208.074841 823.646173
1208.061336 823.550405
1201.141769 824.522771
1208.170542 607.439647
1207.119971 606.389953
1212.863567 612.349085
1208.072356 614.340558
1211.939993 611.748720
1207.672091 606.682986
1207.061772 606.644077
1207.339408 611.527012
1214.029546 613.933633
1211.392177 615.136866
1207.362131 623.566029
1207.727607 622.496051
1206.119141 623.268784
1206.503625 612.960836
1209.932650 617.199905
1213.714830 613.844549
1218.632604 665.661734
1223.617804 669.719738
1218.070015 667.656498
1221.354953 672.318885
1214.752496 672.826889
1221.285718 672.704888
1217.716186 671.567546
1225.213130 671.536930
1219.756389 823.927505
1211.648306 823.674380
1215.767950 823.872234
1224.206989 822.948121
1218.330746 823.890920
1223.113341 823.627853
1213.632388 822.752148
1227.295451 823.478713
1232.131224 824.070173
1221.959093 824.487683
1225.493456 822.832725
1225.719281 822.642098
1228.134410 827.394132
1218.406670 823.719814
1226.403314 821.896707
1230.770839 822.197673
1230.745265 671.818760
1232.099856 671.772869
1228.191790 672.052350
1223.638469 672.359718
1228.152704 672.108545
1227.760428 672.213004
1229.908192 669.845313
1229.302813 671.930545
1237.227483 670.665178
1231.658748 671.686202
1240.071092 669.819208
1239.891555 669.415376
1234.177863 671.526988
1234.223503 671.525126
1239.780173 670.458724
1228.894245 670.909899
1239.660234 818.286215
1237.538188 820.991544
1239.756711 818.638704
1234.412036 824.475930
1233.049644 825.145983
1234.229664 824.592530
1238.426545 820.480786
1235.853969 823.859712
1245.457648 814.548498
1244.465312 815.961306
1248.652147 811.230431
1245.594708 813.370938
1242.916089 816.621665
1246.764836 813.452022
1242.281480 816.787990
1245.701032 813.971050
1255.860911 668.207288
1249.219693 668.873654
1247.268745 669.581469
1246.357728 669.685348
1246.517611 671.752759
1239.787158 670.873519
1247.155692 669.520490
1252.463572 674.934540
1255.930366 806.751611
1260.991293 809.609355
1259.096959 809.457847
1258.293850 809.681921
1253.843588 804.987061
1250.954976 809.201584
1253.669469 811.137965
1260.250789 809.450184
1252.015154 667.151757
1261.167379 668.446302
1257.507868 668.736153
1258.366619 668.085252
1253.547756 664.095220
1255.182741 670.357561
1253.953784 671.421224
1249.985779 668.922866
1267.957241 808.208162
1266.492178 807.934371
1261.407269 808.569887
1257.714076 808.305435
1270.902571 808.086750
1268.391765 810.129047
1268.940798 806.869580
1259.314494 808.889983
1271.021970 668.779673
1265.906885 668.519521
1272.003129 668.559840
1269.148172 668.441314
1270.735617 668.070833
1265.767564 668.399401
1266.792994 668.779448
1271.111426 668.217016
1270.950361 806.994803
1280.390200 804.846657
1269.401511 807.040002
1275.853928 806.605925
1273.205883 807.189417
1272.831583 806.890828
1274.246051 806.345748
1270.493212 807.106156
1285.712881 670.899447
1279.624932 671.437347
1279.227877 669.867895
1276.509248 670.869645
1279.525070 670.322526
1274.437611 669.042450
1280.292589 670.176565
1276.645621 669.725615
1284.055331 802.940400
1284.135724 803.718385
1276.184679 806.187902
1284.479655 803.595269
1281.097658 804.354941
1284.090323 803.756571
1284.699693 803.215654
1287.315113 802.112789
1284.734265 669.117830
1279.751516 669.615696
1278.436404 669.673113
1290.622996 670.123381
1285.329784 669.435184
1284.964703 669.185640
1285.245546 669.725392
1279.821968 673.275060
1292.427386 799.737814
1292.895023 799.575446
1293.259629 799.435205
1283.593578 803.297967
1292.616968 799.663683
1292.629467 799.667218
1292.231949 799.914374
1294.914203 798.745277
1294.364934 669.301106
1294.758303 670.910754
1289.667954 669.833059
1296.988781 670.332356
1295.969289 678.933067
1295.588482 671.821782
1295.492135 670.898691
1294.663980 670.935662
1302.909717 795.209498
1304.081379 794.715445
1303.206239 795.091333
1302.712043 795.294236
1305.031366 794.284542
1299.187401 796.848661
1305.590732 794.054175
1296.283964 798.112785
1306.774837 667.651958
1303.628495 670.563383
1301.236291 668.679763
1309.697512 667.448732
1314.807885 667.009957
1308.405352 668.471643
1310.108687 667.472978
1310.196456 667.302673
1314.947940 790.235793
1318.981013 788.591837
1307.707404 793.200036
1313.225031 790.848131
1318.575590 788.748701
1313.790609 790.762349
1317.655439 789.144611
1314.305878 790.558042
1320.573435 665.703123
1315.788804 665.507968
1318.573453 666.210340
1316.369851 665.447990
1313.273984 667.097930
1321.719370 666.278103
1321.626726 665.625949
1315.490412 665.872256
1323.487682 786.464630
1330.833877 783.315286
1318.227590 788.887237
1326.907516 784.760193
1321.192541 787.580863
1318.483559 788.715941
1322.221038 786.904953
1327.773261 784.635100
1316.614971 665.645427
1323.093997 666.296692
1332.198323 665.326957
1325.965624 665.864121
1326.282117 665.745352
1321.404569 666.231610
1328.646491 665.326554
1324.520286 666.134661
1336.064708 780.241717
1334.691166 782.116036
1329.933803 783.167893
1332.119468 782.735011
1330.452013 782.426136
1335.240904 781.870362
1335.531481 781.363285
1331.100171 781.536614
1329.181671 666.602431
1335.123118 665.514622
1337.147971 665.781461
1339.182236 666.403394
1330.229771 665.727949
1332.579855 665.403693
1329.080145 665.529558
1329.560737 665.638090
1345.964162 773.409417
1339.929922 778.612443
1344.975822 774.287636
1351.379761 770.346632
1347.425738 773.085773
1345.854503 774.805910
1341.082563 775.796516
1339.743526 778.021027
1342.840552 666.054307
1351.075508 665.735835
1346.624271 670.757037
1343.320635 665.644096
1347.198518 665.375605
1355.182399 661.446909
1346.291017 664.299091
1341.171934 665.602404
1349.123901 763.407009
1354.344614 768.368309
1347.763129 770.579420
1358.620668 767.649438
1347.333230 771.979385
1352.337502 769.175342
1352.021862 770.014509
1353.102411 769.340346
1355.482354 660.775638
1357.967056 660.360279
1357.156514 660.592760
1354.263782 661.707588
1354.684601 661.735443
1355.521678 660.877865
1351.940098 662.451953
1358.010596 661.227458
1363.644710 767.250863
1362.918032 767.293162
1364.233077 767.113576
1364.087803 767.159498
1364.081378 767.170273
1368.129347 766.200209
1366.174043 766.652219
1361.852115 767.623472
1370.604052 659.957685
1356.302569 661.114975
1358.077756 660.472659
1365.090915 660.084648
1364.037851 660.009885
1357.929538 660.486792
1361.125976 661.961215
1365.371741 660.232456
1370.829201 765.441537
1374.556484 764.379997
1375.407316 763.588398
1374.806558 764.641954
1373.969439 764.812458
1373.553414 764.741456
1366.651475 766.563778
1372.602292 765.114040
1370.799264 661.303374
1368.392384 660.377703
1370.970365 659.862924
1366.550136 660.546883
1372.561176 664.513992
1375.098430 659.975929
1374.947594 659.842001
1380.345655 659.593957
1378.942164 763.128518
1375.307977 764.389153
1391.190699 758.680999
1374.324060 764.762697
1374.908973 764.552315
1391.901458 758.351198
1381.132445 762.323113
1392.990885 758.167408
1387.556886 659.760465
1381.261605 659.720219
1387.509466 660.675370
1385.064142 659.805227
1391.303888 659.888391
1384.157195 659.860518
1386.184828 659.707990
1381.804264 659.697643
1395.633677 756.078025
1387.636124 759.740857
1391.836664 755.644429
1400.359652 751.278959
1387.242043 760.268351
1392.199328 758.451231
1395.410158 754.759217
1391.705987 758.123451
1399.378445 660.776133
1396.119299 660.398384
1386.562023 659.723231
1401.152436 664.043295
1398.880749 660.307097
1395.636248 660.548386
1401.116885 660.089576
1394.107976 660.510332
1396.614949 755.849044
1397.834574 747.014659
1406.548065 751.672599
1403.738510 752.781818
1399.385051 754.014465
1412.123806 750.491334
1404.328896 751.970047
1405.211310 751.574511
1406.330389 660.282849
1399.683674 661.412841
1405.513176 660.101846
1405.691327 660.110707
1409.533087 659.948435
1407.269550 660.579976
1402.367198 661.393864
1397.566481 660.746107
1408.794186 751.350982
1412.130633 750.226070
1413.192354 750.234230
1412.926407 750.321129
1411.046814 750.739573
1406.211743 750.385347
1414.143774 749.815210
1416.900915 748.756069
1423.002357 658.329000
1413.079780 659.580520
1411.187767 659.523425
1414.660135 659.334655
1421.984668 658.675982
1414.997639 659.377253
1413.027184 659.320606
1412.778207 659.217227
1428.536954 744.033541
1419.928711 746.029016
1418.251294 748.057070
1424.126191 745.466095
1419.308560 747.472485
1420.284228 747.148325
1428.879726 743.885218
1422.144035 746.352867
1424.971130 657.932485
1417.863814 659.784919
1431.585367 658.469093
1425.699446 660.011147
1425.914552 658.380982
1429.712092 657.216905
1425.884315 662.982475
1429.372903 656.019199
1440.294912 735.312432
1427.286951 744.523308
1430.889669 742.452590
1431.540881 741.423151
1434.471919 736.567864
1436.171584 737.598626
1429.939738 742.652732
1437.580906 738.001318
1429.772145 657.854349
1437.359884 653.501578
1434.288871 654.427335
1429.950663 655.749125
1437.017624 653.831438
1442.031970 654.552459
1435.596585 654.992293
1429.866547 655.644311
1440.561587 736.528623
1435.550496 739.268634
1445.900710 734.736975
1439.024184 738.264126
1436.157216 739.413327
1443.991927 734.963525
1439.354802 736.707442
1445.852487 734.821837
1438.227432 653.348338
1445.643286 652.457540
1444.527822 652.962286
1444.797184 652.394697
1447.231707 653.543870
1445.115195 653.130172
1444.981961 657.553061
1453.734603 652.658279
1454.140752 729.556289
1451.182048 730.673892
1449.099133 730.573758
1447.592862 733.589232
1449.420484 731.317992
1450.252923 726.274493
1450.634292 732.361213
1447.942792 733.522225
1451.226755 651.837867
1454.995250 651.547882
1453.109074 651.578841
1452.473428 651.188887
1454.679252 650.892270
1451.854927 650.867705
1457.389999 649.973557
1448.695557 652.286790
1460.791001 731.098197
1457.542533 731.775670
1464.941017 730.711196
1460.435415 730.718013
1467.880317 729.840545
1455.660365 730.951355
1460.807279 730.719169
1465.197287 730.345089
1468.545004 647.478428
1464.394877 646.939379
1472.159282 644.926043
1466.607948 646.340074
1459.158963 655.866755
1464.515075 648.539760
1471.919959 644.448293
1466.013342 646.618944
1472.052668 728.813922
1460.418695 729.808918
1471.960725 728.154870
1469.872682 729.359313
1469.671823 729.260145
1470.757018 727.889981
1476.424451 726.907414
1469.179417 729.096500
1475.645249 642.348109
1473.867495 643.456200
1469.581146 644.990344
1476.048004 642.029677
1478.442571 641.665051
1476.280627 642.120657
1479.158468 641.473311
1480.424435 643.758309
1483.074029 725.085667
1485.598443 724.353522
1480.210811 725.997121
1479.459824 725.876297
1479.841957 726.121863
1480.516149 726.048525
1474.523200 727.744131
1483.506647 724.418575
1482.606258 640.618959
1485.137678 640.797194
1490.386710 637.657646
1490.428255 639.108958
1475.997946 642.217786
1489.666230 641.877513
1486.955236 647.598097
1482.029913 643.124341
1484.868753 724.430582
1489.594856 722.404672
1490.285317 724.188474
1488.217979 724.191206
1491.671531 724.398886
1484.914498 724.539796
1491.238853 722.585950
1488.593254 724.943513
1499.293246 634.646659
1496.517063 635.481696
1494.315492 635.937271
1491.535645 637.636923
1488.325314 641.472639
1489.582913 637.889963
1494.530999 635.787501
1493.674676 636.853634
1491.987798 716.890155
1503.991347 725.977003
1494.425061 724.277608
1501.223405 723.451437
1503.487311 725.934493
1500.400753 723.421648
1499.735422 721.424238
1507.821716 721.309987
1510.117489 631.220307
1498.121542 635.158049
1498.692946 634.921241
1505.363746 632.595249
1509.923711 631.807860
1504.959843 633.544901
1507.164676 632.171612
1509.900517 631.340933
1510.859227 719.612601
1506.668153 722.466662
1508.593507 719.924102
1505.042949 724.422672
1513.378967 717.928561
1501.193054 723.072931
1509.506273 719.585934
1514.603276 716.605442
1514.957827 630.644556
1519.180045 630.254182
1515.067068 630.876803
1506.193052 632.394858
1518.909521 630.248824
1516.990402 630.730707
1513.848206 630.766054
1514.696067 630.826788
1519.517324 716.615001
1512.955248 719.243855
1523.875976 714.027065
1523.957763 713.237910
1517.900633 716.214297
1518.563839 716.982569
1518.631407 715.774938
1518.514768 716.776407
1523.909164 629.525925
1526.551805 629.520398
1524.468616 629.624943
1527.097998 629.317368
1526.759218 629.451728
1523.632000 630.065969
1523.518715 629.527478
1528.943566 629.569619
1528.985659 710.246541
1526.850313 710.653112
1521.442311 713.941814
1526.434309 706.364544
1537.114322 708.835069
1528.341059 713.945334
1529.275550 714.459004
1529.602928 712.027519
1534.223793 629.355375
1532.541652 629.343473
1536.922562 629.544904
1536.014723 629.667373
1535.604307 629.440029
1527.433995 629.394413
1534.453646 629.688925
1531.615787 629.269544
1542.985853 712.943351
1540.139618 714.101588
1542.729398 713.709415
1538.077374 712.576558
1537.916332 713.781611
1540.336575 714.166807
1538.657461 714.033397
1540.313879 714.030363
1542.753311 630.875026
1550.287768 631.309577
1553.549310 630.369656
1536.887238 629.890136
1550.762124 630.049194
1549.398380 631.017343
1540.090608 629.700882
1543.260724 630.359998
1545.379621 713.974173
1552.573474 714.095277
1550.715461 714.393804
1556.866307 713.899806
1550.342667 714.431944
1549.294475 714.331741
1549.927607 714.308657
1551.822882 714.282657
1552.227355 631.394074
1553.900137 630.392314
1554.723914 631.263105
1552.930995 631.726923
1550.940852 630.176007
1550.616132 630.030160
1549.055124 630.478625
1553.165895 629.898007
1560.898961 714.530320
1560.762011 714.546054
1555.785078 713.307596
1566.947492 712.389933
1567.029051 713.922947
1559.397055 714.430958
1559.448100 714.466194
1554.739618 714.170848
1563.873755 636.434461
1555.756820 632.464998
1563.615422 636.164555
1563.972355 636.503441
1555.742226 632.869362
1562.142187 635.890548
1564.013913 637.310549
1561.596253 635.066633
1574.501311 711.896675
1569.609249 713.099160
1567.187757 713.862698
1568.291680 713.488428
1571.650579 709.460896
1572.152315 712.608811
1569.415274 713.058560
1566.594678 713.930864
1573.590770 641.597882
1578.731698 644.231113
1573.441569 641.793703
1571.414561 640.199959
1569.112168 639.017478
1571.811196 640.313582
1571.650248 640.243419
1573.276602 641.196868
1580.114678 707.609013
1577.407304 709.482081
1573.596610 712.449900
1577.737603 709.318591
1570.246483 710.493586
1579.072322 708.471497
1576.236761 710.531071
1578.485464 707.802124
1579.946896 644.702814
1579.771910 644.700662
1579.116261 645.472678
1581.085176 645.777247
1580.996922 645.492990
1577.710112 650.949308
1574.109634 641.782445
1577.269334 643.778922
1586.912677 701.802389
1583.579551 704.812874
1588.736306 699.773392
1588.522770 700.254264
1583.627149 704.487583
1588.217995 700.611962
1580.670515 707.283166
1586.978876 701.702562
1587.327947 650.276929
1594.374850 657.503442
1582.596003 648.456429
1589.933300 651.711395
1589.406213 651.572329
1592.335542 655.546091
1594.266112 657.808284
1590.649425 652.621968
1598.498586 656.680816
1600.808421 657.083860
1589.270202 655.807263
1596.313594 659.561840
1595.920015 660.246690
1592.041259 656.553114
1597.618921 665.928910
1599.211554 656.509563
1594.332097 691.068537
1594.383934 690.847796
1595.020747 690.123418
1595.674905 689.143474
1592.008356 691.093796
1590.639791 696.626764
1591.142303 689.153148
1596.407817 690.332171
1598.276179 671.297766
1597.932472 663.959792
1598.076369 671.456909
1600.280513 673.977610
1597.971476 673.743981
1599.268442 673.819731
1597.699996 670.638143
1599.706075 661.341480
1598.935553 683.324539
1605.929033 684.756709
1600.931348 684.488999
1596.907229 671.279812
1598.788099 674.506822
1595.339995 670.055340
1604.159882 684.927852
1597.939391 678.819142
