57.860593 296.801674
45.852422 309.742370
43.621583 298.554575
45.163905 302.443959
53.711119 296.762925
58.216103 283.507794
54.931963 282.053382
52.582609 281.989563
56.096737 284.398904
49.802284 285.447157
51.535216 316.414936
55.609617 315.394253
69.518945 325.441908
66.824369 328.853423
58.193620 321.714300
59.605153 74.939030
63.304846 69.387849
75.650181 67.184364
65.632018 75.568991
68.993441 63.931076
67.092033 247.648495
78.245806 263.274633
72.011556 261.347907
70.553018 258.388054
66.886491 261.404171
73.466460 40.400846
67.362638 51.018140
71.755168 47.119454
78.076362 50.731446
71.664314 45.817987
90.967588 338.619045
80.754008 332.974342
82.742574 331.808590
79.241626 331.155281
81.313560 334.842849
73.122146 78.330333
79.076825 70.451958
82.914703 75.805672
90.254132 84.246429
83.199619 77.648889
95.027913 227.880972
89.955545 226.450620
99.711347 235.676701
93.241246 227.071001
93.997303 226.767038
110.990928 255.901570
104.411765 243.259623
116.425931 249.333487
104.461812 249.978615
100.796403 246.027767
112.272329 216.421405
104.266798 213.028295
108.286219 208.705939
104.658559 203.754940
108.615726 218.414474
108.927597 304.576221
101.232653 296.678929
116.629370 307.222759
108.728016 304.083028
103.753821 310.603246
117.784000 183.966342
107.414308 182.269944
120.660924 182.049819
116.832570 193.297351
112.407018 189.137261
113.614328 339.524315
113.752888 339.314243
117.429496 346.187483
101.975298 340.152542
108.863710 340.462106
122.002316 239.809268
113.814866 243.391187
112.366406 236.655091
115.410933 236.022599
122.513090 244.215421
121.081688 163.685710
123.918400 161.701707
126.411440 158.858259
114.991239 167.889369
123.648301 175.281506
128.245046 270.555042
124.208121 273.941857
126.618883 271.681893
124.408663 261.312541
129.031722 269.355858
127.216048 135.758129
131.180328 136.956522
119.897239 127.216772
118.889248 137.988606
135.298190 134.004475
124.857821 132.129167
128.098056 121.959884
127.399371 115.248260
137.188903 132.532303
129.945085 125.944796
139.532768 320.349305
126.170154 321.371462
132.317056 312.427074
127.887821 314.955486
129.164572 326.572691
144.231129 224.817477
141.744083 239.677166
140.714706 228.747973
141.844182 223.676079
149.983168 230.516992
155.384427 124.430814
154.367297 110.495565
158.214140 109.059014
160.607729 116.093335
147.315787 128.798823
161.246377 133.235830
163.605334 134.996196
162.040870 137.030972
156.305194 137.053770
148.201002 140.861727
165.430740 336.302539
170.677899 342.242822
164.881634 344.924466
173.148940 344.937789
169.248282 342.329191
168.290147 269.658642
162.513516 269.842059
159.685891 267.198262
167.371001 270.904584
170.765273 272.793448
167.394559 167.617801
163.124891 170.512420
163.415121 171.437690
172.472441 163.020642
168.769788 168.057796
165.854297 230.317425
176.975691 239.882833
169.720137 245.661679
161.587602 247.536191
173.615357 236.921240
166.717448 175.898064
182.525109 182.546762
174.411148 172.194241
171.159580 181.222417
174.237261 182.493031
178.313585 278.334971
175.155403 274.059924
178.237892 276.529855
179.455153 280.709577
171.490724 286.008615
179.562057 310.942026
187.958635 306.976669
190.525813 307.249536
174.768680 302.552401
178.760172 301.674922
186.094027 204.643187
169.960926 198.245963
175.463227 196.158924
173.494575 195.484146
173.094802 188.282748
178.174074 249.179399
171.433228 248.194258
188.680977 245.845551
177.186493 258.092232
177.132049 244.627443
188.532538 288.369116
181.545462 295.693334
185.667298 297.809267
195.191186 296.502923
190.153310 296.754455
193.508543 219.960040
184.141798 219.377516
188.092605 217.700339
186.359712 231.533277
192.578121 212.897477
205.453900 18.255876
187.604123 25.854216
197.854806 23.984141
201.294900 27.691089
204.215617 19.918562
208.052525 242.341506
209.844680 247.543071
208.057698 256.393665
204.088701 256.041406
205.250736 240.245594
225.413719 259.563514
228.902335 261.684824
229.593985 258.404367
228.143185 262.218910
232.693561 259.869644
223.214521 170.600333
236.100318 171.283877
233.178437 173.532002
235.159511 170.270538
232.981988 172.986550
244.199653 311.729859
236.214702 313.792110
239.540586 311.693146
227.533671 323.646124
226.938029 323.742014
234.133636 156.052219
242.272032 160.952294
239.274299 164.285377
243.991986 159.396213
250.554322 149.842020
251.937523 198.581507
240.364460 193.740727
249.273960 197.842637
253.127085 197.767207
240.842587 206.787476
239.659611 270.850018
247.294020 276.357464
247.536194 285.947552
243.829391 273.849356
240.020542 276.572460
242.470300 141.192179
255.601772 142.290370
242.071637 144.138166
244.723885 145.524577
251.323976 145.619174
246.453610 296.827716
249.584013 299.965038
244.430378 292.554849
247.039291 296.120388
243.215232 300.558389
266.632063 98.362105
253.351496 101.425865
252.590433 96.381892
264.052225 98.328006
262.893710 92.198533
270.986254 190.045931
260.600132 196.027943
260.503162 202.555465
263.267347 196.306673
268.620352 195.802480
262.405963 246.153523
269.269823 242.433055
256.831934 228.631372
267.609699 232.775761
264.973103 243.525339
275.972290 109.945073
272.949715 108.801093
277.959055 108.482388
268.902914 106.055091
281.395329 114.071608
273.107411 129.119249
275.390117 125.752052
268.849951 132.498638
268.012038 123.493540
266.138897 134.080683
273.126615 189.887886
283.787898 190.441692
281.820214 188.572470
278.109821 191.965646
288.156178 181.154786
295.108226 180.408449
302.706311 185.916653
295.627754 173.443942
291.072846 170.026532
297.753732 180.164932
300.945516 119.599075
304.760426 112.654882
294.996709 117.085478
300.199218 120.798949
288.136202 120.876464
317.570392 117.570955
329.557951 127.989350
327.962273 124.691242
311.160288 126.821106
318.650255 125.179653
331.036720 278.325839
320.385268 295.205866
329.222811 292.944869
327.837010 285.206584
328.739276 283.810590
332.732108 281.190019
339.669575 279.696288
340.626436 278.854577
331.170157 288.317809
341.559842 272.800797
336.946413 283.232516
338.935631 281.209477
344.377152 283.040218
335.463290 279.339043
347.975358 283.589930
339.222934 293.042661
337.635044 295.623669
327.668183 293.438662
340.134475 291.446474
339.423423 292.601935
335.985236 303.308811
330.258292 306.663062
328.395507 305.738932
339.962185 301.651752
330.765617 303.947681
323.344853 304.906806
334.806737 323.244378
326.384061 321.040751
333.621110 320.631296
332.827826 324.683943
392.888994 227.175529
384.502870 232.124211
386.428349 236.920765
383.871621 237.530675
385.092650 238.950013
378.119409 228.122516
370.891638 218.977358
373.914721 233.234079
367.394665 225.068891
378.620502 220.823150
384.156847 215.878084
370.701862 227.766860
374.678513 225.349937
368.203203 219.156588
365.095212 219.885559
358.397628 217.016246
368.484116 212.847956
378.492667 206.065503
364.161152 218.879577
365.943472 223.333835
355.187753 209.224360
364.693936 211.951057
364.103997 206.117829
349.983678 208.574316
359.602223 206.801333
361.551184 206.756002
343.007374 208.464557
343.336799 208.678923
353.780747 212.154864
348.860358 197.998538
344.598412 207.954322
354.580276 212.797354
359.286260 220.457975
348.293303 215.234884
350.648718 203.670366
349.158186 232.688758
346.659456 215.955778
361.213322 214.637546
363.479051 231.922388
352.102178 215.104263
83.062130 33.344173
78.400278 32.341004
83.334704 33.726311
80.570817 37.249441
91.832772 26.323385
94.335720 72.320980
98.753146 83.598867
100.243211 84.800845
93.357035 79.982678
103.519600 85.292886
103.999165 62.696786
105.469777 73.302022
105.659278 69.163050
108.080454 76.613647
111.688243 72.055072
103.624757 53.085487
111.385116 65.296355
112.353368 59.931141
115.763249 52.565840
116.675417 52.412418
109.515019 59.687240
108.513677 60.458469
103.367389 57.470587
108.176388 50.549721
103.810765 50.894166
97.998656 42.133399
93.392789 45.461009
108.357673 39.948636
96.959452 35.886230
97.115696 41.820162
76.488066 51.513419
91.502096 45.776511
86.265141 56.140312
78.470347 49.724759
80.447436 44.600206
82.540940 52.230957
89.185391 56.086039
79.783499 48.304993
84.679295 64.641610
87.956637 47.744281
81.838543 56.127999
82.012445 58.237443
81.265895 58.243051
82.539769 55.190026
72.118054 63.439679
89.019340 58.563332
78.111686 62.809467
76.430720 60.932621
82.275833 60.393917
81.905242 70.541202
85.412996 76.218890
87.751740 64.337422
88.141826 64.480051
91.331968 59.482871
93.022774 58.527578
106.547370 55.671173
101.950672 62.158966
92.683042 60.151297
96.527271 50.755530
96.337916 60.516589
93.137362 47.143726
89.978146 42.026950
89.350044 51.501357
94.278754 53.883698
94.172560 41.687776
67.584637 193.275208
76.393669 181.674114
61.310760 188.550129
77.693243 179.247055
65.549775 175.627673
149.726782 84.576953
140.070119 92.255357
138.064758 83.404778
144.203282 78.485641
144.574743 80.375567
142.427697 96.135462
151.630074 83.969132
146.296584 92.961592
150.383882 85.062804
139.822390 96.375096
145.123541 98.893283
146.055875 102.155038
149.421004 97.981639
145.808145 105.265078
140.608423 98.559886
145.171984 105.305353
152.907485 116.351216
148.640501 112.875008
142.192313 105.938653
154.568720 97.127571
140.574019 114.941500
135.961702 104.615161
135.366900 104.771598
126.142551 97.474607
142.065365 107.045666
84.462808 249.161759
85.056255 243.738599
88.722926 234.029182
88.749083 242.080249
90.481655 240.164191
72.989905 250.021676
89.046487 243.126609
76.357335 245.772379
72.516602 249.214885
72.113603 253.382033
198.906128 234.008618
193.955532 232.237217
192.604505 238.002349
202.609890 230.549131
200.868669 233.179585
191.834916 247.151619
196.183972 231.805680
193.547480 234.403394
190.611387 248.980127
196.779004 249.554087
157.802279 316.506356
155.952188 316.578279
154.168703 306.332681
143.227810 318.880916
155.551709 316.281531
153.816238 307.942450
160.792931 305.451877
170.578383 312.035657
159.341278 313.043847
160.220065 318.685692
113.573713 276.112540
118.144809 280.839394
114.536832 284.804406
110.443303 273.048687
107.792715 283.539091
111.267389 266.481314
104.271068 273.201928
105.029295 263.559022
110.768252 280.952216
102.036919 273.112261
140.101356 266.597829
140.524676 274.779496
141.447981 262.261568
143.754223 252.985097
144.860110 264.221318
152.747274 260.008099
153.777455 263.595190
153.800341 278.169302
155.184122 257.269549
165.949334 264.505313
130.305139 289.208288
133.077230 280.825349
121.825616 296.093849
132.304120 290.342641
130.217340 282.284236
131.569785 295.525236
135.076205 302.498787
128.451303 301.546749
129.273213 296.125571
127.042237 286.130539
151.579897 298.870952
142.108527 297.977614
131.533369 299.351985
139.495857 304.742991
142.949765 301.204401
159.362380 301.075773
150.586703 295.490990
152.961316 310.180493
149.980889 297.756976
150.872885 298.352740
158.067963 295.215919
156.254886 297.673149
160.084751 294.406528
157.078369 305.425615
158.660570 292.691678
145.120037 286.323584
156.351089 287.504326
154.726015 290.702229
157.024927 282.727687
149.914572 291.664089
221.864118 140.489911
212.822911 137.051014
214.678597 136.612073
208.484134 134.540490
214.686766 140.623701
219.476291 147.419485
213.021797 145.592208
210.878900 144.652781
210.823212 153.601105
215.465281 148.623152
224.345472 169.907366
221.424613 175.517257
223.399763 164.396811
224.888650 167.925918
222.702560 166.998512
239.017895 179.729855
231.432260 187.445878
240.716397 185.787454
245.105733 183.415113
237.072263 189.433144
227.453350 195.824630
220.598587 195.634347
236.151847 198.106807
226.128244 196.826879
239.573170 196.025089
313.834025 153.806841
308.346050 152.202596
314.045534 153.679276
310.469353 156.994270
314.454989 147.012426
318.534169 142.823468
327.771722 147.392567
320.649052 142.471033
312.713843 149.501429
315.765421 138.578731
291.839705 123.750214
289.339014 117.777530
299.788134 126.261730
286.466955 116.491694
289.548808 120.294179
270.373358 139.802457
263.729331 127.098493
271.505555 142.620043
270.758482 123.346103
265.455303 133.012497
260.829613 161.388413
258.151105 162.628242
260.962212 162.166994
267.062529 159.880852
258.779927 158.729185
279.054422 160.784191
260.244724 162.883154
279.107343 164.248668
264.400140 175.061019
270.784516 174.478618
274.206466 157.315477
272.688666 148.963997
273.489067 159.276832
275.018553 162.928939
266.654003 166.472992
267.755780 158.306535
286.900137 148.732702
275.006668 150.792916
267.735471 154.704368
275.019361 152.788958
268.919214 153.733053
270.662026 158.724579
268.852011 156.562366
263.411374 145.850947
270.279202 150.775252
256.179395 145.408471
259.135077 149.226744
262.872503 164.250269
268.101555 159.295579
258.573287 157.524007
