458.016274 406.098771
455.938632 410.624187
458.394809 402.903770
458.797723 404.229353
459.475249 401.818022
457.646649 404.931675
456.682558 411.037527
452.035565 418.840963
456.965143 407.496469
455.590406 412.407836
453.347168 420.127793
457.424049 409.407823
454.768292 423.332255
452.069280 418.892645
454.689457 422.492695
454.026911 422.205217
454.182852 422.319259
454.779766 422.912531
453.981976 427.642267
453.164673 429.724816
454.386714 437.623394
453.545306 432.477344
453.075877 433.302951
457.066844 439.541028
455.600361 438.319204
459.707719 442.542024
454.936416 439.446262
458.064041 442.060306
453.852634 440.910148
455.614079 451.391752
453.871958 453.812148
456.851081 448.039295
451.381435 460.053351
460.292068 450.015684
452.989085 458.753160
456.027568 451.541588
451.500764 459.831365
452.896337 460.164003
459.127462 461.720366
456.568768 466.668238
451.238695 460.103518
456.274181 456.764415
464.573273 384.341875
461.682321 392.733141
463.124716 389.388095
462.390828 396.087274
461.122293 394.036444
459.160371 400.584385
462.884919 473.724681
460.167755 472.044838
460.082677 471.389967
459.070807 470.367622
457.290688 467.578547
461.234073 473.105026
465.726109 382.268605
465.174065 382.644648
464.718246 383.177095
464.072579 384.604055
469.296451 379.312931
463.726622 385.944656
462.637947 474.839029
466.214170 479.134215
466.110246 478.627535
467.018647 478.938117
463.729423 475.993132
461.997446 474.030567
468.991358 482.912615
474.361523 487.985672
477.720801 482.836564
472.205776 484.696199
469.502696 482.785290
472.140878 485.656381
478.421651 369.331457
474.291942 373.726452
470.076045 378.197389
474.857481 374.176372
470.079553 377.934286
479.550060 368.353582
482.275389 501.042583
477.206225 493.249397
476.638253 491.882188
480.615671 495.482547
479.216986 493.192255
477.023331 493.077958
478.571482 369.104041
484.509340 364.832510
485.571701 364.082659
485.374141 363.588268
480.568560 366.738064
480.475555 366.817590
490.605118 507.132584
482.390189 501.053452
484.077077 502.323592
479.841532 497.004195
479.856829 497.595629
482.572782 501.630058
492.230474 357.932211
486.171715 363.731113
495.637641 355.115987
493.167537 357.142019
489.151172 360.504437
492.651008 357.779423
489.616357 507.474517
490.223813 508.131684
491.582234 508.755180
491.329171 509.052911
490.888990 507.578388
495.003735 512.716532
495.799340 354.807496
496.127031 354.506255
494.890186 355.529108
500.896240 352.105830
502.730395 350.096165
501.238770 352.000910
505.678311 521.618593
501.604895 518.224820
504.727384 520.679261
497.862091 515.201576
496.750349 514.325964
504.474819 520.765664
509.652037 346.554578
507.249911 347.915382
509.326929 346.645618
505.221102 348.876187
505.844444 348.295617
502.468083 350.141308
508.444355 523.478428
505.320708 521.570263
513.814358 526.791698
508.669518 523.630693
509.194240 523.024243
506.891982 522.449676
515.109834 343.803983
516.532248 343.097945
516.028948 343.503218
517.791482 342.570652
516.866400 342.834296
524.044787 340.206194
518.225408 529.266220
523.538862 531.503200
517.296980 528.610289
523.548856 531.414224
518.569436 529.357910
517.274532 528.661897
523.331288 340.527402
520.496569 341.563811
526.077058 339.562680
529.668834 338.312727
521.885837 341.332888
521.084976 341.231397
519.944499 530.015100
534.064808 536.059153
532.954411 535.182601
522.699037 531.025910
531.920221 533.655207
523.618534 531.557573
529.969226 338.191898
533.960783 337.048515
536.128676 336.861226
534.287791 336.975304
540.436029 335.356371
531.280521 337.979145
534.587656 536.240312
534.276850 535.994194
531.385872 534.238259
533.971046 535.928503
535.903552 536.709907
536.409460 536.927472
546.180369 333.914188
544.410802 334.323008
543.393800 334.742019
543.205637 334.873708
540.265463 335.444599
538.010889 335.940695
552.291843 542.158439
549.409248 541.262436
545.577962 539.956360
545.005077 539.767469
541.662822 538.652733
540.608373 538.323539
547.988713 333.514212
554.766174 332.009897
553.311764 332.151068
557.082722 331.000300
557.266906 332.644703
545.739215 333.974471
560.016394 544.923773
564.234104 546.348600
554.822182 543.054918
553.665211 542.359808
552.289972 541.886174
553.656425 542.717619
562.331104 336.672815
559.053434 333.321785
561.982211 332.284463
560.299250 330.901604
558.319142 331.371504
570.758284 325.494574
570.891451 548.685238
563.879942 546.138856
565.574661 546.974087
566.505851 547.256511
564.582497 546.551123
569.245726 548.164485
574.880102 323.745696
569.161746 326.140388
572.510491 324.704046
570.892082 326.604177
573.105057 324.248966
569.087281 326.184045
578.917991 550.915084
578.733136 551.309243
574.310838 549.343348
575.602192 550.101478
575.518026 550.040132
574.849212 549.820063
576.931598 322.919909
586.650581 319.835860
592.868681 317.399122
575.421205 323.367414
579.176977 322.324549
584.091773 320.497632
583.720314 552.889190
583.372595 553.300233
583.872101 553.198784
585.797052 551.743272
583.851279 553.089842
586.625804 552.665903
590.672971 317.858670
590.643373 317.847820
589.855044 319.509763
596.402247 316.855863
591.479642 317.409871
593.281910 317.256394
590.197368 551.878466
594.200018 552.818192
595.114822 553.152760
594.008379 552.584131
584.824483 553.162690
597.721791 553.031032
597.532227 317.087898
600.970845 316.777954
595.915738 316.805406
606.738094 316.630641
601.862200 317.429663
598.187890 317.397622
607.845220 553.473210
608.074385 553.481929
603.364832 553.385567
603.405409 553.347319
605.093352 553.449111
602.941584 553.400024
614.327357 317.229095
602.920998 316.759938
607.564301 316.729800
608.773489 316.999523
618.452030 317.244163
605.627511 316.493373
610.795070 553.379973
619.653418 550.682067
612.072813 553.407798
619.642688 552.996352
615.622312 553.543139
614.345364 553.122822
617.784526 319.722894
618.480707 319.449989
621.128790 318.593660
619.952003 317.529451
623.681668 318.205689
611.397634 317.479360
615.716353 553.483835
627.274624 551.958173
624.994056 550.626610
621.142702 552.648218
632.398272 550.629050
632.449727 542.948689
623.947739 318.056134
627.592765 317.857577
626.731234 317.043783
634.756213 317.004938
623.642115 318.402174
626.711821 317.190899
634.278069 552.656254
623.436391 552.820867
631.974490 552.245419
633.630199 552.003879
640.210695 553.392853
631.584863 552.234443
641.662176 316.324552
639.562210 316.568205
641.488629 316.347819
641.508729 316.293740
637.870281 316.737966
642.274179 316.259120
645.185267 553.886121
644.869564 553.655017
634.588487 552.153821
641.267608 552.675067
643.419210 553.738391
640.584659 553.421999
645.609157 315.733274
658.375586 314.141464
649.697367 314.964799
648.335189 315.272160
650.683524 314.878705
657.935245 314.044393
645.615885 553.826499
646.605489 552.350161
659.414603 554.160853
644.620373 553.350364
652.567102 553.525123
650.447235 553.777148
667.111485 313.027198
657.054694 314.396986
662.867380 313.521339
660.141443 313.873654
652.255855 314.784905
653.145032 314.598025
662.085859 554.218817
663.489127 554.088074
665.040845 554.260491
663.776401 554.115390
658.280204 554.129123
652.680631 553.846946
674.749783 312.815820
674.329061 312.852261
671.637771 312.788529
665.990755 313.102728
667.990969 313.277749
670.113326 312.872008
673.942069 553.118579
670.040815 553.560947
672.799783 553.076265
667.655682 553.825880
664.647785 553.852544
670.451414 552.757544
679.160663 312.757228
684.459760 312.287424
686.510358 312.649053
684.450118 312.326302
682.662791 312.405581
679.970974 313.274333
678.908432 551.334497
682.484999 553.393668
678.401981 552.044763
686.521959 554.242122
680.488046 553.312868
689.034602 555.292428
688.448389 312.428675
688.707423 313.080563
688.147084 312.281135
687.657556 312.368066
690.842280 313.452739
688.942882 313.382053
689.940969 555.687945
699.674849 557.564365
690.972077 555.989609
698.232087 557.223642
690.938168 556.061561
692.318313 556.330086
696.529519 313.312697
693.675469 312.657219
702.911785 312.407643
694.649018 317.341278
700.495862 313.070841
709.104841 311.688981
703.250760 557.784637
695.900946 556.452533
705.534454 557.863482
702.268160 557.971417
697.380317 556.996254
701.861372 557.854755
715.857997 312.152546
707.059286 312.627859
719.457250 309.791997
714.125177 311.460676
718.958863 310.068548
713.881795 316.268243
710.621059 558.253311
706.541856 558.100415
705.988803 558.090517
711.477203 558.356876
712.365411 558.389273
717.906578 558.439211
726.437517 307.955252
718.113563 311.252277
719.028954 309.328485
717.641035 311.611006
719.413346 309.373798
712.365581 312.639159
719.755216 558.440703
717.659183 558.446501
722.549255 558.462046
718.969712 558.377151
721.082485 558.449948
717.973905 558.451128
720.498517 311.090156
727.678045 307.974220
730.745981 307.447775
729.858893 308.270436
725.068240 308.076892
726.787232 307.806693
729.571305 558.640730
733.188748 558.707842
733.890780 558.768479
727.088646 558.340665
733.939098 558.706480
736.619959 558.585110
743.912899 305.830573
738.243145 306.128407
737.474327 305.980899
742.934317 306.001664
738.333407 306.018137
737.365206 306.039531
742.448648 558.170185
746.219328 558.438006
743.967076 556.760283
738.643060 558.416949
733.889984 558.538310
749.646223 556.642829
747.701704 305.398526
745.009719 305.737042
754.227249 304.942213
750.371883 305.208458
748.519008 305.340194
746.819390 305.515201
754.186240 552.036776
760.213320 558.366501
760.997786 558.583446
753.958745 556.467950
759.218319 558.499562
745.190856 558.380734
752.977099 305.122770
762.305699 304.440199
754.813550 304.929340
753.169489 305.004871
752.998824 305.026615
763.301426 304.676628
762.595220 558.573842
759.482225 556.084509
752.945314 557.226192
761.240626 558.406175
762.004823 558.530491
762.617238 558.791199
760.324732 304.650121
762.858299 304.553590
773.119910 305.343974
774.376915 305.356361
775.412195 305.780951
768.058476 304.992106
771.056583 558.974441
770.940726 558.957079
779.256719 559.433989
768.612909 558.504569
779.759507 559.120743
770.720525 558.957280
781.418809 308.070741
776.597267 305.743092
775.298425 305.606563
779.956644 305.178773
780.887477 310.848316
776.002641 306.111588
790.099197 560.161690
788.571096 559.409423
780.083243 559.409103
785.539539 558.735716
785.145311 560.013730
779.525048 559.351361
793.134450 304.949952
790.639024 305.906656
780.908226 308.450771
788.142782 305.914686
785.163323 306.252999
781.573288 308.592330
800.531880 558.465860
797.607830 561.542263
784.476939 559.538483
799.915479 561.114383
797.585794 558.391165
783.962264 559.643216
805.586963 301.504758
797.932328 304.011448
804.396256 304.124049
792.629604 305.023671
799.254302 304.321551
796.253829 304.366253
798.119712 561.727584
797.490842 559.425466
811.037227 560.508642
804.353269 555.124417
798.962290 558.724473
801.539891 559.294660
805.311336 301.807368
804.496861 301.570941
801.597242 302.882922
802.669504 302.831208
804.163844 302.441741
813.042951 303.355946
810.037494 559.197638
807.222569 559.109072
818.990449 561.835152
814.989047 560.996806
805.595630 558.240463
812.067878 560.247438
820.690415 303.996683
809.793907 302.982774
817.455811 303.607706
821.532621 304.045207
817.930457 303.835408
810.659651 303.609771
815.530145 561.575468
824.528280 562.872779
822.050154 562.442506
816.263663 561.069194
824.138266 562.862852
822.917818 562.623202
827.991499 304.494647
833.315922 304.382310
826.575337 304.298888
829.320406 304.707545
836.079390 305.789514
828.817237 304.613092
829.333625 563.056693
837.782768 563.909754
839.592518 564.262821
831.488607 563.235124
829.917111 562.996893
830.972411 563.295480
838.786735 304.375316
836.308735 304.822240
833.981622 306.279454
839.456188 304.675580
840.796530 308.750557
833.101812 304.670151
840.037873 563.849994
843.701282 564.997226
848.919233 566.785864
846.311186 565.681231
842.725951 564.877609
843.117798 562.873656
843.943453 303.174820
847.100439 303.464470
846.785844 302.787134
847.358175 302.632850
841.709938 303.918026
841.667815 303.423411
848.340616 565.002695
855.556510 562.911396
849.910265 565.603318
849.059412 566.640483
849.055178 566.637793
850.002391 565.725963
857.733135 301.198465
858.534195 300.844456
852.101689 301.874202
855.472842 301.361013
848.211800 302.395672
860.897053 300.653279
865.255842 561.530359
855.534212 562.742244
870.655933 560.420526
869.977327 562.161955
863.615559 557.029290
862.128140 561.213953
868.979322 299.836907
859.024331 300.821954
865.876884 300.274934
864.721391 300.640605
866.656744 300.060725
867.202744 299.977197
875.800159 562.071341
874.416952 562.671686
873.940827 562.066218
881.825530 564.210181
869.563069 563.016053
871.340035 557.020915
878.028587 299.299629
884.739347 298.738322
877.641599 299.215565
870.554176 299.731333
871.603412 299.712639
879.275373 299.132807
881.852418 564.215236
885.636782 563.600309
880.648796 563.664272
884.741767 563.969298
881.757784 564.097667
881.286553 564.020460
886.136610 298.766457
892.485525 298.284834
895.111203 298.299252
892.055719 298.195761
888.809669 298.444155
891.840358 298.230394
898.079894 564.653903
892.424079 564.472736
889.586077 564.105968
894.121166 564.588035
897.980406 564.672364
895.979016 564.649796
891.746888 298.260390
898.381526 297.981852
900.128219 298.183201
897.206826 297.956099
898.623270 297.934198
900.759655 298.098109
895.819494 564.614610
902.259202 564.582547
898.534125 564.560611
911.047078 564.502008
894.061498 564.541852
895.715774 564.388505
907.045730 298.048020
906.947094 298.060265
908.660600 298.141568
898.411871 297.913736
906.422154 298.085752
904.435829 298.018892
916.368474 564.468883
914.458945 564.465972
914.218329 564.465536
906.498688 564.511506
910.442443 564.509062
912.155660 564.501346
918.609387 298.517456
916.161678 298.399562
914.593749 298.329825
920.056277 298.641149
915.389763 298.371330
917.203234 298.461321
920.501878 564.510410
931.347134 564.766867
920.605948 564.480555
919.119262 564.506390
915.391299 564.466597
927.636487 564.651618
932.210461 299.094069
921.850802 298.685936
929.708416 299.092481
936.521428 299.416132
925.086624 298.853142
931.290593 299.170344
930.067090 564.723565
926.867235 564.717384
929.612091 564.731411
925.518486 564.619568
930.453197 564.725466
937.378318 565.029640
939.160873 299.530122
935.919820 299.422078
934.499008 299.348369
936.368292 299.438371
934.953611 299.097116
938.917201 299.533812
936.091308 565.016712
933.121356 564.837407
942.491864 565.328723
938.564565 565.080705
944.131651 565.423874
939.008169 565.079742
947.525342 299.134237
952.400839 298.840753
944.848724 299.205542
948.331810 299.054593
946.273749 299.163451
954.736719 298.645589
949.665232 565.630396
947.219579 565.546647
950.659135 565.497615
952.174227 565.658229
952.093523 565.682546
955.525922 565.735135
957.351976 298.499783
957.019030 298.515744
952.330718 298.842009
954.185383 298.707250
949.338754 298.985976
959.842830 298.348318
963.030081 565.650746
957.084449 565.799926
966.497934 565.980063
959.715900 565.679641
963.105704 565.636901
958.233857 565.735987
972.288426 297.689727
972.360091 297.620768
971.553333 297.612116
966.928856 297.986913
966.217106 298.065667
968.768724 297.818755
975.714244 566.851077
970.742956 566.333455
972.164796 566.459705
966.464022 565.973830
965.936089 565.899466
962.958405 565.619542
974.230419 298.161774
975.300619 298.103668
980.555091 298.501755
968.322802 297.929261
976.630861 298.269481
973.843533 298.338321
987.152733 567.651527
991.110240 568.327512
983.820199 567.436858
980.562830 567.240820
985.233963 567.606873
987.332818 567.972671
991.251563 298.963903
982.084799 298.540153
986.768479 298.769505
990.056990 298.927829
991.638507 298.974942
985.209563 298.714401
988.104746 567.904258
997.107240 569.053504
991.836741 568.467862
995.045578 568.828684
1001.334254 569.400375
994.931014 568.789081
999.088786 298.904895
991.898347 298.920855
998.542050 298.960998
997.599592 298.883858
1001.801928 298.965958
995.815115 298.953139
998.523170 569.055011
1002.123583 569.444055
1004.902185 569.642146
1002.935261 569.248467
998.983742 569.213871
1002.732483 569.490792
1010.284405 298.951577
1001.737540 298.958452
1005.910474 298.816391
1011.148801 298.946501
1005.322777 298.856132
1005.407968 298.822818
1011.335873 570.110522
1017.741007 570.350391
1013.090392 570.153084
1010.617425 570.024948
1011.970151 570.128194
1018.606745 570.216185
1011.098089 298.857603
1015.792798 298.777071
1019.960160 299.174137
1017.963145 299.083072
1021.234455 299.297635
1015.945362 299.097374
1024.746785 570.152763
1022.896279 570.572104
1021.311094 570.457362
1023.706979 570.406781
1026.459941 569.472565
1025.051998 570.098255
1022.493726 299.310272
1028.426671 299.352345
1026.497627 299.370113
1027.441468 299.412546
1027.105370 299.457346
1024.926214 299.358448
1035.834930 568.258517
1038.443864 567.447258
1035.624918 567.854749
1031.404692 568.883311
1040.410766 566.772695
1022.703404 570.629011
1041.157264 298.866166
1037.048282 299.248998
1038.744934 299.141549
1037.763675 299.257333
1033.430456 299.419888
1035.304171 299.312301
1051.023894 565.562541
1051.353839 565.313041
1042.110291 566.369085
1042.806424 566.217242
1049.774471 565.453409
1042.735548 566.200286
1053.732692 298.128533
1047.470708 298.619753
1048.054504 298.538995
1055.962677 297.979855
1045.863990 298.691986
1044.944841 298.791760
1054.012830 565.044531
1053.939632 565.132837
1050.774679 565.381179
1052.271769 565.150934
1049.287728 565.518437
1052.331495 565.158685
1058.615886 297.637686
1060.557316 297.475295
1057.734296 297.765970
1057.884754 297.728996
1058.281138 297.794682
1056.422640 297.906774
1058.739638 565.164542
1059.762825 565.200641
1053.860430 565.037690
1062.675348 565.619140
1061.452734 565.387974
1056.851663 565.106918
1067.789953 297.147547
1070.968219 296.953811
1067.293135 297.159072
1067.815823 297.201828
1072.549730 297.005405
1060.633956 297.444672
1069.143879 565.361711
1072.915520 564.796132
1069.592008 565.114035
1074.089013 565.416685
1067.070580 564.928391
1067.717808 565.311621
1080.022579 296.255936
1076.984671 296.501029
1078.665402 296.340102
1077.086126 296.448628
1076.361820 296.509404
1069.936229 296.927185
1084.604745 557.547553
1080.302764 565.410588
1076.086607 563.626916
1083.008315 562.251552
1079.422282 564.830609
1076.101712 565.263757
1089.177253 295.632030
1090.798553 295.508476
1091.598131 295.513167
1086.544649 295.808530
1090.937581 295.486632
1090.153071 295.767063
1086.100538 565.885878
1101.634918 569.221999
1093.153039 565.164550
1099.483841 568.284977
1089.195997 565.477879
1099.749087 566.489446
1097.998574 295.315450
1096.166491 295.385120
1099.620809 295.344476
1097.717578 295.921995
1090.657314 295.679380
1102.661542 295.618451
1102.990146 568.961875
1102.596788 569.132380
1101.489456 569.261673
1099.459675 567.100649
1102.231066 568.780011
1107.441682 567.681880
1110.808499 295.146652
1107.705280 295.176281
1100.170094 295.240848
1104.078995 295.206565
1105.461421 295.101503
1109.223986 294.968250
1103.220836 568.592768
1104.699769 568.614128
1115.965615 565.901878
1117.540761 565.700407
1108.068429 565.253912
1108.123894 566.774261
1114.694376 295.313679
1122.106923 296.761813
1108.439646 295.060066
1114.693892 295.518536
1114.462357 295.248947
1122.750011 296.952190
1129.716781 564.709797
1121.130433 565.227228
1121.320562 565.176183
1122.362993 565.796040
1121.112132 565.216378
1128.980360 565.071378
1124.684750 297.969117
1125.293536 298.997113
1126.287193 297.867518
1125.035572 298.262072
1120.787817 297.107283
1124.635631 297.775493
1129.694407 564.087114
1139.792605 565.118934
1139.933539 565.088325
1129.667654 563.384813
1131.544816 565.129713
1131.078675 564.931816
1134.703323 298.988143
1141.273494 300.700682
1138.409432 300.838706
1137.054876 299.551474
1135.720305 299.020924
1133.827218 298.675590
1144.061569 563.456777
1139.291918 565.056496
1143.965121 565.060913
1135.054753 564.962364
1143.173600 565.134551
1141.477450 565.015095
1150.861980 303.193720
1147.679949 302.142065
1136.047814 299.194463
1144.974560 301.498438
1136.774757 299.376062
1150.583906 302.606645
1148.739514 564.810287
1150.718227 564.999824
1150.359796 565.050250
1145.000625 564.875646
1150.695224 564.770981
1149.894896 564.991200
1154.855867 304.893918
1150.683293 303.013884
1150.200705 304.793623
1157.018545 308.251354
1153.950468 308.340139
1154.491012 305.233433
1162.005844 560.077940
1156.347300 562.647176
1160.987243 560.868071
1160.933771 560.652974
1156.653537 562.480747
1161.081956 560.737981
1163.736694 308.823819
1163.874039 308.669757
1158.571224 314.899246
1171.488915 310.278320
1163.388298 308.554457
1166.927296 310.051065
1165.205825 558.363043
1168.286860 556.480151
1169.464991 555.804389
1160.765932 560.980969
1168.237449 556.573502
1175.432868 552.501336
1179.791615 312.011977
1168.185071 309.124153
1170.362468 310.023047
1176.545918 311.048276
1182.750443 312.340921
1177.619151 311.330062
1183.639487 548.491972
1177.187899 551.101337
1182.560727 549.636528
1180.751741 549.887215
1172.941114 553.451822
1178.192978 550.938648
1189.252754 313.501730
1180.816106 312.036365
1181.919100 312.234620
1184.008744 312.485768
1180.097733 311.478105
1181.978494 312.256987
1185.972830 547.308075
1184.433188 548.130580
1186.200000 547.292950
1185.701140 547.489884
1185.415698 547.805709
1183.733949 548.407013
1194.548066 313.710780
1195.932382 313.793359
1197.796288 314.025033
1192.792016 313.500584
1197.120784 313.939410
1193.106933 313.450133
1196.448101 545.380772
1196.353898 545.520302
1196.300339 545.593111
1202.299801 544.377227
1201.076542 544.584332
1194.957284 545.956706
1208.503035 315.383153
1205.707402 315.042304
1204.553162 314.885565
1205.394722 315.051497
1201.882499 314.550128
1201.275543 314.491582
1206.953855 543.518609
1197.055885 545.296241
1206.370989 543.538849
1207.863595 543.219845
1208.255308 543.188070
1209.431438 543.205655
1213.971422 316.246334
1210.404710 317.167196
1217.315226 315.549736
1215.443204 319.941029
1213.210383 315.520355
1207.637300 315.625743
1208.727356 543.159831
1212.846373 542.694738
1217.401693 542.122216
1226.191273 540.777168
1218.778057 541.939013
1222.443027 541.449449
1217.591659 316.144285
1223.330205 314.303168
1223.054853 314.263041
1224.074172 314.465835
1223.075410 314.498680
1228.976548 314.840196
1229.405161 540.066594
1224.990173 541.138262
1226.532057 540.792627
1222.048246 541.566394
1220.724299 541.780403
1226.804412 540.888340
1234.668748 314.142451
1242.323247 314.374271
1239.770863 314.343845
1234.977547 314.139947
1228.702996 314.903314
1234.577208 313.862590
1237.419299 539.627933
1234.780217 538.382443
1237.302522 538.870647
1240.305802 539.235381
1234.982728 539.560204
1230.337149 540.172475
1240.409809 314.241073
1251.183498 314.204344
1244.003682 314.287032
1236.116384 314.089208
1245.837126 314.219251
1245.495591 313.990635
1244.430392 537.932504
1236.560153 539.586085
1244.957084 537.428170
1245.365309 535.214451
1243.115850 539.156415
1248.048652 532.273217
1251.017484 314.217177
1251.594444 314.157985
1255.313541 313.931765
1262.563837 313.495884
1257.134992 314.050489
1257.639414 313.861378
1256.949557 537.803941
1259.933824 538.688109
1262.873746 539.646981
1254.291695 538.346779
1255.489804 538.822286
1247.609803 536.745145
1263.423141 313.537093
1263.421693 313.451555
1263.485990 313.527450
1262.417175 313.443732
1256.876608 313.970855
1265.964712 313.715583
1272.791747 540.282277
1258.601749 539.099063
1264.785769 539.747512
1264.908265 539.749378
1260.211069 538.139361
1265.138596 539.761686
1283.654504 314.080377
1272.238907 313.878450
1274.985495 313.897472
1269.052543 313.761000
1272.157222 313.843349
1273.262406 313.937272
1281.121366 542.217412
1271.333175 540.108194
1276.071368 540.389196
1277.568420 540.680655
1283.225370 539.133361
1276.785871 540.451730
1289.948945 314.268104
1283.912361 314.084024
1284.154087 314.095676
1281.320000 314.047585
1291.902154 314.333323
1281.259712 313.992249
1278.407943 540.055390
1280.980812 542.242708
1283.864943 540.709081
1280.178547 541.649935
1289.464557 537.559826
1292.207612 538.892976
1295.439933 314.521237
1298.233122 314.363131
1294.956809 314.515253
1294.825980 314.516606
1299.036453 314.299908
1302.865661 313.957815
1294.903572 538.857171
1295.293736 538.697471
1291.960630 532.613070
1289.856300 539.689680
1302.318093 538.285666
1295.247613 537.533097
1303.970918 313.889155
1302.506279 314.000289
1311.415593 314.197146
1304.663300 313.925439
1308.147258 313.892062
1297.333437 314.406622
1308.646575 538.161322
1305.158321 538.469581
1299.488505 538.531006
1309.296894 537.861343
1299.383435 538.483198
1300.948874 538.723754
1312.909082 313.687383
1318.224824 314.001827
1312.897041 314.066862
1313.937996 313.849586
1319.940567 314.143804
1319.823658 314.437106
1315.789975 538.829775
1313.887091 538.646449
1316.301983 538.632372
1322.181804 538.964420
1323.301228 539.082002
1311.908361 538.426882
1321.989603 313.982012
1324.005880 314.428269
1321.150395 313.580047
1320.960376 313.767185
1320.192897 313.569105
1325.454612 314.805167
1324.585589 539.238030
1324.633361 539.252565
1319.994780 538.911203
1334.711851 539.126246
1327.762867 539.052258
1326.800826 539.191782
1341.224033 315.141457
1331.665756 317.201406
1335.892982 316.388225
1337.688510 319.203203
1333.509354 316.655831
1331.728655 315.072604
1338.835289 538.956434
1334.080662 539.113810
1340.165330 539.103231
1334.590617 539.157014
1331.171482 539.103334
1343.636255 539.054746
1344.527715 315.810015
1337.753403 315.637824
1342.899082 315.160799
1344.257880 315.595559
1344.010172 316.491189
1341.618971 321.888649
1339.190048 539.020738
1342.849274 538.796150
1346.480300 539.126424
1351.655242 539.202516
1346.679398 539.159270
1350.004838 539.143643
1351.555843 314.953874
1350.578529 314.960835
1360.270554 317.398525
1352.568806 314.936984
1346.643948 315.163331
1350.381734 315.831096
1354.171655 539.215060
1347.730993 539.174244
1349.650021 539.134542
1358.047112 539.260770
1353.138285 539.154174
1352.329969 539.200073
1357.188495 316.282810
1372.822750 314.638606
1359.552042 317.332638
1355.124023 316.075432
1356.836547 315.547351
1364.336139 314.743317
1363.326467 539.228065
1360.792956 539.314586
1365.381709 539.307237
1369.274375 539.045934
1364.899842 539.305509
1359.333982 539.280739
1376.356663 314.404783
1376.582417 314.395269
1373.902411 314.526974
1373.982882 314.524325
1372.086845 314.710041
1374.270590 314.526858
1366.632469 539.029118
1373.125840 538.864741
1375.071835 538.391153
1377.486855 537.770132
1375.310961 538.105046
1371.340895 538.793053
1391.660641 313.965825
1379.307852 314.277665
1393.038980 313.670968
1384.211860 314.056454
1384.372491 314.065119
1385.705821 314.052852
1381.717770 537.969458
1382.746568 531.376365
1380.617010 535.949051
1384.288310 538.409927
1383.854641 538.321474
1385.235832 537.481182
1394.066177 313.607202
1390.373260 313.796678
1392.435097 313.770652
1392.491375 313.721563
1395.296087 313.599759
1395.943170 313.555155
1398.549240 538.588476
1394.418986 538.917654
1387.411042 536.607384
1403.064038 539.173107
1400.134278 538.968253
1389.225042 538.207165
1412.635964 313.744321
1404.239133 313.491552
1403.095335 313.314717
1412.928700 313.718607
1402.739513 313.314991
1403.833404 313.341021
1406.073706 539.445384
1397.120417 538.423568
1402.242193 539.059967
1399.027706 538.198567
1406.446946 539.493442
1406.389794 539.475905
1413.902392 313.795484
1414.403613 313.840537
1417.675182 314.175280
1418.268881 314.210968
1415.170291 313.990045
1423.599115 314.665493
1423.182891 540.272098
1417.209525 539.914397
1411.683560 539.670487
1422.898142 540.127859
1411.919662 539.592629
1424.712034 540.352929
1423.822373 314.738816
1418.011236 314.140699
1430.282332 315.923205
1425.144966 315.509623
1424.352780 314.912968
1428.426990 315.437908
1425.662221 540.415578
1425.133228 539.929204
1421.575617 540.195874
1422.994115 540.280576
1426.745108 540.449385
1424.411896 540.286178
1440.789299 316.919007
1437.118466 316.606021
1431.499313 316.031406
1437.822882 317.271751
1436.986782 317.590425
1436.587350 316.350092
1434.774254 540.808467
1435.873587 540.821394
1434.355358 540.786825
1444.508212 541.291309
1428.003683 540.426871
1435.057836 540.664653
1437.288838 316.266328
1445.078529 317.715944
1441.906989 318.228607
1447.191193 317.256422
1443.438181 323.358439
1435.229411 316.576485
1440.550391 541.084392
1439.062992 540.981016
1447.465575 541.165622
1442.089119 541.169618
1451.361936 541.719863
1447.247371 541.308854
1453.886583 315.980940
1451.861972 315.798088
1453.392479 315.844085
1447.050504 318.642144
1452.356224 316.004773
1457.237410 315.716554
1453.046433 541.715285
1450.793600 541.693438
1455.914930 541.297719
1451.924640 541.773659
1454.994611 541.539049
1462.667418 540.389275
1462.269326 315.662004
1471.203460 314.746526
1463.983817 315.348842
1466.184069 315.219393
1462.510084 315.820650
1458.839233 315.737520
1462.638064 540.771589
1462.228061 540.795113
1459.513734 541.128658
1456.912167 541.364690
1472.047838 539.780636
1469.473520 540.019446
1474.577015 314.658260
1473.941653 314.751016
1468.709711 314.964179
1474.386220 314.667577
1475.068968 314.667966
1471.756010 314.728042
1475.355034 539.320581
1466.910618 540.310316
1475.836361 539.074519
1477.879769 537.970817
1476.618705 539.146225
1478.133837 538.855166
1480.442715 314.651078
1482.268834 314.695430
1482.200338 314.693511
1486.435173 314.479462
1490.004504 314.249272
1483.942935 314.596577
1488.260855 536.331652
1483.977102 537.577795
1483.226343 537.859707
1488.755934 535.706809
1486.605543 536.818119
1483.230266 537.961015
1494.151745 314.046312
1488.396315 314.391296
1489.534788 314.339413
1499.214940 313.883743
1494.647217 314.034938
1497.204321 313.926437
1485.997264 536.798901
1487.909502 536.349949
1486.450850 536.452368
1491.571217 534.298401
1498.632485 528.366655
1492.650806 534.080053
1504.958757 313.756767
1506.480726 313.982766
1511.286759 313.752400
1512.321828 313.617006
1502.370806 313.901588
1498.640381 313.887688
1499.208963 532.417982
1505.605359 534.636946
1504.298287 533.428632
1505.650683 535.047678
1506.221834 535.244496
1496.186509 530.943467
1514.771420 313.649401
1515.447169 313.443132
1514.775470 313.670402
1513.825300 313.461231
1514.543497 313.642085
1504.315729 313.802446
1506.275280 535.360244
1520.640604 532.645967
1517.473022 532.802231
1512.119906 525.875256
1516.714383 530.160463
1513.354842 532.020738
1523.602039 314.270523
1517.042862 313.766404
1521.554606 314.251696
1523.927947 314.228445
1527.163326 313.530205
1522.550461 314.095583
1533.450423 535.184489
1524.545121 534.020770
1516.384544 530.207957
1521.859358 533.497047
1529.937481 535.139710
1530.492322 535.353795
1533.171520 317.215830
1533.255192 314.593628
1530.885745 314.439623
1528.022877 315.385340
1530.457142 314.745915
1540.665147 312.729581
1534.286079 535.620062
1534.376131 535.620602
1535.861746 535.631210
1534.365242 535.600456
1534.995754 535.712836
1531.157388 535.434392
1545.993372 311.397681
1541.085610 313.363577
1545.368242 311.294675
1537.322003 313.708556
1544.065996 312.241533
1546.646140 310.919328
1544.485506 535.354077
1536.058898 535.689434
1537.299705 535.674747
1553.678083 535.430996
1544.403662 534.672241
1546.535217 535.562413
1555.551079 536.545951
1555.203724 536.369747
1555.142790 536.341838
1544.881980 535.612916
1553.545794 536.326436
1549.878786 536.001907
1545.641300 311.468102
1545.614874 311.365092
1553.561033 310.833633
1554.257513 310.775552
1551.924621 310.963313
1558.967789 310.408400
1568.813774 534.543573
1557.450880 534.616543
1553.659325 536.368332
1565.328612 534.687784
1562.509222 535.329976
1563.163091 534.856607
1564.747651 309.978551
1564.719559 309.955199
1562.030594 310.312701
1556.979839 310.533391
1565.215720 309.877718
1564.866639 309.899565
1574.149333 533.189342
1571.011612 527.033696
1568.822921 533.872596
1574.148117 533.530135
1569.804208 531.088302
1575.420413 531.565065
1583.312827 309.257238
1576.703660 309.612374
1566.485511 309.861653
1572.842362 309.705910
1576.324558 309.648858
1573.171333 309.850391
1583.359182 532.238341
1578.815708 530.430229
1578.867389 532.240843
1583.298452 532.809808
1581.286153 533.232885
1573.057187 533.838217
1585.319519 309.246822
1581.270083 309.388485
1585.951173 309.214344
1582.896103 309.282239
1585.390953 309.221186
1590.911325 309.079847
1599.612321 534.112956
1591.338032 530.204720
1595.006614 532.917173
1590.700685 523.381688
1585.084448 530.402857
1600.052666 534.017087
1594.192299 309.108577
1591.730939 309.086510
1593.700831 309.093920
1587.130942 309.223702
1590.858850 309.083497
1600.112500 309.573100
1598.765787 533.841144
1603.845349 534.097841
1604.906083 533.971306
1604.487800 533.706406
1609.821462 534.018252
1601.742097 531.832972
1598.059619 309.202949
1603.217726 309.449162
1604.000217 309.496590
1602.995364 309.593003
1603.502831 309.454739
1596.752465 309.144289
1620.182541 533.836639
1615.151044 534.074786
1611.899336 533.851493
1611.277284 534.065682
1614.270865 534.135117
1614.696314 534.058755
1608.387199 309.764511
1613.879716 309.975696
1611.362253 309.839656
1608.773744 309.917985
1613.975713 309.959647
1613.042830 310.020514
1628.769077 533.147162
1621.325441 533.091791
1616.802451 533.933755
1622.306059 533.533811
1629.374319 533.633877
1622.549307 533.336040
1624.283228 311.735782
1623.405770 311.344533
1628.980813 311.710129
1625.159227 311.746938
1615.168767 310.245265
1621.386518 311.651933
1626.174767 533.078319
1636.090346 529.967443
1629.906880 533.278636
1631.033614 532.887638
1633.016626 532.844149
1634.304214 533.312775
1635.528071 312.576849
1635.702292 317.598610
1636.480333 312.155968
1631.691468 312.374922
1630.115934 312.310764
1632.171854 312.986085
1644.251382 532.434513
1635.379631 531.554058
1652.749827 534.132534
1643.020399 533.091056
1640.220798 533.132091
1645.122876 533.572977
1645.543483 311.971892
1641.849494 311.487074
1640.591796 311.600492
1644.958242 311.613609
1645.356680 311.648529
1644.817175 318.280595
1659.385686 533.450103
1652.540615 534.277505
1655.991705 534.007075
1650.625010 533.900725
1652.893009 534.346682
1661.743999 533.370395
1646.161738 311.360435
1657.157491 310.950580
1653.642887 311.085021
1655.055333 311.156742
1654.649884 311.209727
1647.063702 311.288348
1671.934212 532.621533
1672.730930 532.508754
1670.133917 532.711189
1659.880160 532.859895
1664.984925 532.915822
1655.212885 534.134724
1663.663406 310.871639
1662.840656 311.393089
1665.237627 310.789642
1662.187418 311.719705
1657.298241 311.205491
1663.962162 310.764040
1664.450259 532.986538
1677.880034 531.741042
1673.903966 531.820738
1676.235440 532.116654
1669.775612 532.730667
1672.558745 532.503015
1674.060592 311.142378
1676.907519 311.208201
1668.552886 310.993284
1674.554544 311.186122
1674.835313 312.728539
1670.915856 311.092606
1687.917067 529.375951
1688.950214 529.251250
1686.241775 529.990427
1684.531746 530.542113
1675.957765 532.156015
1683.092957 530.726268
1680.949812 311.787752
1678.682329 315.526887
1674.671590 311.083083
1684.647348 311.356044
1682.639374 311.385030
1683.845150 311.201915
1692.844189 528.608678
1697.559886 526.911615
1690.821435 528.741732
1695.217294 528.857376
1689.715216 529.322740
1698.384590 529.587326
1689.659707 310.601486
1694.243869 310.278022
1701.094316 309.704745
1699.422321 309.771689
1701.367312 309.731527
1697.775658 309.894810
1705.512793 530.275098
1707.666446 530.067871
1697.434620 526.281930
1699.324772 524.294238
1711.590831 530.444176
1701.731537 530.079205
1704.136366 309.574961
1702.471511 309.754413
1699.462799 310.104615
1704.640156 309.507765
1701.728612 309.770192
1703.446090 309.570260
1719.711114 534.413485
1716.763004 529.591890
1720.217286 534.229008
1711.109904 529.670157
1711.609054 529.311153
1705.708371 527.942530
1716.725389 309.060691
1714.663328 309.222551
1714.693976 309.382590
1712.255332 309.694598
1717.985825 308.994448
1711.435868 309.430383
1713.574706 530.326044
1726.193666 530.598795
1724.158222 532.007279
1720.470793 533.219146
1726.079320 531.681020
1725.666684 530.816387
1728.290244 308.858668
1716.349128 309.455684
1725.292728 308.721110
1721.865062 309.688583
1723.907479 309.100417
1722.123720 309.093574
1725.591764 531.091592
1738.654971 530.025886
1724.351310 532.390629
1733.232004 530.646473
1734.237042 530.258261
1734.429139 530.249058
1733.506374 309.310757
1730.909638 308.927031
1726.050238 308.845965
1736.066331 314.031080
1741.941829 307.964156
1733.853536 309.969540
1746.530476 529.811288
1749.489558 529.886041
1736.546008 530.599640
1736.642901 530.219157
1742.538718 529.787262
1742.324448 529.941994
1740.083572 308.152972
1744.487728 308.085802
1748.473659 309.834161
1744.078944 308.808356
1747.318972 307.823836
1743.215383 307.984228
1757.055575 529.837393
1755.972906 529.812145
1748.652878 529.786229
1752.058268 529.802056
1756.465702 529.818676
1747.862911 529.786856
1749.532827 308.022717
1753.361929 308.175676
1758.857892 307.893251
1745.660410 307.989614
1746.482729 307.942012
1760.264242 307.980284
1762.080610 529.958541
1770.078930 529.967782
1771.742606 529.873585
1763.928700 529.989596
1759.731343 529.881163
1759.050316 529.908515
1764.201182 307.863223
1767.039254 308.026316
1760.761789 307.836165
1764.797327 307.894943
1768.552066 307.996138
1762.437113 307.919116
1774.374955 529.410813
1774.083738 529.407734
1769.687590 529.764100
1771.193673 529.907334
1773.445911 529.350447
1765.940825 529.816713
1771.851416 308.053456
1773.159628 308.008961
1771.713800 308.010050
1773.256500 308.027835
1775.423411 308.055323
1770.536085 308.227774
1783.220875 527.218354
1782.258835 527.511917
1779.621342 528.155785
1783.117040 527.180897
1779.356677 528.176325
1776.738949 528.833430
1784.257768 308.358897
1784.597214 308.389514
1775.829618 308.073876
1786.923207 308.349596
1784.836629 308.352790
1784.272668 308.282707
1796.781881 522.849277
1786.293605 525.583313
1791.507667 524.709396
1797.203246 523.505966
1791.804097 524.594197
1791.804251 524.715455
1794.037677 308.873137
1788.334210 308.556777
1789.369078 308.567373
1801.558754 309.568275
1797.100908 309.196416
1800.097289 309.405181
1801.675980 523.229397
1806.089488 517.867899
1804.800131 521.538836
1800.035732 522.272167
1809.871671 521.695764
1794.366032 524.471088
1803.662064 310.012940
1806.366974 310.101651
1805.029601 309.929163
1810.974166 310.605754
1799.142581 309.434350
1796.919136 309.096819
1815.434262 521.049222
1808.339475 520.556199
1804.220137 522.623153
1804.497394 521.836205
1811.515770 521.403279
1816.252420 521.386872
1818.161462 311.814569
1814.080243 311.172830
1812.924033 310.922990
1809.864068 310.531638
1811.245290 310.656061
1815.776049 311.427595
1826.200303 522.988214
1822.709348 522.278818
1826.663952 522.847847
1817.727847 521.024189
1819.909459 522.005725
1822.926112 521.998909
1824.330390 312.766706
1825.356677 312.924194
1826.606567 313.076000
1821.439896 312.311299
1824.134071 312.734394
1826.558285 313.073254
1828.780462 522.676066
1828.286213 522.749315
1834.349456 521.472234
1832.637071 521.763555
1827.755677 522.548543
1837.995320 520.333945
1839.209659 314.760797
1834.121955 314.213573
1833.894987 314.285251
1829.270592 313.512395
1833.615767 314.231742
1833.844687 314.287549
1842.396239 520.340106
1838.939824 520.614189
1840.848425 520.406337
1844.355415 520.119999
1842.481427 520.319677
1841.511123 520.385561
1849.284000 315.650273
1836.856103 314.572915
1844.762268 315.255802
1839.647712 314.865676
1845.037961 315.305525
1840.427667 314.958880
1848.059074 519.822142
1852.525151 519.141342
1851.820395 519.548150
1852.462263 519.452104
1848.298424 519.821872
1851.542354 519.442078
1861.902386 316.529713
1855.351026 316.204764
1854.097101 316.037493
1859.815193 316.947848
1847.514113 315.748738
1854.162461 316.018613
1860.532032 517.713137
1860.819181 517.613046
1861.743556 517.480581
1864.333290 516.964245
1868.114519 516.175036
1867.038346 516.361445
1857.056880 316.316737
1857.477976 316.696754
1862.568535 316.594190
1861.345954 316.621605
1862.574453 316.719299
1854.943582 316.132763
1868.509581 516.090560
1870.802616 515.602304
1880.938274 513.520503
1873.812422 514.982165
1868.730592 516.030260
1874.144934 514.924594
1872.557232 319.538740
1871.613285 319.440879
1872.448569 319.309187
1879.719318 324.455183
1873.945251 319.789181
1874.030373 321.239222
1885.602374 512.511279
1881.107641 513.499448
1879.405944 513.802385
1879.972371 513.702853
1883.828837 512.796038
1881.072504 513.505584
1879.651208 325.866125
1884.021268 321.629391
1888.033225 321.139240
1882.630547 321.359167
1878.846010 322.727794
1887.775087 321.112304
1892.753463 510.857840
1889.125616 511.694723
1888.405980 511.891894
1892.438116 510.861122
1885.284568 512.581459
1894.613866 510.444662
1884.899360 321.163074
1899.075227 322.550052
1886.885612 321.125674
1888.914652 321.351152
1889.629517 321.579392
1895.924486 322.194627
1895.687232 510.127384
1901.291860 508.882465
1901.762301 508.713582
1898.428609 509.540106
1901.242041 508.889467
1899.165147 509.372038
1897.383746 322.189266
1903.107631 323.626021
1903.090518 323.515064
1893.554498 321.899545
1896.491321 321.915656
1904.533568 324.462051
1912.891746 505.571650
1906.363362 507.454324
1911.494363 505.953077
1905.905358 507.607113
1908.881454 506.659704
1913.034877 505.397246
1904.240545 324.526926
1903.244244 323.668712
1914.577618 329.875994
1914.684484 328.592180
1909.812084 326.620602
1920.855488 330.975024
1919.017848 503.467130
1916.654122 504.340417
1911.046183 506.133608
1921.714933 502.576248
1916.140598 504.473032
1919.210804 503.359709
1916.896737 329.444510
1917.728869 332.971404
1916.298733 328.764577
1915.821021 335.296215
1925.478203 331.698361
1924.520448 330.787412
1935.101994 498.083681
1929.779942 499.849250
1924.812926 501.146664
1927.327944 500.642992
1934.589421 498.029030
1933.074473 498.771186
1927.009334 331.146742
1932.256148 332.543522
1933.845435 333.379932
1924.943321 330.600926
1927.076618 331.009274
1930.015583 331.698755
1936.263989 497.550380
1935.023375 498.071985
1941.834790 495.331774
1931.151696 499.295307
1936.115318 497.107379
1930.989637 499.437180
1943.176099 335.654106
1932.911689 333.925391
1938.666919 334.639569
1932.834356 332.944646
1939.126180 334.593552
1935.450801 333.404888
1951.782170 491.319529
1950.718440 491.691754
1939.464575 496.304581
1947.863315 492.822348
1947.814033 492.872093
1952.292677 490.930340
1949.631189 338.756566
1949.206088 338.469602
1951.397288 339.756008
1942.494568 335.548608
1950.937906 339.733521
1947.136697 337.596487
1951.728862 491.370658
1956.594742 486.644064
1960.190316 483.783186
1955.623362 487.871820
1955.239325 488.404951
1959.468532 484.073617
1967.193321 349.583562
1963.665196 349.275213
1962.617161 346.565430
1954.244481 341.126299
1954.534856 341.306254
1962.072308 346.040006
1957.358518 486.334493
1964.591166 479.743469
1964.105670 480.258489
1970.198819 474.512844
1967.972962 476.573588
1963.395169 479.903898
1971.311680 351.720485
1971.783895 352.189511
1972.663117 353.007084
1975.298723 354.177271
1969.437209 350.691474
1966.757662 349.918416
1970.374657 474.309143
1969.276254 475.367506
1975.035622 469.632003
1971.667264 472.998067
1976.971125 467.503191
1976.986047 467.580907
1974.065746 353.991928
1969.491934 351.674609
1974.519004 354.444698
1975.529121 354.597075
1974.442059 353.782408
1977.703643 356.443715
1984.473152 458.099049
1981.352431 462.641265
1981.012443 462.685598
1983.470209 459.466342
1981.326530 460.211614
1978.512306 465.342333
1979.613441 359.124080
1978.383605 357.301558
1987.647375 366.864715
1984.014916 362.257326
1983.875719 362.240265
1984.958075 363.063095
1987.357003 453.681929
1979.701733 464.181426
1982.504773 459.323728
1986.374935 454.189246
1988.821795 450.138666
1988.688519 451.033830
1987.914445 367.167870
1991.373178 372.556390
1988.183660 367.841016
1989.877425 370.349092
1988.799580 368.701136
1987.314417 367.429091
1994.405988 441.362430
1990.643819 446.320916
1992.989579 443.078180
1986.267775 453.678035
1989.639630 448.439707
1996.230615 440.797318
1994.939556 378.925106
1997.815245 384.927574
1997.870089 385.078201
1995.260454 379.371933
1994.820342 379.054403
1989.956236 371.058546
1993.711714 440.570706
1998.700880 439.063842
1998.581220 439.634057
1997.336182 436.629782
1998.359115 437.280768
1992.440610 441.484194
1998.080345 385.879657
1998.316229 386.081833
2000.471745 391.818426
2000.282106 391.113987
2000.965291 393.545542
1999.661226 389.634220
1995.658818 409.611236
2002.554365 408.815556
1999.979878 407.600271
2000.616800 419.076299
2000.968973 410.311779
2000.422290 419.603065
1999.367206 426.860634
1999.345515 424.507809
1999.210944 424.664635
1998.098166 428.485891
1999.508740 426.331551
1997.429518 427.176046
2001.750891 398.375240
2000.855844 393.094592
2001.562671 397.081779
1999.980054 390.275834
2000.183029 391.676894
1999.885212 390.331100
