458.016274 406.098771
455.938632 410.624187
458.115415 402.807647
458.778107 404.222111
459.475249 401.818022
457.504812 404.884017
456.682558 411.037527
452.035517 418.840985
456.861937 407.464481
455.544216 412.389052
453.347168 420.127793
457.410045 409.403898
454.768292 423.332255
452.068836 418.892159
454.688908 422.492562
454.026951 422.204967
454.182852 422.319259
454.779766 422.912531
453.982041 427.642323
453.164673 429.724816
454.385763 437.623971
453.538628 432.480208
453.065779 433.297062
457.062310 439.543521
455.595838 438.322526
459.708933 442.554327
454.937130 439.444633
458.059225 442.071683
453.859521 440.903465
455.616232 451.393065
453.876682 453.816535
456.851628 448.041486
451.381435 460.053351
460.284857 450.002046
452.995714 458.761444
456.029679 451.544850
451.494590 459.835970
452.886936 460.183495
459.119351 461.732590
456.568768 466.668238
451.240958 460.109555
456.275690 456.769568
464.445528 384.256611
461.456915 392.659549
462.916105 389.285766
462.301160 396.050623
461.122293 394.036444
459.052975 400.538471
462.798127 473.823498
460.167755 472.044838
460.082677 471.389967
459.070807 470.367622
457.290688 467.578547
461.105705 473.204077
465.599648 382.134603
465.079564 382.574263
464.718246 383.177095
463.894054 384.453610
469.221299 379.244544
463.612628 385.908609
462.515693 474.946432
466.081514 479.246669
465.988481 478.741231
466.941695 479.045309
463.729423 475.993132
461.997446 474.030567
468.991358 482.912615
474.361523 487.985672
477.681320 482.919181
472.132389 484.834562
469.502696 482.785290
472.058539 485.723906
478.421651 369.331457
474.291942 373.726452
470.076045 378.197389
474.857481 374.176372
470.079553 377.934286
479.550060 368.353582
482.182213 501.115792
477.206225 493.249397
476.555813 491.948018
480.544117 495.537812
479.216986 493.192255
477.023331 493.077958
478.571482 369.104041
484.508987 364.832076
485.571701 364.082659
485.364999 363.576274
480.568560 366.738064
480.463960 366.797965
490.576879 507.153889
482.221816 501.228293
484.077077 502.323592
479.841532 497.004195
479.856829 497.595629
482.421553 501.732195
492.187280 357.881935
486.179898 363.745816
495.594228 355.052795
493.114768 357.075796
489.151172 360.504437
492.597805 357.714115
489.569955 507.526080
490.135362 508.226420
491.551948 508.782550
491.240667 509.145569
490.872111 507.595061
495.003735 512.716532
495.741737 354.739708
496.127031 354.506255
494.890186 355.529108
500.896240 352.105830
502.679385 350.003385
501.238770 352.000910
505.593908 521.740499
501.604895 518.224820
504.643135 520.797843
497.789118 515.288477
496.699015 514.381168
504.410522 520.840697
509.652037 346.554578
507.180736 347.798369
509.277718 346.549196
505.180381 348.782576
505.844444 348.295617
502.468083 350.141308
508.392941 523.561845
505.320708 521.570263
513.814358 526.791698
508.632116 523.692884
509.115283 523.140942
506.891982 522.449676
515.020667 343.628414
516.469357 342.958274
515.965041 343.356865
517.731710 342.418108
516.835735 342.758806
524.044787 340.206194
518.225408 529.266220
523.538862 531.503200
517.261815 528.676784
523.548856 531.414224
518.569436 529.357910
517.234111 528.737415
523.293091 340.421170
520.496569 341.563811
526.053844 339.493778
529.668834 338.312727
521.853098 341.241623
521.084976 341.231397
519.944499 530.015100
534.064808 536.059153
532.954411 535.182601
522.699037 531.025910
531.900096 533.690470
523.618534 531.557573
529.969226 338.191898
533.960783 337.048515
536.128676 336.861226
534.287791 336.975304
540.436029 335.356371
531.280521 337.979145
534.569308 536.289969
534.245875 536.073203
531.355482 534.317782
533.929723 536.031526
535.903552 536.709907
536.409460 536.927472
546.180369 333.914188
544.410802 334.323008
543.393800 334.742019
543.205637 334.873708
540.265463 335.444599
538.010889 335.940695
552.288847 542.167324
549.409248 541.262436
545.574116 539.968446
544.997968 539.788598
541.662822 538.652733
540.608373 538.323539
547.988713 333.514212
554.747622 331.917564
553.293080 332.082428
557.027566 330.832081
557.249073 332.490160
545.739215 333.974471
560.003352 544.960540
564.211939 546.416360
554.816664 543.069766
553.663132 542.366989
552.286849 541.894567
553.650182 542.735596
562.329880 336.591274
559.112317 333.181532
561.916277 332.163016
560.218591 330.695068
558.270662 331.172673
570.758284 325.494574
570.891451 548.685238
563.863281 546.188094
565.574661 546.974087
566.489024 547.306818
564.562515 546.607256
569.233194 548.201885
574.880102 323.745696
569.053130 325.930198
572.460643 324.607195
570.844804 326.530446
573.105057 324.248966
568.965226 325.901248
578.917991 550.915084
578.712323 551.370911
574.301235 549.383784
575.589592 550.141891
575.518026 550.040132
574.840278 549.849370
576.902792 322.835289
586.611931 319.714477
592.845775 317.297903
575.421205 323.367414
579.120952 322.179232
584.055524 320.391316
583.720314 552.889190
583.372595 553.300233
583.872101 553.198784
585.797052 551.743272
583.851279 553.089842
586.625804 552.665903
590.600964 317.693685
590.607645 317.641429
589.834226 319.325472
596.389392 316.753734
591.479642 317.409871
593.258865 317.113873
590.197368 551.878466
594.200018 552.818192
595.114822 553.152760
594.008379 552.584131
584.824483 553.162690
597.721791 553.031032
597.529341 316.885063
600.965594 316.654932
595.915738 316.805406
606.757704 316.475146
601.859264 317.233267
598.178085 317.217051
607.844224 553.526066
608.074385 553.481929
603.364832 553.385567
603.405409 553.347319
605.093352 553.449111
602.941584 553.400024
614.333026 317.087567
602.908463 316.585027
607.568493 316.603328
608.804348 316.820350
618.454091 317.168483
605.627511 316.493373
610.799865 553.502962
619.677547 550.822682
612.074044 553.541785
619.669365 553.242640
615.628323 553.747972
614.352546 553.182582
617.789164 319.738409
618.479334 319.460456
621.130160 318.600994
619.952858 317.489728
623.684704 318.230315
611.409017 317.385256
615.716860 553.739467
627.278800 552.182978
625.057919 550.818874
621.158981 552.788052
632.372867 550.858220
632.386094 543.080242
623.948794 318.071565
627.592765 317.857577
626.729783 317.013071
634.756213 317.004938
623.644971 318.417900
626.711821 317.190899
634.257795 552.882424
623.439441 553.049295
631.956270 552.488400
633.599291 552.210827
640.210695 553.392853
631.576303 552.404215
641.662176 316.324552
639.562210 316.568205
641.493541 316.390849
641.511227 316.321593
637.870281 316.737966
642.278315 316.286151
645.163711 554.069799
644.862179 553.828624
634.551685 552.380382
641.248039 552.830654
643.413725 553.832217
640.568732 553.556652
645.611646 315.749679
658.367016 314.061797
649.694533 314.927459
648.335189 315.272160
650.676538 314.820024
657.927289 313.975462
645.612901 554.067864
646.578098 552.484258
659.411020 554.274959
644.616139 553.450266
652.563153 553.638156
650.447235 553.777148
667.111485 313.027198
657.046829 314.323335
662.858152 313.434547
660.135193 313.816587
652.252978 314.763033
653.145032 314.598025
662.085859 554.218817
663.490955 554.138287
665.035852 554.368995
663.776401 554.115390
658.276973 554.213723
652.678266 553.922992
674.748676 312.743016
674.322994 312.721189
671.637771 312.788529
665.990755 313.102728
667.985834 313.202123
670.113326 312.872008
673.946628 553.191259
670.048016 553.618584
672.799783 553.076265
667.655682 553.825880
664.651575 553.914498
670.454575 552.819870
679.158110 312.629289
684.452704 312.184508
686.508042 312.543458
684.446536 312.172209
682.659766 312.328119
679.974943 313.154197
678.926825 551.359880
682.464140 553.461630
678.405219 552.101300
686.494100 554.335719
680.476817 553.370213
689.006605 555.396549
688.463685 312.286719
688.728530 312.985999
688.147084 312.281135
687.655574 312.214829
690.842280 313.452739
688.983919 313.223419
689.919824 555.762759
699.674849 557.564365
690.972077 555.989609
698.215951 557.326225
690.938168 556.061561
692.318313 556.330086
696.529519 313.312697
693.679265 312.474888
702.886807 312.110921
694.604446 317.218070
700.453718 312.802714
709.038295 311.336932
703.244780 557.846980
695.888888 556.541014
705.534454 557.863482
702.268160 557.971417
697.366061 557.087367
701.849204 557.937061
715.752329 311.897715
707.069184 312.238181
719.397369 309.581057
714.054540 311.152998
718.915780 309.958175
713.979958 316.065870
710.621059 558.253311
706.541856 558.100415
705.988803 558.090517
711.477203 558.356876
712.365411 558.389273
717.906339 558.464624
726.437517 307.955252
718.040832 311.037528
718.995335 309.088183
717.577494 311.507592
719.368712 309.192704
712.360861 312.412087
719.755005 558.476260
717.659183 558.446501
722.548631 558.521093
718.967960 558.410919
721.082610 558.489844
717.973905 558.451128
720.426426 310.922513
727.678045 307.974220
730.745981 307.447775
729.858893 308.270436
725.068240 308.076892
726.787232 307.806693
729.570198 558.688896
733.187619 558.783415
733.890780 558.768479
727.090564 558.401195
733.937856 558.801950
736.624613 558.734860
743.912899 305.830573
738.243145 306.128407
737.474327 305.980899
742.934317 306.001664
738.333407 306.018137
737.365206 306.039531
742.464883 558.400895
746.214978 558.668982
744.007916 556.927997
738.653851 558.511670
733.896685 558.623169
749.682837 556.815818
747.701704 305.398526
745.009719 305.737042
754.227249 304.942213
750.371883 305.208458
748.519008 305.340194
746.819390 305.515201
754.103069 552.154483
760.180239 558.523267
760.991373 558.676400
753.932924 556.668098
759.213461 558.626180
745.214080 558.552828
752.977099 305.122770
762.305699 304.440199
754.813550 304.929340
753.169489 305.004871
752.998824 305.026615
763.304556 304.539987
762.589095 558.659542
759.462625 556.180519
752.935403 557.408713
761.203576 558.542943
761.994784 558.692348
762.617238 558.791199
760.324732 304.650121
762.863829 304.460699
773.124974 305.243861
774.376915 305.356361
775.412195 305.780951
768.058476 304.992106
771.056583 558.974441
770.940726 558.957079
779.255203 559.457960
768.608503 558.541320
779.759102 559.136403
770.720525 558.957280
781.426251 308.036546
776.597267 305.743092
775.298425 305.606563
779.951337 305.074056
780.884350 310.813432
776.002641 306.111588
790.099197 560.161690
788.571461 559.432006
780.082813 559.418241
785.540355 558.773556
785.141217 560.080759
779.525048 559.351361
793.134450 304.949952
790.627204 305.867863
780.908226 308.450771
788.131461 305.832087
785.158026 306.197292
781.555690 308.546899
800.546076 558.527438
797.605483 561.628583
784.476939 559.538483
799.916005 561.231971
797.592489 558.438084
783.960058 559.675703
805.556969 301.422225
797.924211 303.979920
804.392490 304.074759
792.622678 304.990293
799.249203 304.280371
796.253829 304.366253
798.119712 561.727584
797.495738 559.490656
811.030292 560.589450
804.356503 555.190815
798.966879 558.759845
801.556530 559.395268
805.316445 301.741935
804.506284 301.521164
801.581340 302.822526
802.659713 302.769688
804.162276 302.385933
813.042951 303.355946
810.017426 559.270412
807.210157 559.187713
818.990449 561.835152
814.977942 561.055089
805.588909 558.295352
812.058542 560.284839
820.690415 303.996683
809.798732 302.935343
817.456520 303.597914
821.532621 304.045207
817.930131 303.841420
810.659148 303.584617
815.530145 561.575468
824.528280 562.872779
822.050154 562.442506
816.251874 561.133083
824.138266 562.862852
822.917818 562.623202
827.991499 304.494647
833.315287 304.368070
826.575337 304.298888
829.320406 304.707545
836.083632 305.770285
828.817237 304.613092
829.333625 563.056693
837.782768 563.909754
839.586533 564.306937
831.484811 563.271588
829.917111 562.996893
830.968660 563.344535
838.783573 304.341362
836.308735 304.822240
833.983262 306.267637
839.456188 304.675580
840.813539 308.718412
833.101812 304.670151
840.034399 563.893353
843.692907 565.036894
848.918594 566.785273
846.305589 565.706401
842.725951 564.877609
843.114840 562.932881
843.924664 303.064138
847.081690 303.396531
846.775553 302.729076
847.340361 302.519466
841.696694 303.851479
841.664370 303.372634
848.341091 565.026780
855.589780 563.013086
849.916473 565.618675
849.059412 566.640483
849.054830 566.638804
850.002391 565.725963
857.725126 301.149494
858.534195 300.844456
852.101689 301.874202
855.463989 301.290697
848.205004 302.281477
860.897053 300.653279
865.247603 561.636568
855.569512 562.823673
870.646096 560.487216
869.972138 562.245073
863.585393 557.135456
862.138407 561.272515
868.979322 299.836907
859.019028 300.772786
865.871565 300.224331
864.713119 300.598026
866.653538 300.029358
867.202744 299.977197
875.800159 562.071341
874.402947 562.765641
873.915726 562.170861
881.825530 564.210181
869.563312 563.060738
871.303889 557.116879
878.025973 299.265086
884.739347 298.738322
877.641599 299.215565
870.554176 299.731333
871.603412 299.712639
879.273020 299.094812
881.852418 564.215236
885.636782 563.600309
880.642304 563.704863
884.741767 563.969298
881.757784 564.097667
881.286553 564.020460
886.133954 298.723760
892.482190 298.217494
895.111203 298.299252
892.055719 298.195761
888.806819 298.408919
891.836240 298.172803
898.079894 564.653903
892.424079 564.472736
889.586077 564.105968
894.121166 564.588035
897.980406 564.672364
895.979016 564.649796
891.743650 298.215078
898.381526 297.981852
900.128231 298.140470
897.206826 297.956099
898.623680 297.904160
900.759441 298.073605
895.819494 564.614610
902.259202 564.582547
898.534125 564.560611
911.047078 564.502008
894.061498 564.541852
895.715774 564.388505
907.045730 298.048020
906.947406 298.045743
908.660600 298.141568
898.411871 297.913736
906.422611 298.060577
904.435829 298.018892
916.368474 564.468883
914.458945 564.465972
914.218329 564.465536
906.498688 564.511506
910.442443 564.509062
912.155660 564.501346
918.609387 298.517456
916.161678 298.399562
914.593749 298.329825
920.056277 298.641149
915.389763 298.371330
917.203234 298.461321
920.501878 564.510410
931.347665 564.754186
920.605948 564.480555
919.119262 564.506390
915.391299 564.466597
927.636487 564.651618
932.210345 299.112912
921.850802 298.685936
929.707599 299.108040
936.518747 299.469081
925.086624 298.853142
931.290593 299.170344
930.067499 564.707426
926.867235 564.717384
929.612414 564.720784
925.518486 564.619568
930.453197 564.725466
937.378318 565.029640
939.160873 299.530122
935.919820 299.422078
934.497421 299.376441
936.366814 299.476884
934.953406 299.113913
938.917201 299.533812
936.091325 565.016339
933.121356 564.837407
942.491864 565.328723
938.565003 565.070562
944.131268 565.435481
939.008358 565.071143
947.525342 299.134237
952.400839 298.840753
944.849544 299.234434
948.333973 299.096230
946.275078 299.206807
954.736719 298.645589
949.665232 565.630396
947.219579 565.546647
950.659502 565.489438
952.173824 565.688171
952.093147 565.703880
955.525922 565.735135
957.351976 298.499783
957.019030 298.515744
952.330718 298.842009
954.185383 298.707250
949.339606 299.003995
959.842830 298.348318
963.030081 565.650746
957.084080 565.809140
966.497934 565.980063
959.715838 565.672991
963.105704 565.636901
958.233854 565.740858
972.288426 297.689727
972.357386 297.552515
971.553333 297.612116
966.928856 297.986913
966.217106 298.065667
968.768724 297.818755
975.714244 566.851077
970.742956 566.333455
972.164796 566.459705
966.464022 565.973830
965.936089 565.899466
962.958405 565.619542
974.230538 298.123171
975.303671 298.059255
980.555384 298.494688
968.322802 297.929261
976.632275 298.240110
973.843467 298.321122
987.152910 567.636432
991.109335 568.334973
983.821694 567.418682
980.564303 567.224604
985.233963 567.606873
987.332898 567.971909
991.251563 298.963903
982.084799 298.540153
986.768479 298.769505
990.056990 298.927829
991.638507 298.974942
985.209563 298.714401
988.104746 567.904258
997.107240 569.053504
991.836741 568.467862
995.042679 568.853315
1001.334254 569.400375
994.927676 568.824867
999.088786 298.904895
991.898347 298.920855
998.542050 298.960998
997.599592 298.883858
1001.801928 298.965958
995.815115 298.953139
998.520265 569.083141
1002.119976 569.491420
1004.902185 569.642146
1002.933613 569.284124
998.980966 569.246001
1002.728691 569.543591
1010.284405 298.951577
1001.737540 298.958452
1005.910474 298.816391
1011.148801 298.946501
1005.322777 298.856132
1005.407968 298.822818
1011.335873 570.110522
1017.738312 570.405851
1013.090392 570.153084
1010.614922 570.058786
1011.970151 570.128194
1018.605958 570.266675
1011.098089 298.857603
1015.792476 298.763758
1019.959037 299.201132
1017.962974 299.087672
1021.233919 299.322681
1015.945080 299.106595
1024.757650 570.265333
1022.892223 570.699034
1021.309431 570.546052
1023.714871 570.479444
1026.465274 569.575409
1025.071881 570.213496
1022.492534 299.347586
1028.426863 299.397830
1026.496474 299.458213
1027.441041 299.468498
1027.105370 299.457346
1024.925534 299.389855
1035.836731 568.296289
1038.443864 567.447258
1035.630135 567.880454
1031.404692 568.883311
1040.410766 566.772695
1022.713234 570.707359
1041.159406 298.921091
1037.052313 299.324060
1038.750865 299.229431
1037.763675 299.257333
1033.430456 299.419888
1035.305318 299.362551
1051.019572 565.498963
1051.347515 565.244220
1042.110291 566.369085
1042.806424 566.217242
1049.772112 565.429511
1042.735548 566.200286
1053.732692 298.128533
1047.470708 298.619753
1048.054504 298.538995
1055.962677 297.979855
1045.863990 298.691986
1044.944841 298.791760
1054.012830 565.044531
1053.939632 565.132837
1050.768818 565.325658
1052.271769 565.150934
1049.283274 565.479383
1052.331495 565.158685
1058.615886 297.637686
1060.557316 297.475295
1057.734296 297.765970
1057.884754 297.728996
1058.281138 297.794682
1056.422640 297.906774
1058.739638 565.164542
1059.762825 565.200499
1053.860430 565.037690
1062.676757 565.643663
1061.452734 565.387974
1056.851663 565.106918
1067.789953 297.147547
1070.968219 296.953811
1067.293135 297.159072
1067.815823 297.201828
1072.549730 297.005405
1060.633956 297.444672
1069.143879 565.361711
1072.915520 564.796132
1069.595447 565.167020
1074.087069 565.572825
1067.072341 564.966515
1067.717808 565.311621
1080.021876 296.246025
1076.984671 296.501029
1078.665402 296.340102
1077.086126 296.448628
1076.361820 296.509404
1069.936229 296.927185
1084.644865 557.679369
1080.293790 565.599478
1076.115298 563.724790
1083.000401 562.454322
1079.415289 565.017060
1076.103534 565.411934
1089.175350 295.604836
1090.795895 295.471996
1091.595791 295.458893
1086.544649 295.808530
1090.937581 295.486632
1090.151087 295.723182
1086.075748 566.119722
1101.605476 569.316616
1093.090021 565.339899
1099.457406 568.390676
1089.170480 565.627524
1099.747770 566.605387
1097.998574 295.315450
1096.164030 295.295536
1099.617092 295.252286
1097.720076 295.834958
1090.655326 295.639796
1102.667953 295.536390
1103.014902 569.063697
1102.596788 569.132380
1101.489456 569.261673
1099.445712 567.185359
1102.200165 568.905242
1107.441682 567.681880
1110.812631 295.005705
1107.704248 295.047116
1100.170094 295.240848
1104.071347 295.081481
1105.461421 295.101503
1109.223986 294.968250
1103.233545 568.679517
1104.699769 568.614128
1115.965615 565.901878
1117.540761 565.700407
1108.068429 565.253912
1108.123894 566.774261
1114.694376 295.313679
1122.106923 296.761813
1108.436055 294.929763
1114.693892 295.518536
1114.462357 295.248947
1122.750011 296.952190
1129.715762 564.728572
1121.130433 565.227228
1121.320562 565.176183
1122.362993 565.796040
1121.112132 565.216378
1128.980941 565.086744
1124.683542 297.890878
1125.303297 298.945931
1126.294652 297.810132
1125.035572 298.262072
1120.787817 297.107283
1124.647884 297.709896
1129.695044 564.104503
1139.793103 565.165784
1139.933378 565.163196
1129.670049 563.406597
1131.545334 565.155628
1131.078386 564.949613
1134.703323 298.988143
1141.355276 300.386744
1138.460113 300.668528
1137.086524 299.372684
1135.720305 299.020924
1133.827218 298.675590
1144.067731 563.499895
1139.291108 565.096069
1143.966764 565.160490
1135.054753 564.962364
1143.172522 565.191197
1141.477450 565.015095
1150.861980 303.193720
1147.764520 301.783232
1136.047814 299.194463
1145.043533 301.248479
1136.815096 299.200792
1150.608240 302.352542
1148.746412 564.917505
1150.718227 564.999824
1150.359796 565.050250
1145.004698 564.955677
1150.715906 564.846994
1149.890649 565.063975
1154.914008 304.737467
1150.774898 302.780130
1150.273075 304.633596
1157.018545 308.251354
1154.025208 308.219879
1154.575753 305.030794
1162.005844 560.077940
1156.347300 562.647176
1160.987243 560.868071
1160.933771 560.652974
1156.653537 562.480747
1161.081956 560.737981
1163.736694 308.823819
1163.874039 308.669757
1158.553739 314.869629
1171.495381 310.240429
1163.403398 308.502370
1166.921864 310.012802
1165.205825 558.363043
1168.286860 556.480151
1169.469815 555.812515
1160.765932 560.980969
1168.237449 556.573502
1175.401546 552.442656
1179.791641 312.011419
1168.206610 309.045393
1170.362468 310.023047
1176.545918 311.048276
1182.750443 312.340921
1177.619151 311.330062
1183.589030 548.384724
1177.167763 551.031074
1182.535846 549.583469
1180.714458 549.807095
1172.934973 553.436752
1178.169455 550.889550
1189.252754 313.501730
1180.816106 312.036365
1181.917294 312.249405
1184.008744 312.485768
1180.100994 311.458060
1181.977229 312.268248
1185.972830 547.308075
1184.433188 548.130580
1186.200000 547.292950
1185.672459 547.425679
1185.389613 547.692665
1183.687316 548.302565
1194.549078 313.700060
1195.932382 313.793359
1197.798099 314.009880
1192.792016 313.500584
1197.123326 313.916586
1193.108434 313.438635
1196.448101 545.380772
1196.353898 545.520302
1196.300339 545.593111
1202.299801 544.377227
1201.076542 544.584332
1194.957284 545.956706
1208.506238 315.354541
1205.711387 315.010834
1204.555404 314.867950
1205.400124 315.015816
1201.886079 314.521519
1201.277789 314.474818
1206.945140 543.466321
1197.055885 545.296241
1206.358659 543.473564
1207.863595 543.219845
1208.245566 543.134036
1209.414558 543.115155
1213.972832 316.224912
1210.411752 317.138036
1217.312721 315.532135
1215.449557 319.923875
1213.211161 315.494784
1207.642560 315.598894
1208.722664 543.088307
1212.846373 542.694738
1217.401693 542.122216
1226.191273 540.777168
1218.778057 541.939013
1222.443027 541.449449
1217.588515 316.133485
1223.330205 314.303168
1223.054853 314.263041
1224.074172 314.465835
1223.075410 314.498680
1228.976548 314.840196
1229.405161 540.066594
1224.990173 541.138262
1226.532057 540.792627
1222.048246 541.566394
1220.724299 541.780403
1226.804412 540.888340
1234.668748 314.142451
1242.323247 314.374271
1239.771191 314.355393
1234.977695 314.134464
1228.702996 314.903314
1234.578107 313.848550
1237.428178 539.706885
1234.797993 538.445760
1237.323170 538.966725
1240.319615 539.341060
1234.995586 539.650817
1230.341672 540.200504
1240.409699 314.249035
1251.183498 314.204344
1244.003682 314.287032
1236.116384 314.089208
1245.837126 314.219251
1245.495591 313.990635
1244.448422 538.073788
1236.567199 539.651571
1244.993220 537.580665
1245.407181 535.316683
1243.118647 539.269168
1248.049403 532.348243
1251.017484 314.217177
1251.594444 314.157985
1255.313541 313.931765
1262.563837 313.495884
1257.134992 314.050489
1257.639414 313.861378
1256.949557 537.803941
1259.933824 538.688109
1262.873746 539.646981
1254.289821 538.400379
1255.489804 538.822286
1247.607089 536.804626
1263.423141 313.537093
1263.421693 313.451555
1263.485990 313.527450
1262.417175 313.443732
1256.876608 313.970855
1265.964712 313.715583
1272.791747 540.282277
1258.601749 539.099063
1264.785769 539.747512
1264.908265 539.749378
1260.211069 538.139361
1265.138596 539.761686
1283.654504 314.080377
1272.238907 313.878450
1274.985495 313.897472
1269.052543 313.761000
1272.157222 313.843349
1273.262406 313.937272
1281.123163 542.248119
1271.333175 540.108194
1276.071637 540.419294
1277.565496 540.714598
1283.237719 539.163106
1276.785026 540.471223
1289.948945 314.268104
1283.912361 314.084024
1284.154087 314.095676
1281.320000 314.047585
1291.902154 314.333323
1281.259712 313.992249
1278.411462 540.090736
1280.993636 542.284054
1283.877820 540.749343
1280.177282 541.664880
1289.479832 537.606783
1292.218458 538.964892
1295.439933 314.521237
1298.233122 314.363131
1294.956809 314.515253
1294.825980 314.516606
1299.036453 314.299908
1302.865661 313.957815
1294.908325 538.921158
1295.295409 538.749319
1291.963524 532.654909
1289.863395 539.741084
1302.318045 538.311655
1295.242641 537.561152
1303.970918 313.889155
1302.506279 314.000289
1311.419749 314.167270
1304.662849 313.894534
1308.147258 313.892062
1297.333437 314.406622
1308.646950 538.182290
1305.158540 538.501688
1299.488505 538.531006
1309.295460 537.879449
1299.381899 538.510300
1300.950062 538.769593
1312.907590 313.640585
1318.224824 314.001827
1312.897858 314.012682
1313.936538 313.783124
1319.944927 314.049250
1319.835834 314.341732
1315.789132 538.863343
1313.886321 538.667755
1316.300661 538.650419
1322.181152 538.981889
1323.299466 539.131341
1311.907861 538.437712
1322.005042 313.866117
1324.030904 314.222199
1321.144170 313.348850
1320.957505 313.698411
1320.205703 313.393512
1325.488931 314.630786
1324.585423 539.306680
1324.632597 539.301767
1319.994182 538.923443
1334.711851 539.126246
1327.762759 539.062561
1326.801250 539.230137
1341.221529 314.956022
1331.720149 317.022767
1335.891017 316.081688
1337.793423 319.006763
1333.570984 316.405508
1331.737494 314.814696
1338.835289 538.956434
1334.080662 539.113810
1340.165332 539.101895
1334.590617 539.157014
1331.171482 539.103334
1343.636255 539.054746
1344.510652 315.555676
1337.745223 315.348497
1342.891293 314.916615
1344.248862 315.420939
1343.975279 316.349718
1341.626567 321.792696
1339.190048 539.020738
1342.849149 538.794169
1346.480304 539.126213
1351.655036 539.220630
1346.679332 539.175747
1350.004851 539.142563
1351.548352 314.685131
1350.583807 314.830348
1360.272282 317.390159
1352.570603 314.746335
1346.643948 315.163331
1350.387543 315.744306
1354.171360 539.240825
1347.730993 539.174244
1349.650013 539.135373
1358.046946 539.291060
1353.138195 539.164527
1352.329866 539.207051
1357.188495 316.282810
1372.820918 314.619081
1359.549770 317.317737
1355.136452 315.967503
1356.837180 315.436344
1364.336139 314.743317
1363.326467 539.228065
1360.792956 539.314586
1365.381709 539.307237
1369.274375 539.045934
1364.899842 539.305509
1359.333982 539.280739
1376.356663 314.404783
1376.582324 314.393147
1373.902411 314.526974
1373.982171 314.509995
1372.085933 314.701334
1374.270590 314.526858
1366.632469 539.029118
1373.125840 538.864741
1375.082704 538.505894
1377.522830 537.968023
1375.355164 538.278403
1371.340895 538.793053
1391.659899 313.942320
1379.307852 314.277665
1393.037889 313.647533
1384.211860 314.056454
1384.371889 314.049885
1385.705314 314.038998
1381.725410 538.209735
1382.720110 531.443685
1380.635185 536.020641
1384.288039 538.686087
1383.853248 538.545281
1385.233337 537.746436
1394.066177 313.607202
1390.373260 313.796678
1392.435097 313.770652
1392.490478 313.699745
1395.296087 313.599759
1395.943170 313.555155
1398.538459 538.663099
1394.418562 539.059039
1387.362711 536.779102
1403.058575 539.230890
1400.126634 539.095942
1389.214224 538.393627
1412.635964 313.744321
1404.239133 313.491552
1403.095335 313.314717
1412.928700 313.718607
1402.739513 313.314991
1403.833404 313.341021
1406.073706 539.445384
1397.115460 538.472912
1402.235201 539.119954
1399.006181 538.296791
1406.446946 539.493442
1406.389047 539.494879
1413.902392 313.795484
1414.403613 313.840537
1417.675182 314.175280
1418.268881 314.210968
1415.170291 313.990045
1423.599115 314.665493
1423.181584 540.299054
1417.208651 539.931716
1411.683560 539.670487
1422.897547 540.149926
1411.919662 539.592629
1424.711349 540.366648
1423.827781 314.701422
1418.011236 314.140699
1430.296701 315.839039
1425.155309 315.440408
1424.354091 314.832912
1428.426990 315.437908
1425.662221 540.415578
1425.130840 539.956609
1421.575617 540.195874
1422.993371 540.293889
1426.745108 540.449385
1424.411896 540.286178
1440.786663 316.715228
1437.135624 316.439513
1431.518023 315.911422
1437.861134 317.109315
1437.041049 317.445884
1436.610250 316.127620
1434.773490 540.823580
1435.873587 540.821394
1434.355358 540.786825
1444.504929 541.349368
1428.003683 540.426871
1435.057663 540.691317
1437.294732 316.118139
1445.074187 317.541466
1441.923721 318.123604
1447.180243 317.174750
1443.509206 323.291084
1435.229411 316.576485
1440.548001 541.129128
1439.061558 541.014423
1447.466233 541.218021
1442.088384 541.190472
1451.357236 541.816432
1447.246469 541.349847
1453.886583 315.980940
1451.858360 315.686954
1453.392479 315.844085
1447.015666 318.516743
1452.356224 316.004773
1457.232766 315.625907
1453.046433 541.715285
1450.794286 541.754607
1455.914930 541.297719
1451.924640 541.773659
1454.994611 541.539049
1462.670449 540.452356
1462.266199 315.565958
1471.203460 314.746526
1463.983817 315.348842
1466.179209 315.174241
1462.499328 315.761007
1458.837390 315.665354
1462.644412 540.829076
1462.228061 540.795113
1459.513734 541.128658
1456.912167 541.364690
1472.047838 539.780636
1469.480865 540.090040
1474.577015 314.658260
1473.941653 314.751016
1468.705726 314.910409
1474.386220 314.667577
1475.068968 314.667966
1471.756010 314.728042
1475.355034 539.320581
1466.910618 540.310316
1475.836361 539.074519
1477.896108 538.039285
1476.618705 539.146225
1478.133837 538.855166
1480.442715 314.651078
1482.268834 314.695430
1482.200338 314.693511
1486.435173 314.479462
1490.004504 314.249272
1483.942935 314.596577
1488.286152 536.496842
1483.977102 537.577795
1483.226343 537.859707
1488.805838 535.831615
1486.650365 536.967844
1483.230266 537.961015
1494.151745 314.046312
1488.396315 314.391296
1489.534788 314.339413
1499.214940 313.883743
1494.647217 314.034938
1497.204321 313.926437
1485.997264 536.798901
1487.940710 536.428849
1486.492523 536.560769
1491.653887 534.461224
1498.624341 528.370409
1492.702457 534.207509
1504.958150 313.733324
1506.481076 313.964989
1511.286773 313.729779
1512.321828 313.617006
1502.370632 313.875304
1498.640381 313.887688
1499.201089 532.478331
1505.626890 534.675959
1504.293043 533.475318
1505.653646 535.078897
1506.205211 535.280213
1496.209832 530.989003
1514.771420 313.649401
1515.445982 313.411170
1514.776338 313.653554
1513.825300 313.461231
1514.543497 313.642085
1504.315729 313.802446
1506.241234 535.397011
1520.583286 532.776615
1517.464467 532.938344
1512.121683 525.946267
1516.701101 530.206496
1513.368316 532.087802
1523.608671 314.231496
1517.042862 313.766404
1521.556789 314.226598
1523.929526 314.203744
1527.159898 313.486812
1522.550678 314.075094
1533.432884 535.288377
1524.521183 534.124859
1516.337416 530.289970
1521.834206 533.628463
1529.913063 535.305471
1530.486033 535.451220
1533.186532 317.190237
1533.247170 314.546491
1530.882791 314.383998
1528.022877 315.385340
1530.460011 314.715193
1540.652080 312.674939
1534.273297 535.673347
1534.369963 535.748400
1535.856198 535.802193
1534.358210 535.700303
1534.995754 535.712836
1531.157388 535.434392
1545.988843 311.350297
1541.077234 313.315762
1545.364293 311.244783
1537.316609 313.681801
1544.065996 312.241533
1546.646140 310.919328
1544.485506 535.354077
1536.057507 535.754683
1537.299705 535.674747
1553.681617 535.555648
1544.398859 534.774956
1546.512454 535.721873
1555.551079 536.545951
1555.203724 536.369747
1555.142790 536.341838
1544.879904 535.718698
1553.534031 536.466058
1549.871805 536.101904
1545.621153 311.392414
1545.614874 311.365092
1553.561033 310.833633
1554.257513 310.775552
1551.921558 310.926792
1558.967789 310.408400
1568.826341 534.930967
1557.450880 534.616543
1553.659325 536.368332
1565.383435 535.032714
1562.531352 535.514835
1563.204755 535.074053
1564.747651 309.978551
1564.719559 309.955199
1562.030594 310.312701
1556.979839 310.533391
1565.215720 309.877718
1564.866639 309.899565
1574.281383 533.636343
1570.939014 527.213342
1568.897472 534.347745
1574.204823 533.950832
1569.932218 531.422810
1575.418831 532.024670
1583.312827 309.257238
1576.703660 309.612374
1566.485511 309.861653
1572.842362 309.705910
1576.324558 309.648858
1573.171333 309.850391
1583.394882 532.615624
1578.883644 530.855289
1578.899967 532.489431
1583.286587 533.231132
1581.287733 533.434652
1573.071693 534.064357
1585.319519 309.246822
1581.270083 309.388485
1585.951173 309.214344
1582.896103 309.282239
1585.390953 309.221186
1590.911325 309.079847
1599.612321 534.112956
1591.333878 530.490392
1594.991330 533.057522
1590.820456 523.645810
1585.146766 530.614613
1600.052666 534.017087
1594.192299 309.108577
1591.730939 309.086510
1593.700831 309.093920
1587.130942 309.223702
1590.858850 309.083497
1600.112500 309.573100
1598.756516 533.990227
1603.845349 534.097841
1604.906083 533.971306
1604.487800 533.706406
1609.821462 534.018252
1601.710594 531.951502
1598.059619 309.202949
1603.218512 309.431299
1604.001910 309.463391
1602.995971 309.572634
1603.502831 309.454739
1596.752465 309.144289
1620.184633 533.886696
1615.154857 534.120205
1611.896687 533.918140
1611.277284 534.065682
1614.270865 534.135117
1614.696078 534.123578
1608.388940 309.726261
1613.881917 309.934195
1611.362253 309.839656
1608.777976 309.867428
1613.975713 309.959647
1613.046745 309.954714
1628.768831 533.206198
1621.329293 533.158267
1616.802451 533.933755
1622.311211 533.619265
1629.375330 533.707386
1622.553068 533.411439
1624.283228 311.735782
1623.405770 311.344533
1628.980813 311.710129
1625.159227 311.746938
1615.168767 310.245265
1621.386518 311.651933
1626.174767 533.078319
1636.127715 530.180573
1629.912040 533.409024
1631.049872 533.027813
1633.022622 533.044470
1634.302222 533.520628
1635.528071 312.576849
1635.661609 317.546524
1636.473030 312.058383
1631.694483 312.256468
1630.115934 312.310764
1632.192061 312.907338
1644.224775 532.659274
1635.382147 531.749697
1652.727835 534.323262
1642.991187 533.314632
1640.207864 533.300137
1645.108165 533.780127
1645.525064 311.883353
1641.849494 311.487074
1640.591796 311.600492
1644.955788 311.485816
1645.356680 311.648529
1644.817175 318.280595
1659.411435 533.612694
1652.530877 534.370560
1656.016383 534.202681
1650.625010 533.900725
1652.893009 534.346682
1661.750349 533.435046
1646.158148 311.267066
1657.157491 310.950580
1653.642887 311.085021
1655.055333 311.156742
1654.649884 311.209727
1647.063702 311.288348
1671.934212 532.621533
1672.730930 532.508754
1670.138089 532.773078
1659.875394 532.980518
1664.984925 532.915822
1655.226363 534.270220
1663.663406 310.871639
1662.840656 311.393089
1665.237627 310.789642
1662.187418 311.719705
1657.298241 311.205491
1663.962162 310.764040
1664.453966 533.077689
1677.880034 531.741042
1673.903966 531.820738
1676.235440 532.116654
1669.775612 532.730667
1672.558745 532.503015
1674.061740 311.064217
1676.904640 311.076537
1668.554157 310.902945
1674.554544 311.186122
1674.844371 312.663818
1670.915856 311.092606
1687.919749 529.385552
1688.950214 529.251250
1686.241775 529.990427
1684.536585 530.574412
1675.957765 532.156015
1683.099023 530.756202
1680.943710 311.680049
1678.694046 315.392517
1674.671590 311.083083
1684.612940 311.243080
1682.629720 311.324506
1683.835866 311.074898
1692.847221 528.620200
1697.560199 526.913594
1690.823739 528.749320
1695.216532 528.873793
1689.718251 529.340250
1698.384680 529.601360
1689.659707 310.601486
1694.238742 310.214101
1701.094316 309.704745
1699.422321 309.771689
1701.367312 309.731527
1697.775658 309.894810
1705.510400 530.290758
1707.665454 530.074037
1697.434703 526.282113
1699.324941 524.290555
1711.592177 530.439935
1701.732351 530.103584
1704.136366 309.574961
1702.471511 309.754413
1699.462799 310.104615
1704.640156 309.507765
1701.728612 309.770192
1703.446090 309.570260
1719.712981 534.417229
1716.765426 529.569772
1720.215948 534.233967
1711.113192 529.659376
1711.612346 529.292051
1705.709789 527.937827
1716.725389 309.060691
1714.663328 309.222551
1714.693976 309.382590
1712.255332 309.694598
1717.985825 308.994448
1711.435868 309.430383
1713.574706 530.326044
1726.193666 530.598795
1724.149973 531.992650
1720.470793 533.219146
1726.079320 531.681020
1725.666684 530.816387
1728.292324 308.783535
1716.349128 309.455684
1725.292728 308.721110
1721.865062 309.688583
1723.907479 309.100417
1722.123720 309.093574
1725.591764 531.091592
1738.654971 530.025886
1724.347005 532.374862
1733.232004 530.646473
1734.237042 530.258261
1734.429139 530.249058
1733.493967 309.185485
1730.909638 308.927031
1726.050238 308.845965
1736.045235 313.934754
1741.941829 307.964156
1733.857728 309.890192
1746.530476 529.811288
1749.489558 529.886041
1736.546008 530.599640
1736.642901 530.219157
1742.538718 529.787262
1742.324448 529.941994
1740.076493 308.049972
1744.476963 307.881183
1748.447992 309.651375
1744.044864 308.582165
1747.318616 307.636036
1743.212204 307.859848
1757.055575 529.837393
1755.972906 529.812145
1748.652878 529.786229
1752.058268 529.802056
1756.465702 529.818676
1747.862911 529.786856
1749.532401 307.806530
1753.357158 308.083404
1758.857540 307.804814
1745.648135 307.839175
1746.475841 307.664231
1760.263129 307.910175
1762.080610 529.958541
1770.078930 529.967782
1771.742606 529.873585
1763.928700 529.989596
1759.731343 529.881163
1759.050316 529.908515
1764.201182 307.863223
1767.039765 307.998440
1760.761789 307.836165
1764.797853 307.859704
1768.552066 307.996138
1762.437863 307.833177
1774.374955 529.410813
1774.094651 529.462034
1769.696282 529.838639
1771.204848 529.991056
1773.451637 529.422600
1765.940825 529.816713
1771.851416 308.053456
1773.159628 308.008961
1771.713942 307.998787
1773.256500 308.027835
1775.423411 308.055323
1770.536288 308.195164
1783.220875 527.218354
1782.258835 527.511917
1779.621342 528.155785
1783.117040 527.180897
1779.356677 528.176325
1776.738949 528.833430
1784.257768 308.358897
1784.599112 308.345589
1775.829618 308.073876
1786.923207 308.349596
1784.838385 308.281029
1784.272668 308.282707
1796.787305 522.864630
1786.293605 525.583313
1791.507667 524.709396
1797.211794 523.544392
1791.804097 524.594197
1791.804251 524.715455
1794.037677 308.873137
1788.338788 308.483886
1789.373079 308.502531
1801.569834 309.462058
1797.111367 309.065211
1800.102315 309.354497
1801.682119 523.279950
1806.081057 517.932238
1804.814597 521.620399
1800.035732 522.272167
1809.872033 521.779959
1794.366032 524.471088
1803.667744 309.950861
1806.377555 310.014629
1805.035671 309.874988
1810.974166 310.605754
1799.151841 309.346444
1796.924416 309.035133
1815.421725 521.123469
1808.327903 520.643120
1804.220137 522.623153
1804.504774 521.898307
1811.514126 521.446313
1816.249014 521.441961
1818.161462 311.814569
1814.080243 311.172830
1812.924033 310.922990
1809.864068 310.531638
1811.245290 310.656061
1815.776049 311.427595
1826.200303 522.988214
1822.709348 522.278818
1826.663952 522.847847
1817.727847 521.024189
1819.909459 522.005725
1822.926112 521.998909
1824.330390 312.766706
1825.356677 312.924194
1826.606567 313.076000
1821.439896 312.311299
1824.134071 312.734394
1826.558285 313.073254
1828.780462 522.676066
1828.286213 522.749315
1834.357297 521.516636
1832.637071 521.763555
1827.755677 522.548543
1837.998860 520.375576
1839.209659 314.760797
1834.121955 314.213573
1833.894987 314.285251
1829.270592 313.512395
1833.615767 314.231742
1833.844687 314.287549
1842.394923 520.330542
1838.944411 520.647421
1840.849006 520.415086
1844.355415 520.119999
1842.480951 520.314118
1841.511585 520.391158
1849.284000 315.650273
1836.856103 314.572915
1844.762268 315.255802
1839.647712 314.865676
1845.037961 315.305525
1840.427667 314.958880
1848.061326 519.846633
1852.532139 519.182997
1851.820395 519.548150
1852.462263 519.452104
1848.298424 519.821872
1851.542354 519.442078
1861.902386 316.529713
1855.351026 316.204764
1854.097101 316.037493
1859.815193 316.947848
1847.514113 315.748738
1854.162461 316.018613
1860.532032 517.713137
1860.819181 517.613046
1861.743556 517.480581
1864.333290 516.964245
1868.114519 516.175036
1867.043178 516.385085
1857.056880 316.316737
1857.477976 316.696754
1862.568535 316.594190
1861.345954 316.621605
1862.574453 316.719299
1854.943582 316.132763
1868.511673 516.100649
1870.802616 515.602304
1880.938274 513.520503
1873.812422 514.982165
1868.731650 516.035486
1874.144934 514.924594
1872.557232 319.538740
1871.613285 319.440879
1872.448569 319.309187
1879.680719 324.338252
1873.960319 319.703308
1874.063611 321.131858
1885.602374 512.511279
1881.107641 513.499448
1879.405944 513.802385
1879.972371 513.702853
1883.828837 512.796038
1881.072504 513.505584
1879.634781 325.727404
1884.003532 321.544510
1888.033225 321.139240
1882.638184 321.232045
1878.872202 322.632796
1887.775087 321.112304
1892.761313 510.891658
1889.125616 511.694723
1888.405980 511.891894
1892.443897 510.882634
1885.284568 512.581459
1894.613866 510.444662
1884.899360 321.163074
1899.075227 322.550052
1886.885612 321.125674
1888.914652 321.351152
1889.629517 321.579392
1895.958317 322.048300
1895.695767 510.163411
1901.291860 508.882465
1901.762301 508.713582
1898.437032 509.576700
1901.242041 508.889467
1899.165147 509.372038
1897.396863 322.077140
1903.139525 323.529748
1903.106328 323.454686
1893.554498 321.899545
1896.491321 321.915656
1904.584676 324.310311
1912.891746 505.571650
1906.363362 507.454324
1911.494363 505.953077
1905.905358 507.607113
1908.881454 506.659704
1913.034877 505.397246
1904.297931 324.416855
1903.306584 323.542529
1914.696241 329.609098
1914.758975 328.375414
1909.868480 326.487321
1920.882337 330.676940
1919.017848 503.467130
1916.654122 504.340417
1911.046183 506.133608
1921.726035 502.609200
1916.140598 504.473032
1919.210804 503.359709
1916.967861 329.115447
1917.678482 332.757745
1916.384671 328.483234
1915.915922 335.095638
1925.499194 331.443210
1924.539989 330.624693
1935.118645 498.133081
1929.790379 499.880242
1924.823776 501.173290
1927.327944 500.642992
1934.604285 498.066701
1933.074473 498.771186
1927.037931 330.900115
1932.316204 332.335232
1933.897647 333.071879
1924.981469 330.452951
1927.100377 330.867158
1930.015583 331.698755
1936.299571 497.643053
1935.046992 498.141258
1941.859421 495.391222
1931.169040 499.341059
1936.148904 497.172756
1931.006233 499.484618
1943.176099 335.654106
1932.957478 333.626070
1938.727118 334.484261
1932.874228 332.756208
1939.174099 334.400952
1935.481533 333.294302
1951.782170 491.319529
1950.718440 491.691754
1939.464575 496.304581
1947.863315 492.822348
1947.814033 492.872093
1952.292677 490.930340
1949.670643 338.682133
1949.206088 338.469602
1951.397288 339.756008
1942.552184 335.400817
1950.985008 339.635875
1947.187060 337.489204
1951.728862 491.370658
1956.636237 486.711592
1960.251869 483.850888
1955.693479 487.952997
1955.239325 488.404951
1959.513079 484.145454
1967.281545 349.432614
1963.725131 349.181932
1962.617161 346.565430
1954.244481 341.126299
1954.534856 341.306254
1962.072308 346.040006
1957.358518 486.334493
1964.664314 479.826205
1964.105670 480.258489
1970.259575 474.576955
1967.972962 476.573588
1963.442379 479.970292
1971.381728 351.628725
1971.863341 352.050580
1972.720165 352.906655
1975.298723 354.177271
1969.538384 350.526541
1966.757662 349.918416
1970.463310 474.402840
1969.373073 475.471012
1975.215004 469.809490
1971.750542 473.071962
1977.272817 467.794238
1977.253911 467.809083
1974.123952 353.892586
1969.568787 351.516898
1974.630079 354.290082
1975.695911 354.405014
1974.574201 353.598092
1977.703643 356.443715
1984.473152 458.099049
1981.352431 462.641265
1981.201375 462.835797
1983.570377 459.538888
1981.462520 460.318067
1978.710582 465.526176
1979.708812 359.002627
1978.541679 357.141116
1987.818687 366.737147
1984.101537 362.175831
1984.019337 362.084329
1984.958075 363.063095
1987.429470 453.734174
1979.864927 464.300405
1982.610401 459.396911
1986.425097 454.222643
1988.821795 450.138666
1988.761516 451.081434
1988.079107 367.039757
1991.373178 372.556390
1988.445844 367.665609
1990.045206 370.246895
1988.970881 368.579585
1987.522305 367.254382
1994.422882 441.381652
1990.704394 446.355260
1993.009857 443.093246
1986.365183 453.743223
1989.679615 448.463915
1996.243488 440.808391
1995.041537 378.866584
1997.815245 384.927574
1997.870089 385.078201
1995.321818 379.343745
1994.895350 379.014514
1990.087072 370.970968
1993.724995 440.577254
1998.700880 439.063842
1998.581220 439.634057
1997.336182 436.629782
1998.359115 437.280768
1992.488184 441.506512
1998.080345 385.879657
1998.316229 386.081833
2000.611685 391.772490
2000.357075 391.083940
2000.965291 393.545542
1999.661226 389.634220
1995.671206 409.677697
2002.559098 408.833599
1999.999874 407.655519
2000.617236 419.071161
2001.026947 410.331169
2000.422290 419.603065
1999.367206 426.860634
1999.345515 424.507809
1999.210944 424.664635
1998.098166 428.485891
1999.508740 426.331551
1997.429518 427.176046
2001.771928 398.388069
2000.916145 393.074231
2001.562671 397.081779
2000.056184 390.244870
2000.263830 391.651019
1999.902278 390.319613
