28.705361 220.066044
60.289487 151.083029
68.024756 116.670715
148.687749 55.461030
213.338440 34.973588
302.815585 23.121778
378.409579 33.024071
466.581206 64.479269
514.394414 110.305326
539.648140 179.661832
514.493298 166.626445
479.696896 156.308124
441.448343 145.809960
414.064716 156.639078
419.499336 171.433574
417.369062 186.020570
401.925832 199.972759
396.269844 186.619632
393.343667 166.230790
382.020978 151.644480
361.452189 145.351561
338.944203 144.354941
337.000129 152.648734
327.438478 174.514567
327.899171 192.974240
329.988085 216.346840
334.366544 231.301362
339.365775 254.625445
332.134963 281.153551
333.994619 309.268226
330.476207 352.032720
347.104441 460.728223
345.628329 492.485947
276.844407 494.036133
279.857923 452.180286
284.652288 397.393802
283.408051 320.084953
284.759646 283.191692
276.001070 250.531658
279.891430 216.580130
278.233662 204.308570
279.749271 195.796161
271.848681 172.313067
276.917931 151.372461
251.330970 159.833304
219.672648 173.609389
215.338316 177.892331
207.809919 188.600913
200.459222 203.652304
190.982054 226.594660
170.313495 200.281847
164.222919 184.808959
160.223261 170.263782
153.637748 151.533614
135.787075 156.940006
122.811816 180.278663
87.664959 184.140062
72.066649 190.255037
46.478104 209.208673
811.391727 217.604454
838.801810 208.075410
848.854726 175.681672
860.094621 144.709930
872.825513 110.642769
875.183907 74.168380
883.871904 114.008628
897.004291 175.159461
900.413350 214.098201
908.583101 227.016306
913.159068 253.508439
