943.304161 912.177857
934.426498 914.339486
937.555864 919.049001
951.475511 889.617698
938.228962 919.276930
959.548924 874.890037
953.352138 923.904784
963.190764 867.054331
952.534768 971.856074
953.108930 974.870002
954.837660 978.056355
959.338960 992.542615
966.380895 991.434671
971.368348 1014.920025
949.127892 919.975903
956.503967 953.278271
972.000794 1018.935300
962.302786 869.265193
973.270318 1026.829924
971.116733 858.345232
962.300361 922.290104
961.886745 955.834510
982.326791 1030.914306
976.966022 857.321218
969.586064 912.064321
964.414076 939.923065
983.249927 1029.587350
986.305779 850.046586
995.072099 902.520590
989.386787 947.531570
987.286320 1030.755347
1002.940944 842.262732
1006.646171 912.003126
989.530293 924.247259
1005.333580 1025.767099
1017.841976 838.937425
1004.564972 912.684803
996.654265 929.889758
1015.226093 1031.426581
1024.677866 838.207175
1013.156374 923.144021
1006.409794 917.953114
1030.423652 1032.322077
1031.676087 840.864536
1042.696689 1036.286185
1050.025733 837.853085
1043.036097 1037.400413
1048.804808 839.064410
1052.182585 1026.406396
1057.292934 1017.796491
1070.564164 842.426191
1058.668396 1021.197710
1070.578858 840.502953
1073.666343 1016.492411
1081.553355 839.946080
1092.142820 1014.790305
1096.189363 846.717048
1081.322851 1016.041955
1109.516259 835.242922
1099.396376 1008.881757
1106.548834 837.893861
1115.690009 1004.765188
1107.685324 836.311021
1139.581777 1020.804557
1116.200842 830.832519
1135.038796 1020.380841
1135.723880 845.298630
1143.770746 803.484071
1137.748122 812.686358
1139.764662 815.743598
1136.161523 1025.305438
1151.600163 795.848229
1155.938504 1031.643159
1163.566868 785.198664
1151.641397 1030.771208
1167.334164 786.934927
1160.534338 1031.120120
1179.890346 777.818835
1180.704258 1032.257908
1178.853926 778.368037
1199.611774 1028.009358
1200.615845 781.842638
1196.878062 1031.659955
1216.399742 786.395540
1204.666568 1028.140325
1211.930605 783.848143
1223.401353 1020.302716
1225.602587 783.409077
1230.240787 1018.615989
1241.694596 783.643922
1233.185282 1017.304024
1254.653555 1000.041047
1244.669509 784.893591
1250.823918 996.409901
1264.785420 785.894077
1260.917672 978.812993
1270.007631 784.643672
1260.798662 983.817974
1272.135208 786.381085
1273.524863 992.555042
1280.098462 791.367936
1285.419902 999.533599
1285.390062 803.007466
1294.096936 808.733617
1291.856786 804.711292
1297.013606 817.003954
1300.269415 822.960815
1292.762845 1004.892537
1296.072078 1006.673933
1297.090610 835.702983
1299.057866 1008.206754
1311.563534 851.190539
1316.874246 860.138138
1321.647694 870.555804
1324.248664 875.578554
1302.961095 1008.916910
1329.219178 880.403148
1327.733261 1013.335062
1335.155674 887.901739
1333.199449 1009.139007
1340.617390 894.850971
1340.597813 1010.683073
1340.153611 897.375376
1344.414367 901.774759
1354.598578 916.366232
1344.588108 929.912181
1341.460677 1003.927079
1369.357967 931.158012
1367.145217 968.869500
1352.752881 983.974231
1359.375552 982.774199
1370.869245 930.340004
1357.743384 971.536350
1376.562903 937.722247
1376.863390 960.910306
1378.182454 945.031068
1379.724714 955.262465
1380.349869 957.304798
