925.875350 887.832533
939.865170 899.160550
942.869421 901.557443
927.624731 890.112981
945.507107 919.063661
964.200975 878.296924
951.391570 933.732389
958.152893 872.589692
958.836506 960.024221
947.324718 977.035733
949.867394 984.590271
953.028756 1000.445975
959.531599 1001.041504
960.417992 1014.075011
967.310581 930.483009
962.443325 961.127328
958.378051 1015.685238
984.700212 863.156864
964.665441 1019.146086
979.896644 860.665011
981.573447 928.877252
977.025238 944.516510
992.864487 1030.516977
990.709872 847.323895
982.676305 914.225017
976.321551 945.231273
969.649318 1024.619570
992.470798 848.120594
994.884678 917.052752
1000.645018 927.357992
995.880530 1032.932143
997.572300 846.097132
998.887542 909.828221
986.485817 950.500729
999.546156 1038.010396
1013.553668 844.793512
1003.681421 916.827566
998.173083 937.103762
1012.574737 1038.072117
1027.567787 840.959638
1011.780236 922.664270
1025.646116 917.792180
1016.660054 1036.005309
1011.265737 844.607014
1029.006114 1030.139113
1039.413184 841.214225
1042.549868 1027.091382
1025.603162 848.878887
1054.713527 1020.530247
1057.683808 1016.994248
1052.441533 838.782624
1061.467297 1010.049013
1062.418177 839.387641
1078.323365 1014.909326
1087.062590 845.046188
1086.309207 1013.087342
1074.902017 839.962561
1109.582558 1014.861117
1095.858989 835.793110
1114.855909 1014.588078
1113.503501 828.923385
1109.937566 1008.662126
1106.768699 831.837319
1138.081085 1005.723928
1119.667681 824.345391
1135.180632 1023.443065
1141.646674 819.276759
1142.760030 802.500630
1144.003626 800.616041
1133.307812 815.833130
1135.009349 1024.265773
1155.176139 788.461565
1148.982291 1030.500085
1147.837535 795.706422
1150.399012 1028.430249
1152.679301 788.618211
1168.274019 1031.960503
1178.893918 783.787069
1164.808061 1034.525952
1190.867795 782.436776
1162.739470 1034.288573
1185.910436 783.033241
1179.790888 1023.751292
1219.398622 782.514797
1208.745229 1013.881557
1212.200732 784.763665
1235.864038 1018.800602
1249.864407 782.069845
1243.216071 1007.532057
1232.010317 780.558501
1238.360012 1015.096447
1261.026897 996.800677
1254.395391 782.621568
1252.978452 1006.449581
1266.644908 787.209156
1259.034445 983.371970
1253.705228 782.500005
1287.485984 982.960286
1271.614802 791.278376
1292.506657 987.206766
1277.157896 793.400915
1284.771610 1001.444002
1278.623198 797.484020
1289.163359 818.314962
1294.846177 829.557860
1280.797931 814.256206
1295.967328 832.210911
1290.084566 990.889353
1299.699654 1004.232208
1291.618481 826.415628
1312.011868 1014.503211
1300.685648 839.601307
1312.778157 858.361938
1320.206285 871.155530
1317.376778 873.049086
1318.243769 1023.368640
1321.824037 875.560888
1327.416449 1026.119841
1332.663562 893.881607
1325.277154 1019.302991
1336.828540 893.417968
1346.704607 1015.890645
1348.288343 910.579056
1351.825011 915.949740
1355.732048 923.499378
1331.690505 928.007316
1346.902502 1007.763750
1346.842447 924.626554
1348.694191 971.063764
1352.194762 993.259659
1369.177753 986.478425
1359.337547 931.831267
1373.794561 979.787687
1370.052539 940.082998
1377.122558 981.032604
1380.448404 954.056927
1382.715994 957.322776
1385.927887 958.267915
