934.654801 892.691274
933.819867 896.351694
935.669063 908.868724
941.259729 885.263228
939.440090 916.530812
943.650087 883.111292
952.152411 922.581306
954.766781 868.663521
958.767380 969.264796
954.684936 977.553198
955.825375 986.985752
955.519803 994.212428
957.237894 1006.820333
959.202566 1015.566751
958.481104 918.211958
962.327717 952.716877
964.257543 1022.056372
962.624936 862.258127
970.138261 1029.023744
968.421063 856.414520
971.471094 921.373102
969.260836 950.966479
976.190774 1031.495003
982.058171 851.941443
978.147109 921.927397
977.957595 940.454579
986.488595 1033.484807
985.875929 853.438912
984.083313 916.593761
989.843253 951.588363
998.438646 1036.207000
996.340274 845.931225
997.862760 919.008508
994.936912 933.687812
1008.052528 1036.682383
1007.033252 844.016375
1011.315400 915.082596
1013.911569 934.199208
1016.112916 1035.911698
1018.168993 843.580443
1020.020237 935.877122
1013.853632 911.028137
1026.423456 1035.336221
1021.229894 841.974309
1034.882417 1033.844440
1033.857434 838.810258
1047.366058 1028.712287
1046.143919 839.335721
1049.524435 1025.414809
1054.670828 1017.253062
1059.025987 839.277040
1066.722734 1018.579803
1063.905982 839.803695
1073.977501 1016.988682
1077.336524 839.689816
1085.281208 1015.631136
1088.413756 840.767967
1093.449251 1015.142157
1098.529980 835.249788
1106.438058 1008.835693
1105.900752 833.879221
1120.104103 1014.847899
1115.390202 831.939787
1124.491718 1014.168186
1126.500304 827.776732
1128.325178 1020.575599
1137.197450 825.894902
1140.261544 804.922444
1141.571017 806.695786
1135.907874 815.184655
1142.748607 1026.978321
1153.041993 793.624216
1144.974117 1029.183775
1158.944759 789.008155
1161.167289 1033.132657
1168.326301 784.293670
1162.764289 1032.422065
1177.508964 781.726853
1178.717474 1033.353699
1186.560610 779.856805
1185.445364 1032.659740
1195.143169 779.339833
1200.857057 1030.366775
1203.362517 779.421904
1208.356395 1027.711902
1215.411216 782.058635
1217.120986 1023.881696
1226.711975 779.942959
1227.007883 1019.233213
1239.350379 778.976461
1235.525355 1011.842153
1246.438156 1006.697108
1244.183251 780.164790
1253.319226 996.271029
1255.316420 780.856080
1256.804827 983.050339
1264.395127 783.346314
1268.804256 988.019632
1273.798333 786.920031
1280.682585 997.386339
1278.590643 791.972622
1292.432231 998.476006
1284.228144 800.086580
1284.978701 804.081945
1289.361028 813.515823
1290.507002 817.488549
1295.516381 831.806221
1298.286351 1004.678341
1301.740505 1009.207802
1301.924808 841.834140
1313.922002 1017.156252
1306.754700 848.589018
1313.116112 859.514329
1316.138324 867.246989
1323.282521 885.497839
1319.171465 1018.186709
1327.540102 880.582677
1327.237921 1020.494678
1334.007211 884.183877
1335.778567 1018.583838
1340.254985 890.392852
1341.705706 1016.329063
1345.905898 896.962699
1347.328410 906.057736
1351.111328 923.513025
1355.327897 934.416506
1349.859144 1007.743240
1358.641442 930.631097
1373.907895 970.588063
1363.352234 984.398752
1360.738225 996.227575
1368.295672 931.007923
1376.503808 976.854075
1377.925053 935.393842
1379.526516 973.065746
1384.323967 943.063807
1389.035525 950.962149
1389.387439 956.694891
