925.875350 887.832533
940.028949 898.949487
942.894533 901.499300
927.631730 890.136137
945.911168 918.704962
963.633389 877.121637
951.614820 933.135049
958.152893 872.589692
958.758661 959.885594
948.392469 978.392784
949.374525 986.516578
953.028756 1000.445975
958.382988 1003.784360
957.659066 1015.903855
967.365214 929.465944
962.443325 961.127328
956.380193 1018.629962
983.803319 861.094302
962.313070 1023.193873
979.896644 860.665011
981.359755 927.241564
977.080725 944.420180
992.166901 1032.628124
990.709872 847.323895
982.868271 912.445307
976.317811 945.140779
969.649318 1024.619570
991.424503 847.081460
994.567687 915.771107
1000.613768 927.226916
994.962974 1035.561100
997.572300 846.097132
998.545810 908.990595
986.485817 950.500729
999.546156 1038.010396
1013.242219 841.560706
1003.832904 916.014074
998.183589 937.087899
1012.574737 1038.072117
1027.567787 840.959638
1011.956103 923.053149
1025.602030 917.918733
1016.660054 1036.005309
1011.384530 842.321540
1029.006114 1030.139113
1039.067002 838.806471
1042.987026 1028.662023
1024.822330 846.979920
1055.010993 1021.342982
1057.963879 1017.725769
1052.441533 838.782624
1061.204954 1010.391666
1062.418177 839.387641
1078.356139 1015.658370
1087.058838 844.082923
1086.308924 1013.122306
1074.911971 839.238784
1109.190624 1016.711309
1095.691938 835.188469
1114.855909 1014.588078
1113.610032 829.143867
1108.941586 1010.122102
1106.644217 831.610478
1137.615007 1007.710670
1119.343883 823.767668
1134.914295 1024.278612
1141.664902 818.874480
1141.764309 801.783693
1144.003626 800.616041
1133.233893 815.724740
1134.809627 1024.773245
1155.176139 788.461565
1148.982291 1030.500085
1147.837535 795.706422
1150.109685 1029.056347
1152.679301 788.618211
1168.503146 1033.282860
1178.893918 783.787069
1164.808061 1034.525952
1190.700578 780.299679
1162.739470 1034.288573
1185.277895 780.128553
1179.906942 1026.057717
1219.177997 779.482532
1209.097354 1017.060768
1212.136223 782.974632
1236.020501 1021.142512
1250.237560 780.260371
1244.790349 1010.820040
1231.989440 779.636777
1239.222466 1016.814422
1261.562442 998.753576
1254.607083 780.346197
1253.974851 1009.146231
1267.798858 784.114859
1259.215990 984.711751
1254.059500 780.707746
1287.498312 982.975648
1273.475892 787.860967
1292.488794 987.170843
1278.488971 791.919274
1284.554462 1002.821109
1281.792279 795.617026
1292.156004 816.525997
1295.733579 829.012525
1281.174677 813.824171
1295.635669 832.424020
1289.891729 991.311232
1298.865118 1005.278539
1291.866289 826.216392
1312.842807 1016.918076
1300.877430 839.477105
1312.778157 858.361938
1320.707767 870.766740
1317.032337 873.376480
1318.243769 1023.368640
1321.824037 875.560888
1327.416449 1026.119841
1333.845425 892.763931
1326.551783 1023.641908
1338.406334 891.830531
1348.122754 1019.822407
1352.854756 906.523409
1358.221954 911.065959
1360.735270 918.715553
1331.440670 927.580900
1352.096779 1013.842197
1347.473113 922.611862
1349.553130 973.364747
1354.497422 997.336837
1372.281429 989.414273
1362.576436 927.994618
1374.589325 982.335034
1373.779650 937.335566
1377.122558 981.032604
1381.039004 951.696305
1383.593239 956.233714
1385.270882 957.097053
