101.810606 263.836260
100.346975 259.857777
101.853894 263.131249
108.176474 271.929165
100.469602 260.641762
107.064571 270.083856
106.103051 257.842331
103.856688 265.412818
103.098694 265.794130
107.453054 269.065761
104.043443 267.495953
101.307740 262.303863
115.660720 276.462155
107.822801 266.413345
109.094433 270.671259
102.235722 265.152009
105.181497 268.340576
104.094825 267.230735
108.128276 283.980718
108.854851 283.283849
104.739398 272.345959
103.215604 266.867637
107.034545 278.441453
111.533426 285.873701
113.582437 281.950283
110.952807 279.719858
104.407943 271.113440
107.291992 258.064975
109.003550 253.829347
99.543056 258.790567
107.641648 259.564188
99.730080 259.165930
110.672278 255.610861
111.083634 253.246651
100.977094 259.124330
108.243958 259.122433
119.140485 288.794489
112.442464 286.771772
110.278608 288.267504
108.459067 284.413585
108.111237 283.372224
121.061242 297.227655
107.850952 282.167385
121.613563 283.513269
115.669303 286.644897
118.855595 246.560569
122.238521 240.350487
126.735681 249.816368
123.465783 249.525380
117.262189 245.568769
125.307436 237.760780
121.012375 242.684584
125.240302 242.610629
117.804803 245.999272
123.115687 282.273263
123.540325 282.325495
124.520346 281.363399
125.060125 280.297239
116.646090 286.466066
119.308632 283.805326
120.600316 282.736666
124.640455 280.255626
121.816380 285.720656
120.350225 244.862223
126.813588 236.308243
131.123646 232.895515
133.443683 232.244426
131.046059 232.641164
120.630608 242.356274
122.901526 240.807390
136.835396 242.221277
129.580625 234.009121
122.585663 277.758850
125.469941 265.001954
122.050710 278.700320
124.243333 281.647084
127.036723 276.160393
123.697305 275.145070
124.891800 278.466370
137.152660 265.427565
130.930996 272.231866
141.441834 237.986319
138.558364 222.834717
134.048806 233.645187
138.939324 221.493288
133.410965 231.802979
134.383979 226.372029
144.411679 231.718758
133.834293 228.933309
133.183869 231.693784
140.909171 220.230573
135.014130 225.359072
139.662260 218.791884
136.418844 222.764877
135.760710 229.685430
146.232591 213.216371
136.618914 223.760130
138.410732 228.306032
140.457255 217.760963
139.523930 258.164556
137.149847 256.556123
128.288908 273.266551
127.751461 273.485588
144.406045 259.590584
135.066050 266.561486
135.493637 267.686134
139.913067 260.386729
127.899175 272.954101
147.012624 210.320116
148.813494 207.733968
144.070858 216.631747
155.091816 211.438305
146.326579 210.341616
145.001618 212.251687
141.201911 217.979461
146.460027 210.190424
145.104186 216.338137
135.254867 519.925591
147.446333 530.644314
143.284224 528.015526
144.030584 526.562718
137.866414 520.250537
143.263848 526.533057
144.602668 527.533105
140.959899 524.265115
144.548369 519.258091
148.768050 535.062913
152.309315 532.776979
146.918455 533.489528
149.541974 535.585690
150.142881 532.083605
142.705262 526.108116
146.859786 532.316898
147.659192 533.928930
148.043093 534.380210
142.925829 264.132207
146.966800 258.320282
146.803526 251.681968
148.688760 255.679466
139.322643 259.223825
154.542344 254.399279
144.303759 262.800974
144.418971 261.604481
147.065971 259.943819
143.462092 517.002138
157.479870 519.787193
145.210303 514.075170
145.668817 514.720597
158.085426 506.854161
151.522346 506.178206
148.628374 514.674025
153.537856 504.353669
150.107679 509.305833
154.547417 199.629107
151.505133 205.648096
152.106838 208.395255
154.625257 199.062918
155.453777 198.353852
155.572754 197.201440
152.409175 202.968026
146.776158 209.797103
153.319272 203.688505
152.689260 537.693194
156.459119 539.673130
151.697148 534.898666
160.154324 540.721257
157.664319 539.526071
148.643990 534.110300
152.872459 536.632519
155.073541 537.474867
153.660685 538.174751
154.923769 501.044134
156.234234 498.238464
153.753677 504.238141
162.945936 503.099375
152.818942 504.896304
156.574761 497.929356
152.349154 505.606290
160.518305 501.111404
162.000743 506.254161
155.309950 244.366273
143.041229 257.512792
154.368859 254.197642
152.704096 254.269133
158.563050 249.256533
152.555768 255.008305
145.430738 255.563301
154.682686 254.319760
154.467354 248.174037
157.131666 193.928179
158.139763 192.082654
159.790840 189.081553
160.622362 187.669231
160.887884 187.675858
161.380139 188.198378
165.530962 177.579092
159.741974 189.317556
163.096146 190.003904
156.581125 497.848048
165.304443 502.720107
165.705908 494.654667
157.185265 498.574941
168.404827 491.689430
162.143241 495.193451
167.136583 486.715798
170.137700 488.126925
159.597532 494.344151
158.345363 540.052770
157.826231 539.602916
164.344336 540.710498
159.262707 541.042132
164.127925 540.728862
160.060428 540.286235
161.537270 541.174061
159.959102 540.414278
162.663700 541.250561
155.992003 252.122860
152.655951 244.985334
163.669450 246.577161
161.535565 246.702128
152.895291 254.498395
166.197094 245.280362
161.973081 248.121873
153.170443 245.175542
171.840206 247.745152
174.141585 180.488716
162.365899 183.516742
167.082102 178.744840
162.796206 181.655788
167.913727 175.961644
174.904798 174.982463
171.282346 180.852753
162.133908 183.970706
164.995487 177.935476
163.685496 486.105982
166.936324 484.602227
166.940085 484.568388
165.951731 486.137169
167.060721 484.592006
169.824818 487.574142
164.386267 478.677033
164.242736 479.365036
173.120270 485.637780
178.652428 232.360757
172.438863 238.968752
170.820693 239.958729
172.498451 234.025449
170.998857 241.447092
170.251173 239.606749
166.929024 241.327182
170.208631 239.839166
165.529824 236.140326
174.564049 169.300666
166.027589 176.679488
168.294203 174.983032
173.878093 168.675748
172.132893 169.414108
175.975938 172.385007
178.338968 165.082744
172.292607 169.391842
176.334876 166.702588
168.619413 481.146887
180.829819 481.772965
177.660556 464.114414
164.077867 483.622878
173.470785 467.789321
168.372269 474.686173
167.377944 475.123486
183.223477 474.081643
174.860942 474.766638
180.058205 535.020564
168.960200 532.007472
162.718808 541.379583
181.515083 534.600265
173.166988 535.119046
162.616942 540.907546
170.893102 536.024489
177.980825 535.224849
177.097580 534.997186
177.517268 463.596037
183.496653 456.788947
172.743652 468.725235
175.478938 467.269611
181.260251 474.522720
176.704405 463.432711
183.499424 467.738629
182.320993 471.863370
176.650130 464.474338
173.707954 232.621705
168.749315 240.101560
180.146459 224.780031
176.101342 232.187725
172.876872 232.401590
171.123662 236.964983
179.885779 226.967307
179.120941 235.335554
176.197215 231.895447
177.229752 534.438202
180.783258 527.222993
182.817635 532.271377
170.371724 532.165932
180.173756 534.337492
175.945780 533.789594
184.047121 531.452457
184.009271 530.536382
173.586807 524.108560
180.198165 163.890067
178.504503 164.948463
182.314592 163.354640
178.544574 164.916922
179.152312 165.052707
183.870108 161.751094
181.765548 163.351181
189.047122 156.820611
182.024114 166.549309
186.154125 448.181287
179.665849 459.864951
184.795904 453.450062
184.358343 455.852327
182.321075 455.649506
183.401091 452.721063
184.510997 451.987366
182.519344 454.941536
186.410000 449.770984
178.824428 226.218220
179.805088 222.792765
190.964045 219.857020
186.892769 222.328060
180.326065 223.361809
191.715231 217.999363
184.078963 223.907685
176.068555 229.245397
181.286125 227.461809
189.620424 517.800226
183.928016 523.052026
189.299563 522.674293
188.115770 523.447184
190.234379 521.336140
188.613191 523.742372
183.358181 531.674666
196.880554 516.618118
190.948574 521.306030
196.988569 159.728910
188.102948 157.710249
189.733013 156.290730
190.868079 155.460530
192.008643 154.960336
198.436043 152.029543
189.166958 156.957763
186.534058 158.920443
189.320949 156.560057
185.645954 448.961768
193.647664 436.548299
188.792409 443.147604
191.154745 440.093770
188.505925 443.758997
187.049942 446.501460
194.622605 435.626334
193.467471 436.615183
190.185022 441.179529
198.480098 219.652248
187.662417 221.030476
188.974206 220.345497
194.126169 219.234885
196.692011 218.727831
187.532132 220.560422
196.400400 218.446532
200.575739 213.308569
195.850850 213.641803
194.658387 518.899754
197.777368 507.761293
193.817071 516.120255
197.509516 516.534234
196.160528 517.042014
194.730385 514.752061
203.697570 506.912655
198.020310 515.196675
193.808822 514.418096
196.160269 152.143221
201.768680 150.274078
197.253399 152.179126
197.433938 151.764430
198.744264 151.306761
196.943673 151.802431
207.267858 149.525265
198.355019 151.512032
193.540917 153.773414
202.353566 427.139433
197.226932 431.833351
198.269081 430.405832
195.927443 433.436534
193.960316 435.950746
197.636792 431.017218
195.609324 433.820796
190.084266 441.159048
190.616429 440.454007
199.528252 212.629738
195.927864 211.557780
194.687712 212.375186
192.854670 205.481516
200.266542 212.927431
192.888805 208.741654
189.769653 209.186015
195.761738 212.601166
203.979859 213.183342
201.306547 424.221674
200.911231 425.909194
201.938576 423.851935
201.955754 425.938462
204.801766 426.282517
202.086846 424.505247
208.750196 426.338573
202.708008 426.485620
201.979336 424.339076
207.177241 505.936115
205.370694 507.852474
191.850892 504.975037
211.774861 500.446989
199.125355 506.149279
213.856449 504.149855
203.365890 506.868969
206.203604 503.490288
202.473419 507.659455
212.419620 148.164159
210.561881 148.793741
205.848084 149.882923
210.336326 148.781327
211.512145 148.618918
214.648374 147.402921
204.853493 150.071892
196.009403 152.487249
207.933864 149.266298
206.169534 499.131942
207.443326 496.948188
207.656949 501.407360
208.046533 498.141029
204.901343 494.443671
207.634383 498.061528
213.267726 494.138904
205.069042 499.771296
197.666077 495.033270
218.275043 407.207949
213.166932 410.760366
209.855754 415.436053
213.202632 411.125945
215.009744 409.724518
210.600809 413.679388
214.825989 411.731706
212.595888 411.606078
210.042605 417.256698
210.856558 215.880559
202.442455 213.554612
211.288965 213.938006
203.440952 212.597259
209.760031 213.669538
219.369755 212.682589
205.229593 214.981724
205.149507 215.035883
208.002370 218.301648
205.278483 497.547655
216.858312 480.237953
214.486189 492.879157
214.541777 492.872815
214.981515 491.542427
210.620112 494.863388
215.665574 486.818670
214.488322 492.734304
220.116848 481.330276
220.133174 146.550769
217.210686 147.059902
211.144433 148.692647
226.114823 145.067000
216.799504 147.078523
211.363420 148.633377
220.017083 144.758979
220.449698 145.675140
224.939875 145.354770
224.162627 399.098402
218.712571 404.660387
214.570842 411.001533
215.058523 409.726989
224.160418 403.051136
221.864960 397.630021
216.486997 406.694512
219.299308 402.386764
216.305485 408.552693
224.259019 214.735503
226.642135 210.023311
226.977445 207.697092
219.976534 216.081622
213.188690 210.699360
211.308526 217.188713
211.913480 218.263208
215.705140 219.075789
225.867296 217.292866
219.904480 227.084784
213.294476 218.166896
215.621203 218.572038
217.730049 216.435692
220.848952 230.147300
222.446261 233.754305
216.926734 220.835660
215.576179 218.990904
219.414131 227.426562
218.949788 405.585044
223.045145 397.437553
228.157609 388.250749
231.469955 393.146711
227.319833 400.191008
226.787380 390.426194
226.841725 388.734702
228.517811 389.357614
232.841043 398.099470
221.990864 483.365666
219.664920 480.084410
225.503464 474.601572
223.003271 479.731152
222.359182 483.015935
222.993757 482.932128
222.399637 476.697527
225.106801 474.531910
221.042917 475.405365
220.562998 229.876161
222.229677 233.109991
219.879860 242.204298
229.862547 242.626675
220.214095 233.454730
226.683627 236.552653
221.810085 243.084831
224.463901 237.264834
218.346812 236.453162
226.463874 143.971182
237.582445 139.899339
214.468323 147.915365
225.031610 145.530605
228.732336 139.418242
225.948151 144.368447
225.620970 143.239738
223.779247 146.341980
226.829065 149.625291
223.740877 397.796804
233.924874 376.652716
231.479293 380.245067
227.920570 388.076100
228.941229 382.643502
231.125046 392.670110
229.131513 386.276470
231.220199 380.863563
225.933168 393.231600
229.829607 249.477461
219.151426 244.037294
225.426507 244.808601
232.597687 254.562943
227.964772 248.294089
220.585871 240.323685
228.528446 243.587321
229.371870 244.173113
235.723059 242.024989
225.985691 468.916750
227.828846 468.423723
227.198906 471.762715
232.197559 466.760683
228.201356 470.528937
228.553003 468.550133
230.662698 469.613891
220.513898 469.975022
225.017683 471.817490
232.032046 256.907531
239.696397 255.827892
231.516349 253.105821
239.057949 258.944524
231.447297 254.726591
226.382505 263.658397
227.740987 247.090052
232.511660 253.698515
235.358033 254.263423
230.871083 269.955537
233.303347 257.236111
233.913851 273.135118
228.293430 265.836400
234.725879 262.791832
234.796373 258.657428
234.876394 274.783248
241.994162 270.600831
226.770879 264.048122
238.162436 377.157069
232.993604 380.042402
237.119885 373.065422
235.623742 371.631279
239.356909 367.792070
232.132941 379.405848
234.489550 376.664837
236.239008 372.726349
237.623139 366.281297
232.028613 144.301805
224.186093 146.042591
237.553436 137.433426
231.964016 146.037174
234.218703 141.916363
230.870905 146.413734
230.912328 146.134825
231.390190 144.511697
235.636595 141.609210
243.140973 456.260114
233.036684 463.295007
237.095129 462.470454
228.906065 464.407499
235.141922 463.704235
236.750292 462.404408
228.972230 456.602721
237.183435 462.215617
237.171761 462.504711
231.802292 276.721288
229.927862 266.320581
244.189994 276.930523
238.606185 271.078798
239.088799 281.636267
230.154308 269.496848
236.727348 274.297250
238.543041 265.399487
236.784739 277.029755
236.853938 283.322336
237.974415 280.104307
239.450629 280.393527
236.717759 279.294352
230.773048 273.738817
248.123377 287.859503
237.943688 279.943648
242.693614 292.083975
250.223963 281.647874
241.080359 358.698286
243.585797 349.627578
236.892413 366.935971
240.515018 354.494220
240.254221 354.231819
242.766608 361.624714
244.983147 356.328062
240.808857 354.853257
247.762255 352.144125
244.040003 294.170998
247.357264 294.748985
239.267994 285.809814
235.617922 291.061409
251.888927 292.240027
244.562645 293.781461
248.479918 291.771495
232.359689 297.314040
244.382884 293.356361
249.603102 311.476996
238.360776 303.661126
246.227345 306.341607
240.042245 302.090718
244.322608 312.238767
249.571072 304.621437
244.004567 306.063440
245.359380 303.820737
231.576519 304.422246
243.373495 348.532772
243.832407 350.119556
240.088338 355.032255
239.047592 340.567697
247.671999 350.078146
244.157782 351.825365
253.202193 345.517844
254.273932 352.364620
239.481827 337.889911
250.554129 447.191312
242.364682 456.632096
243.248633 455.130788
240.582352 457.721054
242.679142 451.015752
237.270968 462.161253
249.052506 445.751014
239.484640 456.349143
239.228944 459.984414
241.869627 136.965063
244.271972 136.434573
243.453121 136.980300
241.870868 137.890169
252.335729 129.747968
240.537586 138.862723
244.849076 135.993636
245.332029 134.511936
241.732771 138.053901
251.377211 88.816164
251.943466 98.419295
260.927888 83.503580
248.663968 96.129387
257.454643 94.159312
251.847195 88.821605
257.013552 86.431869
250.743330 89.544233
250.708858 93.208733
249.570927 96.243341
256.310579 92.905228
250.653598 99.884945
255.202925 97.478908
249.353393 95.149789
250.462459 97.424706
249.831582 99.317093
248.697043 97.222156
255.649697 98.187713
254.481610 99.394550
250.776683 101.093029
251.204788 99.170538
249.351362 106.824788
259.181292 104.474194
244.554834 118.548164
257.803609 107.496057
253.765010 107.211642
243.824278 111.155387
253.483041 121.440251
243.748744 119.832107
249.637160 117.643374
249.474256 124.167672
249.188863 117.067139
249.657257 117.218210
249.686475 117.125530
249.146550 117.036588
250.793893 115.178556
247.695402 320.582387
254.334259 320.240031
239.333802 311.931449
249.714258 314.449476
247.845554 312.610484
250.605826 316.409833
250.131111 315.148899
248.059699 318.367128
239.600333 306.025147
252.212633 319.805609
248.083150 327.040783
241.184236 327.093667
247.858879 319.585203
257.628113 317.966665
246.397835 313.599564
246.908251 315.609908
244.038535 319.507086
251.032082 317.167356
240.268875 328.182997
249.860690 331.674316
250.256970 332.493772
247.099034 329.972301
249.738439 332.355413
246.194281 336.613235
248.664884 332.676711
252.905778 332.526272
240.600428 327.214170
252.359828 448.786781
244.896797 452.309469
253.544867 438.639195
260.345251 445.457331
252.993778 446.005679
243.889058 442.912627
249.417332 442.917884
251.939555 446.107910
253.313959 444.217486
253.785680 123.382980
254.676867 130.111617
253.907209 124.328857
246.593528 128.930650
249.916777 118.694473
253.819373 122.365001
253.137372 114.605684
255.049472 116.268296
253.589335 124.568880
255.661815 86.679504
257.246035 87.954486
254.696975 87.280717
262.553403 86.410204
259.982258 83.950023
262.845852 86.546588
261.896391 82.156812
259.732763 87.893093
258.546923 85.990553
259.478155 436.508715
256.240658 437.726529
257.699894 438.163392
255.291052 438.918298
258.970079 439.913173
260.364477 433.022763
257.730047 438.132324
263.251368 431.748335
252.298247 438.773769
275.682684 70.699745
269.760596 73.986213
274.699055 72.162901
266.253557 76.829790
265.085445 78.180743
269.053773 76.492947
262.176156 80.842362
271.679553 73.977176
267.403986 75.584518
269.474331 425.411558
270.905794 424.637825
258.559204 436.826503
253.647530 428.578930
256.847931 431.818612
267.940355 427.004082
264.015371 431.811890
264.693487 429.513838
267.571815 427.358399
278.925451 72.192340
285.254713 64.616124
275.669306 68.322023
275.670972 68.635615
275.746543 67.859895
275.519758 67.741282
277.222271 67.476082
272.680258 73.902178
274.538108 68.944762
267.194111 427.046061
270.021575 423.625936
282.486213 419.995222
278.482191 417.619049
268.146204 424.302122
282.450343 417.127962
274.941435 418.512296
271.650632 422.174176
272.441149 414.800693
274.653090 413.176497
278.883116 414.828097
273.355360 418.835175
286.725668 413.167647
279.954122 414.339124
273.857779 411.812911
273.066932 411.113855
286.441060 413.664864
277.486013 414.723153
278.301716 66.058863
290.936654 59.385860
281.096524 64.525598
285.070600 62.933963
280.619519 66.239808
289.935416 60.466329
282.483341 63.689996
287.910807 62.321844
277.786723 65.638808
286.874725 413.516147
276.540811 411.520559
294.132844 401.839984
284.954208 407.461759
285.527970 409.371151
282.082611 405.211362
286.987133 413.154084
288.054993 402.380957
294.313333 400.981827
295.221967 58.918086
294.343800 59.261056
293.275484 59.442421
294.810364 59.987915
297.329800 59.257905
294.153811 61.538362
291.354837 59.857048
291.086985 60.378839
291.127161 59.578688
300.016721 399.549957
290.977753 404.929166
281.514702 399.407075
304.347771 401.447658
297.604970 403.181131
294.301221 401.630995
294.559166 400.359883
287.006700 405.580955
297.184857 401.494039
298.404564 59.650124
294.847368 58.910384
301.522034 60.408357
310.403660 63.055451
299.309944 60.637252
298.395667 59.307402
298.585121 59.893419
299.240878 59.623916
298.838453 61.291707
299.601702 401.258284
300.557143 398.315107
307.149826 396.424297
306.741457 400.389966
304.955270 396.856476
302.784994 397.287909
295.175591 401.477502
303.963860 397.067021
301.882171 397.791043
309.330489 62.253624
315.735643 66.786367
315.657119 67.182712
302.252430 62.192036
313.926933 65.654463
308.633184 61.910499
310.403538 63.238395
308.103432 61.898063
308.671990 62.043464
317.934291 403.541019
310.848304 403.228817
318.487209 411.919966
319.485261 399.837285
314.582949 405.379087
307.616353 401.312056
311.796920 402.395518
311.433862 404.573802
316.281214 405.680333
308.506362 62.858646
316.643947 67.843167
309.372894 64.490484
319.921708 73.544023
314.647712 66.281042
320.367295 74.917087
315.677392 68.367555
317.017332 68.682629
309.086803 65.944578
323.678644 411.400245
316.442130 416.311454
321.773754 415.377711
315.986836 410.230192
320.558490 417.989588
316.016042 409.753169
313.241198 416.265801
318.393679 414.600537
318.037656 411.366656
317.740573 75.688810
322.323595 76.876037
315.681308 66.809079
316.659817 72.587718
320.730298 75.607318
327.310984 83.734989
321.819961 76.337281
322.288670 76.837631
318.718882 71.737409
326.197201 426.979361
324.584946 423.470009
323.631432 420.531695
320.409593 412.279333
320.200483 420.681217
324.068881 428.090595
316.098161 410.197364
323.820272 427.414970
322.676454 419.933525
331.306906 92.095843
325.375405 82.015631
321.200611 76.995558
328.820656 86.549482
331.202092 93.458436
326.390415 83.997740
329.786279 90.121049
328.717815 85.993073
329.354553 87.702168
325.805656 428.864364
322.165029 431.688766
320.564325 419.019824
328.928170 428.939137
332.512394 429.141600
325.500335 425.489241
338.290546 429.609510
327.765611 425.769489
336.548440 432.488037
332.234615 126.294607
321.067787 121.642187
329.066119 112.106047
330.992237 124.664822
339.186816 120.456637
334.525933 113.295207
329.976293 127.577144
323.979234 116.824904
327.947053 126.015204
332.350882 133.704473
323.373507 136.004172
332.939301 136.612769
341.948635 138.283584
331.617279 135.052006
331.690738 134.921786
326.074984 131.221189
335.071706 136.894859
331.852031 134.628339
330.398091 90.268081
329.603460 93.134094
331.368432 93.694316
331.152732 92.971652
332.449319 95.483319
325.185662 82.474023
334.988525 99.902255
330.406729 89.863409
331.133698 101.513670
336.790819 434.482357
337.762381 436.810060
334.073643 429.238187
333.113035 438.245282
335.292255 439.342392
335.151174 435.928492
336.707830 435.752983
333.419173 434.354250
326.005131 429.427151
329.772904 102.123531
334.867421 104.252263
333.823261 100.591826
333.038868 99.678944
327.932279 103.621509
326.353669 104.065173
333.646210 100.272578
333.818302 100.399486
334.108572 104.057502
339.463795 119.334374
327.219446 107.148163
323.234400 112.997549
331.494122 101.227480
334.076679 101.891067
336.077366 113.013226
323.823080 104.804265
334.311932 111.660581
326.679906 101.027848
328.463181 352.031682
339.183345 341.008284
333.347650 338.416756
338.755776 338.442643
336.877685 338.819825
332.881163 343.439153
339.941023 340.972041
331.096221 331.078623
327.240194 346.343246
345.931456 140.347523
339.348608 137.512696
343.647520 137.297783
350.452004 139.657320
343.113867 134.479853
341.360443 138.697083
341.090947 139.087057
341.771961 139.173034
346.686585 141.728287
342.064062 316.821027
344.931131 313.068577
345.049279 308.767123
328.124437 311.500844
348.084824 307.029412
333.940538 307.987466
345.627668 305.273464
334.630317 315.756271
335.426197 318.425286
340.396654 321.521922
338.689003 326.098900
333.215813 318.253171
341.854014 331.580777
342.103710 319.304438
338.567820 320.564908
337.569739 322.074924
345.409032 331.710088
345.808453 321.067029
340.289635 330.298904
344.583506 318.760310
349.074695 335.286266
344.491512 328.026513
348.077092 333.651962
340.128920 329.934838
340.929163 329.960679
336.966278 330.590004
348.213598 333.994513
341.626704 349.029373
332.349290 347.359434
349.450339 350.863770
340.796159 348.114263
338.497064 350.090554
341.632002 348.839527
349.147324 348.226829
337.902016 336.728926
339.676354 347.016016
352.284665 437.977711
351.785150 438.379671
343.811297 447.988256
352.998092 440.907467
341.271198 444.064828
342.713979 446.068579
342.336652 445.130119
340.891635 452.114408
344.724119 452.868633
352.616913 293.028012
342.426675 289.448716
344.675529 294.571119
346.115928 284.388672
342.824093 291.101448
347.406410 278.296758
344.126727 278.890116
344.546526 294.793633
342.926000 290.852270
344.330573 312.282358
345.721399 300.969166
345.181713 305.035870
340.531603 298.448991
345.094740 306.515070
339.941670 304.772616
347.837072 288.517475
339.312072 296.005451
344.798759 298.625099
349.611483 350.508081
350.098630 356.707906
343.228549 362.011117
341.970956 353.707283
342.432603 360.362650
341.459086 362.215404
342.220793 362.921093
351.249828 351.544743
341.169117 368.682363
345.290622 366.738227
347.230330 367.789835
349.079262 361.044682
346.991820 358.225268
341.679770 361.969554
343.652837 362.118262
352.574208 369.373778
345.488316 370.455009
349.181703 365.942361
345.323044 442.907059
351.417480 459.392220
339.832204 451.671150
351.310328 461.095539
344.371612 455.160474
339.576955 451.628548
352.794336 462.673420
339.716812 450.239362
352.164100 462.401436
345.671152 138.764904
355.820095 142.502113
346.600733 140.298395
354.934020 144.461570
353.310363 144.088315
346.183767 140.932100
344.389906 139.686534
350.318554 141.546890
353.104808 142.479110
343.090882 261.092137
351.992960 268.301165
350.899404 263.490836
348.693786 273.894936
352.516779 258.507783
342.071612 267.118775
350.617916 263.498172
351.055788 272.815799
351.383338 263.489774
354.600313 271.282616
349.854131 274.034662
342.728811 273.491023
351.503159 277.362654
342.746164 271.249385
349.410040 274.908443
356.313818 272.754554
349.958714 274.314088
342.318000 267.102424
348.026045 376.908484
348.434897 386.592560
352.000234 376.784487
348.466914 379.397090
352.307332 369.798741
361.043681 380.083789
347.847530 374.772646
347.944789 376.916335
354.173856 385.309721
354.980518 465.834229
353.765429 465.017337
355.574560 456.232774
364.385003 468.799230
349.817696 454.880090
355.090328 467.411985
344.071013 454.545824
355.808023 463.911986
350.438736 462.097993
356.076710 241.122847
355.251088 242.259760
356.101298 240.083525
352.450048 246.149925
361.198677 247.080810
355.127247 249.503039
360.551464 231.109948
358.704870 237.949986
355.754822 241.203913
355.422428 241.336526
361.038017 246.538751
351.519021 255.708918
358.133286 251.582627
355.350747 252.770038
356.390109 250.493304
354.647566 251.679351
350.157966 255.776086
360.662287 247.195358
356.992550 385.646941
356.987484 385.433744
360.252204 378.496655
364.116746 378.394189
360.777817 396.494298
355.691396 383.559882
354.633203 384.768784
357.215090 390.760545
357.726348 386.475959
363.841959 474.293156
357.549268 468.948211
351.531338 470.329583
359.875297 469.729883
358.160676 469.462982
359.516978 469.640878
361.047516 479.192917
363.079230 470.365767
353.468652 466.729313
360.554656 144.262583
368.368334 145.009212
361.145201 143.811926
360.114639 143.543740
350.902792 138.453144
361.923278 143.789159
360.134336 149.263387
354.505180 141.770853
356.297484 142.457448
358.086882 207.317826
360.482241 221.904833
363.024417 217.008085
357.866392 227.190015
354.705853 220.421984
361.369942 229.373568
360.153253 228.813719
362.535520 223.128579
360.916734 210.431328
367.483053 230.608940
360.902489 232.257838
359.787122 232.251603
363.097065 221.515071
358.675356 231.833889
358.328173 232.221196
367.494104 226.662469
362.168592 229.865182
360.930834 239.413597
356.126666 385.651337
358.925555 395.202311
355.638658 395.741877
355.986591 395.676156
364.119449 396.939137
359.358336 402.021532
353.002851 385.796656
359.481532 394.909171
362.570174 382.600913
374.672824 213.113086
364.661210 213.566416
367.661680 216.091734
368.322713 213.308172
364.374461 212.115304
372.368565 202.062064
359.637987 218.149419
360.341621 211.808115
365.098624 211.960894
362.838033 394.448751
366.376600 405.415748
357.170791 397.667943
356.832703 405.263723
367.052949 406.045975
369.012856 412.893966
365.958841 404.317505
366.862837 406.260847
365.765245 403.853678
361.929353 480.746826
364.529708 486.370707
363.378463 471.138175
355.724725 470.760910
365.714973 479.584829
357.249406 468.507876
363.202004 477.527365
369.513232 488.083781
363.767780 481.793916
362.956573 485.645377
370.425897 487.903462
366.540455 484.085935
368.656726 486.635924
367.182621 487.718244
361.547827 481.549059
368.470903 493.433640
363.645915 485.094865
369.852391 492.770931
370.156735 144.410122
362.594329 143.760035
370.038518 143.994608
374.334368 147.610771
374.058186 147.263150
380.037696 149.236349
370.378051 144.399934
371.762693 144.359092
369.807964 144.764827
366.257567 422.266471
365.435597 411.096016
369.908088 414.250076
369.087592 414.705276
370.355804 414.779316
369.979558 415.254795
368.246916 414.315193
367.924572 413.576157
368.798852 416.705111
383.304216 495.888122
373.493934 495.428950
380.249465 499.746712
377.034742 496.753038
368.727235 490.075913
371.133034 488.132095
382.118383 500.328724
374.667480 494.422090
381.107186 499.201602
378.639316 210.748263
383.364999 214.339773
369.964476 211.094637
377.234023 209.578861
379.606183 214.101422
380.447312 211.629772
379.288837 213.805738
365.332825 212.695559
376.975490 210.984301
375.167940 426.922029
369.079523 412.250861
378.560810 432.943128
371.126772 416.747720
367.820917 429.272687
372.037331 424.613756
373.104159 427.811943
371.339577 418.161624
364.264826 427.476457
374.870675 426.645819
370.771741 428.274554
376.655993 441.501740
379.165696 433.775188
374.197197 433.713962
373.122070 429.325503
381.201849 443.050563
375.663633 435.783511
373.963931 424.547105
371.918385 145.547981
383.679235 150.931381
380.648228 149.180574
379.568120 147.898282
379.607148 147.924670
370.718914 147.295638
384.192084 151.715149
371.823364 144.551165
379.601667 148.211752
386.830766 502.996001
380.122983 500.967174
388.094154 504.501260
386.312427 506.157558
386.057673 501.027830
392.450461 494.265763
389.035442 502.374880
385.833179 499.896216
383.981619 500.147806
384.040361 204.092221
385.412062 215.944948
384.907653 212.674049
385.349577 214.141609
383.785342 211.727564
395.483065 212.467032
381.159429 212.613949
386.652039 215.076671
391.120883 216.945826
380.366893 442.920725
382.530947 442.182285
384.175300 443.677488
382.808714 440.941036
385.308211 445.882501
378.693782 434.612072
383.505488 441.737508
384.120975 443.713379
384.100293 445.645526
390.931439 517.476534
389.802336 501.363790
383.584435 503.010730
387.061248 512.201959
391.739735 500.465435
386.662797 506.782680
386.874811 511.601478
387.208686 507.735622
389.693934 511.186552
385.084605 153.793340
383.728413 151.203332
391.718232 155.738901
387.877855 153.928063
393.604796 156.899833
390.029409 154.795231
394.358097 158.268150
380.297198 149.326750
383.278425 151.596199
389.654428 454.246214
396.234437 462.094396
393.388216 458.556332
392.351909 457.960197
388.757769 452.228961
386.187981 449.902904
389.672782 455.829655
390.788565 455.713863
387.828226 451.884420
390.338784 219.891618
398.009512 214.435772
403.084781 216.131968
400.021370 217.845659
391.774797 214.217737
402.286640 210.314192
401.696395 221.710754
402.901270 216.101951
390.603009 215.755765
390.013641 518.439553
392.407867 520.670110
398.108382 523.123328
398.266999 513.885763
392.374413 520.641473
392.257549 519.573093
394.261332 517.915777
394.874672 518.679500
394.570942 518.480114
398.880966 469.020891
399.313213 468.257571
396.658722 462.688833
390.168973 454.748140
393.582510 462.532415
397.447563 463.056735
388.757519 464.408350
397.283187 469.747153
397.498534 468.464694
396.671320 526.142853
401.821749 524.320364
391.865130 533.044943
395.899453 528.711838
392.082796 533.365574
400.447810 528.987765
400.776543 532.083916
393.470439 530.958791
389.639352 520.094502
403.908105 164.415633
395.254425 160.695682
394.288831 157.300491
392.757081 157.075279
396.737518 159.504007
406.259158 166.003143
397.234572 159.669250
393.530677 156.746907
398.485111 160.660916
403.408609 473.437445
401.797371 469.751697
394.692109 467.932567
396.344741 467.345157
392.703264 470.981427
398.473343 468.592200
401.407851 472.379981
398.563321 465.052856
397.612364 469.106101
400.396260 223.144756
409.363730 233.739427
402.369652 218.202086
403.047726 216.068350
389.439381 223.502418
403.660994 230.563928
401.850734 222.946089
392.820321 230.153750
411.501492 222.425585
409.295339 475.806393
403.994660 477.064665
398.903693 468.944705
408.262701 477.572155
404.496409 476.716095
397.911997 477.060626
411.257946 475.649485
410.928178 475.939713
402.605404 475.788600
397.932499 526.523182
396.488179 528.271415
406.308511 534.478007
398.656062 526.775800
411.221489 536.468924
403.034810 522.898160
413.712134 528.681129
406.226687 533.294502
408.645307 531.720026
407.837833 167.436121
404.545597 164.499621
403.319580 163.582767
405.070058 166.091055
407.860340 166.979908
406.589064 165.043183
417.343691 167.832637
411.953046 167.106214
405.154817 166.866488
408.313121 231.318291
407.108557 232.589350
404.524082 233.724198
412.473680 235.720883
409.690922 234.182483
404.039031 236.322126
405.506206 235.398185
408.527217 237.151842
404.522361 236.418228
400.179926 487.158377
411.381983 480.972818
411.111752 476.507421
411.440270 487.552525
419.381290 494.454296
408.779647 477.195646
410.075338 478.367243
409.140211 484.364702
410.440543 486.522711
414.357813 536.709816
412.391865 537.412949
406.267315 533.011476
414.268729 536.579288
412.078548 537.226361
412.554524 537.078841
412.098542 536.676728
412.083180 537.391224
409.428324 534.930852
404.293932 165.593032
416.590588 167.616455
406.143472 180.864720
415.614928 167.560118
406.254153 171.266776
414.178923 167.827400
417.475318 174.527297
407.687041 167.330309
416.322900 168.045324
404.294546 235.876245
413.513595 241.565705
414.894287 243.017581
419.032682 245.181916
408.233773 232.612111
406.425492 243.225812
416.136367 243.140245
412.058314 237.062965
408.768876 242.272444
419.324112 498.687824
414.197621 489.038984
417.791104 492.806953
415.771864 489.950784
418.298865 493.329844
414.351816 494.776132
406.637781 491.800041
413.553604 491.887552
414.860396 504.618758
422.030911 187.206360
417.065361 179.271026
417.472808 185.405707
417.693876 180.964300
418.362086 182.286721
416.639270 180.661147
416.423618 181.904056
419.072268 189.874434
421.033833 186.044920
423.048866 249.532678
421.554845 248.309174
407.916134 242.013141
420.993708 246.457092
419.037040 244.534297
431.026783 251.605247
420.783944 246.036990
417.919905 243.240222
421.120172 250.319329
421.655124 508.923746
421.290802 503.310509
424.701244 514.436735
423.353529 511.247874
419.617188 504.355291
418.155790 505.039379
414.654274 494.645804
420.520165 503.310659
417.163740 502.727305
418.345260 534.862972
427.356588 530.015026
424.820416 532.782250
419.558651 534.516572
419.037999 534.573038
421.448623 533.167954
412.561100 537.640186
424.661605 532.879186
424.487050 532.603859
422.331043 187.161508
430.179525 199.299954
424.206450 189.515707
427.023042 198.467580
421.214048 187.277747
420.099075 197.626763
423.571924 190.806696
421.984566 188.771578
422.925027 188.492045
420.286182 507.319915
422.303200 509.593286
419.002812 507.543798
425.172689 513.207455
426.077792 511.558472
421.366084 507.405941
422.301940 516.373160
422.787391 510.270193
416.263682 512.456638
430.957220 253.126701
428.623061 249.305423
426.412549 255.653561
430.661752 253.365278
425.644458 252.588530
423.363267 251.082185
431.875443 258.429498
424.132101 259.009662
426.519795 241.674217
423.516414 525.738700
432.658588 524.096603
432.699304 525.996746
425.122725 522.503122
428.765549 522.833482
428.972619 522.960966
428.929184 521.702001
430.765875 514.820337
428.748747 528.701070
424.405254 533.099966
431.834605 526.037863
430.665310 526.712912
427.336202 521.199364
423.498140 532.909341
427.545680 530.042570
430.212994 526.612936
428.741306 528.401900
428.446868 528.758696
430.681658 198.565277
424.239555 195.633690
424.771000 190.998690
432.714049 200.844132
428.259400 198.546800
428.204386 197.783026
431.882132 199.515562
424.630572 191.845438
423.844683 192.443157
434.494656 261.626816
434.882725 266.626042
436.684240 265.106611
440.715544 269.480925
437.119060 257.305361
432.561475 261.745939
441.854092 253.702707
440.165794 264.664775
444.250642 258.677104
436.133480 206.854593
436.299816 208.568532
441.075163 215.088532
440.398469 215.365394
436.494290 207.431444
440.734807 211.564166
431.513386 201.117777
444.278482 212.579346
435.362152 204.059898
448.829433 271.543158
439.135861 269.777683
441.796925 272.466570
438.742060 272.068064
437.992244 269.206390
439.130256 269.691975
439.724500 270.552902
443.798781 270.199291
441.701283 272.407282
443.964095 211.939672
436.125776 215.155843
451.015503 218.148587
442.503612 213.801225
455.288638 219.700926
444.452861 213.147138
445.291781 213.645810
444.612147 216.193290
447.349784 214.961243
441.438862 285.658938
455.682201 277.222654
444.620351 276.992772
440.827244 274.290475
447.437402 276.087781
440.155760 271.824390
452.425977 270.733488
443.157384 282.147342
449.029991 282.543069
449.089599 221.824670
453.508566 220.829524
450.467002 227.805460
454.154555 226.091023
450.831466 227.319710
454.442373 229.067144
453.058092 219.598869
457.137174 231.802558
453.743121 231.103510
457.004272 285.113474
460.550908 284.882147
462.254190 285.707472
452.652161 281.027405
452.834984 287.019077
446.193134 274.556148
464.363052 290.787776
454.222798 287.761756
461.323092 281.355457
455.834730 230.775486
455.142683 230.081769
458.105862 232.271509
454.510206 230.098168
453.921754 228.964064
452.362671 228.553988
451.811474 220.940191
447.861579 221.540786
459.220712 232.783150
457.420298 233.278094
465.568159 246.750795
453.780058 236.160154
447.588602 239.510700
467.164216 248.658338
462.463661 248.648621
453.324086 243.422659
459.559838 238.166802
458.601554 239.073875
465.316629 287.554110
470.628540 297.552186
471.825639 286.078305
468.286983 290.850744
473.330506 286.844565
464.661864 288.244375
463.754920 290.839425
457.645517 284.571628
468.011624 288.083190
468.613549 250.934071
466.745124 248.002355
472.560644 256.842147
464.826644 245.946017
467.688159 249.948290
466.246673 247.279634
465.036569 245.769596
468.333306 250.372856
469.972764 253.282770
475.036653 288.092839
470.169612 295.301282
482.142735 295.418380
473.133210 289.693346
461.233883 287.778798
481.488405 299.590484
465.237963 290.180615
471.235091 305.601829
468.907835 292.556338
473.235520 263.495047
469.259912 253.838044
473.329847 262.986587
466.549682 250.608029
471.520558 256.593406
467.811084 249.091289
467.770095 263.179960
467.264229 250.851487
472.739578 257.361346
473.082718 302.028936
482.623097 300.578691
472.085953 304.216316
469.395215 308.304999
480.461839 306.547800
473.514076 303.904678
482.234224 293.414602
474.942001 300.189660
477.044330 292.387557
477.160518 267.824820
483.738248 273.190494
472.730298 261.084794
476.736075 274.741708
476.374349 263.168752
477.257055 265.958741
475.478699 274.780784
478.648124 266.531231
475.290198 262.381669
476.116697 269.547413
485.045383 274.491399
483.629309 274.166455
478.204140 280.199279
489.718447 280.314901
487.071891 276.771459
487.689304 277.150100
488.660690 278.667687
485.289353 274.670143
488.047299 288.156407
487.696693 295.667045
489.899748 295.680927
497.311895 294.636299
485.276761 297.868020
486.607014 296.641879
482.470440 300.775008
483.554058 300.357316
482.805380 300.033802
487.194657 278.118402
489.065872 285.457285
493.548772 286.188354
494.037237 291.576550
489.079609 282.703489
488.190162 281.378767
489.746828 282.166593
485.133573 274.617009
495.883832 289.772212
496.080716 292.611372
497.799818 295.038785
488.251408 282.936907
492.477408 290.304065
495.016529 293.002872
493.585087 291.039779
488.299451 291.913915
493.466300 286.083102
492.098798 290.105089
