117.056053 581.013753
140.164244 577.629760
151.101042 578.928276
148.073921 558.451881
123.037547 550.634280
113.419490 507.772644
119.372200 483.099155
153.776614 502.463191
146.520097 459.263334
153.007934 425.218620
122.454135 412.720700
118.769082 387.950553
114.423812 344.101874
149.991400 377.425597
117.291325 296.078217
97.697862 280.385939
72.909699 251.882660
39.871897 223.764130
22.004313 199.675949
18.196812 170.070857
13.457018 152.662147
13.766286 123.496209
9.755992 105.195382
15.772358 81.311027
16.901734 60.420415
16.525008 47.383366
23.965447 24.982733
27.487704 46.818831
28.049674 67.053732
29.344985 79.217225
36.400074 84.600016
38.821354 107.705103
37.495362 133.689763
50.326604 151.576024
57.586423 162.619159
75.904920 155.469641
75.218607 136.294461
83.175633 105.228950
78.305838 91.068779
85.202144 73.822728
83.567905 64.869533
87.353975 37.913512
84.496376 13.906463
94.135869 46.020881
99.294988 72.256920
107.315177 105.666442
115.416524 136.538922
119.783486 157.510148
131.581173 149.007163
140.050371 95.663182
139.811225 79.761282
148.767381 46.261476
158.480669 18.615068
166.993745 45.757053
172.524327 73.076913
166.051659 97.609654
176.996494 113.890997
182.397575 125.035324
191.372067 145.282559
202.302774 129.401266
206.696640 103.096776
211.413698 74.031326
212.592754 55.780414
212.185019 28.666696
224.713059 16.747674
228.238840 26.604115
234.874914 41.266297
229.361532 58.381068
241.958504 89.481474
236.494559 129.972602
227.863597 146.049855
230.102422 171.786501
227.753508 204.433925
219.230628 224.318696
205.382544 254.819310
183.336796 270.221260
156.230989 282.506406
150.408819 292.880426
151.382551 315.791882
