116.592770 580.511083
114.008060 574.559213
118.741425 582.084303
125.147441 576.721985
134.998850 585.671399
132.568910 589.478622
151.862165 573.987114
157.975339 583.765111
146.934913 575.331755
147.935481 561.022110
157.669775 560.734755
162.356195 555.653853
118.933246 538.950035
121.895490 551.178507
120.608827 543.242944
115.648092 513.216795
118.974160 506.473695
117.079591 513.081986
123.372186 478.510868
122.861963 485.547118
130.404389 478.871221
153.449662 500.117021
142.482844 509.611012
150.373774 495.148078
143.889526 464.590295
150.671946 455.113092
152.275650 452.950937
163.292827 427.910126
156.053404 414.080378
152.388633 418.522297
118.829722 411.834832
121.846065 406.777118
115.268837 420.796148
122.907911 392.279297
127.709076 378.739261
130.628713 379.604408
119.835417 342.905925
122.821717 341.067634
120.026785 344.516095
147.706233 377.292316
151.932653 377.304271
154.313406 377.547598
116.478635 304.039416
113.706655 284.973156
112.943229 300.733625
92.612644 278.835784
97.199945 274.386554
97.689947 273.747546
78.320570 245.223814
80.105611 250.425697
57.819281 247.879771
46.956082 227.548959
46.319962 225.442242
43.622122 233.597311
28.065239 200.169618
31.492424 189.837308
37.209593 195.425289
11.901963 169.330765
11.950123 176.593004
22.334317 159.916820
14.407613 153.600409
17.944971 152.583701
17.549444 150.074910
21.583035 114.924454
14.190362 127.065384
15.599761 125.215531
5.522846 115.418876
9.364048 111.874873
5.954648 107.989115
10.909332 85.493960
14.112179 83.836375
18.487462 79.034822
9.973429 66.899171
13.012078 63.737230
10.578462 67.276096
13.624653 43.773954
14.779024 45.099524
16.543534 46.806481
9.824250 12.284167
15.675909 9.806092
24.136229 21.464711
27.022838 46.901471
22.118632 54.302370
29.831195 52.171334
38.444282 63.060011
29.847098 62.620586
30.727816 67.521027
33.089343 79.601822
31.277693 81.567789
29.535178 80.031041
37.300012 91.584709
36.464456 91.787827
29.251465 83.609002
30.842664 116.464444
36.656131 102.262255
40.050430 100.515405
41.371295 118.105474
44.863448 128.718957
40.194762 129.307215
37.205426 143.391705
56.753555 143.307004
47.331958 149.090506
62.814133 147.165032
64.858784 167.318386
56.614121 165.479937
76.880201 150.098304
72.551347 141.385289
74.305677 153.661552
75.983047 132.205607
73.440092 146.151060
76.861339 143.306597
79.569568 103.960119
80.742002 105.508995
86.228897 106.681975
81.337255 99.931749
77.308797 91.403617
85.314982 87.120684
88.104422 78.957261
71.624362 74.646680
88.755040 75.128299
92.063486 58.010829
72.701088 64.569038
74.274477 54.236653
72.722558 42.668482
82.473483 38.176712
83.972270 44.881198
90.303393 26.925029
82.688454 20.798943
86.324899 17.026155
91.413242 41.962502
94.889045 29.487661
90.255531 35.917734
108.856190 70.034312
102.721803 70.600616
99.829349 76.944756
114.272583 105.856629
101.234648 95.444675
112.912579 97.863066
121.679700 138.842326
119.375495 126.802823
117.141193 134.833804
116.876553 161.135297
120.355460 154.343134
118.825530 150.201135
131.752281 150.341464
133.249270 144.552597
142.912816 150.391681
135.237846 104.959530
139.660380 101.522609
133.620208 103.162191
146.811755 72.360414
147.306636 83.834743
145.878275 76.549413
147.758673 44.850331
159.001718 56.883952
149.335421 50.563366
155.734024 18.117963
160.497562 25.925268
153.119028 18.220743
174.389130 43.883670
179.809853 44.688374
167.505451 47.359433
165.356134 74.252307
157.350578 81.593926
173.046566 67.478408
166.151387 103.397042
170.180042 102.369979
166.075890 94.610495
169.856888 117.395114
174.708101 125.186751
181.055215 114.844540
182.057804 128.056934
182.951649 128.292391
179.184142 125.257926
185.364612 143.391429
198.783626 143.929305
193.682834 144.457362
196.253168 118.672132
197.172470 136.468605
192.071724 126.106465
191.663436 101.382922
204.893265 102.968705
203.565870 104.861921
214.047417 78.935660
204.175941 83.223303
206.836817 85.072162
211.633729 48.183932
205.427824 56.596814
214.969070 53.358955
224.313720 34.204995
219.617819 31.018461
222.021227 42.722544
224.996971 6.561957
226.372954 2.395908
228.331100 13.708576
231.249627 28.981115
237.197775 39.183455
234.145263 33.269939
238.974800 37.281685
237.154012 50.765812
237.905798 43.137853
236.297660 56.773140
237.675097 52.306353
237.366986 62.431510
244.571881 85.829856
234.776425 104.029727
241.656515 94.114143
239.462172 127.134642
243.586265 121.835928
240.196175 123.720979
235.300682 139.195946
231.706192 145.362018
234.326299 155.576682
227.658605 174.020307
230.432355 167.670556
224.688196 161.413876
223.431497 212.248605
229.711730 196.427816
231.225541 199.174437
212.289999 224.711600
220.907087 226.009502
219.476966 226.061982
205.113753 253.644186
205.752128 255.921532
210.189289 261.562532
183.072016 272.310874
184.028303 272.361663
185.094409 273.145895
143.548037 288.083526
149.970320 280.579597
157.533416 287.841306
144.994571 298.009753
156.902166 293.490699
152.916212 287.223979
148.771243 313.280825
152.367548 314.908261
145.359137 314.340918
