0.072132 0.616176
0.117741 0.689874
0.126624 0.679153
0.203521 0.780381
0.393756 0.574033
0.311925 0.974781
0.312903 0.967671
0.311728 0.975173
0.324034 0.970641
0.336561 0.975968
0.329654 0.829620
0.351750 0.973245
0.365168 0.975652
0.378425 0.970229
0.386221 0.824012
0.395101 0.957281
0.402451 0.845129
0.404453 0.925969
0.399795 0.892683
0.399738 0.974751
0.423829 0.836341
0.422784 0.965085
0.490353 0.534217
0.426095 0.974985
0.427712 0.799796
0.424419 0.944864
0.429292 0.972072
0.431787 0.905848
0.435409 0.843468
0.439483 0.876360
0.448006 0.966599
0.449973 0.969142
0.464587 0.944564
0.453815 0.958504
0.517784 0.757042
0.589116 0.492339
0.608984 0.141493
0.618538 0.096320
0.622619 0.094567
0.632675 0.081647
0.646895 0.075857
0.672981 0.069779
0.696587 0.051934
0.694944 0.494550
0.662582 0.671953
0.730032 0.038116
0.743787 0.078960
0.753085 0.031762
0.771292 0.036056
0.783189 0.052063
0.830837 0.285661
0.768456 0.624124
0.842618 0.057836
0.858918 0.051526
0.866095 0.075269
0.876494 0.244904
0.882670 0.064663
0.903793 0.143774
0.903734 0.539448
0.936812 0.496783
0.939558 0.434569
0.953169 0.363136
0.975244 0.348485
0.956666 0.110917
0.973593 0.130679
0.980768 0.314666
0.997714 0.278250
0.987694 0.193287
0.998444 0.216904
0.727547 0.042274
0.735877 0.045221
0.743716 0.037071
0.751237 0.035798
0.739863 0.037404
