107.413343 266.953151
106.884447 260.860045
104.510415 264.149068
103.449689 267.993370
102.486520 265.426033
110.606192 271.157675
103.647494 281.350769
104.809315 281.129018
109.195307 285.538333
113.809115 253.144045
111.351673 252.838023
111.361064 249.184631
112.271248 287.414299
113.219195 287.697734
115.254119 285.727060
118.573441 243.938859
115.506596 247.040685
120.717856 248.504377
121.738557 283.004961
121.695898 282.063361
117.315045 281.864853
126.355712 235.854734
127.566582 239.230518
126.450253 237.532587
135.381234 278.258898
126.561763 275.442561
133.394162 272.285747
133.652481 230.400777
133.668506 233.754548
129.730818 234.962524
139.017736 221.917768
140.514832 224.036978
140.104357 218.995997
139.551163 264.229454
134.964758 265.304782
137.529016 266.197173
148.024231 209.190122
143.271057 212.790735
151.516794 206.197065
144.207751 526.692612
144.535801 531.892442
144.958348 524.014118
146.897737 537.381435
145.317404 535.801030
146.493445 536.767102
149.214300 258.184194
144.442288 261.278069
145.571392 261.374143
149.439575 516.581091
154.753433 517.046510
149.156584 519.222309
153.447026 196.091583
152.045956 199.215887
152.847856 196.132654
154.138715 540.247953
155.760062 541.941131
157.839314 542.002180
155.765549 499.774362
154.349792 502.113122
154.009145 502.354264
157.156472 254.924766
152.557828 256.493892
150.301380 258.785734
158.501421 183.311186
157.852752 183.924585
157.688661 185.102409
164.969943 489.136436
160.190183 496.794132
157.660568 496.875994
168.742425 541.854828
164.808050 541.148745
161.353119 542.153490
161.814116 248.247155
161.483774 243.223621
166.081879 246.086153
163.788661 176.531820
162.255427 178.519697
164.455305 175.992163
166.437562 481.796682
167.162654 481.284764
164.134752 487.317473
166.491190 237.628878
166.824211 242.028393
171.110608 238.502876
173.500454 169.919251
174.657910 172.613709
172.686615 171.447763
168.595155 478.402728
175.313606 473.853919
172.245626 474.617710
169.833407 533.662046
169.701181 539.555573
171.447115 536.894303
176.464378 465.715007
172.761198 470.754787
173.656635 471.025882
174.975930 231.747340
176.762014 231.121491
178.890015 229.064497
182.424199 525.464859
176.698928 531.113241
178.789537 528.527602
182.244886 166.061215
184.192587 165.668282
183.404392 168.087994
187.690783 449.132321
183.563448 454.560407
182.217785 456.683861
183.368478 224.284422
183.178581 223.201323
180.451010 217.497503
184.500698 518.918464
189.048913 514.198327
188.733662 518.410624
185.679364 162.336684
192.743235 156.836749
187.923277 160.267803
191.858374 446.466152
191.945510 442.754598
190.349620 445.973035
192.183848 217.490973
189.529150 218.226189
189.114885 219.197607
193.891319 513.303816
197.408994 515.577249
192.926408 515.505627
196.663501 153.809916
198.271702 153.259922
199.154406 153.244726
194.921991 436.773095
195.904920 435.083834
196.549412 433.634085
204.171964 210.829314
200.069665 211.388093
200.811867 212.716555
201.589246 427.812981
207.276967 422.082558
201.675929 426.956017
205.256590 499.371663
199.542405 501.689128
201.597925 504.449933
205.566165 150.478507
207.224353 150.101434
203.799959 150.979642
205.512158 498.101393
208.557161 496.487318
212.055971 492.728233
209.406413 413.254993
209.948670 412.680685
209.505843 413.233755
208.050378 208.174714
208.628326 210.672136
210.879791 205.010769
212.915693 492.982809
211.759650 483.202295
216.524770 488.529361
221.157433 145.958142
215.452006 147.745171
220.823007 147.235932
215.606430 407.139596
212.838194 408.938391
220.066035 405.867118
222.696836 217.331622
223.019266 219.638209
223.605552 208.274619
219.792078 221.487916
223.476026 222.982129
221.994591 226.943947
226.268696 390.343946
221.285547 397.012898
222.360348 386.201544
222.639912 481.454565
220.568028 479.705667
224.222042 484.840985
222.567237 234.773494
224.860758 237.054930
218.891702 233.975004
230.311713 145.026073
222.667311 148.337738
229.588511 144.094105
226.192215 384.474179
225.639782 383.423222
223.474350 386.323149
228.243810 242.278384
228.517766 244.155582
228.744984 243.147163
229.820928 470.004320
229.862434 465.413561
226.532495 471.288009
234.342042 257.517635
232.692305 253.069239
232.937401 254.034660
236.405098 263.682249
239.100162 267.080098
237.822177 265.289293
230.133879 376.875329
237.181254 375.863772
230.284137 375.167988
235.818734 142.284785
238.084417 140.374211
240.440464 139.554459
235.811336 463.149439
236.542094 460.961496
231.584508 460.693708
238.823740 274.990022
238.056578 272.415529
237.177701 274.191246
239.762031 282.683581
239.448707 281.775458
240.760531 283.874478
240.239026 356.873649
240.053064 358.283392
237.867974 356.952840
241.086640 295.285353
246.870024 293.376816
242.420879 289.960422
242.726281 304.605189
239.143227 306.161357
241.164571 306.507716
249.220764 351.705741
247.071243 344.209078
244.338145 351.485094
240.645762 457.694345
245.508614 452.684549
243.155928 455.367092
246.867578 136.059633
246.288548 131.942370
242.588501 133.731293
254.243579 86.772958
251.521422 88.860982
252.712422 87.816926
248.216197 104.082808
247.401254 103.968018
249.096301 96.481584
248.712832 109.595834
251.821751 108.753568
249.094407 110.221425
244.627841 120.584620
245.499552 120.136326
246.778221 115.536863
247.716478 311.414149
248.351589 311.628567
246.940448 310.169086
254.042112 319.099138
245.106410 316.007479
247.451511 324.772022
245.164984 334.720293
243.253055 329.835993
247.729972 327.482031
251.915020 448.387820
253.814585 445.629181
252.648073 447.383400
250.363700 126.318190
253.366083 122.372563
255.225428 123.077069
260.653492 81.361803
262.026718 76.229003
258.401023 79.615951
259.568645 438.475761
258.675344 438.929390
258.396069 438.823797
265.302604 70.576848
265.103820 70.329699
269.284832 65.077667
261.904933 434.080286
263.411448 430.025176
265.203458 429.717939
271.667130 66.923211
272.377584 62.451445
271.856350 63.618897
273.577287 426.291908
273.946898 421.964735
279.340754 418.742291
279.566691 413.630350
277.231451 412.031661
278.538409 412.204415
281.497348 56.291464
279.777484 57.524505
278.863976 59.070255
288.184789 405.728434
290.931406 405.125875
285.867681 409.078070
291.238926 55.694174
290.328563 54.805247
283.852430 57.155087
292.658222 405.194686
295.896817 402.379043
296.331397 400.919092
298.301417 53.166494
299.213300 55.003437
300.995544 54.926135
305.347300 398.333026
301.391405 389.949602
304.168922 395.867545
310.224889 61.358659
311.519235 62.016858
306.409853 58.376763
307.492878 401.820095
311.198367 404.221621
310.712107 405.522555
316.782619 65.312986
312.699510 65.031553
318.088233 66.583404
322.032602 412.653951
322.887178 406.010327
312.634392 406.192941
318.845188 67.808404
324.657511 74.371574
321.132957 69.049647
319.948492 414.096329
326.285176 415.887523
321.380909 412.495011
327.096204 83.310164
329.075258 82.766356
327.969674 78.661974
328.738239 428.219778
323.788598 422.521904
327.412119 423.654673
332.824364 120.767105
323.579939 118.195619
328.156142 121.408892
328.480058 135.146981
326.143434 133.732257
332.667960 134.602786
333.526492 91.315481
332.124309 87.287389
334.697179 96.445500
335.420854 436.618751
335.798454 436.927233
334.933870 435.868716
336.486095 108.259983
335.372417 100.871023
335.142009 100.674444
336.746903 110.226362
334.287495 108.199128
337.649866 113.049791
335.948115 338.237067
329.064794 337.217359
333.548560 335.652211
342.865228 146.030649
336.027175 146.800700
342.533824 145.871420
335.473264 309.610946
341.288289 303.431415
339.198419 310.137380
336.734167 317.903427
339.682328 320.461233
339.742321 321.020906
340.204452 331.773218
337.365549 331.647309
340.201310 336.765189
340.299231 349.551392
338.659976 346.216001
340.400004 349.676495
342.993174 447.845401
337.013978 436.721243
340.234089 436.956154
345.802099 292.594851
347.050753 287.979477
344.911104 292.662936
343.704590 301.040658
344.617078 298.504024
342.108020 302.581382
343.416425 356.548673
343.864626 356.736710
345.944373 360.695973
345.997164 362.468547
347.302693 367.284570
339.744190 369.921885
346.001233 454.008207
345.881963 453.990413
346.237198 454.466605
349.268640 140.818133
346.812257 144.073802
350.967010 143.948498
351.332679 267.961221
347.159775 265.445899
355.711387 262.061928
349.167661 276.152518
349.587069 275.600574
349.674169 275.326197
350.388568 375.250700
349.995508 374.295265
344.325150 370.721583
348.173787 456.703873
353.177918 464.228732
354.894576 463.542855
354.377444 237.109767
358.169617 238.171742
358.872347 242.863990
360.371350 249.213109
357.588303 254.000162
358.046457 245.077079
356.418164 385.042622
359.868093 391.190238
355.143100 385.372646
352.919969 469.388597
357.944249 471.123784
358.218492 469.934721
362.506915 143.608739
353.629165 144.588866
360.027143 143.990199
365.205611 221.419133
360.509365 221.762051
362.226807 218.769953
363.430890 228.496812
354.524284 228.326777
359.436955 229.296173
360.602698 391.921825
361.968374 395.351553
361.747496 395.012390
364.677070 209.298212
363.421188 212.664364
364.102194 207.066574
365.346230 410.620433
362.643375 397.988126
363.842034 403.700604
361.430795 471.611210
366.573958 472.503050
365.302557 470.807778
372.476891 488.073893
367.421144 482.592654
371.285261 484.728036
366.019119 143.011873
370.175108 141.996258
373.055892 144.589591
366.215165 409.951051
365.580184 409.195778
369.723072 413.298590
376.753108 487.290183
376.874615 493.992124
378.276806 496.324360
375.991560 213.764324
373.878628 214.622700
370.813179 212.186131
376.534096 424.715149
375.963359 421.490654
374.273315 422.196694
376.725975 435.392519
377.953302 432.402899
382.594752 437.545215
375.147252 147.509172
378.054939 146.934188
376.909413 146.285700
381.714888 502.183557
383.742984 492.965167
383.438717 501.108044
383.756037 213.862854
385.611229 212.479153
382.352351 216.793055
389.054587 445.266123
385.826097 443.528288
387.047054 443.477688
388.991211 512.777804
388.318815 510.727548
391.265445 515.026676
387.434109 152.940958
382.522400 150.707125
388.318756 153.191073
390.776037 448.764829
390.312226 450.676916
388.873164 452.354267
396.121998 214.583654
393.651107 215.952573
394.513838 216.902185
393.754730 517.424656
393.926522 519.132899
394.244767 517.586059
391.262678 455.256037
391.999617 457.755302
389.072853 455.305604
397.954014 525.245696
397.961117 525.135698
400.879466 527.642029
397.104243 164.707657
392.664048 158.268028
396.577899 161.176586
399.365542 469.878270
399.319872 468.378099
399.987450 469.260984
400.211370 218.838802
404.254118 228.300331
402.523119 225.349007
402.322219 474.468291
400.302269 477.021424
400.700083 470.777019
405.948229 533.066533
407.733287 531.974044
406.166536 532.642532
405.481511 166.328186
405.673623 166.784211
407.569414 167.872315
408.130465 235.370732
406.121340 238.651865
401.128078 228.980298
411.159621 486.720025
406.425471 481.489893
408.986896 483.788400
408.207588 538.491120
412.346440 536.278884
412.876264 537.969912
412.249657 174.214659
412.701233 176.256746
413.745991 177.367938
417.413782 233.546482
416.129118 234.413145
414.838067 237.546360
414.518092 494.943467
416.769281 501.738245
414.448396 495.924877
420.395235 183.775514
417.855485 180.538807
412.734314 177.606669
417.839600 241.545946
422.890496 248.082823
421.231449 240.799408
419.248514 505.191453
420.273361 505.628633
416.598103 498.763319
424.956642 534.524063
422.536580 537.467162
419.336881 534.791306
427.359630 188.248220
425.294985 191.363707
424.794713 187.703610
419.422471 512.692387
424.334927 511.626686
422.237909 509.560549
428.304657 255.345628
430.232469 259.167501
427.468787 256.165791
431.231824 521.266309
431.948915 519.865676
430.533939 519.657137
425.888491 529.391405
427.463760 525.350640
421.983823 528.423379
433.664072 202.804477
430.488116 197.013883
427.468446 191.314187
436.211219 267.463194
435.138066 262.373869
434.919602 263.257891
436.007504 206.083250
436.746299 207.205091
433.117664 205.332718
433.471193 273.967267
440.595590 272.827903
438.355124 271.239795
446.726437 217.629628
447.171521 218.234703
443.699218 214.480416
449.945850 283.017063
452.067445 277.050184
446.599394 276.455757
447.536289 220.693286
450.618757 221.886912
451.754334 224.541681
458.390658 285.178071
450.395905 281.483878
456.461611 284.797820
454.591155 228.471446
456.829151 233.882760
453.682328 226.706237
457.036270 238.551079
459.478813 238.894087
459.073700 237.749871
465.300868 290.317012
468.577129 287.025992
459.498292 285.941477
465.948681 246.489606
465.172757 244.925218
462.077636 241.985208
470.246109 298.352973
469.388560 295.724725
470.451280 299.241888
476.513678 257.263509
474.292263 254.389278
473.032816 253.606538
478.565410 300.560029
468.950620 302.638081
476.813593 298.764938
479.630995 261.807674
479.855177 262.339744
480.136111 262.503222
485.661661 275.948831
483.580574 270.970663
484.238651 271.548844
483.877212 303.727474
486.000321 305.258419
480.688644 296.043202
492.132068 282.480890
484.314949 277.828797
492.402175 283.738934
494.864276 284.672421
490.164887 291.220366
494.600492 284.480319
