56.151518 256.179561
69.112055 239.271401
53.203453 265.317515
71.202278 286.190089
82.315829 294.409895
96.448943 313.820844
104.630571 315.263526
108.713255 296.962192
120.405185 289.513792
124.905557 265.446776
128.867812 250.702953
125.348454 210.030848
112.870491 207.094417
118.506064 189.374886
113.995364 164.794984
116.942129 156.314766
141.922218 152.724226
163.077505 158.977127
175.874201 167.675790
197.868177 184.878091
224.865606 168.537799
242.358777 165.341927
261.955421 158.744962
285.883926 147.721257
298.869104 145.832226
312.215803 138.432367
338.585346 153.364129
338.835225 178.230203
326.477231 199.570387
304.295995 214.030218
282.965869 219.305586
260.212308 221.130526
248.059072 236.107121
231.471425 250.583347
249.621012 271.772784
250.165388 304.421138
248.339824 326.726951
237.093653 344.120868
219.049680 345.434279
204.287154 362.766191
187.191765 340.827642
164.473930 342.070191
167.158375 323.674372
166.084680 305.429004
173.206827 284.167270
174.403813 268.114473
186.046453 259.641907
167.306125 245.624705
158.306680 228.858605
144.076369 224.620095
88.471630 240.789619
191.497374 136.726375
221.311646 142.592204
232.777721 135.004974
248.329177 129.155531
262.736638 108.591808
271.590308 81.113373
272.100793 67.973043
289.733614 47.149532
318.829316 39.164743
396.084726 29.839104
385.215542 54.257897
402.369441 99.973222
389.554225 125.766123
398.337889 157.978777
401.729242 192.142236
395.206966 212.756277
398.746017 234.268052
397.598227 268.127756
400.571538 293.157949
395.242571 321.761564
392.767515 341.006575
405.731289 357.117816
327.628820 296.960509
339.528521 293.531245
340.520523 263.120648
324.650177 259.628461
308.147335 247.409510
294.964227 254.599654
281.710973 258.993783
277.311086 276.525005
278.115188 290.636857
302.350374 295.397269
319.445629 311.997544
197.056549 121.808487
187.549696 78.294522
167.309990 65.682023
124.447727 55.796876
108.685103 89.011858
