46.120581 254.771037
51.908239 234.469162
63.887875 270.922671
71.019713 282.472365
64.140202 300.525818
83.172567 316.484149
111.047139 319.164594
106.568689 300.871396
107.957584 284.606104
104.165551 266.147720
128.768927 242.376102
132.621866 206.465019
128.598745 203.871597
109.761177 184.959059
112.766390 165.477891
121.168907 153.737127
143.614415 154.187918
160.863921 147.696340
180.258020 170.800507
197.556459 187.418356
227.032559 183.629400
249.125222 161.917231
262.562055 157.148830
297.885203 147.679788
314.440304 140.122597
313.755833 143.215874
331.195844 142.097779
345.104379 179.670131
333.445803 205.991873
309.596516 210.779412
271.335733 218.048915
268.365585 234.820625
242.737156 229.981588
232.794579 247.641618
232.979265 277.644550
251.557974 304.250637
251.980171 335.019246
248.366547 339.519025
212.131046 347.275762
205.964771 356.542939
191.147588 348.345378
165.487668 344.513497
169.703249 306.871359
158.867065 292.825357
170.496358 281.767564
186.807607 276.279523
192.278640 267.287219
175.413796 244.140181
161.193431 233.444544
136.335185 230.779462
92.537702 233.429008
195.779680 149.848077
210.522385 145.234918
234.586863 141.790425
252.158345 137.037964
265.778453 100.899655
276.460918 83.774652
289.104953 60.178198
298.883237 50.521955
312.010512 48.525983
385.878065 36.692552
380.431709 44.316396
392.881866 94.892581
384.504960 126.787450
404.632858 162.329544
397.262612 184.392710
390.532592 211.692323
390.619437 247.369549
404.402320 273.110838
399.046812 303.146152
403.353936 317.243572
411.815138 332.170171
397.984022 352.172866
337.166192 292.974361
349.577095 278.506886
332.055459 277.897170
326.145566 250.491107
309.289585 243.923211
296.297257 253.352682
294.044315 264.052934
277.033238 263.173792
288.023415 279.596107
294.209369 292.422283
307.807250 307.747793
175.126944 121.197402
188.137565 83.446437
176.623658 56.981255
124.761300 63.465350
106.226821 77.720118
