73.069153 397.981484
101.247993 413.199043
123.381231 439.745254
206.778516 264.662652
245.334686 235.409280
257.188512 183.740122
277.424324 135.819524
285.688437 78.059519
323.072165 9.846457
315.746850 71.160909
358.108669 131.123923
355.863100 164.751677
367.481668 479.808915
385.538275 217.172562
368.057878 444.000519
364.096847 529.298297
387.589306 260.641889
420.266282 534.853835
415.872943 420.576062
408.443398 532.295006
476.008779 412.030229
486.249990 397.200139
550.564136 398.883334
535.815210 481.279007
560.408843 436.759579
579.382195 497.265387
609.577014 222.988287
603.648448 436.232852
621.474584 481.629756
617.614339 500.126556
627.980787 171.607712
650.047046 143.736215
674.472895 114.659865
761.018152 90.539292
771.156845 129.659077
768.672941 65.923364
765.714771 38.653041
833.281561 333.852064
833.095801 386.476560
846.717174 311.475729
843.092766 395.410951
857.301903 306.394121
873.574863 408.701534
896.809889 314.549538
909.360317 345.367581
910.043251 372.793297
