60.079501 138.236290
52.167333 137.300710
58.123602 142.405803
54.512243 133.000971
46.848016 130.355842
53.816026 140.357359
52.302258 138.385140
50.441372 135.628889
77.195404 146.554911
76.824198 138.722092
72.479786 154.512297
81.711855 142.122930
81.199326 144.601268
68.985496 142.850178
80.971409 138.280078
74.179369 151.192681
90.536569 240.908593
84.855844 240.407489
89.504755 237.144307
91.554269 233.870962
90.778543 234.386204
91.294273 235.254498
100.861081 242.584333
89.934247 240.463765
90.104821 265.017532
99.721800 256.847929
91.368712 274.274283
97.470719 263.828608
100.830477 262.471868
90.939668 269.649486
103.988992 271.251644
95.067713 266.521331
103.390574 154.512786
114.898634 142.189191
101.874127 144.016191
103.346029 149.348040
98.130900 145.116011
104.314783 147.226982
100.960532 136.253568
97.758194 142.493593
118.237478 232.589729
112.171700 243.311190
123.096664 234.341858
120.226055 224.478285
112.012150 233.961076
109.801300 234.160932
117.635395 231.048328
114.301261 241.061632
126.686260 188.565404
114.248557 178.075175
107.872819 186.893001
115.471736 184.591431
114.788909 186.601048
123.094102 195.069592
120.708772 183.424082
110.000268 191.640957
127.549346 206.306035
111.308828 207.458729
113.490514 208.164706
129.334547 214.603814
120.032168 198.149487
120.168585 207.833043
121.323633 202.417697
119.407156 209.609969
119.261797 269.305879
116.057922 265.153104
112.096900 269.494411
114.204627 270.139336
120.220718 267.873059
120.585360 275.305539
124.723852 275.645581
115.354393 273.248856
131.478790 164.295026
130.955301 169.345290
122.728109 165.556269
130.227526 161.076319
135.176756 164.279696
126.963704 157.845385
126.307841 167.683091
128.881841 164.175122
121.465679 136.404052
134.149221 138.475152
137.022252 139.237323
130.473953 135.420815
138.827349 143.513743
137.624648 134.253017
138.225103 129.162936
135.391891 137.165627
136.153813 302.894839
128.911308 306.235709
132.038949 300.770729
135.679315 289.338011
133.638324 310.069376
136.303446 303.753699
128.609214 303.162710
132.497858 299.678253
143.348476 149.828404
148.340191 155.727547
144.844310 156.097425
148.233040 159.697416
154.111147 151.163285
144.591927 156.639542
148.232602 160.868889
147.562028 156.228813
144.038125 132.956726
142.852468 133.750512
150.089550 134.730138
151.996248 137.512820
153.731506 146.810007
157.956982 136.208357
156.706496 141.130069
151.826020 137.065991
157.886826 344.112576
160.497656 344.243287
163.065150 348.246040
163.129951 345.785041
169.437504 341.816573
161.866422 337.774399
163.893445 343.144654
160.112079 351.609731
169.562208 189.129663
174.064510 178.411921
182.029450 188.016667
176.690599 180.699865
161.432717 181.633049
169.843535 187.552795
170.040131 186.597178
173.637343 189.507037
190.126028 143.671062
178.901265 145.512723
180.418670 134.492275
173.715832 153.453184
178.458359 145.565750
180.409939 144.927735
178.308835 146.682649
180.371253 157.860377
179.226925 177.872010
178.368305 188.998155
184.887921 197.949769
173.509853 192.286169
187.687493 189.918951
182.539109 187.802910
176.915970 193.024800
176.864962 184.487773
181.254902 108.177801
197.571653 111.130866
188.882634 104.926728
188.151343 114.490157
185.590816 104.058139
191.226010 98.514966
186.781841 103.706455
192.550514 119.130173
193.677879 238.230399
190.591021 248.993509
191.335075 238.609319
194.051046 235.004073
192.376033 229.108150
185.609822 233.310946
185.072198 238.095512
204.361083 236.808763
191.164868 151.022509
192.517706 142.301200
186.565657 137.525175
192.132056 148.066626
193.044245 138.954180
193.239161 137.206624
191.821299 143.551109
201.603435 139.446639
194.020863 82.859945
202.921771 90.216449
194.711596 100.896551
195.532569 95.574816
198.587051 86.273817
198.240626 85.443182
202.115019 87.173199
196.578741 89.412524
196.392558 365.306130
193.819332 367.003337
198.697576 366.753843
189.848169 372.586272
189.590040 363.149917
192.141956 373.612361
195.619550 365.284960
189.993962 361.814372
202.370273 162.235190
197.797464 154.984118
197.248259 162.672875
199.943518 160.092742
199.199671 165.767892
196.031217 162.320693
197.192556 169.085711
191.382840 154.429078
199.196138 235.043840
200.024442 236.344909
205.649942 229.412089
200.415484 236.972664
198.990540 239.948836
199.959707 247.482307
200.510900 228.089308
196.056823 230.659446
202.599153 57.253063
207.165008 64.603098
197.784025 63.785248
203.198885 60.555884
202.733729 56.136063
196.705614 59.192093
209.696688 50.472707
201.636120 59.773214
202.149953 189.750911
203.257010 180.777299
204.564697 193.419315
195.191729 181.992344
203.583207 186.602131
210.524765 192.385656
204.367160 188.213773
206.439697 187.029549
203.488835 299.726599
197.618808 308.189820
201.769280 306.062091
201.694260 305.867166
191.865580 308.770984
200.205944 296.386485
200.700049 304.554556
199.340346 307.732206
208.716208 209.005413
199.964189 217.310708
193.451948 219.882673
200.168332 225.129394
204.944694 219.677084
203.647486 212.913380
204.862336 219.274087
203.957765 217.804899
207.045763 146.315978
210.571641 144.684685
211.289067 147.478746
199.737702 144.620605
212.342768 143.446345
201.810683 152.951554
210.291269 149.618338
216.751331 139.673746
213.310103 170.094066
200.564158 161.528697
214.235546 170.644048
223.095468 165.399835
209.514592 175.839835
213.265445 177.248184
211.773706 166.030874
212.852579 170.039207
215.220456 316.607402
208.690962 314.069157
209.746307 307.053803
209.726962 303.886643
209.135164 320.581699
213.026424 314.486334
206.294528 311.441709
214.520143 313.790712
221.206470 330.792071
217.343622 324.700915
219.125650 332.463438
230.905788 328.365210
220.810167 328.887995
214.175714 326.077798
221.037195 335.877391
228.807063 331.553992
228.317889 244.947904
210.898387 260.561505
215.228138 252.274557
211.773680 256.002471
220.144261 246.079564
220.683158 255.662981
223.144624 254.568711
231.478889 259.402909
222.410514 280.993943
222.436287 280.604446
223.030419 261.843508
214.568341 279.894717
219.408072 274.072511
221.711883 272.385446
222.809173 277.734159
219.353174 263.903860
223.834081 189.623611
211.829430 184.167034
225.095066 181.736684
224.023754 184.368475
233.833360 181.904583
224.348061 174.952530
224.903068 188.254314
230.085200 182.219869
221.631860 327.615989
220.833892 313.643630
218.577955 314.216027
233.504952 322.277841
226.241077 314.583332
234.604800 316.691907
224.004176 314.655207
224.608838 315.536939
225.012239 166.026014
231.606013 161.650891
227.997827 176.817384
218.214822 173.742409
227.130355 169.738917
232.456623 176.943708
224.824448 160.822728
231.717773 178.124596
228.426347 67.879032
229.496576 78.219225
215.846987 70.973916
229.992910 74.434716
228.331739 68.828291
225.568383 78.202299
227.034773 74.961029
228.024647 72.637158
236.732317 325.054744
235.428212 330.299588
233.303772 323.364512
233.562998 331.340872
225.176374 339.269049
229.074011 329.123760
239.461538 329.223627
239.911902 333.234291
241.433177 98.203287
236.673268 100.282234
239.587480 94.002921
234.349646 97.613243
230.816660 86.817330
232.743070 95.720960
233.500303 91.412932
223.229401 93.903713
248.479378 387.789016
233.593820 375.314741
235.619198 392.472553
245.077805 387.949990
238.177275 384.790304
235.843154 383.819547
238.977243 390.074700
226.321511 384.350145
243.996752 288.035958
250.154520 295.539402
248.990961 290.692306
238.500823 283.887675
243.867054 283.542155
245.613824 286.236299
239.335425 285.162184
237.869068 295.188573
241.019517 166.427924
248.495182 156.294122
250.981928 168.470285
240.259687 164.892595
239.844818 164.637298
240.603514 156.723395
243.794921 154.896045
239.855344 165.877912
237.444864 135.865090
236.957031 134.480908
239.333544 145.990317
228.805539 145.480883
248.888250 145.608525
238.298558 136.484847
236.336724 148.543090
228.121300 144.315403
243.291243 325.091755
246.264547 330.385453
246.444478 341.886559
256.411309 336.209626
246.479031 325.133184
239.152271 327.261303
249.380481 330.137730
238.503388 326.740095
249.958968 178.383521
247.178506 184.748899
248.062638 187.718898
243.413123 185.620153
249.085917 182.652951
247.398878 189.088094
249.276632 183.881936
257.479603 184.684755
258.321238 113.132773
249.273813 110.163238
244.411744 117.134355
252.184409 113.194425
255.536468 121.486435
246.536511 112.742343
253.858318 114.866108
252.111626 125.447166
254.172726 140.738517
258.656545 150.726030
254.166644 140.977751
255.538872 146.595238
253.457538 138.515791
254.863853 129.368078
250.660076 141.813399
244.837265 134.813812
253.932879 153.433807
248.061612 163.750093
255.537821 163.797510
264.198167 168.174555
259.569575 166.677067
253.502318 164.280106
255.590639 165.396942
264.301709 160.397187
259.735217 369.535556
257.529114 370.073048
272.500547 372.930572
260.917880 372.775605
258.227709 366.864560
271.607866 367.977159
259.472862 365.238233
265.084198 363.376310
259.639126 180.924134
263.144563 186.274352
259.432597 183.614141
254.154794 180.121910
251.780882 180.583080
257.808380 186.997607
266.662984 184.342862
255.962248 179.810236
262.314095 154.507792
263.056054 162.586667
264.302166 159.992877
273.852993 153.868033
275.451524 161.431919
276.584616 162.540053
265.409097 152.441198
271.942845 153.067337
263.044239 140.313805
258.547517 137.330410
273.399863 133.700906
265.831921 147.695960
277.078164 147.431226
257.102035 137.888837
262.727942 141.764948
271.221146 151.142199
278.648832 131.814776
281.586747 124.575610
288.367818 126.441530
267.991176 134.653441
275.048483 140.991758
281.749598 138.666872
282.871258 130.806208
284.876911 137.264257
281.941346 139.701371
272.645816 143.594594
277.797312 152.156846
283.754433 140.228940
277.353698 143.912985
275.791942 139.885382
269.141810 145.923514
273.715104 140.257163
286.269091 276.101612
276.362840 288.856035
287.954368 283.435952
284.591562 282.013845
281.423126 286.617439
292.642399 290.775503
287.957482 284.944117
287.087307 283.953608
293.724462 240.751122
287.099191 238.888200
297.697883 233.964828
293.570063 242.013916
301.207326 231.519904
304.436121 239.764097
296.492625 236.971274
288.686690 247.445003
300.453188 346.422383
301.290014 347.831521
298.098208 347.093857
291.018599 350.649113
304.600738 339.052910
303.970844 357.409608
297.273601 351.062214
298.178006 340.490768
306.566137 238.269626
303.421367 232.631166
294.705122 233.254577
304.884433 242.857171
302.395564 243.324120
303.075207 239.042175
302.101320 236.350626
304.978356 234.762584
294.931590 134.678178
294.673799 133.191114
296.201963 127.334006
307.361017 145.901239
301.390816 130.894244
304.528069 125.057586
302.403501 136.506506
298.299117 138.668658
316.780369 337.271445
319.702641 332.221627
321.453519 329.579064
319.299072 325.776864
318.462834 328.199343
313.542696 332.732611
313.443538 334.191421
316.511891 331.644795
334.757465 135.770651
330.988664 132.127489
329.060237 144.847139
332.168808 135.188031
328.782101 143.424129
327.150592 143.062481
327.880489 135.175951
336.448455 137.017758
341.959291 305.425353
353.353569 306.134997
346.005137 294.540639
343.344493 314.757956
345.999835 311.318812
343.088923 305.676703
335.865628 299.718836
343.615386 306.034872
338.821439 169.654724
350.104261 156.835150
340.963497 164.466977
341.645665 159.145913
340.914559 161.653936
337.130220 167.969208
340.608937 165.637653
350.682035 162.413549
338.892548 133.848090
343.189075 141.236208
353.184130 135.054301
335.428564 148.647466
344.157836 142.519319
345.064118 148.130783
348.081274 141.844460
346.384646 143.206397
349.292335 185.522002
357.928102 181.294565
350.548672 184.957933
350.658906 176.532381
351.682451 167.194817
354.783260 182.976979
361.002882 181.822546
363.461803 172.119780
357.877243 237.359986
363.220723 231.623633
365.241747 232.173611
360.782322 235.507680
347.610310 242.540214
359.765796 239.666018
358.542047 237.327844
358.490121 247.574946
363.975277 265.273648
353.421165 272.160479
366.292432 269.128674
358.114529 272.123527
350.825214 282.967908
357.187118 270.458729
367.786904 276.459053
354.633528 282.450582
361.387042 265.459148
369.660400 268.627631
371.419341 273.877044
373.743444 278.947439
364.801185 280.998110
375.365962 278.171885
377.711355 267.141062
378.945872 277.177338
383.644799 250.411969
380.213448 249.871636
383.756452 241.127042
375.131265 248.470373
374.454685 249.848055
372.411342 247.853705
380.681527 248.220784
386.295003 254.572781
383.073016 142.989818
384.894131 138.806044
383.840856 139.670644
390.893662 145.556330
377.068132 143.641625
390.462155 143.264349
382.629580 149.326170
377.725642 136.317585
385.593146 121.560346
383.228948 128.475232
389.917204 127.185670
390.081525 134.581559
387.255210 132.742506
386.868948 130.113844
388.265622 137.709053
378.017454 121.279694
210.493715 43.901640
207.923434 42.365700
210.679473 40.498439
205.059402 39.561053
211.697281 34.030409
209.072011 48.932282
209.119586 43.834371
201.497922 48.639659
216.950003 21.518022
217.287783 21.553786
222.425266 11.310952
208.235733 19.212363
211.796496 22.082201
218.585495 22.286999
218.480428 27.922297
218.052047 21.669701
219.519192 30.352655
216.109675 33.229898
219.036602 30.071851
223.015301 32.748769
219.108913 34.515997
220.618734 28.305653
222.155762 27.712265
221.122084 37.191582
221.468886 39.528567
221.684918 40.066097
227.537499 47.445591
213.752146 30.415736
221.462984 39.331782
212.885416 44.501637
221.380894 39.366152
222.619858 41.050568
219.356330 47.312556
223.281128 46.537567
215.457495 37.102439
222.031013 56.970935
216.427739 42.481060
230.270008 40.512280
210.490362 43.876338
222.436742 45.872237
221.445748 54.799370
233.488671 57.600295
227.411606 48.353766
222.831949 55.501487
224.257576 53.412490
218.020991 55.102178
219.254963 48.543303
222.813622 60.262886
244.061589 103.555453
242.256135 107.157282
234.875665 99.999249
238.263289 101.836560
244.865917 105.447520
239.303701 107.128495
236.500062 101.910401
237.947566 96.319247
366.564620 155.416757
365.531780 142.871521
374.177412 152.958222
374.291325 155.620987
368.593595 164.166781
380.295062 151.541438
370.832906 160.773041
369.348959 143.018662
119.656625 293.626121
119.261875 287.992263
116.272461 293.916764
122.170699 287.200129
133.778367 286.945552
116.263149 286.817280
117.821898 290.152447
122.163311 290.262333
114.474346 271.694301
116.211630 287.206394
105.796690 272.638919
112.418272 286.408463
102.598601 273.017850
119.929864 275.129014
111.237796 278.677114
105.877976 282.371765
99.351826 206.731131
107.383874 220.170787
97.483184 218.167178
99.154219 216.781882
100.840739 228.439080
97.238318 211.413204
101.130143 217.386418
92.166616 225.042844
108.697940 221.085731
107.673138 220.832210
108.158481 220.805629
116.011689 215.740040
115.738105 224.541274
100.299043 229.840514
107.490453 231.561385
103.174169 214.521817
122.694840 234.438466
114.096427 232.373788
119.328625 220.336755
121.396589 213.055609
110.306356 222.515416
117.720369 219.212513
117.488895 226.026388
114.024446 232.136456
119.801301 216.773804
111.003168 220.914244
120.125512 221.035685
126.031879 208.925336
124.864688 215.468202
116.213868 227.942599
124.310975 213.624322
114.972660 223.410166
116.763399 211.295018
118.981806 191.727103
119.785500 203.944228
119.845574 203.435701
111.261784 205.370839
113.870995 206.634887
129.176996 200.280063
115.591597 204.020926
152.515647 151.823757
155.612193 154.641528
153.759024 152.709676
155.094655 153.971206
158.068828 152.037387
155.599909 148.301708
157.448885 149.446673
160.389430 153.518733
169.926375 156.763692
173.446922 160.274000
164.047920 144.687915
168.860207 147.931606
163.411648 154.157249
172.254282 155.461995
163.803107 150.489850
162.997976 145.703921
231.691354 139.675813
240.301294 141.449973
229.596079 150.226660
239.512848 139.567496
236.859394 139.299346
227.706169 144.604001
232.291378 149.034667
229.421058 139.287529
285.645601 149.200577
280.334420 150.890029
295.662248 138.752899
290.128339 147.384676
288.180717 146.226402
297.565831 151.529622
287.407698 156.842313
300.752729 145.504639
298.117288 155.631075
302.242611 145.546804
293.223384 147.417380
300.873782 151.079260
308.950281 150.539093
289.501574 150.528608
300.853534 151.812031
303.601227 141.748111
311.203070 150.242061
308.618322 149.786306
308.596482 149.768415
305.772113 139.860672
309.499123 152.300824
305.046981 148.243535
303.165532 157.587062
309.503185 151.102926
320.557502 157.350439
314.778047 159.358738
322.879868 138.896452
316.820541 151.853641
327.754408 143.683167
316.024184 153.460728
321.935761 152.905298
327.514888 145.733623
325.594233 164.194173
333.284762 158.228056
327.297568 151.728341
326.128677 149.367122
327.025252 153.130087
330.112400 149.956983
326.672876 152.223424
328.753405 147.638697
334.314891 153.774167
331.585630 146.376027
341.028667 148.461831
332.174011 158.645550
343.606624 155.700163
333.976393 152.657524
331.895869 145.770318
333.169398 155.101990
356.146780 207.022237
358.617371 199.379740
360.745010 208.814829
354.438962 201.337663
358.129616 199.197109
356.773308 189.218182
356.800973 193.528644
360.766197 205.555556
359.683530 201.160637
362.756425 206.335011
348.516998 216.490327
359.516667 220.988088
350.043889 208.488534
356.942725 210.413477
355.094576 204.727049
358.852102 199.167753
356.128028 224.813006
362.465583 222.344568
362.885984 231.014512
353.543905 220.339185
359.519249 220.871700
359.044201 220.292339
369.499977 217.609314
351.966020 217.643183
358.917129 220.406194
360.599559 219.186582
357.503581 228.975845
352.350540 237.754737
363.334123 235.700896
349.361821 224.828704
359.004219 227.594443
358.264390 218.160202
363.114637 222.574843
384.591799 220.323524
368.781474 219.826295
372.638852 222.133703
376.094565 218.839740
373.290128 214.215287
379.982589 221.152809
367.950469 224.345794
370.847925 227.256492
370.920938 225.462870
378.177833 228.408544
378.902808 225.839812
381.137643 224.771676
386.862514 217.027270
379.985053 229.776270
379.944763 228.719963
365.006054 280.990490
366.314234 280.717826
361.589593 286.375869
355.957047 276.774266
369.527617 285.247210
366.006734 275.721742
358.635747 288.749222
348.115105 289.971166
350.417717 290.728761
349.773140 291.088930
352.317413 280.779096
351.881964 287.930774
339.564489 290.839618
353.058321 287.186339
344.837525 297.459630
356.815976 297.345139
241.387552 187.074511
227.707779 180.091386
237.310546 184.886120
246.695222 178.291137
238.794503 188.284540
235.820243 182.430948
245.180338 179.300026
238.693674 186.318570
284.566787 193.161253
274.601485 177.815474
285.879571 187.378648
277.191792 184.638018
277.659145 179.161619
278.660926 183.157403
269.158335 186.163385
271.609411 179.735414
285.566319 178.922458
285.943186 181.448485
288.112276 184.322386
282.918511 186.981370
285.024025 180.149171
284.259187 180.761082
288.509699 183.798777
287.343020 185.952367
257.145071 326.914899
258.500622 332.861250
252.050376 318.805526
262.699507 333.978079
257.543306 319.667338
256.028813 326.049956
258.719113 329.612227
255.806042 330.952731
258.946930 319.197745
266.415690 319.783723
266.819154 310.973857
262.052029 327.353437
262.182273 319.226040
271.997766 317.278647
266.689964 327.870529
270.252003 313.906173
260.255774 310.294409
258.053787 304.858511
272.518276 310.212096
264.801936 319.937352
272.620525 313.864722
271.287273 304.783830
265.279870 306.080729
269.796736 311.518237
268.545334 299.374416
276.074243 304.627641
271.788870 303.622241
269.689556 311.687629
269.508591 310.372838
270.253580 300.159195
268.489788 305.864039
280.039993 304.095253
274.804576 292.360469
274.828019 305.315653
266.768789 299.105528
264.705264 296.008454
265.571474 292.883156
266.689452 292.274490
265.137482 303.265353
264.165676 291.891183
210.731988 322.892916
208.033948 329.681108
215.021004 328.829168
215.998106 330.140101
212.427156 329.844513
209.207772 325.484002
218.539678 327.019324
207.285511 326.612281
185.021882 301.593190
192.631511 284.123058
182.920172 285.869860
180.151573 292.126353
191.903407 289.769189
200.398674 293.214274
198.544129 281.852894
192.134513 291.740166
196.666330 300.345829
192.961887 303.547324
207.052034 298.325917
198.760155 292.922344
192.841580 291.566911
196.999305 300.511758
199.470008 300.233676
209.675464 297.193758
210.104784 305.631766
208.830575 309.872829
200.554466 302.855606
199.098998 307.910246
193.484173 302.774908
201.982592 309.264977
201.091751 303.933919
193.229670 309.962704
241.540423 312.135049
237.375453 313.086666
241.193127 314.342346
236.789349 315.797042
255.189964 310.049664
243.501313 315.936108
253.333851 315.664062
234.650545 308.527010
257.696988 321.030495
245.997318 305.122726
247.955077 319.996770
252.992958 309.359842
260.178436 302.924578
255.102414 317.303079
242.208011 315.182616
256.183333 316.686697
263.410191 314.477916
268.287889 307.748855
264.401782 300.878299
257.644504 309.168299
257.673990 310.444629
248.322018 302.263625
261.156658 314.177462
261.312995 303.220647
199.976674 321.085268
207.205109 313.053703
193.885670 313.209062
201.522498 320.235727
208.416646 319.547325
199.424920 320.990388
204.658286 322.700870
200.176644 317.661565
196.688772 307.098806
185.374574 303.985403
189.403157 304.195012
202.575918 303.401582
193.049288 306.296815
186.434645 303.719740
192.497768 296.458009
190.102637 300.619558
221.989029 278.545421
203.961365 281.914083
207.529822 291.649496
211.798646 273.140608
213.034311 285.261548
218.037271 290.669830
205.267901 288.378268
217.925404 294.432005
222.880854 289.536725
220.129838 285.899753
216.365633 293.481560
216.322524 296.433065
208.406746 296.029986
228.832859 303.815829
211.854006 293.069528
220.635664 297.042742
229.668864 294.647297
221.556900 286.066102
229.378224 293.774741
231.703768 283.495072
236.072428 298.025544
237.539842 286.455521
235.088349 302.088546
229.731461 297.259237
191.404509 250.213198
192.788996 246.715607
184.039029 242.567081
183.798855 240.793841
185.127739 238.182681
184.780444 243.745392
189.290553 248.604789
186.333548 239.586444
185.763362 237.990065
177.404997 242.606738
172.266871 240.910454
182.689007 243.061004
179.787434 238.905997
170.465070 242.962013
169.469425 234.684200
184.736223 248.139302
166.130702 252.525427
175.803239 240.724280
169.321795 243.052310
172.268451 243.980713
160.946767 249.599241
170.953494 249.420539
163.319792 244.079807
168.813090 249.568424
156.175223 245.257040
157.057146 239.397835
153.431118 251.022359
150.630673 247.759913
155.496862 237.781320
160.743794 243.581209
164.472657 233.054758
157.716324 239.906901
153.309577 241.432434
164.543372 237.333145
155.596119 243.046875
158.142733 239.220794
153.227816 238.199283
151.285016 235.760105
157.358367 237.465698
163.990970 246.271387
150.955890 235.599003
150.434662 232.439688
148.671739 236.272903
149.292165 235.636590
146.073628 228.036118
157.721435 235.564408
151.891622 232.250756
147.627995 235.938554
150.231054 234.875030
158.164334 235.184658
155.831374 240.599512
169.291182 229.097071
150.760850 243.543422
157.527182 233.064373
148.482627 236.383821
162.013216 231.778314
172.424699 235.833709
165.934229 226.713779
156.157524 231.971490
167.925966 231.102792
170.073561 222.349769
174.201220 224.010065
165.734449 228.172679
166.484360 230.820005
173.731943 228.119214
174.152711 224.558647
165.730244 232.118158
173.506040 227.139257
169.078376 233.958244
167.407361 234.034809
168.722771 226.843655
182.662997 228.328422
189.933869 227.879345
188.813789 231.483388
177.204209 227.678474
177.955075 225.947659
184.633964 231.204678
177.013563 228.915028
184.483772 223.954360
176.513545 238.601554
191.559717 218.139016
177.482846 228.064695
189.179618 233.026945
173.606698 227.219935
185.817491 228.716208
189.450896 228.567515
185.372962 229.489232
186.110890 232.558792
181.869056 226.272705
196.318673 229.053407
184.697159 223.438701
193.065403 232.216578
200.556724 227.756834
191.357466 230.978335
191.560716 230.881472
198.582151 221.732211
174.322941 234.364453
169.706162 236.936153
173.045176 234.644996
179.673066 237.324200
176.664820 229.484690
177.675487 225.852289
176.781075 235.183646
174.483424 233.886094
156.006999 220.427999
141.555196 224.717122
152.998435 210.070153
143.733095 226.234190
145.616361 216.078234
140.264842 217.402548
141.103497 221.296886
149.076071 213.435693
147.674110 222.888770
153.479227 215.684374
155.479920 217.986095
163.962638 218.770705
158.755414 217.299313
153.437360 217.955382
158.894051 222.495263
158.866506 216.581383
166.285964 206.537437
167.077697 221.187891
169.002163 218.926082
170.599818 210.363428
162.760276 218.976584
170.593568 216.951403
173.149832 220.934039
154.139169 213.503219
181.587540 212.871410
172.831959 215.172778
180.280840 214.311020
172.929538 212.991218
171.273720 227.238255
178.266337 226.748256
165.222910 226.542483
176.973136 212.356223
180.892855 216.912515
184.283439 228.398202
175.404860 206.983997
177.828024 219.345854
181.685291 219.964257
181.847783 205.613711
184.050511 217.136086
179.753456 222.040041
189.774136 225.261824
191.010769 212.182477
188.604891 217.697970
191.916563 217.626886
191.286458 213.388347
190.499633 211.019024
186.826823 213.486974
189.038622 208.115073
269.280459 238.878874
268.613691 235.543676
263.739163 246.626651
272.147168 228.135013
274.861995 230.527774
267.631813 229.606345
273.107029 241.786461
277.331772 240.033486
283.222761 233.138531
265.968822 238.367085
287.378602 235.596914
277.079985 240.286889
283.992196 239.437859
278.016261 230.506675
276.165113 249.610777
269.654232 243.048293
284.486993 250.062824
292.779585 239.429970
290.712533 235.305046
281.201595 234.759571
291.541389 236.900535
285.880270 232.653375
283.617612 240.904145
280.943129 242.331664
288.583025 240.931420
285.421362 251.424248
280.375316 236.193623
286.356315 236.594425
283.674643 247.688362
289.668210 244.141284
284.670327 239.372213
289.187370 228.847122
308.143889 233.339245
321.652111 244.133559
306.099735 225.493351
315.536637 234.865996
312.446633 246.438213
313.856056 223.848244
310.715070 243.920178
317.919605 225.577270
313.628154 216.641934
307.656059 238.717794
304.580661 234.203295
320.385375 222.637774
311.034992 235.378683
305.655385 226.473229
312.541986 232.042719
309.352922 230.253336
302.027998 229.499529
305.705629 226.785053
309.541358 234.757850
314.150138 224.079927
305.022347 231.804055
313.660002 225.286568
308.753497 227.114083
303.078716 227.683553
301.678489 224.583585
295.708748 229.034694
303.285563 231.866286
301.693578 225.742268
307.721170 225.761534
299.542365 229.379023
291.824327 226.431128
301.897027 225.052383
305.109149 223.806136
286.496940 227.499962
298.132632 226.381356
297.395772 223.363853
302.937356 228.362995
297.981380 221.508839
283.985559 222.055732
286.822474 225.943371
293.883212 217.064107
288.015901 224.665274
287.667171 235.250135
296.488778 219.102004
291.630880 218.692178
291.155397 231.858548
288.547626 226.121278
291.880484 225.884519
282.736881 227.472026
279.901685 227.298044
287.679739 222.672065
289.777502 228.464242
284.432041 226.123493
282.043570 225.770398
282.379220 226.513603
288.782907 236.751036
282.765575 227.724433
283.463191 225.246984
282.063522 222.919256
277.008715 226.613959
274.856172 225.322586
274.107022 225.064934
272.141312 228.022669
277.986347 227.380004
273.856633 229.334331
271.404976 229.148927
270.270952 234.058834
266.978529 224.695605
274.849574 217.948503
271.246819 229.602468
279.231905 228.777553
266.902189 222.344044
294.164218 236.816861
285.574942 243.249035
302.524020 229.549684
290.036923 237.991955
295.713093 221.999760
297.607753 237.556026
288.915917 232.177829
290.065199 230.360199
268.831401 210.811907
258.895300 222.904953
266.886831 219.482261
253.240039 210.807392
258.427862 227.850977
257.394322 208.309308
252.599077 217.020747
262.763033 214.539701
270.889190 215.381846
270.662367 216.482285
259.515297 218.605878
269.936530 216.124966
268.205718 216.156505
262.351199 209.844616
273.967660 220.119806
265.046630 209.072042
282.615018 211.675353
287.209063 216.377032
279.692664 211.521415
280.579232 217.185582
277.090607 219.149448
280.525693 215.034875
272.555475 209.820512
285.021412 221.944945
301.807854 214.047698
294.050316 215.672215
291.451267 205.759342
285.486484 217.337426
300.488650 219.761496
303.372086 210.720813
292.530790 211.585177
296.749294 212.647487
305.360738 212.909763
293.285209 211.983678
300.235566 212.285217
297.060351 223.080365
314.338264 208.829848
317.484148 212.409865
313.546286 210.310277
297.916472 214.128948
308.229911 223.403896
326.644573 219.266475
316.063163 212.843264
320.905572 204.693572
326.843394 210.712034
324.487640 211.210574
313.912343 209.270008
328.723240 214.059039
332.664770 221.451229
323.398976 214.800847
315.955489 211.833113
332.198805 208.795888
328.050043 205.972954
334.163635 219.098630
320.711521 208.343367
316.280566 211.569665
