52.885864 138.899708
47.092646 135.912580
55.043805 133.137988
84.088889 151.157852
73.475151 143.413008
68.140789 149.883443
92.624404 235.863913
82.257567 237.777208
87.384708 237.484825
92.686845 266.387712
90.544416 268.220055
90.885827 270.407121
103.597251 147.531976
98.785237 148.787496
102.846187 147.026366
120.114250 240.670031
112.735058 238.114470
116.099428 239.762962
114.729092 189.079174
119.034680 185.715795
124.358646 193.490797
122.142605 210.678003
123.337034 203.918991
120.317393 208.229909
125.450412 264.530126
124.603804 265.602334
119.135820 269.679868
130.282491 164.164505
128.859846 164.029287
126.196058 162.445756
132.546375 141.198206
126.052335 143.308390
133.418150 130.677002
127.335691 297.987497
136.722082 297.125079
140.435094 298.111127
137.222017 161.149006
142.266183 157.819195
139.587379 163.162994
147.062302 138.471452
151.683058 142.529409
151.560009 132.339176
171.118985 349.441395
164.070344 351.678501
168.652555 342.442403
171.947877 186.098163
169.705001 181.493758
175.646075 191.383200
180.180049 142.580512
177.849756 146.029836
177.285222 151.344329
172.264316 192.431264
182.069733 195.672686
177.753655 186.218345
187.501802 110.302489
194.023444 109.604053
184.975170 113.574199
193.104006 238.318809
197.180556 246.192310
193.721014 238.937761
196.982321 138.138842
190.572490 142.391595
198.946928 141.201791
196.262576 89.309534
198.710001 92.435807
206.002100 87.423932
199.557456 361.966648
191.262641 368.632347
196.302634 367.972577
195.722885 157.111831
193.356137 164.071970
197.695863 155.391218
205.267354 231.804501
196.308590 234.838915
198.054209 234.620416
203.906377 58.702735
203.321209 61.223242
196.078633 55.745228
205.325365 186.415234
202.437549 188.034875
200.449534 188.937285
194.724204 310.262929
204.604661 313.709843
206.903548 307.789137
200.400958 213.840916
202.170576 217.165435
200.124470 209.386259
208.234378 142.668062
216.121971 138.853480
208.549892 150.276131
212.437794 166.578864
216.744476 169.914294
215.422791 175.389495
211.148170 310.424032
221.569403 313.765456
209.845226 316.591777
215.884000 332.486189
213.134979 332.030869
227.271394 329.263542
224.529459 257.276736
221.500551 254.519754
231.182820 255.159142
221.869714 273.172895
218.673813 272.390495
221.594845 272.174166
217.861690 187.328272
215.434175 184.814340
221.219174 188.132297
220.680866 319.616522
226.476421 315.966309
233.640892 320.029051
230.905641 167.139399
220.741962 170.950431
225.204911 166.647572
226.334058 71.905081
224.947904 71.202320
224.761638 76.148630
228.485848 328.128618
233.397111 334.044758
230.793425 338.139736
230.477225 91.614419
233.874612 91.546046
232.623518 93.222719
232.012530 390.570267
239.509176 385.796531
240.925811 383.574213
241.472497 288.701719
238.290551 284.120513
247.894768 291.830913
245.984963 163.594297
243.509756 164.021837
245.895753 159.536098
241.225433 142.563051
244.747988 140.068109
247.799782 141.528014
245.764217 325.398196
245.800196 325.558535
241.940051 322.271305
248.593364 187.037465
246.301838 187.269030
249.084328 183.488093
248.242436 107.551048
249.444653 110.683463
256.841409 104.798586
254.667824 139.073130
247.407562 145.840223
248.391875 142.178082
257.161727 156.447600
262.853881 162.036953
253.472297 164.017346
259.144637 373.834172
259.512564 377.410125
261.447300 372.313655
266.177725 178.613526
271.097019 184.485331
262.380790 194.198265
272.910444 163.326334
264.553732 165.676034
270.584144 159.455935
270.771092 150.971870
268.030802 142.285045
275.073478 143.196947
276.993758 132.947492
277.601240 130.827547
276.469846 138.312976
283.274849 152.971743
280.473837 143.457126
278.777284 141.902626
290.711956 289.045427
285.852569 284.785093
280.816574 279.912310
295.778975 243.744105
291.973112 243.427303
292.432194 244.895593
292.854821 354.143312
302.129809 348.319887
297.698365 348.272711
299.908035 234.738515
299.098605 238.550592
306.466725 243.760579
304.420904 136.453732
303.208507 137.474076
302.679421 135.791312
310.098375 335.639380
307.128526 333.400174
317.310110 330.429859
328.847982 131.511040
320.752877 138.039838
324.485474 147.271499
342.028884 306.127998
342.945230 307.357360
343.062211 305.630375
349.112211 157.424636
343.010612 161.321106
343.561246 163.444843
342.638400 142.196944
344.672382 142.457308
342.298200 141.847003
355.560121 178.246588
357.056064 185.702163
361.276701 180.705466
356.084742 239.679759
360.030256 236.259926
361.102428 239.379206
367.148276 275.315575
359.974951 279.029985
357.996937 273.974301
366.640408 276.529724
377.219569 268.048709
378.537992 268.420276
380.790688 247.450285
384.173201 253.018150
375.449912 246.522543
388.410354 144.869053
383.608930 144.158446
380.812196 141.080076
386.215171 129.951296
384.684802 127.900065
387.668961 128.506475
206.325837 36.379985
211.853105 44.202957
213.727225 44.166462
207.413955 23.869048
217.693612 19.025543
217.695789 20.176734
216.104635 31.612635
217.565207 39.544179
211.777387 29.105240
220.634094 40.587429
227.530704 44.428136
225.137233 30.182448
228.422722 47.296741
220.428249 45.156234
220.245018 44.042607
228.100235 50.530755
229.193654 50.117101
224.455344 55.313008
242.809863 98.481729
247.389294 99.765422
243.403438 100.593224
371.803326 152.103832
374.667430 153.242654
375.220831 158.113222
121.576229 298.066519
120.309512 290.036062
120.803689 289.898033
111.410654 268.868888
107.541059 278.200780
113.276945 271.698159
98.780004 217.579846
98.507283 212.692032
106.826081 218.694994
104.614401 228.996049
105.322382 215.935501
108.824597 220.365268
116.494854 227.077960
112.446272 227.333463
114.039240 220.166351
125.445350 212.232185
117.033725 220.523018
117.055161 216.472995
113.735600 207.993855
129.004076 202.548605
116.688584 206.451353
157.591182 152.233930
166.850114 151.675115
164.245265 153.644438
166.042649 155.354657
166.749628 146.149567
164.158922 143.071717
233.911783 140.203377
227.327827 141.079572
231.025411 147.757296
292.333217 147.368222
288.880688 145.349106
291.082860 144.139222
300.148381 148.268898
305.943109 154.505163
305.475979 151.209313
313.092103 143.180526
309.473023 155.480454
301.042375 153.517742
320.678188 144.676806
315.732462 152.341860
320.623452 152.559343
326.018267 155.827279
328.006218 156.526881
326.432043 159.148089
335.824033 158.072031
339.825466 157.505192
329.364612 156.257825
364.135565 207.122812
357.477516 194.238781
359.569744 193.098821
357.364251 203.877030
364.744053 207.919804
356.223501 208.353288
352.841391 222.016279
359.176472 219.287628
358.220175 224.064935
366.308950 226.347988
352.555332 222.814728
361.068627 226.522512
371.530026 221.501478
376.480724 220.073332
374.605189 225.288670
379.192143 219.862571
381.173339 223.491378
384.892803 233.030044
364.508320 279.688610
349.019838 284.910358
358.306116 283.475460
347.528976 300.205976
355.093126 291.143423
351.528843 292.255520
239.550803 183.172596
237.771484 178.584260
240.185006 185.699690
274.936793 179.215126
275.788592 179.478636
278.244152 178.783117
285.146125 180.095247
291.890018 173.614497
280.981953 176.046662
257.582840 327.241107
259.464629 326.841510
257.991716 323.249868
258.560575 313.370611
266.313060 319.197958
263.656650 319.941108
266.926678 312.634829
269.963270 316.365866
270.772692 306.394596
267.660600 304.652322
267.334801 314.833337
269.547685 304.098168
277.002667 300.218376
270.812064 295.084613
269.511463 298.555353
207.355354 326.530630
206.806452 318.119563
211.616949 328.893167
192.808832 287.301908
185.663543 288.821416
192.517358 291.270832
200.155317 292.468768
196.489698 293.919200
199.723694 298.981410
191.747727 301.138133
192.085194 302.880913
199.413056 299.481027
242.818726 316.062065
239.572734 307.271536
236.899488 321.054945
251.650520 313.573698
251.471643 311.885070
253.410702 310.110952
264.258124 314.112254
259.875975 315.440208
263.069181 314.169476
197.627809 319.461813
191.619406 322.578087
197.366571 327.887208
184.654118 309.902125
196.913521 309.803827
186.489978 312.815631
205.807401 284.539242
213.717935 294.536254
208.720279 287.126245
227.021482 298.329172
225.527208 300.487889
225.139211 304.321018
228.640145 295.850383
232.464204 294.103435
222.123864 297.445492
194.278032 245.165600
183.656759 244.957330
186.149412 236.195709
181.500091 245.045544
176.206722 243.560432
180.220038 244.331214
163.543417 238.412822
161.313239 242.215716
175.548310 240.691208
162.711021 247.787729
159.680753 244.003138
163.693683 239.464890
154.044107 242.604244
154.824306 237.857604
145.968158 246.352979
149.123377 235.638585
157.320296 234.180518
145.495882 243.548171
158.990746 241.549374
153.831175 232.059280
160.842100 229.188289
169.638032 230.887954
167.186040 233.562319
157.248754 224.962811
172.339863 226.849631
170.676391 227.156311
172.331537 231.116488
185.303758 225.022123
177.999505 227.659588
173.719312 228.967951
184.865152 234.758129
177.190425 230.144025
185.121941 229.425189
191.537081 229.767804
196.788225 223.253188
198.283024 223.202971
171.410685 225.996876
169.723486 242.871561
172.311003 238.647365
145.405061 216.808860
149.649083 214.802291
147.860247 220.378042
155.787147 215.755148
150.452407 226.706008
150.985637 209.422003
169.504098 222.811167
165.745435 219.170222
164.142153 219.058109
165.755534 224.051473
173.622756 222.420200
172.308500 212.948817
178.266522 211.030593
187.602156 223.011946
182.041208 217.919364
195.748044 213.642052
194.044138 221.754438
195.288103 208.804992
269.308304 234.948046
271.193006 244.090207
270.256262 233.841320
274.347084 241.237539
277.619126 240.834132
277.765735 242.543233
277.508658 240.231353
284.508124 240.718529
294.168075 243.180961
285.744980 243.772767
285.724110 235.934818
282.703093 248.125918
313.738402 236.457449
314.927992 229.172506
316.694105 241.143863
313.794398 228.111394
313.893526 234.724125
314.008542 232.103004
309.524212 221.502873
299.932629 226.304468
309.873211 228.372720
295.639870 225.794767
296.912203 219.027805
297.489585 232.672188
292.201836 226.326821
300.931803 229.138786
294.726741 215.221937
290.682541 225.521338
294.103293 217.364997
283.167600 226.745568
279.044078 224.896764
283.798708 225.727211
283.211067 224.136618
276.438521 226.681278
272.760616 225.313295
273.854514 220.404375
265.522470 227.771186
264.742893 229.657653
273.870882 236.005586
290.434802 232.612009
292.782761 236.572430
287.037371 236.869646
261.308137 218.062779
261.278934 218.267790
263.740149 219.193025
274.393129 218.104768
277.667193 220.370771
271.030767 217.233460
274.448045 222.469319
284.681649 214.740810
282.176850 220.918853
295.919238 214.004623
293.900814 209.445163
295.099945 209.734165
312.200004 214.790190
305.111465 216.023244
309.926511 210.816638
314.544521 212.165862
320.868926 209.788610
317.698269 209.762316
323.594783 216.293961
330.800246 216.333775
329.841430 214.722411
