-0.274847 24.210958
3.092232 20.915463
2.319291 17.315915
8.313909 21.144640
6.490911 16.830190
5.779479 16.782296
7.367963 18.076854
9.570542 17.768347
14.605307 20.231032
10.231406 16.260244
14.741914 24.637326
13.736731 20.702250
16.029312 17.073488
16.315212 19.954049
25.639916 20.803118
12.422948 22.950486
24.544838 21.065254
24.063336 18.063969
27.162905 17.933192
23.361756 24.920217
25.594088 18.544556
27.527251 18.519880
32.592509 21.415767
25.699144 26.123109
33.189189 16.598903
33.730345 15.232152
34.110827 21.530546
40.518366 20.228393
36.131062 32.307745
35.524449 27.692784
32.907091 30.203355
33.886854 36.275318
30.269384 28.145663
25.356641 27.481722
26.401196 29.944370
26.740551 30.421026
24.030838 24.717857
20.597261 24.706711
14.839310 24.950542
19.808283 26.943418
14.492993 31.986339
16.830270 26.577323
13.177746 32.701053
15.366565 28.387528
8.828287 20.238683
13.223708 20.001734
7.532959 23.828225
9.854966 25.651176
7.294953 25.901464
2.478789 23.892033
6.847295 30.184972
8.050101 30.323308
2.888789 34.820343
5.210119 28.634339
6.395961 32.263780
2.557242 34.948985
9.714037 41.118803
11.096398 34.924800
15.925077 37.931503
15.398888 29.718948
18.809043 31.902140
17.879308 38.262307
24.833469 36.756627
17.354193 35.266541
23.056052 39.373521
31.567242 33.572717
37.868297 35.066115
37.807602 37.108293
36.599715 37.995312
39.490077 40.308606
0.587834 12.170862
3.656313 11.963008
6.207857 11.427294
3.374097 9.194249
14.503142 9.101941
8.851463 6.390795
12.812122 12.485284
15.677320 18.574570
21.559696 14.414923
16.142418 12.358954
26.624608 17.799512
22.487530 9.013224
31.405708 11.193058
28.773668 8.182953
29.282172 12.999066
28.568394 13.203887
30.915058 10.249684
31.527708 7.218163
38.005018 12.659919
32.598482 10.882852
35.817481 16.157715
31.471672 11.448205
29.610236 12.959408
35.533134 10.194613
31.327439 8.124114
32.974259 5.413321
31.717176 10.523472
32.372005 5.593377
41.847282 7.254413
36.878218 7.384840
41.502758 8.161759
38.172697 5.905145
50.761124 11.510234
45.223612 12.885754
58.036954 8.962983
43.758865 7.938470
53.759569 18.771026
59.359053 8.572493
39.007052 42.827499
39.287426 36.621390
35.099697 45.829647
40.358068 48.348092
38.253018 52.748941
35.801893 57.405686
32.179214 56.226812
26.952710 54.307138
28.014602 54.793217
35.815210 60.944177
39.112065 63.641249
37.326666 62.198829
45.964714 54.958628
40.892226 59.198297
39.710309 54.328429
46.277448 48.244170
46.243142 49.331782
47.338596 53.042428
49.895941 41.745926
49.438754 36.440390
53.150729 40.484034
50.886298 31.991477
61.747021 41.135639
62.860813 49.688278
64.202839 57.579424
70.867841 57.266260
77.672707 54.186059
73.979924 58.231504
53.955692 7.181956
59.529614 8.930109
60.258407 13.321078
60.701374 11.330262
65.906519 3.902478
69.792040 10.767865
64.723735 18.390312
72.851246 13.873198
78.212549 13.675951
76.223445 17.170884
72.943792 18.313198
74.445570 19.614776
87.476129 23.232578
83.888919 16.384851
80.170369 25.159854
80.629189 26.437633
91.018498 24.424006
92.507785 24.687947
87.176929 26.950180
87.169643 32.014788
94.410902 31.898600
97.521213 30.261777
89.376567 41.018913
91.444898 41.088394
93.658572 46.608099
95.563926 45.635803
91.512705 55.038857
92.155560 51.940245
97.267210 54.465726
93.481587 56.398720
94.164237 51.011586
94.741226 61.127866
97.189504 65.619566
96.640956 62.071897
96.085266 68.911893
90.505744 65.945037
92.168988 78.320211
91.437278 75.184040
86.334562 72.915017
87.011731 72.033013
88.159872 79.031423
91.348808 85.042211
80.409194 75.941681
78.164771 80.962592
75.515389 81.892797
83.402514 80.236386
70.201587 76.215696
73.572101 83.646747
71.382650 86.775346
70.584161 86.940630
61.026194 87.615927
64.913262 82.943954
60.162006 85.963010
63.932364 90.109467
60.343868 82.964786
60.107942 83.486804
56.856241 89.359178
57.654815 85.614460
52.304627 79.524155
48.417001 77.893595
50.899098 85.069893
50.848998 91.589674
44.750229 88.426200
50.239034 80.820371
42.698152 85.985478
45.006367 87.476119
40.274166 87.251408
38.158411 82.728378
39.966204 87.010157
41.251142 90.942243
33.070800 84.871931
34.118599 90.268018
33.692683 80.831037
33.830782 86.620167
32.409217 86.406612
29.386933 78.627747
29.207264 86.420511
29.500729 86.344039
22.161628 81.599103
32.095052 87.283753
28.451428 81.480901
18.935668 88.515354
20.150321 76.859115
26.502219 78.445887
12.881894 76.034123
16.660075 82.372879
15.548098 79.447555
14.702917 80.539650
9.353360 82.549996
11.320884 77.604796
10.219720 76.303986
17.828337 76.375885
12.050430 72.076612
14.635632 78.485777
14.411200 76.878284
17.724796 78.670981
21.673724 74.630719
19.594885 72.806742
22.282515 78.806011
20.033882 77.089139
25.717822 78.288839
21.568347 79.732943
27.798763 81.034809
26.871716 79.588552
34.398147 74.406432
33.098845 80.915525
41.056342 79.484024
40.311751 77.966774
41.960058 81.445944
45.346196 71.936080
49.602215 77.820643
52.171777 76.109138
51.645374 78.148153
55.770039 74.644359
56.391630 78.270366
58.056427 81.628251
61.896018 77.674469
72.185945 69.346808
73.352404 68.812030
79.373961 73.443868
79.061858 61.519738
77.421551 67.174290
