3.478088 12.489397
-6.585555 19.867582
-9.196539 12.871580
0.290446 22.751905
-3.657681 16.455737
2.935534 17.061585
11.522593 20.777998
9.837710 22.745124
10.573250 15.103421
7.743272 25.192246
5.282395 17.144338
14.831496 20.257813
2.228415 9.822043
4.468395 13.921998
2.729134 28.687190
6.106064 17.109207
7.016388 19.347032
6.223578 15.482378
-0.815641 29.602947
11.048401 24.817678
7.137247 33.450765
17.288516 25.560447
3.763602 21.719642
11.007394 13.416579
20.945927 13.980809
13.497181 21.200060
14.370713 21.847733
9.842045 6.028819
15.163591 9.169793
20.737303 20.369801
17.386813 15.010016
12.564200 14.674195
6.587573 30.799064
13.211467 20.346326
12.377890 25.989513
15.983547 20.945675
6.996969 20.134564
25.043528 25.224827
17.766769 14.990876
25.789250 12.543320
17.919152 22.733205
15.017703 9.046727
19.428684 21.875312
11.348779 28.788393
12.253438 31.255782
17.006119 8.745724
19.376266 24.139798
18.426528 20.538861
23.057194 18.576767
22.309055 18.602395
17.316786 6.341590
22.616334 18.442530
13.307686 12.813918
27.195703 13.521530
25.389685 12.628259
24.646678 20.185208
24.940149 20.663623
24.106854 22.001500
32.902808 16.433659
33.843039 22.938475
16.326103 14.193865
21.479016 24.826407
21.159145 12.669692
21.424850 25.731696
23.239885 19.035963
28.916741 26.989945
29.938726 22.248521
31.276237 22.571699
32.727659 13.329483
41.367969 21.495305
30.658660 21.101978
27.182286 33.015480
38.831005 10.108304
35.168618 16.033233
36.128868 18.125852
22.072603 14.335272
37.564878 28.298942
32.040150 20.022941
31.634113 25.768966
36.504944 26.684163
39.233503 26.344659
40.431216 18.678247
30.294044 15.764214
39.508824 32.384578
34.605284 24.261351
31.872175 26.256116
29.136039 21.837303
32.108981 19.159149
31.357287 15.643329
39.198139 31.308378
32.766119 28.711804
33.240458 28.498345
29.425270 18.578317
31.278486 30.597147
39.719796 33.195891
33.766529 22.373163
30.375429 18.974499
36.769323 25.877721
29.159363 28.747752
37.561890 29.350539
34.900887 32.487074
35.079298 27.672136
21.910041 28.923925
25.938660 29.926182
24.216563 30.651546
23.527815 26.213974
32.115504 34.610143
32.377907 29.435301
29.698897 27.895204
24.009356 28.650488
29.408166 32.586972
23.908761 28.425249
14.456614 30.966663
16.414383 35.743442
15.794943 24.975314
22.690516 28.452476
15.947377 23.805217
20.319767 34.010470
22.894521 41.238303
26.295817 29.318868
25.632745 33.721881
23.408115 19.186119
6.523988 32.343259
14.344176 24.552017
25.476101 17.075908
22.424171 24.456937
17.524825 34.720568
4.240179 30.520276
12.704941 26.842627
13.194937 39.484779
21.684762 22.299827
9.972359 28.447167
2.561614 30.612554
14.365896 27.885581
18.457804 15.291786
8.834120 24.947691
14.814494 31.526700
11.218367 23.072184
18.925152 29.873312
7.677290 25.151097
12.560871 30.774905
12.000169 22.288449
12.230392 23.037351
14.065746 21.794001
13.787151 17.074316
3.875352 32.530729
7.098719 21.983311
7.414984 31.112359
6.694889 25.979918
6.341741 23.934921
8.865289 19.602956
4.241515 30.274811
2.914607 28.730579
3.683126 22.196585
10.049436 37.219357
8.237692 37.092391
5.596834 33.079492
-8.264980 29.664374
5.875877 37.911565
-6.723091 38.855354
-2.084881 37.976801
8.065489 24.936131
9.174004 25.078712
4.444625 38.345954
4.102001 35.995156
0.580464 41.223986
12.806694 40.268820
5.445278 44.828595
5.673416 39.943016
15.680238 39.024021
16.271326 39.063939
5.180032 37.170624
11.475350 46.754618
10.228997 27.524558
11.354229 42.990588
14.147802 36.446805
7.463943 30.931308
14.563665 38.294376
16.073431 36.237450
15.065570 36.756108
21.277017 35.217622
22.183696 33.892311
12.624914 31.571885
24.401310 33.583595
9.525432 43.797270
15.917102 26.787498
20.185652 31.623322
20.680943 39.105079
20.436920 36.905556
23.428230 46.399424
25.806090 34.564270
27.285393 39.506458
29.021949 38.166359
34.346010 39.423137
39.219670 34.370664
34.194368 34.449875
31.477954 37.835857
29.306669 42.909899
23.037363 37.730671
35.845680 25.686111
31.119305 47.475180
38.489700 37.476374
39.497419 25.400848
44.775650 33.207205
39.644874 35.182851
37.428874 32.491761
47.159413 26.630932
41.210130 31.984752
38.514570 34.998417
27.897086 31.789888
-1.210300 17.918954
-7.814555 9.561172
4.379062 20.583606
4.050345 20.481283
8.091349 13.314740
7.256935 11.239960
4.216883 7.811660
-0.812460 0.969366
4.020331 9.197469
3.436934 14.190562
4.671293 13.006494
-1.600471 8.293077
3.783527 13.723494
1.456313 9.219979
7.912707 13.235277
7.891493 11.181449
4.467502 10.438219
11.739706 8.540217
11.783023 11.186153
10.022616 19.015246
14.332175 1.175887
14.571842 12.813472
16.468144 11.550808
11.462396 16.490779
18.107427 12.222751
25.261212 2.570101
17.975222 12.063835
13.058047 4.023012
21.134604 5.709983
12.588398 13.335187
22.313061 11.191598
27.671014 3.653309
29.886757 12.873427
22.948200 11.739278
10.774658 14.302120
28.153325 11.256719
26.953336 10.261034
19.539944 8.408321
25.057803 17.664982
15.842603 4.528693
22.373759 8.526833
30.156131 7.160760
32.405321 9.089036
28.930815 9.573151
34.790371 18.618213
33.330399 2.203582
21.487621 11.180442
37.758774 11.671563
34.197265 9.353744
40.416132 13.957857
41.783945 5.491464
31.991710 1.736385
40.721220 11.115224
31.462317 11.865913
32.724327 12.432883
25.396080 11.554545
41.172190 12.107679
21.197041 10.620416
26.171272 10.173846
27.849019 7.606155
27.248326 20.031363
27.741165 8.020527
36.076958 15.841672
31.294985 12.918978
31.487445 16.237141
33.042160 13.397916
34.089455 8.581507
32.484974 9.123827
36.378273 16.453477
35.555105 11.744336
37.951459 17.316154
33.582967 11.190084
38.501626 -0.454391
41.367378 6.855636
28.756042 11.248181
31.564737 6.327642
20.848231 4.984302
29.734011 6.537023
36.571268 -1.693912
32.835470 8.266698
37.997422 5.955151
28.478645 14.361485
31.671081 6.257379
41.375083 -0.651856
35.432681 8.707540
36.750882 -3.441463
26.374275 9.034362
43.764536 10.732863
34.337517 7.950013
34.996866 7.665479
42.087605 6.676731
41.935730 -0.024792
41.155238 -3.580798
29.968280 6.107746
34.591584 2.737953
39.952366 9.795542
39.909142 7.702239
46.046483 14.107663
42.900549 24.614448
40.138848 14.158828
55.007418 4.727555
46.391066 12.918300
50.935353 10.413972
42.989725 -0.383973
50.688037 1.480081
57.259831 14.906818
59.837560 15.866444
55.219947 3.443695
59.942176 10.269023
53.643828 22.183438
59.652994 13.265067
52.001007 11.708479
57.255913 14.910353
52.983746 14.080732
46.615461 41.699565
46.319216 48.795212
48.593919 41.159717
48.718999 35.115710
42.210987 33.186508
41.101165 40.391023
43.211037 43.455370
45.769517 57.214324
36.659033 48.086900
47.692268 40.745518
38.245574 43.829275
50.500305 51.064634
41.039191 59.022680
32.004997 48.955636
36.100417 46.688201
29.789135 57.084415
40.782807 56.903648
41.605708 60.714765
28.995435 54.924516
27.148563 68.144459
37.693724 48.822403
33.306988 55.415689
24.935979 57.122389
37.070022 50.790027
39.459978 68.214584
36.111141 61.616980
31.099172 51.583643
35.510196 50.125367
30.553410 56.613040
32.279976 61.528867
39.273726 60.441355
32.290229 59.693799
35.056960 69.460677
39.759540 54.353507
30.001586 57.027568
37.522008 62.063834
43.021813 59.673082
37.797494 59.417874
42.030989 58.983195
40.673210 65.712146
46.283756 56.795718
42.202766 59.443097
43.496360 47.465672
53.145037 50.411363
49.717878 58.546166
44.113621 55.891461
55.390155 56.642146
48.727480 65.886842
45.156120 50.349081
51.155011 58.181752
37.387656 49.468562
49.727359 48.257183
44.121857 60.536451
51.072988 53.372860
50.662501 42.626035
43.791946 41.047961
56.844984 44.528063
43.428010 44.941405
49.261508 37.139631
49.736660 40.873115
45.433912 34.800205
57.614675 42.863162
57.387831 40.204886
60.499470 43.367234
59.704445 33.466450
55.844971 39.243722
58.347972 48.974947
59.205049 44.375947
58.962775 44.345406
62.269207 50.372699
60.716944 40.579608
49.991631 43.994222
64.679775 56.355614
66.794652 49.059685
64.170877 52.314118
72.284135 49.019310
61.601808 59.907796
66.748380 56.512888
75.735426 66.185466
81.482611 59.563429
67.687040 60.004590
71.467936 56.738136
63.150254 62.621539
65.048220 53.832305
55.039637 5.930240
63.601530 5.119095
56.581374 7.282554
55.666666 2.396989
59.823173 8.685475
56.411974 19.811343
67.469102 17.418761
63.928422 26.253487
64.429541 13.337588
63.182719 15.391930
64.825137 20.530004
55.960193 11.479292
68.019204 7.918915
72.660655 12.165896
69.170829 8.985165
71.047532 8.739680
70.346871 18.068214
69.941963 9.637003
72.916315 16.015143
70.921976 15.399718
78.621677 16.143644
70.197908 16.960694
68.531018 26.601368
69.136869 24.566523
83.020617 4.266612
83.392567 3.738418
65.436771 8.495637
79.127309 7.132604
69.128313 9.762225
81.162186 9.745308
76.869310 11.310872
80.173287 24.195794
73.146892 18.179701
73.947238 13.594804
73.600724 16.489536
77.304341 17.954310
84.598413 22.538345
86.831931 10.259838
89.335662 21.843867
80.853330 7.240955
91.033925 19.965946
81.107760 16.920273
80.641122 31.191546
82.430024 24.180466
91.845958 25.958059
89.287439 26.518562
88.877124 16.792361
76.551657 29.290797
89.957118 23.361063
88.979654 35.706519
91.745511 29.130182
90.606070 25.605976
87.479054 24.996364
90.739855 18.253156
84.017368 33.322050
89.093172 31.024286
81.512556 39.180311
96.311378 24.766797
92.791765 31.712524
89.971851 27.653317
87.685211 32.384260
103.596364 39.636621
98.552835 31.809784
104.928228 36.798425
100.298033 34.195346
106.435015 39.821467
85.190110 44.250974
88.112407 41.555533
101.031988 37.430176
96.311813 33.716313
93.352578 39.814049
94.197736 28.052147
99.280750 48.196876
92.904548 37.272877
98.981786 42.562050
100.303510 47.128144
97.569548 49.579179
105.639113 47.876374
101.372353 45.396023
92.205175 48.962451
102.874186 46.195761
103.289056 46.783837
87.893954 47.311783
88.105812 50.564173
101.445386 58.876758
104.987080 49.563455
96.564962 57.035123
103.213692 52.493031
98.319596 54.124203
97.070803 56.670865
92.266146 58.952922
88.627515 65.561868
81.837249 59.935540
95.266392 59.785584
92.783003 58.328984
96.039671 64.474767
101.939094 52.265573
98.993495 63.875133
100.209536 61.712149
89.899636 63.512460
100.262372 68.337179
96.735227 64.005160
86.352273 63.199139
98.765069 69.829849
93.055996 59.999994
91.796788 62.355870
91.310620 66.363358
89.265897 58.189725
88.730522 73.352427
96.180224 85.315509
86.119791 70.427156
93.252301 73.741623
94.179637 73.077291
96.804951 75.726075
78.102178 75.027605
75.678895 72.133414
83.272094 66.246440
86.465977 71.367794
94.235189 72.386611
80.543916 67.698059
96.406619 77.983115
91.106614 79.408284
86.178467 81.365373
93.407806 83.559153
88.360961 80.228314
94.285539 70.729400
87.640602 71.837410
82.640635 77.196724
85.829430 88.029627
74.126417 79.805315
80.704625 76.574628
83.282852 80.759891
77.464106 85.072834
82.371786 85.834760
74.030611 74.034313
81.225753 91.059699
80.426734 92.627359
76.167391 84.003248
73.127436 82.750690
72.571086 80.830828
68.018739 82.452101
63.490973 80.887833
81.507196 72.802058
74.898778 92.212567
74.739773 90.061899
78.706912 85.985327
62.143091 82.594706
66.361140 91.517794
66.676831 78.255833
76.967619 90.167590
67.105017 82.872381
61.165733 80.357985
70.653382 73.050995
61.917624 90.156345
65.832383 84.788523
63.034378 85.664215
50.050429 89.524562
61.744469 88.403836
62.312723 87.485787
55.486515 84.543706
72.160226 82.739217
54.299743 84.343280
57.204846 83.691491
58.621114 83.657682
58.172800 83.671641
61.235633 81.759894
48.926841 75.932135
64.803854 91.203260
59.336236 92.573326
54.363519 89.198557
52.087636 77.073035
58.455130 86.014404
43.393869 87.870585
57.758182 85.386799
58.110891 84.253564
48.545505 86.269042
42.073659 82.551026
52.498634 83.292692
51.178976 82.703648
59.990112 91.348141
58.123147 90.132957
46.521218 97.456128
49.100575 87.064380
50.771497 76.689519
46.573127 91.812164
50.983417 84.662826
46.457410 84.711486
43.950018 87.585686
45.766076 78.934105
46.082890 82.939829
43.091702 80.948512
42.150702 87.909021
46.505982 94.601768
45.614442 81.649485
40.146887 96.023131
42.832653 85.535224
43.558222 86.370483
38.353459 87.123455
32.098123 83.716870
29.485852 83.210896
42.560521 82.600603
33.297954 84.548266
46.853018 76.884693
49.206740 90.637221
38.252064 85.625740
40.062191 83.265153
41.595129 88.125032
38.177279 88.258330
39.883136 81.547286
41.645800 84.065198
31.243470 78.171407
35.002747 71.354804
33.615721 87.491762
35.905535 82.942924
34.557949 87.213338
41.933416 72.460747
34.087438 87.041646
35.783540 96.952251
34.295937 91.210478
26.562700 85.695841
22.988082 85.993920
31.775368 75.578792
40.497706 76.240032
34.263783 76.170287
32.350669 90.930944
27.743242 71.638778
35.498134 82.578192
20.745379 81.966051
24.730836 80.201741
22.735927 75.423988
28.212265 86.771055
25.184108 96.572482
32.987031 81.752548
33.740471 76.953538
26.037558 80.685925
26.076935 76.503434
25.410851 80.722610
22.099315 78.111089
24.893475 83.060103
29.331827 83.341029
22.951623 84.151409
35.227510 82.680078
25.296614 81.922900
25.297125 86.269351
17.997716 92.954375
30.822290 82.437177
24.672332 86.367657
11.439151 74.934366
20.784281 81.673762
22.699094 72.138599
13.902030 81.439994
14.053416 78.229533
18.037202 91.889653
17.125120 83.586772
20.042900 78.692873
17.563995 84.391091
22.606362 88.810607
13.043095 78.917049
18.536931 82.466377
12.928616 78.794296
16.478859 79.047146
18.137991 67.419330
15.558651 81.727626
20.066557 81.718434
12.584645 76.111614
12.179807 78.238385
3.090955 71.026913
10.991605 76.362158
8.956755 80.999826
19.382625 81.284236
14.466434 75.499506
14.694322 77.622561
13.524962 75.707788
10.717100 72.034798
6.528579 66.816413
17.343657 78.055553
10.894794 60.009502
6.007253 67.981020
7.480934 67.833436
10.327083 66.313504
11.054373 74.109380
4.217604 72.002456
25.314700 68.033173
10.146159 62.678893
25.343211 68.615435
17.091129 75.012827
14.912857 74.151383
10.554074 62.957825
14.217687 78.047667
18.535675 75.727059
7.849131 76.027381
15.135243 87.123798
16.553473 70.208496
26.133690 69.855661
13.883862 76.691786
16.127919 81.372280
18.175466 76.696184
16.772574 77.683264
31.310966 78.562883
22.748463 75.810535
30.991275 79.956218
26.691143 85.724319
24.281532 80.385181
26.269877 80.913011
25.230415 76.670936
26.722414 74.414192
27.547497 79.803732
27.929030 72.971945
28.018002 81.108695
35.396881 78.786578
28.836897 78.990129
30.786711 69.244705
26.730112 86.059775
38.673171 66.558260
33.115195 75.076958
35.890485 75.818830
34.895697 77.402879
38.986444 66.766448
37.306616 81.189935
42.611189 78.951508
40.294566 70.961356
42.681526 73.758835
34.505062 84.647947
36.656131 79.212415
38.783702 77.029539
47.019592 79.242431
55.544140 73.900523
45.642983 77.967463
47.755721 82.760278
40.652487 75.920315
57.522637 78.384696
52.888927 80.738102
50.954171 74.966609
57.978934 86.987502
58.192388 86.289388
61.639902 72.955788
45.380197 77.679847
65.457368 75.862377
64.337814 84.318403
50.551865 67.134377
54.515026 82.563643
66.635678 71.529638
61.712652 74.634020
59.430748 67.177652
61.550313 68.539304
58.037475 69.146983
62.072612 77.665201
68.157704 73.953193
66.620231 77.460994
68.507552 79.150793
67.570395 74.314949
63.656097 80.753497
70.258021 84.385403
73.240326 74.265941
64.212564 67.020164
74.787981 79.503798
73.979023 71.255550
77.972301 64.829485
72.202655 72.534515
71.664143 81.063605
90.179492 58.039609
81.849316 64.871359
79.648960 61.142386
79.566709 63.303456
83.892868 57.781031
73.906873 55.138435
