453.767411 405.759556
454.309888 414.046107
447.562197 422.261937
464.536854 440.455370
448.452037 445.661057
448.655012 449.377788
461.686581 466.608618
458.305281 395.876925
456.833762 464.074771
462.091583 388.222381
464.262516 475.488452
473.050916 488.208610
474.671422 378.188837
474.062525 494.599914
483.830051 365.213734
478.218408 501.758586
480.940111 366.932867
485.487277 509.617379
498.524732 354.967277
497.095792 519.148836
519.668299 344.886004
499.102021 521.941340
520.833435 342.918410
518.166507 531.591787
509.801135 348.645468
520.198412 532.010745
545.361137 333.281960
531.615199 538.660619
549.667662 331.472113
533.973853 538.381615
557.201870 329.337242
552.955253 531.644222
562.683017 328.010315
543.796489 539.173213
574.437730 323.739011
565.861524 544.218961
589.306300 320.105226
584.834990 551.556333
588.633881 318.631405
603.259643 552.146839
603.244212 315.910943
593.217973 552.766897
600.284862 316.216614
616.062917 550.457261
608.138185 319.050476
634.351305 547.490223
617.709617 328.572268
636.208602 552.744341
638.531137 335.572699
640.439216 552.517114
626.264214 322.170984
655.715356 552.650785
663.891867 314.681042
673.376709 553.066839
665.541558 312.362944
677.530711 553.727537
674.680559 312.217334
672.728334 550.589557
696.676555 312.066634
694.096583 547.524918
695.490954 312.683698
694.213604 553.701625
723.842360 309.223580
717.815317 556.618943
720.312012 310.626168
729.686890 559.339433
736.934596 319.328420
744.756151 559.195473
733.125151 310.346015
735.709841 559.281477
747.834889 308.296358
751.256340 558.520875
758.616475 304.670266
750.932395 559.181685
773.857308 303.680264
771.501675 554.949135
772.517909 304.341416
787.695857 545.865032
775.755164 303.916655
797.468913 557.524432
823.422967 309.047620
807.299730 560.587021
810.698787 305.794084
801.643063 558.619730
828.921119 306.094461
823.924003 558.265208
824.674178 305.413995
829.220772 561.940900
832.079366 307.695747
832.251724 563.544346
846.010423 300.732187
848.714988 562.698796
849.254297 299.813217
862.153598 560.833749
864.633734 298.888563
873.863612 551.215109
855.457704 300.448899
891.512349 562.763909
891.853220 300.123977
904.888900 565.032950
902.498824 302.092316
898.030927 564.830463
905.373984 304.391134
923.023368 564.604114
927.355871 300.712248
921.062365 563.176166
924.308393 299.004062
926.061720 564.624803
945.443982 303.274283
940.431041 563.304687
935.545438 307.639471
946.595285 559.180444
956.964839 311.438049
976.340046 564.459657
972.713152 303.058431
961.793568 563.679029
979.984337 299.191350
977.171880 563.394794
994.619947 299.006887
981.216222 565.629289
1001.095827 300.378632
993.493218 567.090845
1013.242871 300.979555
1016.171409 568.651017
1017.178233 301.764293
1030.847707 567.953930
1022.803453 310.304842
1024.382280 567.906174
1033.665056 301.641183
1037.089772 567.363167
1042.982071 303.620022
1043.870422 564.547885
1051.773306 313.056894
1063.497583 557.325648
1078.056212 298.874518
1081.763827 560.535915
1089.707909 294.049852
1080.507894 562.684150
1093.478303 293.783330
1085.433153 563.613313
1103.346170 295.000058
1112.486368 564.644215
1097.984643 294.289145
1120.794273 564.087377
1121.631470 297.244525
1117.108889 564.462583
1126.520285 297.491986
1121.554720 564.430076
1131.249265 299.141876
1127.383984 563.267665
1149.882566 304.139187
1145.597739 560.119683
1160.292863 306.423007
1162.314006 556.643325
1150.150216 309.567095
1177.244768 551.797960
1167.882375 308.139537
1164.434611 553.917278
1192.365732 311.453122
1191.605224 544.904164
1186.345089 311.416065
1189.238403 546.151010
1207.478855 314.970374
1204.771219 531.667976
1212.651600 317.523998
1219.684698 535.643282
1217.280143 314.660821
1223.761646 537.984034
1226.674372 315.953410
1248.471831 541.074998
1244.582287 317.460916
1248.424324 539.926626
1249.277506 322.627291
1264.720944 528.601235
1257.434585 319.629765
1245.759273 541.421798
1261.776743 319.680677
1281.048814 536.920583
1291.938593 313.084213
1287.444642 535.293840
1289.475679 313.953523
1290.639281 538.653682
1295.024172 313.234099
1293.319250 539.966576
1318.275163 313.089508
1320.085226 539.875681
1325.329109 314.364830
1320.108845 539.373257
1328.245426 313.991683
1322.541542 539.413504
1335.633901 320.561821
1357.108297 537.333072
1349.903664 319.181625
1350.353171 533.401380
1351.038914 321.153977
1363.347686 536.741863
1378.159045 317.822120
1376.670931 533.430873
1394.147401 324.392288
1389.293505 537.854844
1404.970516 316.173318
1395.800243 540.032612
1398.277861 318.256313
1411.623936 536.506918
1427.080615 314.701430
1398.075952 540.240542
1424.015591 315.571004
1435.913007 526.260639
1443.402214 316.659782
1447.938535 529.380733
1432.101713 318.397417
1452.597036 534.813778
1452.449484 319.852174
1461.234986 537.952206
1460.574453 316.071069
1476.587933 538.799655
1474.669117 316.757152
1469.909297 539.095460
1487.757190 322.148412
1485.787774 537.589756
1500.478014 316.976982
1486.634777 536.244945
1500.237160 315.953015
1507.100186 529.680583
1520.351405 316.458733
1507.156453 532.246132
1510.283804 320.832897
1530.077779 535.787852
1539.282097 314.529837
1533.364778 535.371075
1549.169592 314.603958
1558.367614 532.684598
1546.375481 535.209861
1548.749392 313.513156
1557.187916 534.918310
1561.047590 312.122902
1577.959549 534.375574
1566.459224 310.913988
1581.170636 534.925657
1583.453552 311.072639
1599.387126 528.650276
1599.827036 312.051385
1609.152085 534.671367
1615.030162 312.402752
1605.115166 533.011554
1605.559609 315.771941
1619.494411 533.602121
1622.399953 313.007986
1628.253992 534.545691
1622.912710 311.165700
1637.767584 534.043302
1636.946715 310.814391
1656.361299 533.479038
1653.413594 311.129606
1659.585788 533.048938
1655.611315 313.598826
1661.725634 530.814110
1672.762811 311.994656
1683.475431 525.405305
1685.120457 316.079421
1689.565969 528.638698
1701.393268 308.099894
1697.645660 528.418923
1697.726374 308.163944
1712.560944 524.306345
1698.600465 308.149150
1710.020728 528.433726
1721.643009 310.268257
1730.508916 527.116194
1747.289484 308.702987
1732.694197 524.479924
1747.518095 307.966845
1742.862071 527.719153
1746.084657 307.834901
1758.810071 527.620406
1756.658485 315.094030
1775.410607 526.757367
1763.403212 322.576374
1776.684561 527.055047
1791.571980 313.217652
1786.080933 524.471035
1791.104824 316.175859
1804.081601 521.303552
1811.003025 310.561034
1800.981335 520.220017
1814.661227 311.493672
1817.066704 517.966803
1812.049969 310.893977
1823.170667 515.884027
1839.922316 318.152925
1835.839493 515.615965
1832.397198 322.567841
1849.056833 514.769605
1864.204687 315.598421
1856.168395 508.784710
1862.661344 314.544475
1876.915939 508.558339
1869.442393 321.702322
1893.689797 507.921366
1875.161741 319.709147
1899.015517 507.926972
1887.368771 322.568106
1891.676894 503.121992
1895.393859 324.095469
1901.104920 507.960034
1913.281166 329.532425
1910.357449 504.307369
1921.986364 332.681859
1948.792544 490.339531
1932.768487 337.016236
1933.599508 497.285661
1940.756787 340.064602
1942.817762 493.726861
1929.372080 342.873456
1946.471259 486.678789
1951.659132 346.426916
1961.737979 476.991893
1966.174540 352.485594
1978.546080 469.170064
1972.768867 357.329481
1981.916381 465.192228
1983.106400 367.987887
1991.236849 455.691014
1979.207203 367.901716
1996.838799 444.824619
1987.043532 380.260795
1999.691540 437.027385
1993.180926 398.554115
2005.412218 419.290904
2007.000142 423.977870
1998.161372 402.030761
