589.098199 958.392653
520.410065 953.662873
505.946817 859.177246
521.742772 807.824795
517.849088 759.369737
456.436667 726.446541
372.351801 703.908122
321.139359 656.790818
236.260471 598.348911
186.683249 513.789024
185.680662 397.160361
245.165098 368.327250
253.633485 386.690972
300.787009 413.309334
345.673579 417.203491
360.437647 388.257368
375.821884 330.776977
385.942666 283.698729
400.737784 229.527892
409.613178 157.668286
416.013049 118.148404
446.232249 131.071996
438.076863 96.850674
431.807896 69.375184
459.250921 169.878142
461.322284 205.572525
467.390825 227.227266
477.513934 281.401876
491.518073 328.943216
510.129112 384.069305
537.891923 413.534045
573.020532 424.922070
604.238929 408.931917
625.281665 385.222207
630.320728 365.005039
644.952464 328.158198
634.506437 282.921121
649.768574 232.675804
679.583314 216.668509
688.855958 254.291888
698.225694 278.221817
701.348965 321.149720
708.296602 343.246727
726.867793 378.433090
773.498710 406.819689
825.793757 395.461531
869.418988 371.947438
878.951528 345.281255
891.543109 302.564405
898.857247 408.883131
885.333692 488.215481
839.955265 589.332449
799.564134 647.015397
690.632391 709.390511
646.823781 727.232925
599.796321 787.214231
590.639230 839.300003
601.453616 1103.685222
588.625757 1143.135099
526.000082 1145.043843
528.088576 571.300345
488.244867 573.535833
463.039555 543.926384
494.228679 527.217908
514.836099 515.515179
554.920854 516.347914
579.806164 523.766188
611.547165 531.978665
632.087053 548.290533
610.140166 562.591591
565.835169 563.364336
433.011918 572.816838
227.541056 330.654705
206.099539 302.477842
650.051036 184.814927
681.076866 177.309388
659.021872 145.558220
674.987430 122.030496
645.571052 109.694406
665.514464 80.026623
671.194266 42.563152
