653.996565 1009.233387
655.478449 1009.973366
661.451553 1018.650913
674.283663 995.917864
679.984149 973.239166
683.003917 1026.858486
669.804868 980.684970
723.315527 1032.634180
691.166339 961.540648
696.869109 955.572781
694.857560 1025.560553
670.006435 975.555262
737.421643 1031.351671
708.841054 942.514906
697.475022 1019.466279
701.700896 947.302184
724.490552 1013.375691
731.937391 951.501352
707.372559 1010.619001
718.971677 943.608864
768.375121 989.476563
749.122206 944.264785
755.510360 1013.185898
759.080625 1016.004257
772.107500 949.552196
738.404568 1031.339673
751.720164 1048.273216
747.426380 941.477573
755.432814 1050.417449
751.812838 1052.995214
767.922897 1072.630906
779.323191 1090.325615
758.093944 1078.096575
785.242554 1092.964468
760.765376 1104.262460
769.187091 1115.845875
757.163331 1105.393992
754.190514 1156.017309
800.520893 1137.255323
794.073710 1162.784339
762.123472 1171.936389
752.474664 1178.663544
779.295588 1191.127811
750.302907 1186.493920
759.395207 1191.427156
752.135098 1216.621617
752.785950 1227.502822
752.807365 1228.200959
759.131680 1248.629971
766.353664 1262.158534
764.642417 1263.413171
773.288512 1280.005760
808.338548 1301.738648
786.765940 951.827598
776.925900 1284.613745
757.226272 941.947215
788.052066 1291.065294
803.302218 957.302675
799.189554 1299.184057
814.497415 962.262986
791.866889 1295.333024
813.760762 961.094009
825.073683 1285.776601
834.183786 968.885041
814.857255 1299.518123
804.660657 964.577186
810.767587 1299.928354
845.952153 973.799870
845.074315 1273.610222
850.502439 1250.371760
852.604701 987.261831
857.157064 1165.351314
871.275468 1176.526220
861.503575 1168.903934
847.259883 1197.379151
839.118329 1205.477938
851.038175 1209.613545
852.745525 1215.293223
837.699546 1235.448751
869.224940 1226.385858
841.814733 1258.082252
853.874493 991.233297
856.138636 1165.827109
883.064659 999.616863
876.320711 1161.895583
851.291480 1003.607659
885.111325 1171.763823
880.163219 996.006965
879.062006 1178.442051
892.302097 1004.717876
892.424049 1164.040758
879.909020 999.627773
914.460510 1163.440488
909.863650 1008.128828
922.405949 1165.386278
901.080905 1024.595972
918.690505 1163.467937
946.211677 1007.069968
922.020394 1173.854946
919.959224 1010.687970
936.421273 1161.683441
936.319271 1007.035412
965.320236 1156.595739
962.524529 1004.478779
979.789543 1141.788070
976.190769 1000.994297
982.591786 1168.090379
956.834062 1004.733103
961.397119 1146.965488
951.613772 1007.043521
985.048264 1172.296262
1009.574841 997.321737
983.406515 1172.504040
999.569896 1193.438453
986.752036 1198.712584
1008.719946 1217.536485
1011.621321 1221.935907
1017.513523 1245.241684
989.635410 1234.527201
995.592598 1248.383398
997.832919 1254.720497
996.058235 1272.151458
1012.501972 1285.867746
1013.381738 1281.859587
992.895365 1285.498657
1002.976545 1000.490461
1013.395743 1302.556204
995.372249 1302.853240
1012.815394 999.436864
1021.425550 1310.467663
1030.968382 1002.789336
1053.640951 1305.581205
1052.222805 1005.376114
1033.178316 1310.158063
1042.355374 1002.715667
1050.003214 1306.370482
1031.718877 1001.589337
1040.750328 1009.124646
1062.384609 1304.367929
1055.216247 1017.326380
1074.927194 1302.108997
1081.386783 1291.476758
1074.914050 1039.053321
1068.630229 1037.975528
1068.481872 1049.791004
1071.785944 1209.635730
1066.089377 1229.334280
1086.014223 1232.881552
1101.174200 1242.656994
1093.321057 1257.486091
1055.226459 1263.998235
1105.672738 1278.319726
1103.450564 1273.769864
1082.483759 1062.014020
1079.856348 1059.907699
1088.023462 1074.517035
1086.796971 1078.600602
1102.918989 1097.032014
1094.634643 1099.761584
1100.520435 1121.685177
1087.146210 1215.677961
1092.993760 1108.881140
1094.798826 1140.413965
1108.748851 1209.411560
1108.619242 1139.769274
1097.054255 1207.837427
1099.859969 1130.098772
1129.141275 1214.770275
1158.180515 1135.383277
1170.725380 1244.832026
1111.837619 1211.968369
1099.072744 1228.228677
1133.482128 1242.381076
1120.768870 1255.159543
1145.262404 1126.295971
1143.533385 1249.157755
1133.451167 1252.388322
1134.614247 1126.607287
1135.577174 1275.555459
1160.552643 1119.688622
1159.858726 1287.809069
1167.050470 1108.525469
1170.377435 1103.046259
1155.611744 1292.392273
1158.813793 1031.151178
1162.797076 1035.740882
1151.219372 1054.973837
1181.465145 1044.009600
1187.942902 1054.385409
1176.155991 1052.140949
1175.848825 1071.469325
1151.931846 1108.740078
1169.138134 1100.091222
1187.344221 1002.664091
1170.592772 1295.397499
1176.327287 1015.018912
1175.378573 1299.261278
1184.183600 997.122964
1216.639238 1305.583888
1194.960503 989.979311
1207.592439 1303.401771
1220.127381 969.437741
1225.774544 1303.047237
1235.269402 972.397212
1222.549049 1305.508109
1219.973537 974.373613
1238.135731 1304.471179
1217.013185 942.849993
1262.613429 913.429520
1230.400458 943.274490
1252.406538 978.736156
1245.994564 925.133571
1247.400699 938.048182
1237.600759 943.648021
1260.132668 952.361515
1248.174432 1300.665329
1269.743744 899.941953
1258.586343 1294.944582
1236.321531 914.166187
1261.690542 1296.526531
1278.363507 900.063475
1276.608778 1291.077072
1267.926813 896.956389
1272.532020 1275.989916
1256.136815 1288.304638
1278.508489 894.668571
1309.278340 1216.739013
1280.653410 1239.038901
1286.368794 1251.838766
1262.527806 1270.817001
1291.107098 899.592788
1276.214352 1208.772076
1293.053912 1204.701706
1304.515514 907.872467
1333.976659 922.974656
1310.050098 920.904457
1299.923109 1210.064897
1304.603893 914.936159
1301.824886 923.810837
1318.422092 948.211449
1310.395011 951.574973
1311.483632 973.639101
1295.496573 969.853577
1293.090507 1204.751311
1315.670589 981.017310
1303.232159 987.034977
1306.084444 1208.768266
1319.449827 1000.835320
1327.535786 1016.511306
1325.630819 1014.877434
1360.232502 1022.914048
1331.057652 1204.964476
1342.509714 1038.482944
1333.076622 1040.079250
1350.021795 1058.750659
1368.855857 1053.076720
1310.771361 1065.967714
1346.999047 1097.184649
1332.889310 1198.834870
1372.204095 1085.774129
1340.670570 1194.982589
1340.171465 1101.603815
1355.322774 1208.161622
1383.046340 1071.679437
1384.982306 1217.314757
1370.502603 1069.403287
1385.375102 1211.078534
1370.553677 1066.880957
1400.377349 1202.627634
1399.574157 1067.259153
1414.120575 1052.628002
1451.618852 1207.761763
1401.477269 1023.908901
1386.373730 1028.251755
1406.630861 1046.397505
1407.310922 1023.612120
1400.144556 1197.522990
1413.076562 1004.621134
1408.626356 1196.992657
1432.851677 992.756487
1415.227820 1195.637468
1433.715732 997.833431
1452.677588 1201.616817
1426.418811 966.553740
1429.578739 970.402231
1461.925156 994.953105
1449.134875 965.432456
1463.745784 1203.220729
1481.442654 940.162928
1451.825074 1214.042023
1447.674889 1215.964297
1474.801351 939.503852
1470.050487 1234.706965
1472.324837 1234.829629
1493.056241 1250.575222
1475.444253 939.011438
1511.770409 1253.463551
1482.506085 1255.798112
1461.255510 945.875251
1504.539772 1273.516582
1489.502887 1269.672031
1503.421438 949.014030
1484.609469 1274.943716
1524.484532 1302.015581
1535.342789 960.172034
1511.404853 1297.239730
1507.254654 950.429088
1526.258017 1313.275672
1522.929987 955.658178
1526.473481 1313.790779
1570.583108 1335.081684
1499.400128 951.799864
1561.213493 975.199088
1528.821227 1315.219752
1528.364505 959.946862
1555.260679 1328.269564
1581.788290 992.019757
1574.173120 1342.550691
1569.543955 984.431700
1569.472257 1333.659105
1589.046350 998.006047
1583.447330 1347.496088
1587.816630 997.887311
1615.320531 1343.609055
1587.739164 998.015828
1596.414845 1345.613092
1604.450668 997.712163
1590.812268 1348.345399
1612.346906 1000.507287
1621.898947 1345.576992
1598.286774 1002.663875
1611.944306 1345.508279
1622.090046 996.484323
1616.693899 1341.226299
1615.951318 998.282730
1663.999393 1345.228943
1670.338953 1005.776660
1669.557548 1343.731172
1667.751687 1005.499104
1665.380944 1345.517277
1676.759790 1013.564208
1681.098164 1021.651346
1675.962174 1037.750740
1664.999969 1335.551205
1663.200239 1028.805599
1683.585676 1027.357490
1659.796190 1044.726415
1678.984926 1063.076148
1666.829387 1089.111852
1666.864446 1093.055175
1664.762318 1087.300200
1681.026471 1122.608117
1673.872555 1116.230143
1685.980678 1328.215001
1671.370017 1119.519080
1683.169655 1332.626664
1714.454677 1155.163076
1689.519545 1320.852378
1692.783321 1143.511194
1660.861106 1309.722092
1722.498653 1172.913341
1704.100539 1282.420263
1707.262025 1161.539778
1697.234012 1264.395832
1710.732160 1267.980735
1710.355985 1277.834831
1730.702988 1179.915496
1718.274312 1176.737177
1737.087408 1186.794078
1733.866761 1193.242761
1697.940683 1202.379751
1719.549979 1221.163292
1720.961205 1223.937814
1703.391643 1259.374947
1702.238409 1254.202755
