671.855113 1009.321814
668.476315 998.112583
673.483034 1012.873280
666.222327 982.717846
666.616113 983.924913
671.029808 1015.303662
670.009055 975.463280
675.538620 1012.730588
670.262045 973.105821
687.230555 964.429757
676.666489 1017.379281
698.642477 959.640847
702.366100 1017.816349
716.311630 952.469195
721.242901 1016.007224
725.594532 954.981110
719.538229 1013.044966
733.131365 945.168773
715.551340 1010.739449
737.120260 941.670990
725.003003 1013.432209
738.684146 942.825028
731.197129 1008.762839
737.897663 1022.481144
749.564090 946.889640
743.489630 1033.607032
756.881718 1031.649724
745.146354 945.643290
761.752252 1046.673235
765.557531 1059.672630
777.924503 1063.253207
770.528767 1070.443203
766.022903 1084.314700
759.269897 1096.849561
759.636451 1101.591766
753.819148 1100.420716
763.734951 1119.289308
798.028880 1131.433812
768.319938 1152.293099
759.426612 1149.832206
757.760415 1162.380172
773.606931 1184.591971
755.686941 1188.179524
762.177693 1198.619141
759.434032 1208.511391
758.903307 1213.075076
760.962549 1218.716383
790.839034 1230.720520
764.036077 1251.360291
767.922809 1256.928180
765.095417 1265.117151
771.882810 1279.860139
775.946878 1286.929788
783.434855 948.495195
771.957508 1285.542222
804.249223 953.455710
783.288650 1294.102199
782.011250 962.237030
798.246616 1297.072431
807.844430 952.899931
799.190637 1299.488443
818.025349 955.301783
815.256443 1299.992206
808.473966 953.551143
823.134152 1290.537484
824.348267 960.268460
825.802066 1277.073635
835.081223 970.332020
828.962788 1276.225224
854.824366 1250.521061
842.531917 979.719757
849.001667 1165.149776
838.256787 1172.942940
848.791911 1190.853894
842.322763 1204.210947
852.344107 1211.472472
853.362243 1211.606379
853.733143 1214.058426
834.563317 1238.021348
840.771444 1245.507294
841.128898 1254.516058
851.626169 987.339830
861.032714 1166.030908
844.014085 989.502047
851.689931 1158.650574
875.689187 1005.730665
885.088213 1167.010387
875.435410 1006.455455
894.894178 1167.124021
884.560515 1008.736314
902.120295 1167.167105
889.416536 1004.982510
922.625378 1174.747629
917.982073 1002.314199
905.280087 1168.415675
912.640312 1001.164541
928.818045 1155.779294
912.369140 999.922078
946.276474 1164.077291
962.607229 1011.618144
955.285199 1165.361654
958.565648 1007.498147
960.435523 1165.468563
949.232683 1003.030370
959.116643 1165.132276
975.278708 1006.563777
976.766879 1160.995120
996.012530 1006.219080
978.121754 1162.752617
985.919003 1005.572954
966.157270 1177.565827
996.103294 1008.020719
1012.942636 1181.476507
988.502887 1179.455809
1003.222340 1199.002909
1002.080553 1203.353186
997.575380 1207.388564
989.804327 1225.759881
986.297179 1231.490773
1004.476877 1232.011682
1001.429465 1248.670615
996.396175 1257.986739
1025.109900 1274.868305
1008.477491 1284.300111
979.550736 1274.877501
991.886739 1012.061940
1023.311610 1303.613160
1023.896127 1312.109186
1013.965685 1004.715384
1036.792438 1311.186842
1020.948894 1012.294091
1023.415120 1304.835017
1027.321102 1008.162459
1046.579143 1309.891487
1048.956372 1010.297875
1053.430373 1307.219240
1062.151362 1010.911267
1058.785900 1013.119335
1054.609464 1304.886529
1089.998072 1027.618375
1076.151886 1293.497828
1069.436568 1289.892252
1071.107260 1032.994043
1070.849042 1034.333888
1075.271477 1047.131974
1064.362463 1217.356057
1080.039963 1228.502838
1083.269136 1231.715710
1084.811292 1246.360957
1068.738802 1253.125334
1079.987892 1258.861431
1082.521613 1266.144059
1086.370516 1265.975297
1082.193763 1056.864494
1077.741611 1069.222780
1102.239182 1091.978718
1089.414715 1085.444395
1093.906092 1099.393572
1104.195757 1116.611978
1080.254733 1105.225699
1109.587462 1195.846748
1081.729984 1131.580138
1094.854567 1155.635696
1094.265112 1214.463675
1099.069765 1146.917587
1105.686694 1202.149792
1122.288910 1130.848279
1117.754530 1191.393428
1132.140862 1132.641408
1135.897736 1201.542115
1139.214442 1232.163420
1120.459256 1221.874196
1144.149098 1248.207637
1137.486580 1243.498933
1138.010976 1135.055208
1138.896311 1252.670620
1144.689817 1262.320414
1135.737300 1126.508358
1155.707922 1277.879823
1150.847420 1124.650987
1158.138430 1286.575279
1168.182137 1121.721952
1166.600197 1109.114494
1165.230660 1288.008190
1167.528507 1019.131990
1151.451029 1048.521540
1168.813164 1022.589620
1169.945067 1036.141133
1167.320684 1062.146772
1166.299997 1066.453170
1160.542907 1078.678333
1148.216360 1092.178665
1179.184560 1089.927716
1173.793870 1009.687630
1169.487301 1290.549063
1169.001680 1006.120792
1184.721623 1294.879127
1195.796407 985.671309
1185.391473 1297.288379
1188.732414 986.487755
1201.376881 1300.589883
1191.170297 990.934258
1232.461199 1308.451462
1196.506778 984.685760
1235.850417 1306.952084
1225.354840 975.061165
1213.463020 1304.098382
1232.186902 912.571488
1229.251719 915.249411
1237.427607 920.172011
1237.645904 978.285911
1224.498905 917.651568
1237.407038 952.433438
1238.483252 958.523620
1238.890892 959.797402
1255.989563 1299.337604
1260.359925 892.733527
1247.992528 1302.316859
1259.998049 889.128599
1261.920632 1298.934973
1273.312451 878.473776
1289.623059 1279.677589
1275.477607 876.710821
1275.543090 1284.632663
1271.443510 1261.448531
1272.336221 879.036740
1284.894594 1230.281209
1285.381441 1235.537505
1286.034432 1239.955132
1294.446762 1243.750648
1270.185068 894.043768
1276.584837 1224.838068
1307.065231 1221.075790
1305.353957 912.588416
1291.532870 913.164234
1308.089363 924.860420
1322.953912 1211.569977
1316.225147 932.819768
1295.132024 929.737662
1316.795605 955.193983
1331.850671 964.791675
1319.661352 958.769761
1307.286626 965.543132
1314.251015 1217.183903
1318.496320 984.138071
1317.931011 987.764638
1330.765848 1209.491984
1336.374420 1006.800749
1349.430539 1023.365784
1330.133897 1023.193186
1338.732076 1033.675852
1329.136777 1210.779240
1332.840148 1039.528203
1313.183622 1042.905659
1353.062252 1058.976983
1336.554302 1064.868646
1340.125372 1083.246618
1336.516593 1094.880029
1348.339147 1209.516618
1351.024665 1076.010988
1355.164288 1210.447515
1373.574361 1090.524370
1365.161441 1214.263796
1355.976367 1083.968394
1352.366186 1202.935003
1357.269727 1085.643823
1390.501249 1211.208668
1378.622342 1072.871082
1391.810725 1210.105433
1389.445144 1070.818458
1385.893961 1051.432799
1399.198763 1209.286953
1410.016432 1026.914157
1408.662182 1042.498169
1398.706645 1050.367911
1415.044542 1007.704454
1423.917298 1207.063743
1421.941286 1010.523029
1422.931985 1205.172093
1430.215054 993.294853
1411.819288 1205.776734
1427.604527 997.904111
1444.639372 1195.950560
1441.273903 966.003528
1442.534133 979.554374
1443.124328 982.724697
1461.761495 953.193217
1435.670183 1196.475515
1462.222554 945.306347
1453.192461 1215.484761
1447.513157 1210.712170
1466.195756 944.329009
1462.018748 1226.711230
1460.195319 1228.352779
1464.643319 1243.834289
1473.429705 943.047016
1474.998769 1258.139658
1474.866772 1260.176937
1474.640753 944.534891
1489.141698 1281.439250
1484.913230 1285.027891
1506.687656 949.037038
1477.248504 1279.827880
1500.353672 1307.463126
1524.331530 953.690115
1506.132795 1315.512822
1512.695297 948.847436
1515.329438 1320.212020
1522.138853 952.619897
1532.713841 1324.896730
1535.283482 1325.010002
1523.579800 952.952726
1523.105626 956.505355
1511.860654 1320.237959
1557.029352 975.903930
1536.514365 1326.698553
1564.399904 983.319899
1548.656627 1331.266604
1571.768510 989.580747
1588.962048 1344.892993
1567.116487 986.885003
1575.430693 1341.869407
1581.312831 1006.947029
1584.165432 1343.748975
1590.234980 994.031677
1598.083170 1344.072944
1611.632647 996.369251
1613.585183 1343.499757
1615.403996 993.397725
1618.192674 1336.103838
1608.554512 994.582703
1635.929991 1341.969290
1626.498264 997.003678
1630.721203 1342.470779
1623.809193 996.894135
1643.377722 1345.050722
1636.969212 1005.089884
1652.480661 1339.493841
1664.432216 1019.135913
1681.902668 1333.720825
1660.042062 1015.182673
1665.804684 1026.870966
1667.729588 1030.331564
1682.828031 1329.915288
1667.620206 1033.169480
1665.042541 1051.984539
1674.846872 1053.998086
1677.557368 1072.812846
1676.190264 1075.495963
1674.367377 1089.640484
1673.477190 1090.706975
1676.712680 1106.015978
1673.101333 1130.986890
1680.665303 1327.448330
1679.047838 1125.623074
1692.504978 1320.111558
1688.627824 1134.180185
1693.606865 1308.507382
1687.907961 1138.041393
1694.998527 1301.703988
1700.602613 1164.644781
1701.117867 1286.481338
1700.411867 1162.918859
1705.943496 1257.070846
1699.472245 1269.434731
1700.837250 1282.536076
1702.018784 1170.862389
1707.758258 1185.881385
1701.512751 1191.620439
1720.064299 1207.431462
1709.014153 1210.258098
1726.286738 1209.410962
1707.778582 1226.383458
1692.612048 1229.992538
1706.514354 1238.128002
