654.000000 1012.000000
659.000000 1002.000000
659.000000 1021.000000
664.000000 992.000000
669.000000 982.000000
669.000000 1025.000000
674.000000 972.000000
660.420588 993.751746
682.000000 964.000000
687.000000 954.000000
688.000000 1030.000000
695.000000 946.000000
697.000000 1025.000000
703.000000 939.000000
706.000000 1020.000000
713.000000 939.000000
715.000000 1015.000000
723.000000 939.000000
725.000000 1010.000000
733.000000 939.000000
735.000000 1010.000000
743.000000 939.000000
745.000000 1012.000000
749.000000 1022.000000
753.000000 939.000000
754.000000 1031.000000
759.000000 1040.000000
763.000000 939.000000
764.000000 1049.000000
769.000000 1058.000000
769.000000 1068.000000
769.000000 1078.000000
769.000000 1088.000000
769.000000 1098.000000
769.000000 1108.000000
769.000000 1118.000000
769.000000 1128.000000
769.000000 1138.000000
769.000000 1148.000000
769.000000 1158.000000
769.000000 1168.000000
769.000000 1178.000000
769.000000 1188.000000
769.000000 1198.000000
713.083526 1211.438691
769.000000 1218.000000
769.000000 1228.000000
769.000000 1238.000000
769.000000 1248.000000
769.000000 1258.000000
769.000000 1268.000000
769.000000 1278.000000
770.000000 1288.000000
773.000000 939.000000
778.000000 1295.000000
783.000000 939.000000
787.000000 1300.000000
792.000000 944.000000
796.000000 1305.000000
757.678233 979.135348
806.000000 1305.000000
810.000000 954.000000
864.346810 1312.086325
819.000000 959.000000
825.000000 1300.000000
751.570811 976.724729
830.000000 1290.000000
835.000000 972.000000
835.000000 1280.000000
840.000000 1265.000000
842.000000 980.000000
845.000000 1165.000000
870.423869 1179.691088
845.000000 1185.000000
814.987873 1193.957086
845.000000 1205.000000
842.605060 1205.424314
845.000000 1225.000000
845.000000 1235.000000
845.000000 1245.000000
845.000000 1255.000000
850.000000 987.000000
842.760136 1195.442876
857.000000 995.000000
865.000000 1165.000000
867.000000 999.000000
875.000000 1165.000000
876.000000 1004.000000
885.000000 1165.000000
812.936020 964.020977
895.000000 1165.000000
965.208687 970.549722
905.000000 1165.000000
919.508555 996.520829
915.000000 1165.000000
937.659441 1040.723174
925.000000 1165.000000
926.000000 1004.000000
935.000000 1165.000000
910.097754 1003.969948
945.000000 1165.000000
946.000000 1004.000000
955.000000 1165.000000
956.000000 1004.000000
965.000000 1165.000000
966.000000 1004.000000
975.000000 1165.000000
989.471362 986.241744
985.000000 1165.000000
986.000000 1004.000000
994.000000 1170.000000
996.000000 1004.000000
999.000000 1179.000000
999.000000 1189.000000
999.000000 1199.000000
999.000000 1209.000000
999.000000 1219.000000
1006.614042 1232.296299
999.000000 1239.000000
1092.464326 1259.397374
999.000000 1259.000000
999.000000 1269.000000
999.000000 1279.000000
999.000000 1289.000000
1001.000000 1299.000000
1006.000000 1004.000000
1006.000000 1308.000000
1015.000000 1313.000000
1016.000000 1004.000000
1025.000000 1317.000000
1026.000000 1004.000000
1035.000000 1320.000000
1036.000000 1004.000000
1045.000000 1320.000000
1046.000000 1004.000000
1055.000000 1320.000000
1056.000000 1004.000000
1065.000000 1009.000000
1065.000000 1315.000000
1073.000000 1015.000000
1073.000000 1308.000000
1075.000000 1290.000000
1077.000000 1025.000000
1080.000000 1035.000000
1080.000000 1045.000000
1080.000000 1210.000000
1080.000000 1220.000000
1080.000000 1230.000000
1080.000000 1240.000000
1116.321952 1257.449745
1080.000000 1260.000000
1080.000000 1270.000000
1080.000000 1280.000000
1085.000000 1054.000000
1085.000000 1064.000000
1090.000000 1073.000000
1090.000000 1083.000000
1090.000000 1093.000000
1090.000000 1103.000000
1090.000000 1113.000000
1090.000000 1210.000000
1095.000000 1122.000000
1099.000000 1132.000000
1100.000000 1210.000000
1109.000000 1134.000000
1110.000000 1210.000000
1119.000000 1134.000000
1120.000000 1210.000000
1129.000000 1134.000000
1130.000000 1210.000000
1134.000000 1220.000000
1134.000000 1230.000000
1134.000000 1240.000000
1134.000000 1250.000000
1139.000000 1134.000000
1134.366313 1278.483903
1145.000000 1267.000000
1189.910099 1107.472374
1152.000000 1275.000000
1158.000000 1129.000000
1160.000000 1282.000000
1162.000000 1119.000000
1167.000000 1109.000000
1167.000000 1290.000000
1169.000000 1017.000000
1169.000000 1027.000000
1169.000000 1037.000000
1169.000000 1047.000000
1169.000000 1057.000000
1169.000000 1067.000000
1169.000000 1077.000000
1169.000000 1087.000000
1169.000000 1097.000000
1174.000000 1007.000000
1177.000000 1294.000000
1182.000000 999.000000
1186.000000 1299.000000
1221.935958 982.812006
1196.000000 1303.000000
1202.000000 989.000000
1205.000000 1308.000000
1206.198926 986.581200
1215.000000 1310.000000
1220.890928 989.237682
1225.000000 1310.000000
1231.000000 984.000000
1235.000000 1310.000000
1239.000000 912.000000
1225.647634 928.841121
1239.000000 932.000000
1240.000000 979.000000
1244.000000 902.000000
1244.000000 941.000000
1244.000000 951.000000
1244.000000 961.000000
1245.000000 1310.000000
1193.965407 862.995837
1288.191905 1333.007544
1285.405318 875.910853
1265.000000 1305.000000
1266.000000 879.000000
1282.857983 1296.634765
1235.740442 847.060555
1277.172741 1273.864013
1280.000000 1270.000000
1284.000000 879.000000
1285.000000 1230.000000
1285.000000 1240.000000
1285.000000 1250.000000
1285.000000 1260.000000
1290.000000 887.000000
1290.000000 1220.000000
1295.000000 1210.000000
1344.827339 907.641345
1302.000000 904.000000
1305.000000 914.000000
1319.012491 1238.046983
1310.000000 923.000000
1261.498738 933.243986
1315.000000 942.000000
1315.000000 952.000000
1315.000000 962.000000
1315.000000 972.000000
1315.000000 1210.000000
1319.000000 982.000000
1325.000000 990.000000
1325.000000 1210.000000
1330.000000 999.000000
1330.000000 1009.000000
1335.000000 1018.000000
1335.000000 1028.000000
1335.000000 1210.000000
1340.000000 1037.000000
1340.000000 1047.000000
1340.000000 1057.000000
1340.000000 1067.000000
1340.000000 1077.000000
1340.000000 1087.000000
1345.000000 1210.000000
1350.000000 1089.000000
1355.000000 1210.000000
1360.000000 1086.000000
1365.000000 1210.000000
1393.155005 1087.590113
1375.000000 1210.000000
1380.000000 1081.000000
1384.000000 1205.000000
1388.000000 1074.000000
1394.000000 1205.000000
1395.000000 1066.000000
1403.000000 1059.000000
1404.000000 1205.000000
1409.000000 1022.000000
1340.580425 1007.113106
1409.000000 1042.000000
1414.000000 1012.000000
1414.000000 1205.000000
1422.000000 1004.000000
1450.198700 1202.013966
1432.000000 999.000000
1433.000000 1200.000000
1442.000000 999.000000
1443.000000 1200.000000
1444.000000 967.000000
1444.000000 977.000000
1377.591690 996.090655
1449.000000 952.000000
1453.000000 1200.000000
1531.973925 948.680977
1459.000000 1208.000000
1464.000000 1217.000000
1565.187896 930.701603
1469.000000 1226.000000
1469.000000 1236.000000
1474.000000 1245.000000
1475.000000 934.000000
1479.000000 1254.000000
1481.000000 1264.000000
1485.000000 937.000000
1486.000000 1273.000000
1578.972820 1272.997161
1494.000000 942.000000
1495.000000 1292.000000
1502.000000 1300.000000
1504.000000 944.000000
1507.000000 1309.000000
1514.000000 946.000000
1514.000000 1317.000000
1523.000000 951.000000
1524.000000 1320.000000
1530.000000 1328.000000
1533.000000 955.000000
1540.000000 963.000000
1540.000000 1332.000000
1548.000000 970.000000
1549.000000 1337.000000
1555.000000 978.000000
1551.043273 1345.534393
1563.000000 985.000000
1568.000000 1345.000000
1570.000000 993.000000
1578.000000 1345.000000
1580.000000 994.000000
1587.000000 1350.000000
1590.000000 994.000000
1597.000000 1350.000000
1600.000000 994.000000
1607.000000 1350.000000
1610.000000 994.000000
1615.453063 1340.189867
1620.000000 994.000000
1627.000000 1350.000000
1630.000000 994.000000
1637.000000 1350.000000
1640.000000 994.000000
1616.903215 1333.055110
1650.000000 997.000000
1656.000000 1345.000000
1659.000000 1002.000000
1665.000000 1340.000000
1667.000000 1009.000000
1670.000000 1019.000000
1675.000000 1028.000000
1675.000000 1335.000000
1692.864160 1044.654092
1722.280252 1052.026688
1680.000000 1057.000000
1680.000000 1067.000000
1680.000000 1077.000000
1680.000000 1087.000000
1680.000000 1097.000000
1680.000000 1107.000000
1680.000000 1117.000000
1685.000000 1330.000000
1687.000000 1125.000000
1690.000000 1320.000000
1719.750638 1142.723889
1698.000000 1313.000000
1699.000000 1142.000000
1703.000000 1303.000000
1705.000000 1150.000000
1705.000000 1290.000000
1710.000000 1159.000000
1710.000000 1260.000000
1710.000000 1270.000000
1710.000000 1280.000000
1715.000000 1168.000000
1715.000000 1178.000000
1715.000000 1188.000000
1715.000000 1198.000000
1715.000000 1208.000000
1715.000000 1218.000000
1715.000000 1228.000000
1715.000000 1238.000000
1715.000000 1248.000000
