333.617864 1641.049358
345.233574 1630.386665
339.552350 1614.976701
347.418832 1658.981630
345.175284 1600.698609
355.428952 1667.194282
370.766099 1559.714297
330.974074 1658.551886
330.617075 1661.660617
344.501900 1681.940752
347.890390 1700.142489
337.702730 1664.889840
339.543164 1705.586426
343.287534 1723.385017
345.395969 1599.544795
343.067154 1701.108285
361.458261 1572.853126
364.171971 1752.890202
361.690925 1571.383620
347.126476 1733.637164
364.928012 1758.913246
373.383356 1556.864783
366.971941 1569.888883
346.288485 1743.237388
347.107654 1739.767919
347.766770 1759.770777
342.261513 1756.292319
394.138637 1535.833812
389.329656 1798.513055
400.010259 1534.318290
366.683696 1779.762416
402.559611 1527.437919
385.469614 1794.620001
420.890959 1511.428164
425.438952 1817.833901
433.845983 1523.975675
391.095728 1797.862458
441.839307 1820.412061
434.129464 1503.785549
417.890788 1815.423155
451.675157 1491.748071
417.612991 1812.935559
443.240854 1829.159230
440.601229 1499.968370
442.286616 1829.441486
425.779192 1507.022538
434.749616 1824.762661
484.378138 1479.910301
461.735118 1829.766305
458.069681 1488.269931
436.328603 1825.347236
519.016553 1473.741708
488.617530 1833.185022
477.203797 1481.592616
485.677827 1833.717007
528.731487 1479.134935
508.816422 1826.802188
523.948856 1460.428347
489.410939 1825.520029
482.506698 1479.490763
531.774800 1824.040617
525.484139 1466.694872
489.569701 1832.370938
535.539125 1475.102105
547.567672 1820.184493
565.567518 1459.525052
580.185320 1804.273374
538.950039 1462.878793
559.734121 1815.437495
540.742119 1464.630633
564.395439 1811.781688
581.700082 1455.213611
556.154702 1815.414908
573.580477 1506.455811
611.741631 1787.644957
568.808933 1458.718510
609.662477 1791.352386
596.965903 1455.388766
575.800032 1806.300066
618.204634 1452.522822
585.833176 1790.697830
579.444101 1460.584867
645.183576 1779.953684
627.003036 1444.832198
630.172870 1782.195369
637.301116 1780.441389
607.568606 1453.765707
653.327798 1778.114139
653.070581 1415.051733
646.293595 1424.109988
697.743250 1445.630722
636.320635 1438.723608
671.782457 1384.052149
649.650732 1434.136465
677.247831 1770.086239
623.876040 1428.833159
645.774764 1373.381909
648.510844 1372.386555
643.079486 1392.196467
678.790897 1376.431139
654.162456 1398.818142
657.010464 1775.371509
680.960251 1299.008575
681.511080 1297.157975
672.802223 1322.660926
664.878049 1338.276538
673.438518 1328.201975
687.266321 1283.308252
670.287157 1769.816933
704.238407 1255.533577
698.707068 1257.320901
632.223190 1782.300437
693.031768 1271.694303
725.403510 1753.903054
703.948480 1244.982331
685.791640 1764.125567
719.505118 1232.536043
693.008132 1759.200727
712.479133 1239.655996
716.533728 1220.419602
715.310373 1226.283177
716.612890 1219.939856
711.253064 1753.687529
714.976401 1216.968520
729.348765 1192.301468
700.599597 1753.324426
743.389607 1171.361875
746.417840 1748.525014
754.336644 1156.556540
737.196895 1702.956155
746.235458 1165.423855
758.995926 1740.984671
746.409886 1166.255354
757.195469 1736.095255
769.199931 1139.267618
805.038402 1111.485601
783.904706 1742.457428
787.658800 1123.768103
778.425759 1733.192347
777.838791 1756.934052
815.354688 1759.549732
794.267870 1756.727823
789.811987 1744.540308
784.967762 1749.665808
744.709586 1752.702703
781.930847 1125.991264
790.816612 1116.507051
820.513120 1762.179637
768.196852 1140.582699
825.172755 1084.748574
804.505665 1757.779231
819.800858 1079.986488
861.092732 1770.080227
842.286432 1102.188743
857.935588 1772.129743
822.821035 1074.482347
832.871629 1766.301492
822.735172 1075.372684
863.184548 1038.762581
846.052257 1768.849324
865.606646 1043.968630
826.119758 1763.995242
857.452895 1048.627110
836.859342 1063.831073
873.800707 1769.256069
869.816026 1033.155822
858.824792 1772.618551
924.747190 984.501474
866.691438 1773.158637
901.988339 1001.165937
897.563411 1003.783986
887.861533 1771.995589
920.223279 984.532712
890.884886 1771.327990
903.899045 997.296297
866.056499 1773.266820
939.316090 964.948515
941.280869 1763.267903
929.553255 973.363024
938.157350 1763.877681
936.929200 966.137425
954.452292 1760.651099
916.777242 984.952431
932.803762 1763.558708
942.335753 962.762342
939.240190 1763.353294
999.204814 929.769014
944.356392 1757.144985
993.664655 931.501512
953.549485 1759.290232
964.969090 948.717094
974.849958 1754.887577
982.806255 937.691177
979.214980 1755.216152
1010.308605 923.000112
977.187572 1755.635643
1023.538296 917.872107
1014.567039 1746.475609
1026.091615 915.708783
1029.969210 1740.579337
1062.834455 900.948866
1041.983203 1740.899300
1022.197374 917.213702
1027.905522 1741.705591
1000.344853 928.289519
1020.960805 1743.794351
1052.719500 905.053603
1081.901292 1733.545227
1037.616957 910.546076
1075.153991 1734.800709
1113.146398 888.141454
1068.010467 1736.093458
1095.001180 889.515035
1122.075064 1723.988519
1118.425332 880.350570
1076.655785 1732.322623
1117.543770 882.788978
1119.380086 1715.510443
1142.714869 871.734070
1134.159931 1721.937013
1118.648564 881.502435
1149.671904 1716.246143
1140.936245 873.080745
1135.049835 1721.814323
1151.180295 870.670667
1170.970787 1703.723214
1104.980026 885.054636
1171.728918 1702.394551
1158.815347 870.156031
1122.817381 1707.051011
1167.309358 867.406792
1155.323297 1713.724062
1148.517772 870.122162
1176.441148 1705.580752
1208.443954 860.696097
1187.905611 1698.010247
1213.599179 860.702188
1207.825178 1694.949466
1208.874842 860.751166
1200.869624 1697.120176
1226.323966 859.393187
1209.235384 1692.617353
1233.903795 859.682948
1218.290707 1691.096624
1182.881390 864.750271
1229.619798 1686.383558
1259.773096 859.175481
1216.303510 1691.274550
1263.245765 1670.817455
1302.751050 855.030089
1249.058636 1677.966310
1270.946985 861.470687
1278.792122 1664.122360
1237.127287 859.160536
1276.428953 1666.322457
1268.245760 854.298985
1256.480448 1675.433020
1291.079443 857.488435
1315.383954 1648.301441
1333.720007 840.507925
1297.498409 1645.361550
1317.796995 855.848605
1319.702990 1648.577486
1321.055625 858.216455
1330.783205 1565.937130
1331.407819 866.089038
1321.844251 1646.705971
1331.096662 855.933652
1350.789975 1628.606453
1329.897411 855.943557
1326.780234 847.985173
1361.616483 1620.602155
1357.307590 819.338266
1356.833369 1625.908000
1362.614210 818.623092
1344.386583 1629.741400
1396.498318 798.691634
1349.498393 1628.708083
1409.765899 1609.487401
1396.309630 798.141110
1402.276603 793.966277
1345.583017 1601.228165
1395.941535 796.370968
1374.641952 1602.175358
1388.541742 801.609875
1424.757556 1610.373634
1418.522277 794.846910
1398.339973 1612.508310
1451.191233 790.986226
1421.069159 1611.089808
1420.468144 785.856886
1430.419294 773.984855
1447.477900 768.149973
1434.541846 1608.838555
1441.948507 766.507948
1423.608287 1611.087485
1469.399699 752.092638
1496.992870 1595.399313
1474.947148 743.982457
1482.674589 1599.292586
1500.807394 722.490461
1491.326847 1596.963669
1483.670365 736.377662
1491.441594 729.014573
1499.854599 1591.596920
1519.836203 712.860374
1513.910313 1586.247489
1507.485558 714.287815
1502.765827 1593.206059
1506.018765 716.393100
1557.978841 716.679710
1533.195555 1566.255111
1520.153974 701.626444
1501.872479 1592.777950
1531.560733 684.376327
1537.251740 1566.429034
1531.880913 701.967000
1528.903693 700.549576
1555.509557 1550.115155
1546.572095 679.696071
1518.535846 1582.765351
1556.923632 680.263163
1558.565368 1546.184361
1577.339076 664.345075
1535.939484 1567.586939
1591.544637 642.831013
1567.205784 1536.258566
1603.092383 635.489039
1580.783316 1524.207403
1589.462285 1514.820964
1604.894785 625.992362
1632.387770 1476.858439
1609.431518 623.311945
1610.415239 1489.450690
1634.086101 597.433202
1585.083654 1519.332298
1633.909661 597.236659
1631.314983 600.454784
1606.439231 1488.547782
1669.341588 572.569127
1626.431853 1466.593189
1618.685333 1473.419900
1637.008359 1435.864178
1630.684794 603.497718
1632.881387 1436.542217
1666.027327 575.799567
1628.518302 1448.364981
1645.543963 589.715071
1624.540314 1447.236272
1648.686544 1362.995166
1656.170268 1344.790137
1656.508806 1396.899795
1668.280401 573.540050
1646.090664 1358.672889
1661.552134 1362.576716
1658.469302 1390.157913
1644.955124 1407.169899
1698.368492 548.373070
1650.708157 1334.041762
1692.397047 1303.658630
1651.320955 584.811690
1688.330569 1324.677686
1661.903941 576.707746
1717.544566 531.229825
1677.297631 1323.295547
1699.254806 545.097541
1680.308895 1318.256616
1734.678596 532.743663
1715.838702 527.832066
1690.387568 1302.220594
1711.192140 529.225603
1707.803643 1302.734079
1732.548993 509.613930
1765.813879 1277.610716
1746.817348 494.359868
1753.875663 1282.649572
1744.443065 501.415875
1776.263407 1273.765776
1773.879416 463.106060
1753.888940 1284.652518
1748.777437 490.278181
1748.834142 1283.499154
1759.061475 480.863033
1762.862430 1278.454721
1782.909127 452.944174
1754.505593 1281.620241
1782.206740 453.521298
1806.705223 1263.579236
1791.625656 440.402565
1820.870175 1271.739382
1783.951848 451.653940
1810.211629 421.062645
1837.510168 1244.007795
1821.936803 406.975051
1816.348680 1255.153984
1815.576257 400.230109
1807.219957 1258.963858
1867.441434 384.703733
1820.354893 1252.612837
1815.867467 400.071327
1872.809423 377.652751
1862.370031 379.526533
1833.264690 1245.874335
1854.102307 385.381641
1842.157884 1243.324016
1849.815924 392.156599
1853.916407 1236.399266
1895.262738 371.866672
1860.215086 1233.610002
1872.817166 1228.642472
1878.906712 374.134059
1888.528733 1223.999732
1865.723024 377.645061
1901.425977 1217.031864
1901.295577 370.017626
1901.813694 1217.128911
1901.015831 368.840083
1895.356435 370.102480
1942.792198 1202.610867
1917.863749 373.891019
1954.201721 1201.395223
1923.008400 372.922608
1934.699280 1206.852769
1949.446295 398.256917
1956.946882 1199.811768
1948.323539 376.319958
1966.328708 1198.042150
1960.953042 390.092406
1950.754531 1201.073139
1953.712303 389.834524
1939.499217 380.221757
2016.494575 1192.545782
1961.463068 394.618219
1991.134838 1206.854069
1993.404807 425.315670
1976.663871 428.414254
1977.879305 439.275366
1979.507324 1197.288039
2020.690280 431.449383
2021.192442 1187.777007
1984.862645 441.889643
1993.876221 1194.736640
2017.245659 416.454173
2015.747169 460.572949
1988.443754 462.825231
2027.939487 1187.297973
2018.059532 471.599635
2058.917627 488.671386
2034.162805 1181.150444
2013.101342 468.439583
2008.683676 1190.554308
2032.236699 479.127960
2063.771667 512.044923
2049.882526 504.800704
2060.694316 1175.261075
2077.996533 530.657412
2074.352662 1197.942443
2036.166151 486.072778
2088.760027 1155.304024
2088.420723 519.512763
2125.524117 1137.531300
2053.406755 518.357707
2088.359770 477.359667
2067.798081 1161.436064
2080.782700 460.399928
2108.871284 1232.336507
2091.602498 1248.788451
2105.799891 1248.572838
2094.234850 1260.618242
2080.774880 1283.936300
2115.088363 1258.779838
2103.952826 1127.236445
2055.739881 1207.315119
2053.190575 496.317121
2117.958493 1110.665054
2113.914148 1242.777573
2078.386032 1244.796138
2079.518754 1295.963574
2100.598078 1213.458894
2102.658166 444.037030
2098.888274 1275.866716
2111.615562 1130.267948
2094.248064 1274.681840
2078.036546 1293.240982
2085.985573 1216.874133
2091.597989 465.764315
2122.774394 1120.277489
2093.692363 448.973878
2098.340866 1203.787948
2085.877866 1292.757894
2124.452121 1247.120490
2083.399689 448.055037
2113.102875 1111.818583
2083.823405 1282.728749
2129.892286 1184.325093
2137.476142 1198.188773
2145.023741 1203.765374
2117.873949 1232.986176
2101.731668 1188.066759
2094.618781 1241.834760
2130.981810 414.683115
2145.808053 1076.185237
2123.588262 1170.127826
2132.323024 1234.053107
2147.778620 400.376239
2138.501231 1208.682812
2139.405529 1093.401688
2132.791875 1158.169814
2148.958781 397.959819
2121.833484 1197.837293
2164.828381 1150.993167
2102.170010 1253.318465
2118.311296 1218.700206
2130.779784 1107.754389
2144.113945 403.321751
2184.329836 1151.237700
2136.330090 1209.052806
2150.982331 393.451373
2147.918505 396.360076
2119.710307 1115.047473
2137.067500 1123.387060
2163.226671 1133.166224
2147.776635 1177.011863
2169.340214 1120.393054
2141.102276 1080.814795
2172.283281 379.427015
2149.613639 1096.587402
2141.521684 1171.938589
2189.028568 1043.732490
2160.417249 1042.254951
2155.052312 1069.728351
2175.077796 1167.305030
2190.944541 1048.984819
2152.093492 1098.252719
2153.558447 377.618016
2112.181355 986.337409
2164.714188 1078.927062
2121.269188 1170.353207
2186.695763 352.432727
2176.250528 1059.944445
2184.823881 1046.533915
2213.208548 1056.976456
2153.555086 1083.943861
2205.063485 1162.321610
2157.802048 1014.335131
2168.254497 1044.542768
2197.125355 1052.882203
2189.822656 1168.076775
2223.439988 339.592182
2163.041256 1165.945355
2204.005266 342.839263
2191.172706 1151.795949
2183.268942 355.342365
2207.555438 1169.956287
2209.159589 1169.903610
2205.248899 1154.659496
2204.737341 1149.040215
2233.979525 1165.346231
2198.889456 349.350744
2184.089146 1182.416076
2202.979271 343.311126
2235.066679 1164.013965
2230.644070 1163.825034
2251.123822 335.528753
2234.274962 1161.914496
2235.286302 1157.167926
2229.897541 338.477653
2247.313727 1127.451809
2218.984873 1094.215424
2248.580453 1123.364136
2223.489103 1115.026717
2243.368088 1127.509902
2261.394665 336.349515
2234.593869 1134.358770
2257.617974 1101.918874
2304.256419 331.324753
2244.370695 1083.443251
2265.542703 920.516637
2257.434991 917.157795
2266.821596 921.403308
2246.554916 1007.847483
2251.182961 1006.052142
2232.727153 1037.123835
2254.264377 1008.410691
2255.991682 1082.466803
2254.686089 334.844794
2274.433037 900.066516
2264.940311 952.682027
2301.408504 941.474587
2268.901008 1021.811680
2265.241753 994.459270
2267.770413 1022.981123
2264.649670 1042.832037
2304.480832 929.567350
2286.768314 937.648772
2295.907042 329.815780
2308.906837 935.536854
2284.850091 880.349387
2296.096049 329.731876
2283.005090 884.476965
2292.654106 331.086179
2296.805665 868.783371
2265.359612 334.818507
2294.574245 867.282468
2316.533466 831.592059
2306.826948 847.725132
2308.610719 843.999182
2328.491483 325.631048
2327.658537 818.622012
2315.429364 329.588190
2322.617533 822.929885
2363.867650 313.215087
2333.324888 820.037978
2386.929902 337.825646
2339.220884 805.407434
2345.285274 792.807842
2358.869480 341.761386
2339.861587 798.937519
2373.901974 330.984734
2356.242589 781.303618
2343.510534 794.087565
2360.533550 326.303519
2367.753363 763.460569
2406.613123 714.112561
2374.398546 334.078199
2378.973485 748.629346
2363.483096 313.182113
2402.077996 719.632689
2398.960637 723.768596
2395.500220 344.006354
2429.188470 684.206949
2397.118749 344.545970
2417.500019 697.689299
2419.680021 361.105316
2432.123972 678.519762
2409.992663 353.422301
2415.240267 703.509630
2423.246595 693.166052
2439.470372 376.854794
2425.210051 690.162217
2400.062518 347.918047
2447.767956 640.159319
2419.480084 361.155655
2435.799335 669.826865
2433.244326 372.865526
2453.435357 396.879427
2474.047695 589.150757
2455.695149 606.437020
2477.055818 407.436540
2444.421998 617.702285
2509.882246 426.401788
2473.274420 583.044882
2465.048284 594.070932
2468.584750 603.295498
2472.952175 584.262362
2457.172623 393.590342
2479.409062 565.862807
2495.667152 420.970312
2499.174679 529.369270
2506.452515 510.864268
2512.049361 432.249933
2508.677496 501.493619
2487.325117 524.984401
2486.418588 546.443298
2510.256770 426.797216
2519.695591 485.767064
2489.537928 427.338762
2510.966049 430.796223
2512.425023 494.428908
2512.460759 433.483552
2523.956301 474.092474
2534.267692 467.011740
2522.817583 449.816131
2516.072181 443.706076
2539.126945 477.284732
