311.640931 1621.303596
316.508080 1624.593818
365.356607 1581.309164
345.835784 1634.478408
357.560646 1586.745967
302.294525 1623.264554
394.967080 1553.134140
297.326683 1633.657002
336.707386 1688.144618
333.636241 1682.250992
343.969459 1662.756219
358.861448 1685.519968
377.482809 1733.497471
337.056076 1694.031109
352.440821 1585.768760
357.450593 1718.076019
341.687501 1590.531707
352.352931 1723.923767
362.198121 1574.630543
352.129801 1737.078101
387.219451 1762.736045
415.985005 1539.183555
384.745494 1540.971950
378.063543 1764.045425
387.744414 1765.425694
356.112725 1737.305105
354.950716 1742.485026
406.929379 1518.268571
368.035947 1752.385626
402.874171 1535.123755
387.924195 1776.683590
401.648643 1515.871884
425.537326 1792.707108
420.137008 1511.663035
399.013638 1783.814082
385.744295 1542.250145
387.626426 1775.191216
395.444372 1779.188080
411.081632 1523.757638
508.970602 1827.617118
449.250242 1522.049246
473.263706 1808.620799
481.570882 1817.434166
466.304273 1558.496434
456.419699 1811.209281
391.641401 1518.672767
545.619184 1823.526439
478.255371 1505.752735
428.243190 1797.273521
499.956177 1496.965304
426.839224 1795.732221
529.011124 1472.228986
514.088184 1827.979020
417.305564 1514.394792
467.964234 1813.940788
514.175957 1476.710725
495.382449 1819.866007
491.436548 1496.453298
515.031534 1816.112233
508.181917 1484.935347
500.969493 1822.633209
513.143856 1476.834498
513.394950 1826.350526
584.713274 1461.680234
529.695705 1826.059710
531.520454 1476.347629
570.239192 1822.605128
565.280820 1478.666991
594.345713 1815.991643
603.363124 1460.289519
552.221190 1824.257735
533.622458 1465.893174
606.118013 1810.424481
519.679800 1463.803413
566.417889 1823.876160
574.357582 1477.212856
568.742573 1823.994694
600.480990 1463.733204
599.407985 1815.016657
604.989554 1457.553172
616.094365 1791.602129
608.988353 1455.565801
641.431222 1764.158935
558.859310 1471.829162
655.427758 1768.583082
677.705042 1759.884806
703.162676 1435.664521
635.169764 1778.099823
618.010980 1449.693396
630.312655 1446.149807
662.801761 1435.320029
650.016609 1488.682628
649.903140 1449.351278
623.584032 1441.425961
660.444326 1758.108364
690.944413 1377.132087
695.925407 1356.114285
641.169374 1375.282833
662.293474 1349.686146
670.154802 1352.641173
658.670819 1378.353089
731.402729 1746.676789
698.451654 1283.251982
663.037800 1325.247902
700.277142 1282.506459
694.883269 1300.159929
661.516465 1324.006737
662.681734 1319.894084
665.686821 1770.170073
702.852670 1255.121863
675.623367 1297.375331
653.740864 1763.605523
679.273064 1271.509847
646.701820 1734.581764
683.373332 1267.467479
678.494053 1751.246212
739.185390 1196.694349
649.413560 1754.730275
695.430356 1257.076850
732.487734 1210.040996
718.206254 1226.888619
758.230365 1169.643272
796.715938 1740.794253
740.225140 1187.669527
795.180455 1139.529831
734.195101 1745.028182
721.587053 1214.102349
775.607702 1720.125167
743.094362 1185.971119
738.945749 1734.085477
804.365819 1116.556169
729.557294 1740.128456
775.221526 1144.812937
742.090555 1731.184810
779.566767 1145.058186
774.530747 1140.766429
769.664414 1710.637077
784.169260 1139.799248
789.774918 1735.734833
789.620764 1735.870109
765.713423 1750.211321
759.666178 1744.569084
782.032319 1730.634094
813.655716 1750.019810
802.454768 1748.227129
783.486339 1130.195361
807.815405 1115.436613
768.513187 1754.733689
820.120715 1096.331660
782.337299 1137.608987
830.680684 1762.970824
841.926075 1063.918314
884.091783 1771.715891
815.642414 1096.050743
841.657117 1759.734093
844.424321 1058.675290
845.262323 1767.039426
803.541491 1107.075025
865.794081 1038.555396
860.345347 1771.212175
860.956025 1044.123775
833.798821 1762.685947
845.334274 1057.214892
856.699931 1046.584122
849.476304 1766.474078
912.228088 999.509022
877.512456 1774.536078
872.853415 1032.704201
941.757324 1770.035292
855.220891 1047.379195
904.394196 1004.856386
871.984265 1772.257606
944.319777 977.338984
876.833774 1774.363222
911.059872 1000.645986
937.515927 1773.086192
938.034325 978.044281
946.973562 1765.036984
974.141860 961.299457
934.756013 1773.139770
949.241342 967.342897
926.833833 1773.057744
934.360687 979.258155
967.454906 1763.454966
965.385620 950.399620
942.273622 1772.003329
975.919371 941.621014
965.602424 1759.116447
950.309772 966.065035
946.466795 1770.756345
972.421515 943.820897
961.402784 1763.322241
969.760014 949.385276
973.772759 1760.393950
976.930949 941.512406
1027.495055 1748.312790
1024.031923 919.877479
1034.560570 1746.987688
1075.067043 892.193765
1048.533626 1742.121167
1047.967012 905.383221
982.066397 1758.857930
1082.636266 888.490647
1026.954816 1748.127858
1037.703708 918.242799
1039.002087 1745.673309
1043.715679 907.776209
1095.148011 1727.068555
1093.209581 882.369555
1028.846541 1746.400065
1060.207768 901.022801
1063.459305 1737.638309
1131.071126 868.878062
1082.298838 1731.151882
1137.310648 869.513497
1188.448233 1702.548521
1143.782395 863.742078
1090.436709 1728.440198
1120.598084 873.105285
1127.409241 1716.683440
1106.765740 877.975187
1095.415790 1727.765128
1176.871097 858.819249
1199.414461 1698.996854
1116.256046 873.233933
1179.499068 1703.577645
1157.237605 860.055827
1132.225941 1715.518494
1096.239821 881.109329
1130.560631 1716.251244
1204.250553 849.758464
1160.820543 1709.865874
1146.660909 864.133856
1167.418324 1707.879660
1170.785545 858.254267
1174.692636 1705.250540
1166.424346 858.064339
1176.910567 1704.424092
1167.350791 857.874540
1201.732147 1699.354917
1182.336830 858.404549
1240.277544 1689.988592
1189.975312 857.263077
1278.697690 1681.281654
1227.913058 858.160007
1215.505097 1695.940927
1223.395935 859.940482
1210.098006 1697.065791
1237.795664 1690.250972
1227.090817 862.422135
1301.588103 1674.864015
1293.163134 877.215284
1306.976883 1674.108432
1292.959266 869.330586
1309.059506 1673.403980
1274.100250 852.027007
1292.727069 1677.564655
1290.077896 864.709457
1319.146250 1667.891276
1295.404336 864.801327
1249.875104 1686.295485
1342.763999 836.344697
1375.504682 1638.425916
1315.996498 850.213973
1339.140569 1658.179306
1306.800053 860.084862
1348.849892 1652.598341
1359.901816 829.464336
1384.817866 1633.257101
1359.680395 826.335671
1364.219449 823.188278
1353.596808 1649.063752
1337.611703 837.004420
1332.710317 1661.859466
1384.977029 810.196194
1375.382885 1638.416568
1320.609077 839.736303
1324.539280 1666.135011
1392.019295 1628.462838
1377.637296 815.102775
1383.731242 811.255227
1409.064233 1618.320575
1400.875885 799.287617
1446.658608 1595.123454
1418.813664 784.964279
1451.184483 1588.778779
1419.859632 786.771275
1446.798194 1596.497562
1437.341667 782.483659
1437.441263 1605.361338
1413.145391 782.343360
1451.286359 773.515811
1418.441484 780.903035
1466.672962 1590.264210
1442.380932 762.916009
1425.812560 1608.913587
1419.561449 781.415109
1439.341741 1603.490634
1513.217986 786.785671
1489.757076 1580.055489
1514.294295 755.762171
1487.112136 1581.311201
1429.188741 781.223970
1447.171410 754.481573
1466.137174 1590.284025
1485.770676 713.754799
1490.832602 1578.206657
1529.727785 706.661851
1500.523866 1572.036325
1482.475238 725.760157
1503.633064 708.263680
1532.337699 1549.777235
1529.303298 688.735185
1526.212827 1556.663825
1481.680355 716.764000
1552.498775 1537.486894
1519.963963 691.858199
1559.847453 720.233218
1557.701391 1531.327411
1592.299936 632.736961
1577.936329 1524.605382
1564.393791 667.562807
1572.133206 1525.480797
1550.961086 672.234316
1563.786832 1527.502901
1598.273804 633.325861
1587.721405 1516.323222
1564.135134 661.153792
1599.886189 1505.789151
1586.868861 1507.536638
1592.697548 629.212752
1573.448622 1504.771510
1594.133885 633.983401
1575.247553 1506.044401
1626.060749 604.374716
1632.881288 1451.379756
1611.711447 616.580113
1612.001206 612.756646
1586.341417 1491.862835
1663.612483 578.611752
1620.410662 1460.557316
1608.882748 1457.163546
1604.687019 1463.985058
1635.985242 594.976074
1645.924479 1420.586585
1644.522946 587.477388
1634.039731 1424.938344
1610.902302 614.876586
1660.451012 1409.053188
1669.750616 1375.546218
1652.440445 1384.099014
1674.851393 1391.107813
1663.146794 579.082708
1660.356398 1361.875459
1643.422665 1395.055624
1664.531976 1393.735108
1646.076226 1409.267676
1636.431385 593.441764
1709.198839 1302.706750
1669.527967 1328.107843
1662.964218 579.268734
1704.312374 1317.348092
1696.570418 545.538993
1710.231786 530.213922
1639.289848 1322.467912
1713.823061 530.015229
1721.479363 1299.654156
1725.691487 523.114859
1727.540600 518.724298
1685.483538 1316.557312
1723.987338 522.600117
1730.646236 1294.933319
1788.174338 469.289320
1748.868002 1301.492423
1769.475186 498.564998
1792.017716 1280.098032
1718.062823 524.940227
1728.818093 1261.627233
1744.234136 505.205000
1720.666403 1293.364845
1771.457131 486.638506
1805.908608 1274.581149
1780.169350 470.649754
1794.016448 1279.513322
1802.397308 460.166490
1726.424535 1299.494470
1773.298929 477.469472
1801.120938 1274.570033
1817.722141 443.380548
1804.935990 1269.108106
1831.776588 437.341106
1842.846636 440.087126
1761.572851 1283.770070
1860.399687 411.801887
1744.829889 1281.822187
1843.199682 416.338428
1810.629235 1257.565014
1834.055288 428.712264
1870.374771 1234.086706
1852.263828 418.222915
1890.719078 385.798595
1835.439217 425.534918
1833.156835 1253.252876
1845.610698 414.196516
1894.393143 1208.631609
1881.926087 396.454650
1838.496153 1252.248557
1829.472594 427.448760
1905.307871 1203.702662
1910.102553 1200.603777
1909.925598 390.840640
1848.734929 1246.076822
1912.123029 369.651186
1903.247384 1203.762356
1926.482708 369.572908
1909.313938 1211.746004
1957.416705 366.355766
1910.159472 368.608000
1917.812345 1211.659674
1935.531607 371.272271
1895.483062 1209.783547
1942.698488 363.312585
1910.334775 1199.767136
1917.088561 386.914179
1906.477199 1215.075363
1942.660359 402.518771
1958.559240 1186.719009
1942.648304 362.533346
2001.245384 1159.061648
1943.429188 361.675068
1949.515282 389.632343
1998.595968 1193.620160
1992.812792 420.255992
1995.085230 1202.120144
1955.693882 368.166582
1991.437285 427.404481
1991.177223 447.877352
1987.947771 1201.563150
1979.794792 421.636962
1987.396923 1201.055476
2045.772874 459.527948
2087.211649 1191.145947
1988.763464 438.897427
1979.888870 432.619730
2063.296322 490.038690
2007.342512 1167.351268
2017.879156 478.823059
2053.785412 448.319360
2014.773442 1163.069804
2033.929501 486.240568
2034.217655 1177.726364
2059.366758 510.275893
2057.744885 468.519756
2001.617715 482.123902
1998.453201 1158.856207
2064.484763 502.535333
1994.507399 1158.628733
2089.676643 510.067372
2047.021321 1128.665439
2030.761569 507.808557
2113.911472 1141.775358
2022.607574 473.934471
2065.416438 488.932104
2073.992996 1115.118489
2091.234068 464.614337
2075.750971 1217.658786
2111.357317 1248.728480
2090.054207 1286.714775
2076.278908 1297.594667
2029.924975 1241.507050
2080.760920 1280.590697
2091.725335 1113.153237
2085.871741 1240.692718
2062.297084 492.974225
2185.225034 1105.812781
2083.294642 1218.326503
2065.192491 1245.425193
2083.680108 1262.666058
2073.320837 1164.507992
2055.622042 476.119339
2104.869192 1275.941941
2045.707820 1081.208986
2107.071643 1260.027888
2073.373884 1284.940736
2083.206943 1236.429023
2109.163063 435.920720
2087.086364 1093.401523
2103.396451 439.620035
2048.862516 1187.974990
2094.418063 1284.776685
2160.587512 1214.919927
2116.011529 441.281733
2125.750547 1122.095088
2085.911618 1268.215593
2081.751598 1147.474625
2055.572545 1172.391847
2111.335366 1209.832946
2109.722506 1254.232362
2060.317811 1210.893949
2087.046460 1263.120860
2134.293647 405.102550
2143.646263 1084.506470
2125.123579 1187.673534
2115.510707 1259.680557
2155.264768 440.926598
2165.346702 1205.624522
2076.596813 1098.360571
2068.513565 1152.871234
2152.238885 412.258255
2159.867854 1195.157609
2137.997951 1176.132620
2085.374525 1211.671152
2136.995360 1217.559729
2144.368498 1086.152388
2148.179580 428.551530
2102.106673 1175.460189
2184.115418 1200.668005
2185.165444 383.316017
2137.147285 397.166135
2168.892490 1061.049932
2147.460159 1082.711063
2148.743872 1141.320644
2159.254014 1185.671866
2079.417538 1101.303689
2133.793073 1088.271555
2120.258624 406.049710
2156.253789 1075.511125
2199.434913 1197.308340
2192.220797 1023.123015
2154.488688 1018.372190
2158.559618 1042.960713
2157.750875 1191.587463
2188.719922 1036.486744
2159.117089 1085.903729
2166.724294 386.721023
2165.377735 1010.235838
2147.766612 1080.972007
2151.336213 1192.725836
2200.062153 362.480454
2155.082803 1056.812220
2187.847966 1057.021752
2176.921901 1088.339775
2153.989513 1100.572197
2147.916030 1163.433905
2221.038839 1010.198298
2159.887999 979.496124
2192.977056 1035.815853
2105.553051 1180.966355
2123.100327 386.868138
2211.419331 1112.067630
2170.022798 369.624938
2195.885124 1097.052745
2198.687909 350.578903
2182.871801 1148.742546
2174.462487 1200.449785
2161.609611 1170.222980
2156.075736 1186.516342
2169.237103 1174.701986
2193.584252 350.224422
2192.790603 1199.394555
2220.092291 344.071858
2190.245187 1196.794958
2222.338187 1124.903419
2255.562947 341.130366
2196.847368 1177.435408
2220.935283 1127.784281
2257.897227 339.218383
2216.623485 1118.576646
2249.311307 1050.911011
2224.546770 1101.157162
2230.047632 1108.759528
2206.871288 1133.070760
2247.580605 341.008262
2225.016801 1109.090395
2198.872679 1095.866011
2234.604504 343.488069
2233.053695 1089.133288
2271.713458 857.871969
2260.685718 925.044381
2255.736319 962.677432
2271.159743 955.986874
2230.036478 1030.677254
2266.454974 989.242712
2261.337821 1015.203542
2235.788797 1063.963554
2276.130274 338.295099
2255.606471 879.793619
2240.617630 929.722722
2267.430617 914.664237
2251.502618 1037.240125
2269.827377 1003.562239
2249.166021 1043.446908
2243.242374 1067.324372
2237.505509 944.822813
2257.855389 932.069320
2261.036414 337.421292
2254.316959 926.554768
2235.715349 893.333712
2265.132219 341.722446
2262.230831 911.704175
2325.250843 341.402690
2348.105881 801.751865
2305.418385 333.567427
2335.850186 816.945196
2341.167875 807.566463
2351.225963 795.308194
2236.872125 864.113791
2294.375041 341.044957
2301.487770 844.709753
2327.824262 329.235614
2336.625230 816.170125
2321.402219 331.476066
2309.514785 825.347567
2291.625569 335.843744
2324.453154 817.369372
2335.004365 809.246850
2331.801947 350.995288
2335.245032 812.843077
2318.355179 334.509821
2353.991302 789.409069
2382.201583 751.152937
2315.322520 332.728553
2348.266255 791.714745
2390.596417 724.860968
2416.492930 356.192780
2362.982604 779.364303
2414.476872 353.382869
2436.605571 676.486640
2409.986100 713.168924
2327.185829 329.626870
2414.979453 700.350922
2390.699514 351.768585
2422.363879 690.899565
2408.702437 360.715415
2421.751030 688.572462
2417.541469 375.041104
2447.868933 660.582448
2450.971969 655.827961
2453.529993 377.778997
2455.375142 645.868022
2449.685121 387.676857
2439.397169 670.457639
2416.079341 353.748533
2461.215164 627.711616
2456.134704 379.848133
2440.479453 371.622173
2452.065534 654.461520
2460.734400 633.295541
2477.713999 401.864682
2467.623948 605.270098
2452.470750 381.936146
2443.836529 575.748449
2468.536605 599.646313
2464.152628 621.800429
2407.415876 543.791541
2463.695693 388.415974
2478.869782 551.617386
2479.723571 400.547881
2484.423166 524.561563
2473.870707 563.440317
2479.132826 399.087414
2524.072003 472.644255
2496.318226 496.725818
2474.593118 508.354129
2510.894997 428.080080
2501.608173 469.408773
2477.925708 429.149859
2539.189755 450.332341
2500.483576 493.515389
2524.176622 438.081830
2532.306002 459.243888
2537.423046 449.576950
2537.022491 447.226095
2536.581941 449.633994
2525.155901 463.099744
