333.641595 1616.259980
329.319518 1621.189661
346.131911 1604.749067
330.931375 1632.353242
335.228705 1613.428078
331.221536 1630.237063
351.691443 1588.071633
342.049229 1662.391197
335.445249 1652.845693
333.588760 1672.224589
336.336905 1674.276473
347.673251 1693.609752
338.395509 1681.432741
347.304371 1702.600670
360.528425 1568.836442
366.326836 1713.316468
367.189412 1571.935211
351.641716 1709.332580
361.110513 1560.026124
357.219730 1720.934361
363.842263 1746.898831
364.085094 1536.344171
368.841434 1534.161028
372.198668 1765.350267
363.752303 1750.634204
371.888995 1776.695439
373.501594 1780.628427
370.589333 1541.649971
375.133127 1782.479483
382.635525 1529.064358
383.157138 1796.376137
383.847987 1527.858152
384.598984 1798.295062
391.107434 1524.532649
399.462971 1810.547915
425.548930 1513.125708
400.503480 1809.607612
425.113780 1821.140883
430.464652 1510.665812
427.356958 1835.801790
448.486177 1507.635257
429.786638 1836.650743
430.189349 1833.226951
427.060165 1512.058533
441.728701 1843.798873
446.831210 1503.833919
455.166174 1844.898486
449.344929 1502.418550
448.982012 1843.948526
462.957257 1496.371733
447.964201 1844.190545
480.602646 1489.791349
492.846529 1846.248598
482.575865 1490.088508
501.833374 1845.429344
511.317657 1478.643102
482.780741 1845.055827
509.561546 1478.961794
520.053275 1843.491563
524.446769 1474.988424
526.309507 1841.928632
529.039195 1475.059405
538.453952 1837.705965
533.837165 1473.808332
540.636320 1837.595389
548.060986 1472.181974
533.856442 1840.229958
556.490788 1472.095870
540.759889 1828.621098
555.022498 1469.296975
567.005356 1822.470626
566.210460 1485.158997
584.537843 1812.300078
587.882686 1473.024723
569.957716 1818.692154
603.002052 1473.630826
581.173774 1814.361395
599.150874 1471.563173
597.471553 1806.036936
601.680659 1470.261643
608.628643 1802.003161
621.098689 1483.518202
616.684831 1799.742288
632.001185 1456.950947
639.056837 1791.726723
648.924239 1786.093662
640.422308 1446.894912
644.865131 1789.940485
647.923956 1415.827443
612.779530 1456.994191
639.531611 1444.143293
636.291529 1452.363088
651.712033 1406.026841
639.808606 1445.758713
646.270403 1789.926067
640.763219 1423.236702
669.573878 1348.619258
671.362613 1333.952766
652.503831 1370.097116
673.309388 1370.746480
654.661040 1386.257290
661.528753 1772.455635
679.696385 1291.015045
679.867313 1293.485004
673.830627 1323.878789
670.913614 1326.485669
670.710802 1334.298576
685.344580 1278.619842
670.581653 1763.326373
681.944832 1279.386447
689.544111 1267.196104
683.087234 1756.988303
696.394845 1255.763273
693.712541 1750.276363
694.667823 1258.300558
699.917555 1750.469268
711.433807 1229.640224
695.359895 1733.124729
720.065471 1217.189036
727.860423 1197.564460
718.345001 1216.422955
714.447934 1223.259641
706.238110 1737.648903
729.254253 1195.926671
739.487917 1174.960008
722.989756 1735.173831
739.680285 1174.709286
722.172521 1737.339316
747.532107 1163.258697
757.759578 1732.951508
755.563084 1153.319043
775.231625 1725.891993
749.344357 1161.734996
784.717233 1723.537001
778.644963 1126.082290
768.585033 1137.628495
771.877804 1722.022019
790.320531 1113.606789
783.405901 1693.949238
783.029833 1739.009702
767.445561 1734.673785
767.626275 1741.421604
787.847199 1726.697151
794.405637 1733.681209
795.886616 1754.642770
788.674224 1112.440718
780.020750 1123.520016
788.668501 1748.149033
801.060208 1099.390724
796.041965 1105.809572
787.501484 1755.549082
799.777066 1099.469805
805.571192 1754.463707
818.199792 1087.115717
831.929194 1763.857863
831.983280 1082.136583
826.412344 1763.280767
844.901552 1061.107337
850.715952 1053.213957
839.574645 1769.411925
853.720094 1046.703371
862.024734 1776.496628
852.337526 1047.665156
862.135988 1034.445619
874.641038 1776.493252
869.800805 1027.045239
868.067003 1776.152228
878.213517 1019.719492
884.744034 1778.170161
888.346435 1009.016571
896.442943 1003.884685
896.141386 1777.291018
911.382157 987.010609
904.349112 1777.603354
911.689789 985.407770
912.697039 1775.348549
920.577963 977.765963
901.149824 1773.912586
935.200410 966.643960
926.975811 1771.130539
927.571724 971.304568
930.747176 1770.206729
939.433017 963.651644
956.260584 1762.955073
965.674048 945.337383
957.552570 1762.268165
962.554904 946.959529
956.587716 1762.508751
974.159941 940.836972
977.102151 1758.107001
989.965623 932.053842
989.179327 1756.109009
983.865056 936.838118
980.994259 1757.403963
1000.854767 926.464481
1026.599383 1748.390797
1003.365039 925.116577
1018.357533 1750.850241
1022.228669 918.131837
1019.345439 1749.245506
1033.781631 913.911333
1033.542766 1747.030472
1055.928743 906.512744
1051.625940 1740.651485
1061.527726 901.839445
1053.186011 1741.038985
1067.663315 898.908150
1069.858630 1734.263873
1078.768386 892.820255
1042.106915 1744.223156
1088.330380 887.800269
1078.597236 1731.105279
1081.049704 892.044597
1076.930503 1731.237351
1115.110778 875.025095
1092.605745 1726.596805
1119.627846 873.114337
1120.696793 1715.202237
1120.619376 873.502624
1132.344954 1712.769887
1123.536211 871.078993
1142.650783 1710.758423
1144.326016 859.440524
1131.533664 1712.360034
1148.768722 857.699823
1127.837561 1703.196990
1145.168975 859.044422
1141.598060 1708.909966
1163.917067 850.528030
1181.642168 1707.118028
1164.644480 849.938429
1150.850255 1709.642805
1168.530471 850.127597
1193.997126 1704.239000
1187.193278 849.546828
1170.336437 1707.941691
1204.074529 849.958774
1208.994377 1697.927459
1187.516868 850.488467
1196.440170 1703.813945
1220.400206 851.108323
1204.446892 1695.420584
1240.346115 854.659537
1221.971755 1693.506922
1224.652251 851.821000
1247.113526 1684.060365
1231.830275 853.459295
1266.476737 1674.975328
1234.043132 1688.652144
1252.484680 857.098399
1270.424676 1672.226356
1280.701617 864.123532
1273.557186 1670.466687
1263.528551 860.047425
1274.681834 1670.133361
1277.930025 864.871780
1292.797955 1662.866017
1289.939031 866.521605
1293.520811 1660.658401
1301.369192 874.475929
1287.146491 1658.723842
1292.800022 863.437377
1323.539756 1648.896960
1311.513454 861.695090
1349.157807 1639.702423
1326.799898 850.455349
1334.440990 1645.022578
1337.641539 847.086161
1327.001061 1647.831633
1339.011704 846.076386
1352.001186 829.996223
1343.545765 1641.636617
1349.321398 833.659369
1366.037395 1633.941080
1370.901509 813.551268
1366.979165 1633.308996
1378.004956 813.277853
1380.095221 1628.993195
1371.437649 1630.881128
1403.476392 808.722797
1390.498195 807.743316
1394.059279 1623.315104
1404.648164 800.585126
1407.155706 1617.977028
1418.218049 788.994209
1411.581707 1615.732049
1407.400959 802.785404
1438.496664 1601.486277
1414.182155 811.128280
1422.091160 1610.836105
1423.662868 788.399726
1447.186447 771.283927
1448.346490 768.285794
1450.322298 1597.418231
1447.559385 768.055907
1454.095222 1596.347936
1457.090783 762.445317
1450.402833 1597.870204
1481.047503 753.985141
1475.911623 1587.105494
1478.710105 746.539887
1492.882601 1579.613542
1483.349891 734.775309
1504.180072 712.996185
1490.429789 1580.506777
1503.648776 710.889161
1497.423180 1578.705368
1506.260550 707.123096
1492.789766 1579.358418
1525.033406 693.033703
1516.862487 698.370647
1523.789886 1572.385519
1516.602854 697.765405
1537.467224 1567.336612
1534.131328 683.777916
1519.839686 1572.898464
1545.066426 674.243997
1564.429560 655.050031
1545.188025 1563.584888
1552.622658 667.136258
1548.205018 1560.074286
1569.482696 652.146597
1552.344264 1557.295076
1573.143697 649.968544
1573.866731 1534.827317
1585.721832 633.174617
1584.387495 1524.796998
1573.936112 647.309059
1577.947163 1530.408174
1586.889379 1519.751393
1586.879281 630.827122
1599.727118 1508.376724
1599.858096 612.602800
1608.641511 1498.696577
1599.658580 612.794685
1612.552500 1492.697573
1622.499161 591.636605
1621.001316 597.606986
1614.339670 1490.342253
1621.542387 593.353189
1629.468668 1465.405087
1629.578687 1466.978587
1642.426227 1445.369387
1628.044332 592.043053
1638.685559 1452.123017
1636.076171 593.037549
1648.784673 1432.647691
1660.393294 606.610396
1662.377242 1407.497397
1671.643893 1367.713840
1665.833112 1379.821587
1668.264195 1393.544626
1657.054355 578.534615
1677.309687 1351.486643
1671.223950 1379.599300
1667.626575 1392.250983
1669.365768 1386.200234
1661.695900 569.348943
1682.343596 1341.048657
1679.291128 1318.528250
1685.123298 554.640278
1681.389358 1336.222756
1686.170555 552.753242
1685.635665 552.918341
1689.293400 1323.600592
1694.983134 538.724677
1697.789631 1317.614383
1695.929175 537.110131
1707.054746 518.859627
1703.800526 1320.031947
1713.655875 510.033550
1726.717477 1306.206975
1716.116643 508.870409
1725.723244 1307.252011
1739.484834 491.725524
1740.777049 1300.536987
1753.613393 477.429316
1733.648276 1303.553066
1748.535030 482.222323
1757.916928 1287.314701
1756.896186 474.861620
1779.119880 1276.869456
1779.180290 455.663296
1779.384335 1275.449495
1781.169346 453.772670
1781.600087 1271.034353
1791.249658 443.361625
1804.887152 1264.509563
1796.894247 438.458933
1782.647978 1262.924615
1804.022093 432.247379
1808.856971 428.461435
1803.136458 1266.478227
1828.345069 416.631433
1823.510590 1265.802966
1837.465230 412.114688
1829.987074 1253.400632
1822.080386 419.308625
1838.877521 1245.524909
1854.676226 384.223972
1841.799412 402.681104
1854.544059 383.932666
1843.845143 1243.469415
1862.452759 378.648240
1850.489561 1241.597024
1860.446841 378.386941
1861.154013 1234.846769
1858.137928 379.501105
1879.647912 1223.729508
1888.667286 1218.579291
1882.369533 367.815317
1896.734988 1216.379904
1878.295996 369.179114
1902.663659 1210.445849
1909.191389 358.544853
1911.862337 1209.502438
1908.245128 359.762656
1914.950823 358.342426
1895.734120 1208.727835
1928.263149 360.187790
1944.087760 1203.871779
1920.495651 355.880317
1922.566128 1209.444366
1921.833959 356.477706
1948.945120 1202.594910
1946.069922 368.188528
1952.724887 1201.299791
1940.739652 366.567744
1949.187244 1202.744172
1950.013989 372.465701
1985.468316 385.849842
1976.592590 1203.617819
1986.464438 404.783282
1974.850774 1201.722638
1976.950850 395.307602
1989.568048 410.798957
1988.918386 409.702530
1994.594024 1188.596331
1995.671974 420.751548
2003.734851 1186.052255
1992.789026 417.201529
1999.212725 1190.295587
2004.901488 435.073058
2013.690066 451.714453
2014.950041 453.952094
2012.973367 1178.886973
2037.683208 477.179003
2034.862260 471.835261
2021.049740 1167.647886
2040.060603 482.160852
2020.419837 1181.117796
2036.856164 475.318147
2043.400877 493.090654
2043.113072 510.902913
2046.932791 1149.904123
2044.050278 501.667690
2050.635561 1145.520617
2050.442986 506.755075
2057.567434 1141.558720
2065.180493 518.318177
2073.739900 1128.952301
2049.932574 501.046103
2069.624412 480.532336
2072.509454 1130.333392
2086.895159 468.060845
2072.178558 1243.066019
2064.993951 1248.757974
2091.644256 1272.762428
2100.246895 1278.728983
2077.349155 1274.982297
2077.856259 1285.742914
2087.880418 1123.066917
2080.645081 1239.926738
2088.111274 466.841274
2085.312797 1123.196558
2079.148044 1240.555782
2099.052691 1256.122938
2098.754717 1278.573461
2110.871979 1241.021190
2090.189544 465.168404
2093.581751 1282.247032
2110.450364 1100.605635
2098.171405 1286.467701
2085.175398 1284.615953
2106.535480 1238.583615
2102.840109 453.424309
2109.166062 1088.935152
2108.325900 451.921648
2102.332922 1221.700257
2094.433785 1285.508324
2112.278599 1267.274305
2116.414180 442.665130
2114.541839 1101.680676
2105.451940 1270.415561
2113.229120 1191.458705
2110.885008 1193.123804
2126.779865 1208.674700
2128.264378 1231.992796
2116.781417 1197.832844
2114.212060 1261.268702
2103.056883 442.515740
2119.949453 1093.758655
2114.637600 1164.572333
2127.104971 1239.035373
2154.557220 427.109079
2110.657215 1241.362953
2108.801048 1088.915642
2139.390455 1179.384530
2145.694755 420.535159
2132.146866 1202.169221
2132.703865 1163.422134
2134.271602 1221.085623
2138.330188 1226.129514
2141.782252 1084.213064
2148.987781 415.722171
2136.863839 1128.474610
2134.013514 1225.164385
2152.057528 402.148043
2164.047395 386.622893
2146.545192 1069.176499
2153.586979 1113.439795
2163.130896 1141.630577
2151.332991 1197.732138
2149.384034 1114.490760
2173.893990 1058.588753
2159.770126 387.605318
2176.194077 1099.960087
2175.420340 1183.044746
2174.023449 1041.495804
2145.158219 1043.980559
2155.691798 1049.392502
2150.611440 1191.436157
2174.103433 1032.619681
2190.558280 1086.917339
2166.141412 378.493181
2137.405804 1015.527067
2185.156150 1085.349895
2179.280425 1176.608848
2175.015677 368.123117
2167.856849 1056.042513
2180.447068 1069.134062
2203.408722 1054.830983
2164.557084 1068.030938
2164.869229 1174.069573
2185.919777 1015.912349
2199.369929 1027.971089
2162.650605 1032.675877
2179.827556 1161.020326
2187.775331 355.140341
2181.192808 1162.248761
2186.694125 354.125334
2174.990431 1158.444480
2205.299013 341.473444
2187.129563 1173.964862
2185.449389 1178.857069
2201.440330 1139.118054
2200.445232 1164.770391
2215.056820 1163.801179
2219.211020 333.346520
2208.934651 1167.287790
2218.602016 334.915946
2192.366571 1180.097635
2214.884990 1161.300081
2247.384391 328.518703
2228.511124 1143.936609
2215.124787 1155.424495
2254.772868 325.978846
2241.182790 1120.252994
2250.144669 1083.692807
2248.898769 1095.181705
2245.665654 1112.020058
2229.825345 1144.646224
2240.872476 328.592975
2245.027792 1114.210177
2251.174586 1067.192862
2231.260459 330.623899
2252.873703 1063.872272
2288.360567 903.479757
2278.051839 927.672616
2280.255059 927.588034
2268.777420 984.355906
2262.500676 1009.713679
2259.342536 1027.248283
2255.201853 1027.207258
2251.688290 1065.497482
2269.438110 330.644405
2279.956785 919.953210
2280.320112 941.371289
2275.682544 956.912365
2266.632814 998.967270
2265.846749 1001.210557
2258.904347 1032.504373
2255.822852 1044.826327
2287.451822 890.626713
2268.554318 975.728470
2273.152498 324.771444
2276.357406 946.726304
2291.358407 892.811365
2276.874330 324.268012
2287.681296 888.539241
2304.735495 321.803006
2289.779480 884.758531
2293.814029 322.561423
2314.415188 852.425171
2327.473673 828.407483
2316.908894 846.041105
2324.417128 836.369106
2328.580275 321.438360
2325.700372 832.004624
2339.003275 323.009032
2330.816327 825.212717
2328.305936 320.449843
2336.377345 823.561201
2340.437411 321.794659
2349.163392 797.569848
2348.895775 793.441622
2347.327201 323.679159
2361.499788 772.821182
2357.861303 326.777339
2356.388274 785.705174
2366.165390 768.684286
2377.458256 333.235860
2380.773381 744.035498
2360.477008 744.569247
2369.778078 329.553169
2387.493600 734.048827
2389.628954 337.392566
2384.472689 734.590745
2398.665973 719.792263
2385.345054 334.546928
2415.527023 696.632243
2416.063809 350.946387
2412.885733 699.745695
2413.288225 349.360226
2421.837742 688.926868
2416.048307 351.851306
2423.043130 687.393118
2433.460729 674.578669
2428.562011 359.036950
2438.485164 665.955156
2434.541451 363.045766
2435.379289 671.928056
2441.845255 367.849256
2443.911016 657.338592
2451.209800 374.710492
2453.428361 376.535861
2459.893377 626.435562
2459.428895 623.988645
2464.658771 384.473011
2462.574617 624.542442
2479.998159 396.508016
2472.725528 605.759733
2473.325801 605.296660
2467.245292 616.526033
2475.710221 592.743988
2474.307440 391.931360
2478.690745 573.674800
2481.831721 398.238374
2482.590286 562.090562
2488.018423 531.519961
2502.343771 416.202876
2500.327870 495.908708
2479.613777 529.497291
2492.471176 517.941147
2504.910654 420.512798
2499.410459 492.153106
2505.062477 417.410330
2511.462864 441.718221
2502.188885 490.983947
2511.080080 442.924131
2506.996931 481.081237
2514.647661 460.924991
2515.703782 449.768198
2517.228802 459.468585
2517.331521 456.368938
