32.067253 217.971394
62.694135 168.676981
49.187341 273.685365
78.730266 142.038047
83.773184 332.168611
124.595927 140.878467
137.220477 360.399931
163.210304 155.364944
183.689495 419.330120
197.238647 197.708850
214.875496 474.806883
227.425692 535.344441
235.439892 222.539240
233.302486 577.561194
244.576123 637.879356
252.407733 253.608522
291.803958 221.717795
298.578609 701.164607
333.199622 192.029638
326.874604 734.543694
356.247583 407.188162
365.475921 362.030876
354.504583 166.348844
366.452233 493.209367
392.350802 746.347145
391.076410 135.246123
396.607620 321.929144
405.898092 525.656817
415.613418 757.115972
421.144461 126.598415
435.065068 542.937519
443.127543 264.831448
462.498667 581.663989
462.252827 751.016107
475.958668 110.541460
472.957049 266.092021
489.334407 600.888717
502.696201 765.916777
529.665667 283.471105
529.919355 77.211655
536.507580 624.746817
539.930230 788.086474
563.731567 812.429248
566.662527 608.552575
557.301962 68.372300
596.651860 335.926051
593.199115 429.509120
591.738265 384.126170
602.396278 501.861373
587.238883 548.988550
597.818489 865.992042
612.839740 49.908849
639.444465 890.388274
657.990853 50.833295
675.411036 868.802853
708.026177 839.351452
724.766193 68.975750
725.872243 453.106503
731.313281 501.687753
727.140964 393.842259
730.050686 574.340481
743.782091 348.425948
743.650692 810.183793
750.398488 67.541260
755.368856 306.039010
750.869656 616.842796
782.406729 276.334385
786.653141 763.657636
783.299957 82.936733
816.807368 620.869535
821.904305 749.358307
830.370570 112.033269
833.643887 266.452260
836.109038 772.292027
870.847500 124.521373
865.919330 575.276006
888.964436 280.808831
907.701746 758.249491
915.334338 139.887461
915.427032 529.341459
932.772931 302.233501
941.203100 179.128206
951.200744 747.741874
944.376876 355.927741
955.775672 390.327277
970.173802 466.255652
986.340062 199.700664
1004.623396 694.077711
1010.056398 229.154700
1025.491759 646.556450
1041.152594 245.597808
1038.129518 592.991541
1078.420828 219.831832
1082.558455 543.437345
1075.035196 500.504777
1088.254844 450.926272
1111.961477 154.674749
1124.068228 424.400832
1152.483552 150.363287
1151.257051 371.592402
1179.627080 341.054505
1187.803587 123.616231
1210.915538 314.146973
1226.870395 145.158445
1238.286413 278.061654
1244.921741 178.474329
1259.358736 240.666527
566.345407 313.339481
944.306238 496.145244
