96.982271 232.017794
100.733413 231.444685
111.731740 519.839434
107.735715 237.160647
117.889007 526.637456
111.009195 518.773907
133.707766 546.704165
119.864553 230.169305
123.550219 237.287279
133.072333 227.668410
127.606068 476.457636
148.904320 547.554916
139.350881 231.100340
151.584091 218.366317
145.724224 490.050261
152.166449 537.845198
158.648708 518.048251
157.362194 227.502091
173.751454 210.759100
190.750229 222.880505
225.540071 177.958897
225.455781 224.701059
242.434483 165.136717
266.379154 120.195661
242.028692 241.675460
294.506934 102.252458
285.069908 334.157153
304.427028 371.110664
304.336364 91.330445
356.149731 98.581881
360.819761 211.856067
338.275624 389.267816
372.033329 183.675223
389.163288 218.577887
390.537115 171.463529
410.156909 255.060509
418.424580 115.040615
426.779925 191.648065
426.267522 212.447021
430.678346 198.481833
422.633526 353.123001
483.727618 144.583146
556.629713 172.668663
524.833694 289.175264
572.110625 199.911623
585.967878 214.540992
76.847630 242.807920
87.803569 236.361436
78.332618 246.722641
83.018988 242.570254
77.315773 245.707934
