22.933224 287.480139
21.989118 287.391956
26.591600 286.452314
23.190308 286.844558
22.202740 287.072177
24.922928 286.802955
27.957138 296.593831
27.939150 295.551449
26.882212 293.904312
28.047018 296.280613
26.800753 293.760422
25.265454 290.227233
34.110820 278.297967
37.028318 281.505132
31.404296 278.497697
29.731222 281.431829
32.569795 279.908180
31.794245 278.314901
31.465715 304.207944
30.659773 305.014082
33.415215 306.966808
32.089578 300.276857
31.036000 303.723765
30.791614 304.209251
35.407364 308.215844
43.222376 318.875706
37.025003 309.882388
42.715253 313.160670
39.002071 312.558354
46.078602 315.864293
39.975990 273.705413
41.162052 272.798817
41.054541 273.369358
42.067247 272.307460
36.055025 276.405721
43.739651 270.840485
38.081787 300.462937
42.437264 300.691740
43.918892 295.653728
44.775932 297.946934
45.506706 297.427066
42.849919 295.052864
46.625216 308.825750
48.721617 312.443618
53.676698 309.642825
44.005446 306.514090
42.567057 306.288129
45.055726 307.610226
50.171165 320.711502
50.793731 321.466764
50.510299 320.072972
46.235401 316.401122
47.475167 318.554524
49.503939 320.204764
43.702735 270.831325
49.034655 275.119568
50.738248 265.756055
45.937238 270.193058
49.638272 267.720271
46.555314 269.175480
51.405806 289.212002
50.572035 289.187435
53.550576 289.725466
50.877371 291.539367
50.657730 293.461062
47.577276 297.866566
56.560117 259.398037
63.055146 258.740671
57.656845 259.476006
58.095730 260.944233
56.722077 259.578704
56.873607 259.481465
57.672723 303.415394
56.482458 304.201043
51.092873 302.198186
53.887388 301.211579
57.722180 305.391814
55.202438 304.126471
60.247570 320.279013
63.783118 324.010903
54.312362 317.732679
59.320334 317.651203
57.920158 318.610705
59.318708 317.994672
56.211791 288.637789
57.834607 290.222887
55.136758 289.375324
54.325114 289.095038
60.981775 285.214677
55.364459 289.575249
64.278241 252.822598
61.726441 253.769700
67.364658 248.058245
65.857952 250.623095
60.388235 255.238750
64.771007 253.962595
58.707299 315.897231
65.228272 311.216571
61.694595 315.610118
65.249956 311.876904
60.194682 317.983273
63.537261 314.966371
63.299023 302.232674
64.772272 296.627703
66.499378 295.888837
70.015731 295.507734
58.664301 297.117336
66.176716 296.555852
69.350272 280.897940
64.288493 277.990782
72.638851 280.992591
70.638020 279.600442
68.563852 280.858343
64.974966 284.674952
72.205974 242.263792
74.127772 240.709410
71.547759 243.741204
70.868025 243.807188
71.437610 243.023879
71.274684 243.146190
75.335513 290.341060
79.896207 295.453958
72.929343 290.206713
79.117737 291.075692
75.347115 285.922649
78.868404 294.972842
75.026873 482.275660
81.091527 482.415657
75.095126 482.287058
79.959061 483.284696
74.992421 482.287031
76.221441 482.573486
72.368689 309.142951
69.262022 309.320895
74.861341 305.892383
76.175894 305.484216
71.170410 302.561047
76.436724 305.325388
82.302348 233.980104
80.337661 235.402504
82.560667 233.786317
80.805178 235.470538
80.546162 236.435613
80.217636 235.626266
81.239497 273.565330
77.733782 281.221839
76.055935 282.567253
83.493721 279.678479
79.511791 284.861741
81.831271 282.396310
83.247482 485.474653
81.057013 484.859278
83.778338 484.835092
81.596823 483.120328
82.581717 483.406033
85.250181 484.269691
79.961340 478.882235
82.152183 477.426726
79.479999 478.904715
81.815369 477.882180
82.696746 477.175246
79.263360 479.064365
82.620795 302.600671
78.323969 304.497644
83.066501 302.631870
86.331045 302.069428
80.022451 302.274725
86.431204 301.073370
91.079613 229.529356
88.444375 231.215141
88.681756 231.758234
90.653626 229.654905
87.110336 231.846776
92.905608 235.367630
94.359821 483.975514
86.668525 486.216969
89.863100 483.417590
88.846043 485.446698
94.701813 484.958834
88.169780 484.795533
90.132820 473.236956
95.993924 470.744940
91.946095 472.389441
92.964350 472.074640
87.677650 474.522396
91.762345 472.785514
93.127466 490.012677
93.605678 492.741060
91.003379 493.799384
91.594502 492.319658
92.725123 491.373038
91.999943 493.143210
99.279467 301.058276
92.153104 298.550144
99.615039 298.421297
92.917194 294.949037
95.606849 296.230493
96.066264 295.068484
96.817077 226.479422
96.092774 226.762209
95.853685 227.789951
102.974849 225.034874
97.531663 226.322924
96.568965 226.473034
97.242673 485.758663
101.771530 482.281113
96.336899 483.688937
98.179633 483.571595
100.079527 483.095354
98.977523 483.247133
104.698434 469.344727
103.811029 467.934579
106.297123 465.689158
106.696507 465.356288
102.620899 467.536799
101.652851 469.151147
99.260468 299.640452
100.304802 297.364055
107.575972 295.181012
103.408097 296.841272
105.335153 296.665776
102.979186 297.154556
103.788636 223.306802
107.115496 222.584006
105.532328 222.780446
106.199991 222.471227
103.537636 223.587792
104.872913 222.866863
104.055251 477.809173
108.314433 479.092227
111.847965 477.570880
105.099234 480.456859
109.033133 479.124659
108.604579 479.189278
114.334996 468.783196
113.541610 463.606336
118.375526 459.881199
109.769770 464.181179
105.457024 465.799503
112.482060 463.053238
111.377129 292.963221
113.192876 295.733933
112.833448 295.201467
113.321280 293.601862
113.329941 295.295319
110.665810 292.230090
116.088034 221.827242
114.395177 221.761975
114.158665 222.122675
117.573371 222.015561
113.396028 225.875659
115.628184 221.682338
115.287781 476.196182
112.612281 476.151055
116.694694 475.747545
116.548249 479.588676
115.635718 476.906785
123.586435 479.550529
122.719291 456.472243
122.186553 457.062457
126.731458 454.441430
122.847581 456.429871
123.511967 456.518700
117.394397 462.777338
125.522393 297.085427
122.116894 295.154691
124.130719 295.808818
120.786035 295.608783
124.773382 296.575187
123.396286 295.992990
124.341353 490.112172
121.035373 490.395745
128.792867 494.209759
124.794891 501.590252
123.922816 495.237207
119.701274 497.513797
124.926751 500.935583
127.099353 504.345279
123.208645 505.775913
124.367895 507.337497
127.782741 508.665750
122.704832 503.110792
125.757110 514.907413
126.202289 516.116239
130.295481 521.097335
126.527334 516.594447
126.015868 515.586344
126.532230 517.662970
125.478359 219.635312
124.141025 219.401893
125.630799 220.766286
125.324036 219.793918
124.877262 220.056811
127.250129 220.797620
127.074890 474.619775
129.397214 472.652628
127.581555 475.194880
123.777158 473.410242
128.190244 477.176241
130.026828 472.669049
133.227168 521.109354
131.164293 523.435161
130.979732 523.597081
135.588708 526.509014
131.061959 523.705171
132.894006 524.111000
133.252981 452.955007
130.705485 452.263122
130.935461 452.342828
137.013043 449.074277
135.511133 449.860550
136.993865 449.979768
140.507301 295.443683
134.424691 293.718993
133.530384 294.225689
137.822430 293.684170
136.012193 295.566210
128.215804 294.301922
133.988382 483.466753
130.136947 481.671389
137.302406 483.504285
130.242081 486.445252
133.635393 483.634259
133.892182 483.390032
131.760552 222.729656
134.386299 223.619041
135.895173 224.108969
135.758492 223.997397
133.945540 224.170964
137.524912 224.614789
136.360684 526.227515
139.943561 530.150209
140.586136 531.281326
139.344711 530.205409
136.542665 527.338463
139.708809 529.476971
138.024295 470.127394
133.998674 466.811789
140.828216 470.283957
140.194314 460.650263
136.344369 467.479112
134.445756 468.346933
144.467546 285.020480
145.028085 293.566148
142.363880 292.474241
141.207774 291.391579
141.814663 292.136224
142.535183 292.810117
139.560185 447.437000
138.445446 448.308318
147.164147 442.377558
141.122909 447.175069
140.481380 447.266007
146.683429 442.165498
145.098375 483.431569
145.148933 476.984203
135.315586 478.573314
142.533077 480.867249
143.761384 482.549763
143.845844 482.811442
147.652940 229.043365
140.549655 225.770488
143.658702 227.077386
147.163132 228.778147
143.389852 226.940876
147.290060 228.808005
145.020733 509.819404
143.666958 511.629600
148.989982 508.477789
146.326908 509.650771
140.823235 505.177804
140.979091 508.469243
146.680590 535.212140
152.101773 538.794607
149.422689 534.961354
146.404120 535.671951
146.062240 535.321609
146.564798 535.539544
151.208333 456.791388
147.574173 452.280600
149.850558 460.348294
142.859748 466.121329
149.794185 455.365218
152.840093 455.779427
146.621277 521.530398
143.129589 520.996388
148.282617 514.403374
142.165865 521.973239
140.956526 522.494678
144.914960 522.786882
145.010089 294.336961
143.434963 294.132934
149.367222 297.837949
156.936225 294.908756
152.361047 299.273437
149.733344 297.339421
149.527938 441.084156
153.080098 436.938900
157.483124 447.171325
155.694835 442.482970
149.512322 443.198526
151.799200 439.622572
159.201825 469.781077
146.653431 480.983024
151.380281 473.311707
149.065517 469.328658
149.875673 467.136130
151.093821 481.950920
151.919329 232.943219
152.287673 232.886686
149.293299 230.600759
148.927822 230.476604
149.430253 230.552746
145.467330 227.946036
154.092990 502.635989
153.668841 505.081512
156.784109 496.731305
153.050769 503.697254
155.452050 508.809783
152.272977 500.267521
157.214320 310.141695
155.559812 311.388844
154.736742 307.358153
151.896630 305.858985
154.132658 304.876691
152.699590 302.916299
159.078497 538.110634
158.039937 537.246808
160.224669 537.887009
152.601697 539.780920
151.790419 538.780511
160.211068 533.995757
160.605180 455.027441
160.151165 454.266540
154.703926 456.057488
156.776914 454.952692
161.952302 452.207907
152.611482 455.191116
157.554688 512.596675
154.734589 518.683525
156.816047 513.480127
164.420172 515.994162
157.918885 511.909973
160.333687 511.303797
158.577645 315.080029
160.448523 316.112970
158.692082 322.929602
161.835910 316.705121
156.297934 310.786890
157.316390 317.963574
158.979804 322.602279
158.943541 328.757370
158.369010 324.685930
158.863255 328.073140
158.022595 324.445492
159.260477 319.770944
159.172455 238.295483
161.913041 240.725699
157.324404 236.678091
161.249096 239.937493
157.291593 236.649183
161.822865 240.391451
162.625540 497.537451
158.051601 496.417690
156.605393 495.946764
159.740047 495.334488
159.457197 495.232805
164.067227 491.273287
155.111512 467.002269
167.087484 467.438520
161.167893 470.357760
160.562215 468.508071
161.140017 472.091698
161.039723 474.268192
168.381588 440.995966
166.782542 439.699195
161.937517 443.132905
166.788073 439.453038
166.269810 439.473211
165.512556 438.374662
160.538590 335.607023
162.542305 340.922323
162.378847 338.907841
160.331721 333.083906
162.742650 342.134058
159.764612 332.137516
161.690384 339.716751
160.676827 338.409787
163.575989 345.727156
164.826831 352.458214
163.204069 344.479742
164.064372 348.795916
159.431412 348.762781
166.424745 356.457542
161.954549 351.289811
164.321340 353.755250
165.280409 354.035041
164.136122 354.899085
167.803102 528.702539
164.494081 529.127913
158.315015 532.842332
167.425717 526.439362
163.428753 530.638097
166.059626 526.966250
166.397986 452.824983
168.417911 447.967922
163.772177 453.763653
162.253030 457.675483
171.886427 450.125322
167.529701 447.991615
164.890360 518.532327
166.445023 521.443427
172.020013 511.247533
172.354521 510.661463
167.496704 522.925174
168.074039 516.764915
171.015442 248.379981
168.901441 246.569083
172.315614 249.555600
169.094741 246.727624
171.747293 249.019762
167.888443 245.680695
170.027669 364.355383
173.151900 361.069746
164.671817 369.652632
169.681071 365.262364
169.918266 362.469079
170.259329 360.229851
168.699966 486.068776
168.405532 487.777369
173.485204 485.653584
168.794341 487.287888
167.917353 484.244829
165.701127 486.470878
170.408114 372.299294
172.704491 380.234221
172.164028 378.284610
170.822978 376.052493
172.816772 366.847131
171.618870 377.628315
174.557304 438.261730
176.288654 434.848860
175.713028 438.937221
174.218887 437.909212
172.298206 437.513352
174.339254 438.235388
177.663783 461.772885
175.614106 462.298671
169.959485 462.669339
170.856710 460.781995
173.584831 463.183897
176.807074 466.267162
174.619192 387.819799
175.010044 389.989746
174.018818 380.838290
173.663504 383.638793
174.485906 385.023118
173.228706 383.183512
178.815129 255.443174
177.676795 254.354563
176.754933 253.789913
171.808531 249.266552
172.220155 249.583652
176.267743 253.226122
178.262417 460.842432
175.004202 456.438200
177.469302 454.681443
181.122734 453.266126
180.101712 457.795969
178.158376 460.313770
174.914453 389.671483
178.921917 399.692766
180.502271 397.499965
177.912748 400.078293
176.584475 395.522275
176.138038 388.480261
175.004142 483.427340
178.678500 484.968204
181.189861 485.301432
183.042225 484.801523
180.402593 485.625110
177.467911 489.964494
178.922136 430.597645
182.074580 429.276764
177.598099 429.865517
175.935525 433.769427
180.661652 429.050515
180.710909 429.080648
184.919467 261.728230
183.659600 260.596882
179.207238 256.402731
183.909235 259.361577
187.732662 265.797676
184.121497 261.149207
182.372646 402.563425
190.814488 403.688014
182.731653 402.143546
184.839117 403.213883
183.419572 402.621494
188.545773 405.365390
179.459651 408.579729
185.949123 417.548253
183.622179 410.658811
185.944865 405.189401
188.272315 405.815620
177.648571 412.823617
193.296838 419.529900
193.664797 419.670754
189.051821 418.720505
184.821525 417.640377
188.024486 416.365975
186.997174 420.972821
191.436766 483.126863
193.361881 482.312707
191.943926 482.243559
188.807932 484.223863
188.796817 484.221335
191.099926 483.133710
185.866528 263.542916
189.752949 268.334689
186.608617 264.607410
192.003401 271.200329
189.222946 267.630616
187.359498 265.399235
195.472275 274.858967
195.608621 276.607886
194.732210 274.837456
195.107814 275.834651
197.214559 279.425145
197.171178 279.488872
196.635176 480.795975
203.943069 476.916739
197.650365 479.630423
198.675846 480.343808
193.591567 482.111099
198.676526 475.576891
200.907209 286.494682
202.459947 289.401441
199.222981 283.703343
201.628085 287.658824
201.427576 287.195154
202.605069 290.441124
206.584293 296.721162
204.954280 298.483683
205.249255 293.770280
202.285045 297.712390
206.141157 295.118166
206.258350 295.370599
211.004455 471.425869
208.630861 474.695042
210.909542 472.827158
203.763176 475.483088
209.382877 470.547407
208.047237 474.764436
207.860044 300.656655
208.306012 304.005279
209.799343 304.537997
209.815786 304.455841
210.359824 304.016007
209.691927 304.444324
210.417142 308.137847
211.182357 314.234668
215.531957 318.219651
208.985937 314.335957
206.618670 313.645952
209.596846 313.219185
218.839153 320.830672
212.511967 319.858939
215.411913 318.815208
218.994287 321.455319
217.548733 319.291776
217.626659 319.901069
213.603065 470.624997
216.215551 471.288137
216.757675 471.160926
217.634373 470.860961
219.742415 468.236141
215.703142 471.084994
226.315571 325.851452
224.963722 325.863889
225.901777 325.911358
222.535405 324.608202
226.739075 327.317374
225.496606 326.435327
228.429910 459.544540
225.555568 462.379876
224.070403 464.132588
226.849134 460.183423
219.434684 468.855258
228.732391 462.951831
230.646971 457.407475
230.122242 457.865465
231.142869 456.694937
227.441058 452.110358
230.286992 458.458042
230.511388 456.754740
235.686273 336.928613
240.503874 333.587024
238.655319 332.622331
235.069533 331.725716
237.288280 332.432540
235.384234 331.648439
244.118141 459.645315
239.491922 457.905246
239.598017 457.923013
238.026398 457.608520
243.352109 459.497843
239.564094 458.445888
240.104779 333.561161
239.532714 333.274655
249.431296 335.528840
245.964322 335.522493
242.600612 334.519561
241.249338 334.374507
249.094976 462.143290
251.806320 463.799547
246.795262 460.885806
247.074844 461.063322
243.197764 459.316570
245.257736 460.219230
252.078855 337.119790
259.158940 337.851081
253.863314 337.196779
255.732972 337.187148
252.693866 337.325064
252.665512 337.002257
256.650588 466.513670
257.790159 469.258692
253.307508 464.598485
251.037533 463.657807
255.282036 465.903008
258.334465 467.747049
269.049057 340.013245
263.950964 336.822634
262.138130 337.547183
264.535594 336.815285
262.913573 336.952034
262.229578 338.455633
269.285921 471.729379
267.664984 471.627555
259.949893 468.784786
264.943127 470.320037
265.286297 470.583907
265.477661 470.566978
273.445452 342.391526
277.914294 343.068922
271.452154 341.483846
273.259305 342.410604
274.018126 342.752542
273.704653 342.447215
277.536178 478.833554
279.038412 473.017151
274.046377 474.034842
273.027410 473.223080
275.016758 473.308836
278.896852 481.572971
280.065948 482.046521
277.487349 479.816853
280.859664 482.686322
280.015756 485.270545
280.080267 485.696784
280.654491 483.012859
283.646262 492.616560
284.993825 496.557884
281.708989 493.724171
282.692594 493.076341
281.091896 493.655315
282.144571 493.968806
281.957054 343.571733
276.676445 342.422005
282.475929 343.663609
278.331630 341.699032
287.639787 344.941179
289.354086 343.992591
289.860679 501.117697
287.948852 502.332738
289.190257 501.038392
290.383381 501.731328
287.491182 498.227780
289.513829 500.102829
295.418351 342.096124
289.495988 343.533329
288.172125 344.627990
294.923666 342.217767
295.067470 342.222799
288.621760 344.061326
293.670131 626.204127
300.887883 634.184442
297.862823 635.818124
299.137142 638.536768
298.405565 637.163995
297.130677 633.418912
296.670642 508.726572
295.375620 507.632897
300.215585 511.889653
298.250009 509.986537
298.995385 510.273881
291.659205 503.343616
301.697690 640.794924
302.852705 641.326423
299.385606 639.034867
301.191505 641.636586
301.540811 641.695695
301.803982 642.238967
305.526844 339.347281
303.675443 339.228509
301.736373 340.225237
299.222987 340.917951
302.036990 340.149065
301.536409 340.355208
303.300644 514.959068
303.882953 515.410202
303.018161 514.776618
302.383086 513.861070
305.880410 517.173073
307.091063 518.435283
306.204029 633.627712
306.134104 633.813135
308.445243 633.124435
307.709232 632.161589
305.708590 629.895596
306.708653 634.520985
313.128567 522.988501
310.981024 521.830087
313.380104 523.670815
309.481008 520.764652
311.214727 522.276974
313.573319 525.307098
305.195622 640.421493
305.125628 637.918000
308.300362 641.727918
309.074002 640.447820
309.324049 641.613470
307.097338 637.030768
315.462904 336.869366
313.499393 337.522009
312.717647 337.651215
312.306320 337.726008
311.362978 338.551745
311.752130 337.938300
315.386058 627.555866
318.934955 629.870902
313.381245 629.480379
312.143638 630.813847
315.582809 627.174234
311.862742 631.042301
322.292606 529.148487
321.174345 528.784987
314.531546 524.994580
320.341021 526.362729
318.944321 526.810613
315.406111 525.448034
322.252333 615.597759
322.678176 612.866277
321.686660 618.547889
319.284363 622.485019
322.519468 614.351824
322.483137 614.925655
318.874937 701.836461
319.856567 704.954297
321.965245 706.151945
316.606227 703.433640
319.651899 704.779269
323.928972 704.888279
313.311916 641.656617
316.684077 638.828290
313.623324 642.049273
318.080759 639.323754
318.989436 635.068528
314.685674 641.700611
321.393665 335.199140
319.094277 336.014545
320.974888 335.287454
321.558353 334.981110
321.609741 334.978730
318.110778 336.108174
325.892575 629.332070
321.878660 628.467140
324.352460 629.023883
323.579582 630.571038
321.162211 628.202163
326.649228 627.461926
327.151523 532.979125
330.699470 536.095042
330.444081 535.867345
333.632694 538.684798
330.722082 536.087590
327.631843 533.654396
333.169096 609.074530
324.908878 613.312938
332.282518 610.524719
326.767786 609.021091
327.026773 605.216380
325.989142 609.159367
330.524204 698.613654
329.536356 699.467039
328.843283 694.171405
330.013754 699.600419
327.317697 704.824527
327.140645 703.645882
324.389646 624.555078
328.860644 622.381070
326.347358 623.998153
331.171372 615.754053
323.518602 621.873559
322.585152 621.666525
325.226720 672.930623
329.174036 680.941171
329.012835 682.561454
326.367503 669.936466
329.153071 678.765990
333.191905 675.843838
327.192742 707.001393
325.023561 705.542465
328.624732 707.168938
329.485076 707.561294
334.468201 708.806623
332.878743 704.147513
329.045803 632.223104
328.054535 635.215246
326.634850 636.379884
332.186649 636.252022
330.909832 636.120938
332.123550 638.130666
329.703475 334.695940
325.640230 334.857401
336.007018 334.450595
330.031134 334.588585
332.746251 334.529406
331.649039 334.527376
332.854112 629.853339
336.919362 623.110423
334.705346 630.154396
330.409597 627.750474
331.962852 629.799857
332.688219 630.748357
332.473742 537.683194
338.025355 541.488260
331.034392 536.454682
339.655090 544.129291
338.031012 543.331519
336.678201 541.299674
334.596523 686.592873
329.023699 682.549188
337.575433 682.606954
333.990779 685.368049
329.316277 680.463932
338.782204 678.258006
336.266182 610.959334
342.268695 611.316581
339.024032 612.098252
342.440880 611.533777
335.463126 610.480384
334.340229 610.335516
340.854236 703.729261
335.907885 694.975611
340.795360 693.264775
337.727721 700.562954
336.577111 703.570831
337.178943 704.574865
343.186994 710.829749
340.563337 709.482956
344.621107 711.119906
336.854877 709.290045
335.258912 708.728171
337.462171 707.222784
340.274193 672.997866
338.757772 676.922320
334.158705 676.919698
339.866762 673.863926
340.603600 674.906214
339.867386 673.582982
335.231038 635.472232
337.057683 638.811269
341.012135 639.146668
344.067051 637.646344
341.458811 643.514154
346.036526 637.188641
341.447725 334.551363
338.796969 334.533269
344.117940 334.642093
336.043231 334.462045
341.855421 334.998257
339.091854 334.752038
349.378338 545.075411
339.681717 543.656937
343.063103 548.944633
344.279757 546.809291
342.799204 548.700787
341.463747 546.590271
342.324603 686.307507
342.938109 684.173351
342.190501 686.766137
338.706610 682.193674
343.631108 681.991944
348.160136 681.324098
346.374383 614.540144
341.162816 611.007262
347.806608 612.332154
345.460334 613.246666
344.332598 611.449514
347.360391 609.536323
347.803701 710.413778
347.938836 709.878998
345.923787 711.169358
344.754348 711.270871
346.097286 710.948999
344.311414 711.510594
348.051956 672.416507
351.864285 673.139618
353.389723 674.286008
354.697259 665.034527
354.768825 674.025654
348.529663 675.143788
349.392302 640.172758
347.677035 640.141571
348.838669 640.204634
349.878961 640.121103
351.023040 638.061231
349.952080 634.707846
347.359635 334.751852
344.390209 334.618917
348.035298 334.811747
350.704267 334.924904
349.527378 334.905370
356.141725 335.269464
351.558618 551.364581
347.378077 556.778678
350.094852 552.108417
354.344379 552.045699
351.976899 552.783952
351.973747 553.218703
352.837047 611.664290
357.240846 608.655261
357.073848 615.562718
356.713823 608.870619
349.463726 611.845115
358.188315 610.014916
358.803140 626.638128
355.002956 624.676286
358.769620 628.083103
350.824806 631.070618
356.857958 637.569702
360.311520 628.195420
360.415391 676.086921
361.209019 673.627611
355.722222 675.375556
358.144549 672.191295
359.635540 675.232218
358.045150 674.699238
353.724459 708.455291
355.081309 708.161848
358.655919 706.004093
354.095977 708.506557
358.315313 703.084034
354.982715 708.069476
358.027016 511.874988
361.716658 509.491762
361.724618 504.631968
363.547551 508.088151
354.473086 509.408887
357.775812 509.463666
362.227178 335.768024
361.345699 335.016105
363.083911 336.135608
361.188851 335.999445
361.462964 335.621902
357.097791 335.300337
362.663555 556.026675
364.143970 558.726453
353.690226 554.682573
356.931117 554.906897
359.354520 556.330432
358.130011 551.538794
360.429013 601.770058
361.097729 601.658640
365.410033 604.695472
358.082056 598.940308
359.609649 601.763829
360.449644 604.594267
358.142160 498.650751
365.045228 496.416958
361.665633 502.106439
364.188366 496.469577
365.791414 496.399758
367.837522 495.600355
362.067126 511.900819
365.837302 514.546119
363.208913 517.396915
370.994068 518.050616
364.128215 515.509717
366.254333 511.962992
361.656092 621.099219
364.618831 625.688974
362.536020 626.645485
364.538967 626.657776
361.867825 624.630980
369.649659 626.919226
371.295210 593.297274
366.082929 597.762950
366.481551 591.898735
372.843998 588.279637
364.533482 579.893902
367.651928 593.745121
372.634465 679.256701
367.960831 675.350496
367.931227 674.887735
364.410893 673.661537
368.639196 674.922756
364.964436 672.924199
371.440727 699.717986
366.619771 695.944773
360.980430 705.432103
366.902983 701.748494
366.940280 700.148955
361.294511 705.232386
368.872773 560.794547
368.722748 562.860553
369.506443 564.359848
367.921759 561.380733
369.393026 563.983866
366.721483 557.558550
369.842347 337.313253
363.744945 335.946396
367.661151 336.707608
368.402496 336.889781
367.680731 336.812513
370.383519 337.547869
370.831768 580.710133
369.185725 580.267704
370.965030 580.360300
370.401342 576.173826
372.365201 586.142133
371.504604 584.802381
369.661589 519.286434
372.395274 519.843333
373.454827 520.546794
366.121156 518.071806
366.812782 520.316849
375.484965 517.568188
373.303439 616.952381
374.509602 615.870714
374.270154 616.274468
376.415793 613.176056
372.030464 618.664251
371.129443 619.815774
381.399973 488.816248
375.954406 491.932155
380.506796 487.977355
375.964316 493.059539
372.663860 492.008046
373.827269 492.425834
378.081221 674.394613
376.611984 675.012222
372.876021 675.302177
379.407163 677.016177
377.746172 674.031453
378.228516 672.526634
375.084969 696.282481
376.789237 696.935428
377.224970 696.648649
375.187704 697.426845
372.014535 699.218741
373.977113 697.801799
383.511800 342.666418
379.023141 340.896613
377.230046 340.222818
379.849261 341.242809
377.803535 340.466726
379.805444 341.201873
385.921475 531.854236
380.571517 525.946280
385.611468 529.809905
384.721670 526.281784
385.665737 529.544084
380.691609 524.762716
382.484417 593.358033
376.607143 597.103748
380.674918 599.913275
374.407391 606.501453
376.587599 594.820931
386.891117 599.136234
380.791445 610.041940
379.068063 611.515863
376.062848 613.039666
379.215380 611.410478
379.396723 611.718943
380.841878 612.772286
387.240720 479.926613
382.543771 487.238905
383.420268 484.720098
389.112506 481.844644
388.963867 483.381853
385.271866 481.864129
380.107116 656.113016
377.174337 657.653163
386.944359 656.948044
388.843304 656.422101
385.928369 656.003777
386.951802 656.925466
384.935859 590.153529
382.395129 584.401371
385.620893 590.582397
384.671653 589.083509
382.342043 589.795686
381.885104 589.896962
390.043434 539.369632
386.011560 532.409711
389.441642 538.865860
386.692862 533.280474
388.074722 536.087810
390.524154 541.222129
382.617861 690.804686
379.907548 694.382742
383.106574 692.043418
383.808244 691.411377
382.916636 692.477167
384.963406 690.978048
382.442186 342.564186
389.234876 345.014486
390.242300 345.231233
382.929135 342.530215
389.669739 344.986438
388.993003 344.793956
382.372992 649.086695
394.909569 650.196601
389.161845 653.103450
389.294093 648.054861
387.944061 646.167190
388.872957 648.184463
387.672773 471.916040
386.432650 478.963874
387.927105 475.269797
394.530346 473.822693
390.374628 473.038433
389.941742 474.414212
389.554091 580.119946
391.499656 582.232739
385.136623 575.765741
390.086300 580.413495
390.637983 580.628333
387.021512 573.830860
392.165303 545.033495
391.985668 543.731595
392.150587 545.081103
392.145375 545.021371
394.365063 547.414540
392.145500 545.046091
398.246441 622.274770
390.143724 623.116584
393.195826 622.837732
395.611890 624.192966
392.274848 625.417375
389.195282 623.063384
400.615300 640.524027
394.059737 633.123184
394.139829 637.109926
395.620207 629.578794
394.833582 636.617628
393.979959 641.896634
395.471709 683.239978
388.794558 687.718249
392.255136 685.668855
392.027969 683.513990
387.230842 688.529300
393.078383 684.835431
396.114542 347.466855
396.163577 348.358047
395.038812 347.507300
397.612381 347.038603
398.693072 346.887979
397.518505 347.436478
398.948318 607.027942
404.141583 608.445999
402.362563 609.285365
397.190134 607.456475
398.860106 604.231337
391.723765 608.389606
398.852843 617.046361
397.115576 619.070552
400.591757 622.375136
400.907182 611.670559
401.018301 615.504203
393.436993 617.595152
394.070846 475.785817
401.029155 472.905482
393.907510 473.009960
397.909475 472.120429
400.645818 471.710769
401.231748 471.885620
397.830875 551.956404
398.205503 552.207871
400.300862 555.875113
396.696303 549.806495
396.282883 549.558289
398.877468 553.190667
402.340492 585.307472
404.159260 583.771343
399.268799 584.568089
404.111451 587.462900
398.622989 584.025446
399.607843 584.809433
400.987581 677.612486
396.571075 680.659495
400.873542 679.337851
399.688084 680.798880
398.262896 681.241407
400.182697 679.996142
404.055755 592.335017
405.032902 591.598656
404.081475 592.315772
402.941283 589.472287
405.571367 595.781924
402.986054 593.131465
402.504208 667.211405
401.701420 672.806594
402.166957 666.870813
398.691052 672.522573
401.897844 666.625630
400.191000 669.761081
405.122354 355.044177
403.813585 357.974534
401.253521 353.378379
408.949796 354.682565
406.418038 354.630868
401.474352 351.127009
407.434800 563.371069
407.457030 562.375209
403.822674 563.334622
401.092793 556.234925
405.909540 562.399216
402.399374 559.440395
404.110546 471.525142
412.125239 469.149371
408.521853 470.240824
412.803744 470.270585
412.063559 469.943931
408.695849 469.441631
410.918891 640.590595
414.230800 637.451831
409.390080 639.938573
407.574774 639.965564
411.809598 641.017245
415.264791 635.999990
409.881173 648.163181
408.867503 650.985919
407.844960 654.304068
408.852169 647.557255
410.640349 646.545476
407.693731 653.229558
405.377006 660.034739
408.423457 652.363628
406.710914 657.364517
406.122455 658.980027
404.850414 657.995308
407.076195 655.935565
410.901000 566.795052
414.904214 568.065229
411.345135 566.806868
418.836280 564.082725
415.446080 564.888216
415.035485 565.610221
416.742576 356.924431
415.755328 356.549861
415.158388 356.685076
418.630844 355.913967
417.907104 357.229703
410.733524 356.345441
424.794595 472.082333
424.425382 471.805101
418.189032 469.002624
425.261166 468.407010
417.839486 469.602978
418.362208 469.640566
417.544282 633.850214
414.358029 637.635393
417.511304 633.626771
415.788366 635.706826
418.369790 633.133576
418.200528 633.365277
421.480530 606.706432
420.478414 604.359613
424.810644 610.497433
419.696710 610.361085
421.170690 613.647289
425.590366 607.386662
421.432777 569.961531
424.596979 571.380696
424.392197 576.728897
426.062086 579.447301
425.539881 578.500631
426.065794 579.434666
422.882363 621.814756
423.488991 613.352474
422.017101 621.489112
422.240995 619.412831
422.536158 619.803800
424.710913 613.823141
422.195092 594.253379
428.444328 600.925469
427.039931 604.000924
424.361798 598.114783
427.715986 595.712261
427.601933 603.376206
425.191703 357.767777
422.727492 357.421264
428.754714 357.855824
425.994909 357.894449
431.662681 357.856647
425.922381 357.887987
424.630480 591.467894
424.739881 582.932754
421.985753 587.831144
420.222587 586.866936
424.588376 584.297468
423.761022 580.240794
426.817718 622.054808
425.884892 623.441059
424.862650 624.508410
422.916920 625.710441
425.818767 623.412029
424.946609 623.456009
426.624468 465.316932
427.499457 464.925489
426.883154 466.444828
430.187277 463.107603
429.636802 464.069408
426.565609 467.318331
433.220931 460.157703
439.322287 454.383608
441.200790 452.473107
436.301711 457.164280
434.588480 459.238276
433.770168 459.630346
434.153113 357.792670
437.212392 357.910535
437.386862 357.702862
440.719223 358.158729
434.998206 357.815696
437.520726 357.683999
442.484972 451.297989
444.774950 449.493360
444.077319 449.707566
443.360730 450.477447
442.676271 451.199948
444.323711 450.090744
447.043261 358.377314
447.800034 358.403684
441.383602 357.994202
445.696589 358.350589
446.144859 358.377005
446.216879 358.280932
457.472188 441.065565
456.715261 441.267584
450.771706 446.127019
454.589292 443.090581
449.676285 446.261349
453.698374 443.722343
451.774918 358.429601
454.508303 358.374083
456.002567 358.494385
456.171728 358.500720
463.758584 358.122177
456.618039 358.424307
464.349627 434.687436
458.536951 440.236250
462.346040 437.477922
470.341613 434.645842
457.312827 441.094996
461.757760 433.942414
464.233451 358.057077
466.235876 358.014525
461.392326 358.206201
468.122239 357.775541
464.747096 357.821736
466.331266 358.003593
468.820206 434.940726
472.126115 433.425854
473.774096 434.122815
471.773237 434.005853
473.215602 434.052683
474.348860 434.072255
479.795413 356.374764
471.726958 357.316368
469.714506 357.566897
475.629890 356.969392
475.594528 356.964582
477.427940 356.742307
478.251175 432.639584
480.463008 431.959006
481.448067 431.449123
479.142579 432.301238
483.980401 429.855382
477.955640 432.495598
488.761340 355.538675
481.470352 356.159397
485.902833 355.651465
482.894480 355.914814
484.876015 355.711413
484.197497 355.752830
489.115372 429.023500
487.061924 429.753419
495.708376 426.315863
492.679869 427.616945
491.305631 428.232660
488.891592 429.037292
495.551895 355.240046
490.322011 355.369097
491.969584 355.583946
499.114612 355.172779
497.640653 354.833364
495.021463 355.215464
502.485740 423.495484
503.803928 422.885564
500.549729 423.881025
499.410996 423.951828
498.893145 425.079897
499.852888 424.485935
506.430929 355.447284
505.650545 355.336957
506.806152 356.171474
503.403518 355.423087
505.457526 355.307275
508.254114 355.706022
506.415011 415.250625
516.387204 418.374092
506.687074 421.903777
506.137301 421.846913
508.309227 416.805818
507.136480 420.322471
509.597938 355.965685
516.756114 357.245128
515.077506 360.268787
514.069738 357.197879
518.864028 356.937018
520.751572 357.794710
520.250597 416.861305
522.016000 416.739023
518.055281 417.960912
524.570367 416.156222
519.548251 417.512517
521.443494 417.256792
522.351267 356.892595
519.175565 356.711612
518.543176 357.767712
526.484325 356.465908
526.678101 356.460910
525.705804 356.520594
530.105659 414.513543
532.290913 413.714798
527.911342 414.780581
535.963201 410.296339
525.079368 415.905724
532.820529 413.825608
532.840709 356.737592
532.724454 357.314186
530.818917 356.739470
538.957366 357.158561
535.549864 356.851520
535.540568 360.288430
538.955563 412.393281
539.334222 412.171737
537.275284 412.995099
543.610711 410.455925
540.954727 411.738208
536.111373 413.143532
544.135436 356.917543
545.106482 356.873697
543.377151 357.630277
545.929305 356.701470
545.153006 356.721265
538.087984 358.294724
548.899650 409.551179
552.862042 408.697223
548.693266 408.965403
542.546078 410.614460
549.970699 406.594106
549.577731 408.121908
552.423809 356.660794
563.109440 355.601599
554.749571 359.661382
555.837067 356.772158
555.102643 357.333430
561.523234 356.111062
558.693983 408.572282
564.052384 407.683417
560.999999 408.222545
561.306255 407.571241
558.966671 408.581427
552.161283 409.291004
570.183964 356.083348
566.048129 355.328135
563.308700 355.597869
565.460264 355.268095
565.014582 355.243376
561.556690 356.016669
568.271476 406.823418
572.277227 404.974528
568.883451 406.468163
568.286990 406.803493
564.299669 407.693569
565.763142 407.341436
572.835872 356.025014
571.367318 355.898063
577.450324 356.590955
575.766169 356.212433
576.081180 356.199227
579.038247 357.262206
581.001162 402.674124
578.404823 403.094411
581.010830 403.076934
575.226610 404.465236
582.251162 402.741378
576.670602 400.085844
586.566099 357.852729
584.825520 357.934641
588.134335 359.446051
582.376310 357.773039
584.824108 359.736616
586.070607 358.663523
583.586955 402.467776
595.237480 398.216446
589.662494 395.904618
587.361911 401.163346
583.404238 402.438967
589.303196 399.878429
594.581199 360.338499
594.828436 359.931942
599.510045 360.909922
589.364330 358.520576
593.287330 356.631943
592.799015 360.859044
596.288189 397.655395
594.184359 398.368718
598.244700 398.603879
600.335877 398.149138
599.869150 397.396656
592.552089 397.933448
599.788306 357.041080
600.600764 354.706148
601.554026 354.745757
605.961193 356.527777
605.685355 355.780528
605.645010 357.153768
606.300387 396.946697
610.916994 398.691191
610.456798 398.497418
609.592505 397.684140
602.566978 394.876359
606.860189 396.857007
616.678377 355.648856
615.901136 355.717118
612.903174 355.435394
615.298061 355.734904
614.994446 355.483984
615.845342 357.351916
621.059386 392.811872
618.340766 392.203875
620.854514 393.702057
618.111321 389.778061
622.238975 392.514909
616.985328 392.483816
625.083729 355.454048
618.335808 355.918561
623.984881 361.218750
620.364215 356.778736
626.077018 359.469819
625.311085 355.505142
628.049179 393.770586
623.332049 393.068786
627.146951 393.609874
623.150208 392.970554
629.423099 393.897622
626.166547 393.594872
631.304009 358.592531
635.888813 358.803531
634.192316 360.028742
637.039556 359.670542
630.543575 357.677267
632.746021 359.614673
644.290549 394.524873
632.455074 394.139107
636.343401 394.570209
637.924906 394.875398
638.396342 394.798821
638.008817 394.866122
646.526405 361.609776
646.049106 365.335458
641.369625 360.821981
649.619801 361.800238
648.356152 365.188018
643.922000 362.237899
642.091538 394.657482
651.065938 394.178205
643.419763 394.506669
652.357645 394.100467
648.115771 394.385222
655.027808 393.617760
658.754816 360.731282
654.614427 360.919047
654.537700 361.235421
659.489043 360.681729
654.059262 360.985158
655.833363 361.437712
656.939006 393.809180
662.367346 390.048542
658.126180 393.693206
656.844698 393.777199
661.766457 392.574812
663.512418 393.300588
662.439868 360.925426
664.607703 361.344506
662.373276 360.808882
663.103905 361.646290
665.801660 361.112420
665.206041 361.309912
669.981209 393.203092
668.567657 393.266364
668.680525 393.037191
669.651887 393.592575
669.627660 393.673704
669.829555 393.723463
669.714109 363.939514
674.924857 362.882637
668.895859 363.093781
674.774144 363.149370
675.636333 362.165645
676.869508 362.990878
677.790264 391.608387
676.622944 391.849693
675.262113 391.913503
680.775527 391.620237
672.101040 392.784866
673.575565 389.860801
684.669822 361.940201
684.094923 361.624546
682.580624 362.156881
683.782171 361.846278
689.773837 363.719098
686.003626 366.816807
692.804372 392.392760
686.406776 389.329498
693.016523 392.301932
691.224837 392.160994
685.712119 390.234535
687.464201 390.998728
694.302941 364.171650
693.937803 363.869954
696.973838 365.580050
694.056124 364.660568
693.369244 363.451132
695.896443 369.891089
698.013829 392.788953
703.666567 392.690876
701.980479 392.767157
695.157950 392.629791
698.739407 392.812940
697.464600 392.636493
705.314254 369.209068
711.389989 367.519871
708.707369 368.619710
706.388941 370.144250
706.811411 372.321855
704.863704 368.779989
706.267966 391.934031
703.498919 392.633692
711.493794 391.697353
710.397104 388.124540
709.767665 392.197017
710.782307 392.302854
714.388207 368.036417
706.865626 367.522043
721.634826 367.922985
710.913996 370.246881
714.273280 367.552960
712.275677 366.976367
720.414697 392.004893
719.122823 392.588390
715.649155 389.749994
715.642331 390.244503
722.950357 389.722722
721.385439 392.312337
726.207633 368.727708
725.776329 369.604945
722.853161 367.892398
718.694257 367.739844
725.671873 369.777004
728.869856 368.144783
728.144831 393.298865
731.021982 394.455974
727.873230 392.894937
728.735175 393.532843
732.123953 394.406346
731.930333 393.891805
734.230225 367.886480
739.498446 367.606896
732.091702 368.080975
734.939919 367.719113
737.653343 367.560722
737.458174 367.708354
740.295476 388.752819
738.020007 393.518424
730.796467 394.563896
744.586993 395.175334
742.348067 394.464963
734.050337 392.943278
747.530669 368.557915
745.165187 368.019189
744.165670 367.811923
748.962844 369.054577
744.069383 367.946769
743.503587 367.936949
752.584379 393.759647
744.024517 395.280859
751.875550 393.495271
749.443449 393.900453
744.304659 394.538928
748.621178 394.363366
759.942548 373.604709
753.720248 370.471592
759.750211 370.858077
758.549542 370.112680
755.666253 370.034819
754.286938 373.140487
758.780865 390.687666
756.573498 390.670238
757.525136 392.128879
755.248582 393.513325
758.285211 390.946082
755.016254 393.130891
764.287158 371.775705
769.078548 371.417806
771.546504 371.351715
768.058797 371.650287
765.128712 371.873914
770.962198 371.259916
772.812574 388.128451
768.849747 391.614251
768.889809 391.751901
771.872170 391.038667
767.860098 392.183994
767.013486 391.173623
777.716182 375.229484
772.930147 372.295136
770.786508 371.341261
773.023658 371.911367
779.766162 373.434061
773.314993 371.320063
779.807338 391.633840
776.629359 390.784660
774.034402 391.070575
778.244949 391.396441
774.953880 390.911414
776.662911 391.033073
785.352635 369.289718
785.260912 375.471828
790.436916 370.994641
784.982034 369.993258
784.913507 369.796116
785.551849 369.006775
786.883853 389.410253
787.213357 391.059511
791.747302 390.790209
784.374336 390.428906
789.387984 390.813933
784.768346 390.426074
794.899329 372.409831
791.983649 372.316268
794.243946 371.938209
787.835772 370.216865
793.392360 371.614074
797.184649 374.032860
797.232960 390.508942
796.788472 390.623113
792.609267 390.809536
797.841671 389.039626
799.397369 391.553702
800.717045 388.667101
810.261150 373.791687
805.483086 373.512167
805.511341 374.810803
808.454535 373.638194
805.321410 376.008160
805.265497 373.472860
814.649907 394.932000
808.520091 392.440814
810.573490 393.154821
814.758939 395.549677
809.018423 391.609884
812.687627 394.317608
810.728409 375.522819
811.362090 374.769167
807.866947 373.481182
813.909973 375.803723
813.967593 379.331974
809.731354 373.969264
817.944096 393.324149
817.591130 392.779773
815.723003 394.455210
814.214072 395.312684
819.272646 393.164336
813.778162 394.575013
825.277146 381.816111
827.923955 380.295842
827.009675 380.951897
822.623374 376.836516
825.887818 380.567528
825.426473 378.322380
825.963785 391.579431
827.667847 388.804265
829.315787 391.088495
833.770101 390.118009
828.196407 390.782966
824.479058 391.713831
836.008810 377.112596
834.152244 380.824856
840.907350 376.807922
835.506661 377.374016
835.073544 377.910055
835.546516 377.261631
836.099197 389.636487
836.205549 388.256987
834.574206 389.379576
832.482938 390.573643
837.950539 389.269499
836.176205 387.990335
847.279065 376.583718
845.025540 377.312764
849.796196 379.452231
844.622335 376.657404
847.334137 376.571302
844.320648 376.566856
852.982004 383.337242
845.958911 388.266737
846.077606 384.730607
849.643924 384.746858
844.417844 387.262636
841.063264 387.638983
855.949486 378.534435
850.067178 377.189138
855.187477 377.702464
853.207258 378.805568
848.089393 376.826978
856.357570 380.560847
858.942144 383.289646
854.316435 386.503785
857.159145 386.433245
860.401957 388.442574
857.914192 387.775307
855.241140 385.757962
858.300233 378.250786
859.708659 378.653695
869.043999 380.440006
861.457178 379.654856
864.685111 379.199740
867.126485 378.930900
864.716340 386.561242
869.471122 385.934773
862.674057 386.570441
867.153996 386.123740
865.629865 386.410719
862.863741 385.072947
876.153259 377.713261
875.236910 377.532025
871.299633 381.596824
872.494376 378.701872
874.760068 377.311958
875.192591 377.448613
875.550036 385.050533
875.645952 384.980101
882.400145 382.272672
876.060905 384.173466
874.525785 384.968557
875.398147 384.915416
883.795318 378.411733
890.795203 377.904771
884.181393 378.242941
880.885490 378.609759
887.927373 379.123640
878.822242 377.985068
884.831402 380.946706
879.613454 383.280833
879.597895 383.475500
890.676013 379.586399
888.772624 379.380892
883.939892 381.777165
896.637440 377.361314
894.669578 377.812427
902.972809 376.289357
898.229771 376.945480
896.985447 377.169479
896.889873 377.670744
896.904150 378.342690
900.133136 377.216306
895.949285 377.945084
892.837923 378.445728
898.136403 377.495085
894.497293 378.469416
905.617529 375.845253
901.791766 376.444001
905.288478 375.866026
905.668741 376.102634
907.405329 376.028061
898.054671 377.152586
915.266062 375.847930
915.264324 375.849406
915.405867 375.849342
913.217622 375.838665
913.110894 375.826873
911.488498 375.907942
