33.753794 632.328097
51.646928 643.854170
36.455553 713.874641
52.727234 548.200017
-12.386742 686.010815
62.715496 539.935878
90.062396 720.723149
107.978820 505.937952
68.926454 805.808729
60.252221 510.328356
75.626860 830.235563
224.357765 411.464838
135.528857 798.075136
150.955041 489.063645
250.547365 841.162799
175.950596 451.942909
162.334588 814.224794
241.576680 471.500765
187.355183 850.299161
263.471945 452.522204
208.941293 833.282915
319.708853 376.258270
282.741986 894.501762
356.875796 378.368628
366.153927 888.591981
313.191935 385.434567
350.939266 950.113567
328.833315 350.090708
381.167801 268.444717
414.087942 959.000561
379.981187 260.728930
378.536689 541.338710
375.713002 589.448366
339.177961 698.586816
361.449727 793.179534
381.429035 989.791827
340.124737 209.541167
384.386517 153.196589
421.467307 1038.466499
353.648831 134.451366
440.129561 1060.773132
432.580984 456.482414
381.103205 595.509318
380.594004 130.360991
430.389255 646.242553
337.505242 1076.280663
410.285909 81.845752
343.847701 1154.777527
416.952701 39.485457
433.576115 480.342554
410.752317 618.157412
515.554420 684.875121
479.389988 1163.333898
432.855054 -5.807235
414.068155 537.118954
475.468264 512.345257
508.349364 1148.808715
470.945049 760.578603
476.614650 518.602797
417.909512 597.909487
482.464755 675.429670
470.020004 -27.297180
448.134662 537.856360
480.270332 1255.010149
493.614723 477.521039
463.487876 572.123270
528.860508 779.927970
456.930630 795.914684
502.812880 2.415633
561.949014 1274.118019
529.883512 559.632464
552.954766 554.721018
522.978344 712.870424
580.075568 791.394909
536.935979 -6.500960
539.673916 1260.382078
515.940794 517.449165
481.864952 517.389480
610.458773 761.219067
513.397695 774.965220
536.407223 8.008615
543.318218 1210.835790
677.286212 20.831760
498.258729 1160.911704
583.827672 44.271504
605.299940 138.619047
616.124056 1166.903680
646.412359 185.176394
631.434969 1148.399056
600.503103 168.218404
685.161625 803.955660
645.587403 490.632966
750.473276 229.187882
732.868119 1080.992695
656.705498 296.290130
708.930027 765.752093
678.826529 508.799284
684.403569 260.537203
742.215532 1026.074754
729.454293 295.885211
717.798765 1058.008203
672.747554 701.065410
683.816228 506.664325
752.820892 352.013251
746.004776 1035.895999
696.944207 393.434068
801.074482 691.697366
718.301765 977.477952
771.817482 543.381178
772.147447 348.764650
737.277898 949.311214
756.905864 647.687818
819.972994 450.832369
761.903862 905.002238
778.432252 391.880309
842.830602 639.159806
829.611276 889.105531
808.280253 531.877824
823.354496 391.117754
826.980775 665.728535
872.104191 885.261755
923.608777 534.935307
861.542508 406.691500
913.658937 689.022159
858.890766 829.476794
900.513874 531.120401
843.006656 376.282215
831.556695 649.693481
914.249205 311.321797
910.447608 874.230563
831.213685 501.376072
951.867205 341.377595
909.450458 664.181984
991.252921 831.058330
946.293114 527.340936
893.572005 334.316811
1015.461391 628.618328
953.857977 878.998592
963.219208 494.406980
995.619921 278.265394
970.521843 927.655250
989.810388 664.948964
1020.682246 500.064161
1003.258769 297.970619
968.733363 935.839541
998.097419 707.850756
1047.568068 495.277338
1056.451687 346.690886
1041.864860 332.324801
1043.888919 423.736261
999.761460 935.225005
1004.879622 723.202009
1088.529625 416.064203
1058.219907 917.775752
1064.284042 425.682594
1081.185518 853.970148
1064.885585 867.341997
1068.879240 805.448533
1107.063688 374.084250
1154.872636 795.794050
1153.984017 447.731524
1100.098725 447.566430
1140.785939 508.043563
1191.469746 743.198719
1182.388187 699.162515
1137.275933 512.314558
1167.009429 779.673537
1210.272580 634.065014
1250.411484 505.149452
1208.864310 612.620663
1309.613701 534.685653
1306.550608 635.753898
1245.966702 508.289893
1306.059504 589.732451
1314.790947 522.311892
1325.905139 633.961209
1356.917910 498.598909
1306.388539 601.797743
1367.468649 511.435683
1459.505543 582.304406
1378.406295 486.088565
1395.051946 583.658002
1429.625989 511.845456
1425.490114 581.255877
1486.287183 516.919966
1456.368668 567.181443
1453.973294 491.677621
1546.923704 594.241509
1559.630800 531.290030
1494.661300 587.655689
1591.188360 515.204237
1627.784296 589.343023
1611.146222 521.106180
1627.027703 633.338948
1643.528261 586.074977
1704.164473 600.314132
1692.570514 532.041957
1675.902350 642.795979
1662.868071 535.045878
1706.117834 663.823406
1714.638891 538.380384
1773.458794 683.467776
1795.645106 631.052095
1812.871331 653.145808
1753.891020 607.114164
1786.066797 678.336875
1825.394377 647.551538
1840.966136 778.885943
1850.521964 674.198238
1836.119075 747.998882
1768.676251 782.198509
1823.157597 859.126279
1824.292815 929.585915
1812.926841 664.033669
1829.229702 834.269692
1900.878240 702.719975
1870.332897 977.727260
1896.101146 729.269040
1892.415218 828.325982
1939.015947 818.937925
1923.998789 852.331810
1871.128783 832.833643
1892.422407 890.878210
1920.950663 941.165935
359.915538 537.948655
275.651352 559.406943
344.218103 532.285038
382.610845 565.615248
473.340524 536.152904
457.588698 497.399144
460.293415 524.804239
513.773945 543.846657
430.337888 752.844441
392.238516 753.456709
384.211397 771.358799
376.324726 778.736158
461.918354 762.324072
490.265447 743.139148
382.527210 790.676729
303.892569 778.632346
330.473113 726.083514
1840.061035 859.329201
1890.060994 849.528459
1890.660201 884.578435
1040.920675 808.181228
1128.307221 790.675689
473.722766 806.304539
436.558552 870.282874
491.487627 808.706755
491.324546 832.827259
1947.417048 908.997274
1878.213967 1005.551586
1971.278479 960.601652
1933.576695 968.612858
