27.460793 661.048129
29.317147 602.553678
14.486864 689.775404
7.066416 564.280301
20.019327 724.506685
56.527248 544.553978
32.000034 748.467592
35.529669 516.260344
89.352316 787.048754
88.374176 471.804216
121.321379 835.626262
129.862587 451.363825
102.006911 846.214561
148.693037 450.413901
173.010170 826.433155
187.210949 460.983862
208.499702 819.088526
258.000996 444.716251
214.046513 870.180321
248.722654 446.252401
225.701618 864.191789
273.694509 388.103495
315.378690 873.320978
319.959546 376.140170
290.393337 871.813854
294.899472 368.848604
313.391933 931.629485
321.332714 307.692024
334.176549 280.651330
345.101644 968.786136
327.516848 256.923560
387.227291 507.601119
357.163200 587.665741
356.125075 713.014439
372.133525 797.641807
346.555639 1028.089086
354.467784 207.868679
340.662338 183.460677
386.921372 1079.263625
356.719971 138.895984
418.186426 1054.464576
382.557345 476.429439
381.024914 591.154694
384.785118 147.656640
400.071373 676.571178
365.372497 1110.034304
400.608816 86.769015
391.648410 1140.113811
423.815611 61.569247
450.084776 484.543854
450.203247 571.866435
399.268215 684.539513
451.006642 1153.957038
391.958279 31.376297
416.478793 547.309853
436.132283 533.232803
469.391849 1207.489615
466.503402 732.383217
451.905633 495.717924
430.819942 573.298839
505.133242 706.108650
494.094886 4.615715
490.830467 529.340915
458.863287 1231.617852
456.374850 495.298910
488.585138 584.611536
497.066250 691.854844
502.368869 810.520882
497.190829 18.249167
538.396179 1222.455377
533.062964 481.654540
520.087684 572.406872
559.191912 726.451324
524.154914 792.287065
538.594084 14.624790
557.025464 1228.744650
547.980978 526.329802
547.131303 572.377037
524.688588 738.109707
521.846076 774.557949
555.833738 11.772595
551.974506 1199.427544
553.275121 69.023027
619.650712 1184.050827
623.460759 108.960821
628.040962 122.371049
652.127320 1152.767980
633.887907 138.362191
679.050366 1114.781323
662.725833 194.962721
694.460499 776.076827
658.575597 435.234474
677.393460 161.905869
672.821005 1080.742660
689.627029 223.049689
691.409063 757.384880
672.342509 509.474263
690.056176 284.192224
708.803640 1056.054520
681.522559 314.126836
700.900956 1043.485213
741.623941 729.935462
753.197128 505.775614
724.423168 317.441476
718.712054 979.599076
741.982778 375.289281
753.805567 688.049370
781.619717 952.122723
739.349183 509.350813
772.273752 408.715623
780.974945 960.263340
785.454283 676.070712
748.290392 535.031085
787.213914 907.070476
775.955571 408.226721
810.790650 694.873110
788.292653 885.239831
796.097914 545.571938
835.636884 428.191148
833.536103 682.315957
848.846871 842.438723
854.097611 536.484096
847.536508 405.897152
889.463858 667.158042
912.752170 845.461796
877.201736 534.813055
866.940029 374.580767
897.519993 660.662778
917.553279 349.056537
899.440432 833.977868
942.542410 546.917298
939.090560 300.136938
937.409715 675.571299
959.697514 865.928895
948.728489 528.834755
934.400052 298.186729
963.535868 680.429128
969.479864 902.826350
987.693101 515.862747
957.749699 256.371643
981.898395 928.843030
1013.403398 683.330797
1008.001659 499.413504
999.255822 303.191856
1002.152971 956.874036
1046.966012 700.651988
1024.658505 515.049515
1060.428411 344.315832
1035.550467 346.294096
1048.250081 384.549279
1027.364235 968.821851
1078.093789 699.869750
1071.708690 432.465844
1046.772226 921.125858
1098.098611 436.511673
1054.774533 866.923485
1062.108452 878.258876
1154.832694 791.785283
1139.394504 391.694617
1147.475089 795.577949
1152.885241 415.144828
1144.796841 459.914980
1131.908743 485.019323
1140.777172 800.482879
1155.284942 685.019058
1166.075153 512.071967
1190.578855 763.108382
1190.927622 666.068532
1246.909194 504.567425
1228.175953 648.589919
1246.660094 509.613204
1238.789462 603.943228
1269.435793 523.538807
1298.895564 614.846315
1312.322968 508.892603
1329.196149 615.833570
1340.862975 511.215578
1341.405798 611.452362
1395.180380 501.221392
1376.070614 577.107920
1355.110705 502.961382
1415.443060 616.582185
1458.162930 522.331698
1460.024284 608.627701
1459.759059 487.102096
1460.535601 576.476196
1461.156442 515.101527
1520.681121 618.884101
1516.941849 544.458415
1542.357266 587.128433
1582.056272 521.457480
1560.364963 617.829665
1591.862950 523.807894
1601.080724 609.707863
1620.247483 523.610383
1651.117667 622.141263
1653.271913 542.787162
1657.299648 628.680195
1709.542981 555.868591
1698.637033 635.552287
1745.496468 568.096092
1757.880685 659.114103
1700.208576 586.053949
1728.967787 681.079694
1789.416886 622.296191
1768.192148 694.736616
1822.048520 622.626836
1861.072294 728.068845
1839.627569 671.052146
1857.039177 744.163242
1882.837639 779.422503
1851.107767 839.083215
1864.526684 951.378385
1829.386575 673.372108
1881.786001 820.716916
1890.026515 713.299813
1891.925184 957.447609
1914.682465 752.153548
1924.893929 783.515096
1935.309726 818.138771
1923.613255 861.706394
1953.136416 874.508209
1942.089647 898.662995
1943.147503 926.028216
338.147143 558.891546
305.440413 566.587207
305.366799 523.195486
408.457307 537.894443
441.516166 561.068246
388.175729 511.214658
434.475372 515.710284
430.704261 552.207657
450.211198 722.623110
407.186180 744.331576
392.929603 743.481067
470.667078 771.475860
448.748732 777.106924
476.425336 755.796871
354.041208 769.310652
350.393037 758.851013
353.721073 712.819932
1848.735692 845.052505
1821.356611 883.037499
1880.483484 911.438785
1050.359878 800.625346
1083.331239 803.037215
397.361274 788.475469
423.102673 817.964840
464.296918 802.288168
466.036608 802.118098
1939.415862 968.892491
1927.907473 976.176588
1928.986999 969.452719
1937.263200 986.514149
