11.00 81.00
28.00 81.13
44.50 82.21
61.00 83.13
77.50 82.64
94.00 81.00
110.50 77.79
127.00 75.63
143.50 75.00
160.50 76.71
176.00 81.08
192.50 86.21
209.00 90.25
225.50 91.14
242.00 87.56
258.50 81.00
275.00 73.19
291.50 67.50
308.00 67.00
324.50 71.79
341.00 81.00
358.00 91.00
374.50 98.00
390.50 99.14
407.50 92.29
423.00 80.88
439.50 68.50
455.50 59.86
472.50 58.71
489.00 67.00
505.50 81.00
522.00 95.88
538.50 106.00
555.50 106.57
571.50 97.07
588.50 81.07
605.00 63.69
621.50 52.29
637.00 51.00
653.50 62.14
670.00 81.06
686.50 100.50
702.50 113.57
719.50 114.86
736.00 102.38
752.50 81.00
769.50 58.57
785.50 44.14
802.50 43.36
819.00 57.38