2.392020 1061.868738
3.809938 1065.083749
2.105954 1058.926702
-3.340232 1062.062877
3.231260 1062.393039
0.256847 1059.281369
1.823078 1058.007975
9.669563 1095.891524
8.674160 1091.924003
10.922923 1087.299017
6.793857 1086.453053
8.863881 1094.826816
6.242499 1095.794494
6.001916 1093.036716
14.562145 1033.258996
15.807086 1030.143909
8.663119 1030.723569
10.352863 1033.737370
10.014539 1028.670289
8.195921 1032.785181
7.056836 1031.366798
27.321898 1003.007414
22.712237 1008.157975
17.969525 1013.427482
22.386274 1007.979853
23.980940 1008.785198
21.779821 1007.410356
19.198828 1013.865878
26.885910 1113.705615
23.785573 1118.600865
23.410515 1114.685313
24.026767 1111.261126
18.345399 1110.550382
17.919076 1118.476606
17.631858 1114.025127
37.224657 989.963835
35.830601 981.284726
38.468886 985.267637
31.997842 988.929392
35.878569 991.805648
38.620267 987.429783
32.315035 987.724982
41.120126 1125.886389
41.789518 1135.939537
42.255588 1131.618160
45.899807 1133.785932
47.013991 1132.941815
42.416672 1131.552830
43.344436 1131.396381
51.955645 381.801528
51.210871 389.990961
47.413818 388.248882
50.150450 383.048747
50.674754 384.950424
53.369637 381.217588
47.975525 384.569105
52.007428 970.119943
56.456518 963.051112
57.796844 966.395441
55.772648 965.264863
61.570145 961.877275
56.724197 968.962051
58.227637 959.972287
49.766902 417.248904
55.453297 421.822273
57.543604 417.121360
56.718269 416.028332
55.014333 414.971642
54.621225 419.207469
54.993783 415.641777
58.253902 355.193118
57.787984 351.812165
52.430258 353.349596
57.874826 350.427480
53.845762 354.701855
54.440931 351.454048
57.460046 348.193076
63.983580 1139.675687
67.107780 1137.602366
63.132625 1144.211680
63.716331 1134.250740
68.126558 1135.562131
66.798863 1140.367614
56.853350 1136.779988
68.062540 441.224646
65.376781 440.933219
63.004158 433.389539
65.941018 435.954835
65.568209 440.164860
71.547537 441.286015
69.074034 437.536305
71.753361 330.746208
74.603506 327.970300
77.673028 332.066277
65.280540 331.122737
72.372870 329.632530
70.946136 330.183802
71.448125 331.891345
79.587032 946.407564
74.229216 942.271691
74.891731 941.552989
80.305239 947.251081
74.490231 943.937949
77.747479 952.349307
80.382602 947.364268
76.683976 458.512344
76.551310 458.794666
84.936318 458.473826
77.277893 456.572909
75.186890 463.266925
79.506729 463.821051
78.105449 455.903845
81.339421 1149.506515
81.850587 1141.732994
83.210271 1139.808685
87.734721 1145.446224
79.828151 1143.573635
85.390640 1145.075964
82.976746 1141.791155
92.180076 318.971871
88.058275 316.862953
89.981719 316.708441
89.719118 317.750452
87.975762 320.291801
91.644000 315.842395
92.567088 318.871697
99.144592 481.823803
94.096354 478.044548
96.080556 486.391357
88.113228 477.172897
93.316136 480.390893
93.253244 483.634739
89.465127 478.345829
96.046384 931.016151
96.932261 928.725280
100.381887 934.789268
100.581345 928.488724
100.091408 928.448207
98.816793 927.890750
98.298174 928.249209
103.762062 1141.166521
103.856922 1141.019644
106.987210 1141.058117
102.456461 1143.016571
109.827728 1142.549403
103.938218 1138.731977
107.869965 1141.348648
105.540992 503.492510
109.148248 496.126079
106.462490 497.792614
109.299814 504.749884
112.421672 502.246365
112.489414 499.997695
109.209971 503.339604
115.571857 310.201716
109.509529 311.613515
107.449952 312.654363
112.602176 308.677912
112.532069 306.554375
116.547373 308.772451
111.430590 314.569280
124.870749 915.754768
126.120343 914.420723
118.449705 904.807468
122.319245 909.710582
118.497359 906.357293
120.106931 910.339443
121.099193 907.557750
129.603125 1140.979699
131.877234 1140.826270
122.366980 1134.527792
121.482382 1142.670193
125.769855 1140.021588
126.439890 1142.836205
131.495148 1140.710094
135.684693 522.357472
130.578631 528.677311
129.935745 524.523957
131.318896 520.765316
131.031522 522.807319
122.465504 525.205977
133.525422 517.661211
135.168590 316.467601
134.004131 303.335099
133.015855 307.418561
129.144342 307.484962
131.150339 305.760377
132.729281 309.147911
141.340922 310.681142
137.213445 889.645466
141.693109 892.333807
135.800541 895.807825
144.193479 891.355149
135.183214 895.653645
147.672969 889.543558
139.496918 887.202793
143.359054 1132.261205
148.028381 1135.359178
150.910209 1133.659652
149.847313 1132.418915
144.869976 1130.363878
144.123131 1134.573737
148.687739 1130.504511
147.503547 540.100501
145.224446 539.482643
150.752868 546.768638
148.095839 544.633292
148.509070 541.721501
145.971865 545.551798
148.848712 543.477171
160.760797 313.601758
148.802347 313.688174
157.662761 316.690317
151.678645 316.573495
155.375807 313.270939
154.870243 310.105856
151.070552 318.386824
158.760859 872.126834
159.242845 867.439197
160.518139 873.156291
164.094949 876.769825
160.576959 874.832673
162.623650 874.743153
157.367728 871.724087
165.024153 564.837440
169.434575 566.080745
166.830611 563.781426
164.549924 564.572883
166.801259 564.629857
168.237605 563.261038
167.370801 565.066494
170.244958 1123.058925
174.183981 1130.415083
174.849057 1127.814460
163.779298 1130.067283
168.699764 1133.218696
170.361550 1124.163470
172.435432 1134.760414
174.579150 318.306496
176.736645 320.989224
174.666344 315.483381
175.975011 317.355287
174.719727 314.207182
169.737309 315.954328
170.876916 320.563456
183.867622 850.256600
182.277741 853.738212
181.376904 848.248344
182.471004 851.827477
182.787269 853.783431
182.801065 854.189970
175.891126 855.311897
187.625943 589.656743
189.605486 590.330629
183.047280 584.292604
185.519660 586.869537
187.503944 584.773504
188.226194 584.830625
184.249627 587.707494
184.416465 1118.987790
191.789419 1120.507828
185.397532 1121.065889
182.630889 1126.772876
191.007206 1120.965415
188.896529 1124.160676
188.449556 1126.635191
198.432337 318.327939
200.071215 325.013191
194.021939 321.270642
198.059575 323.335169
200.198824 324.555145
203.535403 326.322301
198.280067 325.383397
203.293929 832.858875
205.336150 837.388607
203.547666 830.889554
204.584156 838.056224
197.040110 834.907099
201.858843 834.620438
201.947521 833.711519
200.363460 1008.044723
196.598904 1013.502495
199.179182 1007.907567
196.528863 1012.086517
199.576645 1004.711621
193.859393 1009.145564
202.610207 1005.083587
198.637562 601.832966
198.953042 613.070336
198.426889 605.266880
200.521493 613.043873
206.658004 604.941688
202.847282 605.612696
209.155312 609.915327
210.044294 1115.780908
210.274288 1118.115278
207.864750 1121.868668
213.610041 1122.017692
213.238548 1120.288518
210.009172 1118.177149
211.286766 1111.870484
210.707641 972.175666
206.927221 965.511508
214.160739 976.628139
209.331234 970.912828
210.681829 968.734382
210.323592 974.063940
213.598253 972.826923
218.448235 331.123279
219.075500 333.473554
220.767244 338.039733
218.773853 333.088038
216.160938 332.215346
218.274509 330.506327
221.133371 335.647443
217.695057 1027.693765
218.211311 1028.938860
220.663036 1024.988278
225.743669 1030.491622
219.938563 1024.626967
223.703859 1030.406399
219.666850 1023.033588
217.109937 623.232924
219.421635 623.878786
220.633485 628.526377
217.360008 630.195709
217.851321 627.243049
217.143772 628.159190
219.526139 625.927370
219.959959 812.478276
222.051370 814.542689
219.918659 815.067356
220.710022 808.334333
220.386292 814.053215
222.614825 815.744892
218.317972 813.980727
226.081175 950.736137
215.816480 950.213546
224.502464 954.498359
229.533327 947.621230
225.147135 951.519665
224.114385 949.726943
222.985521 951.123835
228.204215 1108.727289
230.564864 1109.251422
229.371851 1108.970557
232.047398 1104.528644
230.067752 1112.749195
232.290065 1109.297884
235.387311 1108.503578
228.531446 648.387880
232.496492 646.479048
232.039803 647.844407
235.018711 642.785661
230.902511 646.634035
231.552097 648.813716
231.506614 651.763780
234.395187 340.061754
242.690595 342.726163
238.976063 341.393320
239.253072 340.119522
236.481893 347.855203
234.352028 341.809542
236.000956 334.601509
237.712265 791.359135
229.906126 794.631509
230.758446 790.764599
233.211542 789.990705
229.921171 798.391088
235.241603 790.116107
235.834845 795.394666
238.798503 1030.332760
235.684027 1028.752689
246.213441 1029.903226
239.972231 1029.431190
245.306093 1030.419448
241.342587 1031.390632
237.333705 1028.301135
242.895509 927.557081
246.383633 935.241865
243.423578 929.091310
241.568354 923.062046
241.425526 930.201739
244.047276 928.410321
243.292742 931.553778
243.639658 668.655725
242.189561 671.876444
246.890603 671.337906
242.242294 662.586953
241.991453 669.610589
242.182686 675.456400
241.913402 669.459463
246.526782 765.289917
243.457089 773.618294
250.463579 770.776722
241.797657 771.116878
246.796235 766.510713
242.923065 767.803106
246.276065 768.186762
256.053782 1099.828950
248.165329 1108.680535
246.267762 1099.520089
250.801555 1102.255254
252.836832 1102.974714
249.384708 1102.574100
249.282921 1102.701482
243.252401 480.228870
243.317089 478.188201
252.567044 484.198222
249.891309 480.436574
246.437115 482.669739
245.522763 474.712535
254.138639 480.638806
251.202067 684.655890
254.708188 693.509188
255.118830 687.984765
249.611316 687.802161
242.645680 693.348516
250.237933 695.879441
251.116536 687.643750
254.642252 348.503978
256.307467 356.494749
266.608424 351.704815
263.784777 346.944192
264.151924 346.216208
257.322423 343.170006
258.648935 351.240637
258.386039 509.589006
259.978953 517.260302
263.179969 517.872730
256.443540 518.470869
260.801397 510.549029
258.089744 512.410562
263.073465 511.965283
250.414541 755.096231
255.013933 746.363814
253.298089 756.859432
247.438001 747.696103
258.381060 754.810456
256.484678 748.712657
252.560203 756.534122
264.534372 1031.578771
260.757904 1025.435926
262.891710 1026.584018
260.521937 1025.824791
262.372338 1024.553531
264.354453 1020.241417
258.901832 1027.700852
254.829024 718.801711
256.216865 719.144686
249.543273 716.619815
257.369448 717.637966
260.676065 718.600111
253.842683 716.372981
254.252513 715.610975
256.367288 910.906741
262.099778 912.300873
264.742988 911.498113
258.097915 911.352556
270.053390 909.815356
263.615523 909.053370
262.164164 910.469953
255.871907 734.037027
257.204391 736.461494
257.074245 731.114366
252.631365 738.040149
256.091153 734.488663
260.194666 735.940599
256.877621 734.193503
264.544185 451.406778
264.925281 459.718820
271.093159 456.026039
266.729302 449.434344
266.788880 456.822513
266.579260 449.330633
266.719141 456.416585
278.227906 1095.986252
271.411002 1094.019874
268.574416 1097.404675
273.468928 1098.286575
272.935371 1094.680617
280.020988 1095.434218
277.746454 1098.040404
271.900653 540.861096
270.229437 536.449762
271.302658 534.428211
273.326661 537.078952
269.138929 540.117375
271.488474 536.522914
275.596654 538.195078
278.737745 360.210237
278.690967 363.204573
284.105515 365.434007
276.806583 355.813619
281.105656 352.416376
282.981679 358.729588
275.478991 354.713906
276.406837 1017.315681
281.730928 1020.703707
281.188152 1018.714610
281.704389 1020.289150
282.063999 1021.378970
279.332576 1017.635259
282.774385 1017.556515
280.784741 890.092038
278.811815 897.289459
286.384848 894.262447
279.279521 896.165648
285.383413 895.480912
283.999151 894.478339
288.648586 897.516071
286.236341 462.011474
291.287028 449.404656
288.145926 453.995020
291.404744 458.215909
294.224140 451.224129
286.714377 454.657360
285.691748 448.931634
291.530487 551.211507
284.353185 557.312330
291.934219 557.405167
286.358864 559.333967
286.292510 556.734036
286.263527 557.198402
289.126853 560.352293
294.338327 1091.426671
294.057969 1090.975200
297.964240 1085.898810
294.838713 1090.028405
288.153168 1094.315847
298.492549 1091.797739
295.650163 1085.792535
305.852671 365.732255
306.883357 367.863099
305.813303 366.861468
302.653350 370.784227
296.352049 366.330384
299.398779 362.445154
301.113136 364.664814
301.471376 1009.848076
309.222432 1009.443297
298.092819 1008.296026
301.861666 1008.209359
305.033196 1007.810533
299.071967 1014.716461
304.829699 1012.249936
311.669463 879.496867
304.095881 876.265612
302.173753 880.409233
306.397119 882.859493
298.253206 882.262089
308.258588 876.023853
303.118598 880.386745
307.481281 573.986152
308.245202 579.286931
308.195783 579.132434
308.659197 574.190891
306.272306 578.800174
312.974543 579.590345
303.804409 578.040280
305.901329 464.138452
308.774162 459.954835
305.059690 462.818863
311.595624 459.345527
304.743580 464.091177
308.839385 462.118966
304.365586 463.013100
321.874573 1087.815818
315.406494 1085.178469
322.179824 1087.796492
316.513716 1086.207209
317.344911 1092.477473
313.646031 1093.185954
315.259982 1090.563131
323.475696 374.659272
322.105049 371.469557
317.106242 372.772765
315.904443 375.099084
327.349875 374.673753
321.177589 375.465186
321.168475 374.897359
325.001236 1001.156276
324.865425 1005.311096
322.753256 997.743183
325.581545 1003.131735
323.281912 1006.169508
319.976943 996.289097
325.475347 995.726249
321.784273 868.826075
325.994766 867.540414
330.729363 869.021297
326.463967 861.678632
329.799574 866.032557
328.146527 872.681182
327.136988 867.344584
323.517059 593.946927
326.764717 595.593110
327.240182 591.992769
329.298354 600.858556
325.591313 598.229184
327.438567 596.583607
326.367366 598.079908
325.736328 467.670748
327.909263 467.886277
330.882057 471.022892
322.692693 469.149165
326.226006 468.613584
332.502992 471.224880
324.234367 470.973621
336.631115 1080.530291
338.854499 1075.235859
334.853847 1079.316729
338.285544 1088.751899
335.428740 1084.036489
337.600365 1080.944330
334.141606 1088.435121
343.203331 375.257445
343.519018 387.338249
341.702868 387.955104
341.571498 386.345280
343.118267 379.713934
344.423180 381.715289
347.307817 387.184134
344.974980 980.383333
340.122106 984.055092
347.915650 979.835735
348.595791 987.442769
343.531607 992.617793
339.891431 982.970521
346.213578 982.773505
349.750090 859.642305
349.160363 857.856238
352.538002 857.988267
340.280760 858.853842
345.162478 857.207319
339.786324 858.041483
352.083996 858.360589
346.908431 619.481667
345.298612 618.026171
353.820860 616.258162
343.448814 616.228934
340.609571 613.691600
350.268589 615.519950
352.477018 611.554651
352.012334 479.021315
347.257883 477.578132
350.799939 479.246056
356.601541 478.742137
349.448511 482.292483
356.669299 481.686777
348.744965 476.751151
358.957869 1079.171189
352.555300 1083.634485
356.361421 1082.623059
362.190337 1076.412925
355.648531 1073.252359
352.141524 1078.695204
354.016378 1082.424173
370.126271 386.845037
365.186333 386.631424
368.311400 385.556713
366.181091 387.394730
363.850843 390.528120
366.130439 381.736210
365.258563 386.554436
361.540019 977.449263
365.740201 974.575630
367.244637 974.228429
369.914888 970.984023
365.600952 974.857867
364.624876 971.041473
370.087637 974.398269
370.012412 846.964145
368.977513 848.711860
369.875832 848.716837
369.781297 850.926430
371.976436 850.536081
367.290759 848.169091
367.849706 851.278138
371.270099 635.342473
364.888818 630.486271
365.879234 634.859749
370.227996 636.193861
368.995595 629.089791
366.660813 628.229632
373.480952 627.401682
370.643191 488.743872
371.791090 492.090243
379.134950 491.754744
369.747708 487.953289
374.962902 494.747837
376.109288 496.082057
368.755209 491.158036
375.701771 1077.412483
378.603581 1078.013784
378.133486 1077.581033
377.843780 1077.494471
381.522728 1076.420004
381.659829 1075.413179
371.665055 1075.820391
384.914076 386.676725
382.733073 384.275845
388.366337 395.137061
383.002660 395.671437
386.446739 390.068493
383.818770 394.725728
391.702077 388.698827
387.710357 948.914829
383.366127 949.631642
391.351419 951.311551
386.868217 954.607839
394.183211 956.380128
390.349419 955.369615
388.589354 954.606201
388.480336 843.386440
393.231772 844.108528
388.327636 835.643586
387.320531 845.502556
388.419169 842.136481
392.034616 841.248935
395.615829 840.390366
388.898237 640.131933
390.373183 639.407131
387.588433 639.612118
395.831387 637.583386
389.088030 634.719321
388.816144 638.210344
394.129718 643.701833
392.759709 510.416585
391.758302 512.818400
392.431960 512.662065
392.392899 507.677588
388.523735 506.063857
393.901479 511.075001
393.177088 506.481288
395.317383 1080.202039
399.524556 1076.305431
399.045227 1080.230131
401.581581 1082.053685
397.371625 1079.303182
400.375001 1080.035562
396.244423 1079.487354
410.051044 394.747236
406.864697 389.853019
407.919259 390.300587
409.202886 391.953970
404.934604 387.126916
406.928171 393.399980
409.623096 385.905110
405.618070 933.743454
407.698191 934.309278
403.401990 940.242435
407.321720 937.380468
404.764081 939.485322
404.372245 936.458886
404.963355 931.351839
410.936130 836.823789
407.215291 842.812664
411.626794 842.123227
407.170435 839.128854
414.074767 836.883714
407.380596 839.828410
413.290004 843.978499
411.796236 651.905071
407.974714 657.240024
408.792204 649.493666
411.531484 651.174258
409.213445 650.088368
408.492237 649.549735
417.695829 651.253262
417.196820 527.665295
412.737131 519.736974
413.608979 532.298304
410.200155 531.058357
414.429069 522.003621
408.725149 529.914102
416.089955 520.539788
419.770902 1083.685211
418.044226 1082.422352
420.384150 1082.658931
419.229329 1081.003759
421.631318 1086.511095
425.364986 1081.902990
420.760746 1076.440353
426.948569 386.806722
429.670885 382.672259
431.265645 389.461221
428.782526 387.515397
428.112533 387.143767
430.453365 383.674504
427.377591 386.524378
424.876729 914.197861
424.851236 914.342442
424.769018 914.034260
431.538611 912.704293
425.515616 907.781966
421.953110 912.518193
428.481199 909.020708
435.365343 844.559047
432.611948 843.623200
435.721450 839.120952
431.773394 845.000457
430.196748 846.272658
433.812316 845.496544
430.778271 843.177028
438.414334 655.441182
438.493646 658.755234
433.314716 662.503434
428.523614 661.436447
435.015522 664.528642
427.618745 660.325000
430.697732 657.955799
435.028478 548.014542
436.760096 549.833276
440.884755 543.787081
433.425600 544.580668
435.175830 551.053650
436.931633 546.418775
433.724497 551.340665
447.952833 1090.928785
438.522571 1089.384157
439.438205 1092.313812
436.040367 1089.265947
445.439077 1090.960403
447.777713 1090.890700
440.180720 1097.116467
444.733368 897.373070
438.618459 894.657276
436.968965 897.681422
438.770524 898.595576
435.115504 892.826150
442.148976 896.932463
441.811387 896.061174
443.784737 382.241379
452.350186 385.095256
450.641219 379.361595
445.304880 373.420407
449.327567 377.161489
448.589323 376.856566
449.879377 375.865124
446.374861 862.859162
446.511769 860.315687
442.079703 856.540564
448.658748 860.768243
446.320543 859.944174
445.609886 860.344205
448.540336 858.743228
448.987906 884.372562
443.635141 878.508114
446.500618 873.509380
443.734089 878.878784
446.182430 877.578298
444.094128 871.375393
447.055712 879.936659
453.221768 665.004110
454.823692 661.275689
456.753530 663.246868
450.247362 665.915646
456.889976 658.142703
447.771166 661.462922
455.648165 659.696538
450.437546 568.004202
451.087821 567.598682
452.414112 565.880233
450.977120 567.583131
452.796342 572.841779
456.281844 564.021229
456.651932 567.789390
463.895480 1106.749975
457.344017 1106.110530
459.210882 1111.952407
463.007783 1102.653170
459.768803 1104.815143
463.887151 1111.844726
465.291734 1109.419947
469.701391 363.303092
470.065257 363.535361
473.175060 360.828924
465.236922 364.772240
472.099234 357.953998
470.697055 360.008483
467.263245 364.691414
469.666857 587.894444
467.217446 585.084154
469.417242 587.377055
468.110657 581.816300
461.908644 582.950781
464.681986 585.417928
469.067408 591.768972
472.883219 659.887922
473.975833 654.328174
475.246855 657.795904
473.199819 650.311319
473.782042 655.258117
474.519288 654.626862
478.629456 658.108019
481.961958 613.855608
481.365981 609.318924
473.119751 610.387258
480.549788 606.688449
477.427811 610.807481
480.682535 614.800512
475.824639 605.163007
480.166339 1127.602956
478.005606 1131.649383
478.640727 1121.527064
479.560168 1125.490054
475.745413 1123.132158
485.155816 1123.999660
480.293597 1126.712377
485.809190 626.240982
481.032674 631.508671
482.792906 629.418664
487.827450 627.982199
482.032172 630.126797
481.873309 629.739874
488.742504 628.158123
487.733945 345.074359
484.752351 340.615368
488.719422 344.448370
489.203382 347.800018
493.448720 342.992269
488.140749 344.294246
487.946267 344.325167
485.323527 642.093078
481.753895 638.468228
485.477738 646.417550
484.668365 643.381558
489.554635 639.792235
482.322012 642.187688
481.195226 640.715314
495.513846 1146.423926
485.780063 1146.952595
491.809278 1147.275971
493.160161 1147.046359
496.847382 1148.792400
488.780131 1145.444764
497.957110 1143.032495
501.583135 321.687358
505.182363 316.433710
496.378681 326.058672
498.988987 325.283851
497.390531 317.278601
500.801170 325.023827
494.272761 323.731194
505.902581 1170.838512
500.000929 1171.653289
503.388331 1172.568877
502.725114 1169.208321
502.235905 1169.708291
501.286443 1176.641241
509.295712 1167.110627
510.019358 303.885956
511.485136 294.842594
510.396941 299.118806
508.974899 297.083090
505.393161 301.951987
510.355326 301.216255
507.588275 301.225627
510.493463 1185.009610
511.906291 1186.600969
508.392649 1197.522473
513.983807 1195.879841
509.995900 1191.281007
507.634987 1192.527431
506.079413 1193.140204
512.391065 1215.468744
513.566483 1208.422599
523.261866 1216.432764
516.994555 1215.415089
516.928149 1217.572589
519.278879 1216.684008
513.944157 1216.163109
518.237885 279.715204
518.627917 279.025555
516.790028 282.442853
520.223817 280.109940
514.631874 284.488687
524.431475 283.359904
515.670812 279.087215
522.628874 1240.632333
525.406813 1247.723587
524.708244 1245.309223
528.365441 1241.065416
524.628619 1243.608526
526.218155 1244.359990
518.669661 1241.795559
527.847631 255.300285
525.209115 258.975487
531.387889 251.359764
531.356208 251.582617
525.688105 255.944330
525.533228 255.058804
521.994276 256.094399
522.199424 1261.388717
527.645717 1262.926972
530.081204 1268.676667
530.232219 1260.689530
527.973726 1267.437430
530.185376 1265.601612
527.806492 1262.440096
531.251570 234.151604
528.797359 236.424119
532.166058 241.187760
528.061781 236.126815
535.303552 233.105881
529.545562 232.529164
529.602233 231.455224
534.509752 1284.090182
536.851210 1291.646290
528.046744 1285.516892
528.986070 1288.821240
532.226140 1288.698873
531.448730 1289.197620
532.588808 1294.897158
533.818548 212.836586
537.805871 211.153373
537.195362 218.015423
535.780422 210.937115
529.109220 210.245121
530.890978 213.501504
532.907642 206.353388
535.521220 1317.451905
533.457288 1318.130603
534.680668 1309.513743
533.383675 1316.296759
539.595740 1318.990564
537.653977 1308.875992
534.027556 1314.632022
541.562634 184.314127
544.055229 183.322187
540.478413 179.751942
540.593202 181.749917
537.253017 185.377785
541.146178 186.090280
540.309124 186.300969
548.619748 1339.769923
538.758756 1342.226539
545.208367 1346.015310
542.107539 1340.269462
540.180726 1340.770277
542.917467 1340.667192
541.807513 1339.590892
550.421917 165.121691
544.615832 166.035849
545.463786 158.612957
544.353900 162.743818
545.503025 157.560239
546.466408 161.791371
547.526871 159.219974
553.743169 1358.313700
549.192563 1370.344540
546.558229 1363.629894
550.533917 1369.937447
550.098361 1364.940643
545.142362 1360.035826
548.781907 1363.021212
555.359712 134.164690
551.837029 137.373714
548.864854 139.708336
552.868041 141.050612
546.384336 139.905119
550.768684 137.489398
549.264366 132.825189
555.045227 114.826778
557.960144 111.116862
555.139534 112.832298
559.164853 117.313693
556.510909 111.366143
555.306501 113.935745
554.762834 119.287953
556.706187 1385.478439
559.941056 1388.312684
558.992403 1379.105016
555.783664 1383.124984
563.524680 1384.840597
560.999026 1379.759341
553.358647 1386.812374
566.056307 87.501171
559.471699 90.973036
558.301415 87.059487
563.252523 92.599369
562.303609 90.287138
561.550589 90.926706
554.894359 92.634254
569.623787 1412.325990
564.852111 1399.330932
562.960817 1406.192599
561.642600 1405.102257
565.281063 1410.006221
571.888550 1406.944239
563.528591 1407.247820
566.653541 448.945829
563.980690 444.909867
572.893815 443.106295
573.504309 444.418874
568.037178 444.822412
571.779098 439.611748
568.239632 445.487085
574.371532 473.554313
573.845599 481.087650
571.144949 474.117721
569.991631 475.971804
569.417966 477.817956
570.092175 474.462427
563.551544 478.159566
569.263050 67.014700
573.194696 71.180497
570.379634 70.421649
571.693158 65.344770
569.696895 68.397371
569.365895 67.821555
570.684283 70.619866
571.769557 410.660199
571.652578 412.930665
574.156066 407.469954
570.829267 410.190481
574.698926 412.849863
572.547819 403.330018
569.478883 408.235057
571.333155 505.414988
572.469961 505.795913
570.121608 496.908093
570.179616 497.700226
571.622274 500.929073
570.035789 502.374853
572.260495 505.146648
571.070323 386.639851
576.101312 381.361020
571.312319 382.961189
571.035078 381.956753
572.476419 377.992638
569.325484 384.058199
573.652344 385.444321
579.889315 1422.871278
572.354735 1431.141306
573.843738 1431.762986
579.723422 1427.097804
578.260295 1428.092957
573.442780 1426.636142
573.355934 1431.552419
577.427483 524.017876
575.900712 526.545809
570.840188 527.823034
574.909792 520.687618
573.033310 519.696726
578.184733 528.207730
579.973870 525.217463
573.952261 362.353449
581.692930 359.362891
574.355518 362.398238
580.122696 365.629132
584.748561 357.108547
575.737338 360.884779
578.603761 360.935905
577.680242 49.675302
577.823212 50.227952
579.898305 47.501740
573.765877 46.269155
582.059573 45.487802
581.788039 42.185879
580.814075 45.619287
577.332592 1088.221915
585.515500 1085.925552
579.491731 1081.106331
577.906695 1081.146444
582.893344 1083.736449
584.754895 1082.105702
583.128041 1080.203239
578.433704 1111.271482
580.292764 1113.933477
576.780262 1109.272393
581.604276 1114.466352
584.466359 1117.097877
588.810081 1114.183260
584.019344 1120.377603
586.041506 1050.197006
583.773154 1046.016796
582.605055 1048.917620
578.480559 1043.159908
589.393825 1045.317545
589.218653 1050.088732
588.536972 1042.305016
581.383482 549.941406
583.096129 543.644519
580.862670 552.424086
586.131341 551.475038
589.206089 545.844581
580.567767 547.199554
582.719201 547.010962
582.051216 1141.880440
583.598660 1136.604376
585.974858 1138.929071
585.078655 1138.343425
583.147018 1132.049850
580.545270 1139.165653
582.360708 1132.024203
583.084337 347.082792
590.763339 335.384516
586.035005 339.116415
586.358493 341.561530
591.405023 340.880254
582.333278 346.646545
581.273794 344.015673
583.151910 1025.526825
582.301393 1021.614792
586.745800 1024.375244
586.071054 1024.091604
585.112768 1021.880412
585.975548 1020.530567
584.826229 1023.417024
580.393875 1155.896845
590.752764 1154.028102
587.021278 1153.770450
586.266785 1159.019844
590.254641 1152.992689
587.463908 1151.515267
590.058718 1163.265389
599.158145 572.183989
597.780538 573.080844
602.858106 572.470569
590.895438 572.595717
598.384008 570.710566
601.965920 572.614734
595.861120 570.564109
596.553502 1000.688851
592.495903 998.570360
591.514243 999.452785
590.900633 1000.534978
592.501982 1003.851307
588.502423 998.195735
587.568681 1001.708220
598.713208 31.253018
598.346069 28.254811
596.834676 23.819706
593.383078 28.484370
596.298429 25.879873
598.558366 22.106180
596.444956 24.533896
591.952817 1176.480041
588.221619 1180.373340
592.726978 1178.313532
593.419190 1179.051772
594.722867 1179.336717
594.196641 1185.124974
592.992933 1179.432822
600.303398 1448.130361
592.792907 1443.092121
596.784357 1446.009905
596.586010 1445.975444
594.645467 1450.867374
596.760143 1444.630551
595.484248 1444.368710
596.217047 313.466143
594.206546 320.697814
596.856295 315.092834
597.973686 313.965087
598.009352 318.674485
596.076762 315.618743
595.245340 317.499487
597.355938 982.893585
594.058143 980.176674
595.028677 982.025276
592.955270 980.511839
599.806610 978.686872
598.808720 981.703210
600.144180 984.568559
597.354548 1198.267665
603.728926 1202.728586
597.051872 1200.199061
598.375821 1201.874011
600.768707 1205.582373
601.775815 1201.587031
603.861260 1199.372592
608.883900 956.046104
606.062347 958.486358
611.852911 957.425710
604.013654 951.681105
609.509217 955.073005
604.427488 959.849862
609.903762 957.955119
613.925806 296.328662
612.919702 298.599313
611.913662 296.128657
614.965418 296.722389
614.309497 294.780122
614.831011 295.699641
616.468127 296.200639
616.628214 9.988533
609.805853 11.019684
618.661137 14.394485
614.384590 11.085545
619.157939 4.517502
612.507912 4.540284
619.108126 10.218559
614.433516 579.374419
614.408210 585.408206
618.792696 578.304585
615.961355 583.483926
612.990515 579.886605
617.391104 589.395537
618.637732 584.038682
618.879867 1457.142328
616.859222 1451.520057
617.025783 1459.024515
619.659290 1461.113714
623.464607 1458.991386
614.511750 1457.080967
615.899151 1454.686416
616.387854 1220.586339
622.311803 1222.361333
614.553822 1218.955208
627.361016 1223.170347
623.580663 1215.641314
617.628138 1216.358146
614.862967 1227.329825
628.680257 937.346748
622.421886 939.906253
628.230320 938.514977
630.329980 933.609538
629.513214 942.528051
633.370633 939.759968
628.204975 942.806876
641.916722 292.676821
631.079813 297.921513
639.641946 291.616356
637.724975 297.862425
641.438481 294.391425
629.825519 295.064270
635.554870 287.728306
638.112247 -3.979267
639.834918 4.165285
636.846060 3.324346
637.826003 3.018647
641.829657 -2.170699
635.889384 0.373814
642.966955 7.593394
636.986536 577.063139
637.407069 577.954413
638.146470 576.342580
633.855670 575.077687
634.216708 574.667861
637.087631 570.431018
638.506584 571.022302
637.398972 1455.159952
639.154681 1457.579221
638.827897 1458.340881
638.695772 1458.191934
637.917842 1459.303438
639.956303 1459.029918
643.523670 1464.250730
640.906803 1219.078347
638.707806 1227.410738
644.956671 1228.647795
644.029304 1223.798682
640.292780 1226.955957
641.640999 1225.056703
638.250695 1220.464958
653.751784 938.008929
651.424821 944.912911
647.865243 938.735535
641.852140 939.391604
652.952750 941.555906
648.439922 937.307833
651.680585 942.625840
650.687239 306.281258
648.551709 309.518210
650.675025 306.644106
653.844757 312.186179
652.401928 312.122742
657.428234 304.619987
649.258043 305.716695
661.967275 2.097822
658.988266 2.806486
656.988464 3.457610
656.660349 2.336149
659.364794 10.112437
656.029591 8.409002
654.464402 4.844236
653.979549 557.542803
652.244099 550.782209
655.895630 556.100390
651.600132 559.311850
656.416244 551.239350
654.798666 560.814274
660.317813 552.827900
659.533365 1457.995581
663.664196 1458.295654
654.518695 1456.854467
652.722638 1454.700160
659.510876 1452.634224
663.567666 1452.817211
662.581514 1455.236783
660.656346 1214.895429
661.674278 1209.946024
661.951860 1203.919966
656.875639 1209.670062
660.924145 1212.096447
659.453164 1208.373518
656.646038 1206.876495
665.692292 951.783616
668.182293 956.303397
659.216160 952.846369
668.609822 955.717995
663.846402 957.597526
668.427290 962.290892
666.016842 955.055863
663.967574 332.625092
664.361090 330.705632
665.493922 327.443882
664.916566 338.511145
658.091936 328.275825
664.124992 332.420634
667.646473 329.392406
665.925177 540.188020
664.559249 533.885643
664.633124 538.424696
665.165893 534.960723
662.273233 529.581732
663.945936 537.259236
664.396259 536.175834
667.136393 353.910645
670.913533 350.594549
666.602290 352.207297
667.945218 355.423556
671.773178 351.207916
669.973731 347.140945
672.593403 352.783322
667.268025 512.255908
671.352266 510.813485
671.478352 517.025206
666.543293 513.982714
673.580985 507.792558
669.428911 517.872927
670.862288 506.352615
677.129990 1191.662636
675.027192 1190.109349
673.504515 1189.912244
671.592561 1188.248148
672.804737 1194.390121
673.341795 1188.129903
674.080299 1193.606995
679.048851 6.664213
680.063581 8.816686
679.437240 5.370319
680.084040 0.695048
683.580155 2.234138
675.179583 4.069211
680.540867 7.535876
676.066205 376.819786
681.933271 375.766413
681.865320 373.343232
672.200794 374.432779
675.291403 375.816761
675.641503 375.199583
680.688626 379.457494
674.115661 484.003809
677.267059 488.043494
675.913980 487.400634
676.787169 485.481650
679.433175 482.392323
674.199764 489.857788
675.457235 486.036605
681.179992 1444.685345
677.335791 1444.896892
681.991419 1445.132352
681.252034 1444.417058
680.991137 1444.624391
681.715218 1444.076045
680.926681 1445.249289
677.074204 980.602476
680.293614 973.798483
674.354537 979.526630
668.020608 977.222863
669.149560 978.659239
671.729136 980.791477
674.886754 978.260753
677.508226 397.876597
673.795899 397.477591
681.226139 400.996848
674.883386 402.493271
673.351120 396.286183
678.845293 394.066804
676.581198 399.727494
681.250627 467.214071
683.436885 464.924129
681.576106 464.633160
684.690068 459.587635
679.317819 457.563125
683.069827 462.710907
675.410387 468.030607
673.371986 426.619223
681.640473 422.727737
684.067421 424.062053
686.839298 422.083248
677.512336 426.963979
679.947901 425.782144
677.714164 422.491261
678.697720 443.242458
684.366250 445.050420
681.692733 447.226862
677.267778 438.546381
676.308875 447.571787
679.344365 447.198139
678.986121 443.476508
674.429298 999.155187
676.546842 998.704679
678.639896 992.817411
684.016423 1004.139624
685.078086 992.102636
682.300897 1001.975932
682.908925 994.069235
680.047269 1173.655964
683.823978 1165.019268
675.014700 1169.145786
682.618634 1167.502021
679.810685 1167.609229
680.433052 1163.950023
676.305591 1170.405239
687.521173 1143.679522
686.769152 1148.857932
688.646792 1151.043389
685.749640 1144.103490
690.711607 1139.500759
682.499254 1142.524516
690.117288 1142.976115
686.174361 1017.941456
684.695922 1020.442607
689.369469 1022.509459
690.976117 1026.980402
684.223279 1020.471464
688.684920 1027.047028
682.579921 1027.044010
691.750527 1045.628237
689.234915 1045.430489
692.421992 1045.916572
695.673362 1044.018118
690.743881 1040.860256
693.865914 1051.117576
690.922430 1045.094531
690.679398 1118.392774
691.155448 1118.465688
689.421611 1118.292024
689.654354 1122.815881
688.160131 1116.764153
689.128142 1120.430300
682.862269 1116.700619
688.299214 1074.471232
694.984420 1076.943745
693.204762 1072.606316
688.666804 1072.868187
693.293739 1068.600623
692.533506 1074.419137
687.320021 1077.049336
689.965606 1096.749080
690.996585 1099.017341
688.019492 1090.325297
686.752700 1094.669809
689.717671 1095.635581
685.714426 1099.943137
692.366846 1098.232597
708.057725 18.008036
704.044525 12.942040
699.952617 19.224173
701.008920 19.230423
699.752759 17.362630
705.957826 20.053620
707.335114 17.583697
704.055078 1429.609614
701.467175 1422.062466
696.610050 1422.918708
696.623140 1428.144886
695.537989 1428.109764
702.026494 1420.264754
700.403059 1422.223500
707.818123 1403.543548
710.788077 1404.269661
705.203900 1404.029015
705.767842 1401.859686
713.104049 1402.595811
706.406883 1403.683991
703.805837 1404.696497
717.760615 33.198513
719.161385 34.483280
719.211045 41.031476
715.931330 39.292450
718.612078 34.713502
719.499212 42.310792
715.693918 41.632919
724.459292 1377.543137
720.271975 1377.402268
716.237771 1384.481807
716.686555 1380.431608
722.638871 1385.169228
716.886035 1374.975030
716.894115 1378.281803
731.292735 1355.277686
731.257651 1359.147191
720.803952 1357.373704
732.169392 1358.866546
727.263455 1354.563592
723.597283 1359.778186
726.895456 1358.131036
727.784898 53.349786
726.665489 56.093897
728.190216 60.807464
733.432391 56.662254
731.632355 54.305127
729.527099 57.251963
732.642645 59.276397
735.919033 1337.752039
724.275124 1335.769098
732.189943 1336.976232
728.287765 1331.883983
729.985340 1336.481086
729.898359 1335.643504
733.821864 1333.060930
729.560031 1313.867186
730.259678 1307.118380
731.575639 1312.347421
736.493787 1311.968592
731.354857 1307.041689
729.553247 1311.996896
733.826909 1309.122590
738.528367 1290.364018
737.025544 1289.297777
741.384468 1284.892109
739.403734 1289.999110
734.672757 1286.848380
738.925292 1297.310531
743.401233 1292.626137
747.485747 79.355808
742.996412 82.278335
733.419202 81.804840
743.420116 85.258212
745.326452 76.018984
737.046151 86.776692
745.343825 80.343004
744.753701 1260.944201
742.947166 1268.974039
742.412617 1269.759918
738.102790 1263.155127
744.277911 1265.248033
746.026835 1264.383148
745.632675 1271.573122
752.657439 1250.359517
745.493508 1247.034719
749.835959 1243.931329
747.982515 1247.478517
746.402928 1242.875372
752.095414 1249.889361
743.455132 1241.998837
742.240207 101.994432
742.044930 103.602162
749.054124 96.684444
749.661197 99.321576
742.965436 102.889705
747.465988 104.602710
742.106961 102.584806
752.626492 1220.399304
749.904445 1223.286740
753.565626 1223.781746
752.829332 1221.184866
753.402165 1220.797140
747.579132 1219.330685
755.108118 1222.723519
750.503975 132.293029
752.854870 128.848804
756.416060 131.953386
753.989221 131.362716
747.897060 132.747619
749.867548 130.572826
752.313993 129.248047
757.432928 154.941199
758.213679 158.723600
757.681632 159.491627
758.074200 155.438918
754.812644 152.856702
756.273424 157.523928
761.890469 152.524003
760.159233 1199.175273
762.506157 1200.692781
756.284918 1194.941002
759.940651 1201.151733
753.124625 1200.182448
758.001230 1199.861430
753.912199 1196.636196
768.903840 183.815141
758.036750 180.750934
764.043409 180.794494
762.833771 180.382730
766.283230 177.187090
757.743047 183.393759
761.353594 180.449518
765.694637 1183.333865
766.042483 1178.466722
771.175789 1177.114147
764.662485 1178.865217
764.380207 1176.909410
767.624008 1178.701032
771.012708 1174.331007
766.206833 209.402774
765.493152 202.490005
770.061959 207.867711
770.993367 209.892304
767.099869 204.039057
763.738641 209.362708
770.987109 205.922281
776.602863 222.390836
766.038538 227.275473
769.950386 228.767567
770.454653 227.354842
771.357186 226.450428
771.537788 233.561509
775.568834 230.907245
772.328139 1157.675793
777.105043 1156.398679
771.714674 1157.094125
776.774216 1149.039490
780.950216 1150.323899
776.251848 1162.621037
780.224148 1152.977292
773.520973 250.756149
778.390473 255.057397
774.958462 248.988280
775.216432 249.224600
774.737960 249.877010
776.472035 248.931428
775.165959 247.940509
784.900609 664.575034
780.120373 661.653079
779.463038 662.843109
775.220627 662.988613
782.895695 663.633225
776.889121 665.904754
779.615233 661.466756
777.633808 277.228315
779.008317 271.844214
776.432247 273.239241
779.936994 275.531557
772.995659 275.126921
775.654243 274.296148
776.842873 269.892723
784.303941 291.794072
785.656506 295.613215
781.233996 291.293246
783.708699 296.277094
784.109427 290.970159
785.135253 292.759840
782.679267 289.871475
789.460036 621.784795
794.399397 620.416948
788.752530 622.348470
788.386927 628.517392
795.401953 626.691688
793.854606 626.940517
787.404268 623.090835
791.059309 1134.227145
787.917133 1130.670212
792.690019 1133.522224
793.122841 1135.086956
789.206721 1129.251795
791.534743 1136.186595
792.106065 1134.359376
797.442035 680.234391
800.462168 684.597365
794.188356 681.212346
792.218812 685.754935
803.122456 684.344579
796.981902 680.140515
800.425772 682.099336
792.525088 319.756807
795.822586 312.584355
791.405249 315.010447
793.278648 317.931844
796.964364 314.660182
796.492163 319.805034
790.137186 316.306964
792.649817 901.399470
793.068806 912.445913
802.581565 906.551347
793.423737 902.760490
799.721747 911.299310
790.636755 905.640451
799.526812 903.685713
797.633494 334.182866
797.373694 338.030796
799.430491 333.976521
797.852860 337.153072
799.474644 336.846735
799.111643 339.818455
792.638253 338.771548
806.880783 939.141396
807.495805 935.580089
814.370341 940.707384
808.224726 935.480869
807.947436 938.264357
803.273274 942.475147
808.264052 942.231416
810.938314 606.431465
805.041809 606.176032
806.257186 603.105490
803.629539 603.533878
810.263508 610.525937
808.521260 606.262843
807.329642 604.212315
815.763792 1120.643863
814.396797 1119.456281
810.237629 1116.528170
808.716591 1117.237981
811.406417 1119.161349
813.608454 1119.565265
815.993487 1116.233569
814.004573 363.775479
811.762716 355.500711
813.376032 364.328227
807.264906 359.548372
811.499392 354.816077
815.995210 356.551736
808.535677 358.320835
819.240012 885.740532
817.061794 889.688421
816.059372 883.306784
818.810623 876.917311
816.005577 883.332548
815.839607 881.501977
820.904384 887.068129
818.941613 690.310597
815.613614 682.824267
817.283376 691.172282
819.565730 685.966304
822.419865 685.135506
818.068579 684.900954
819.451074 687.764975
822.003481 380.101347
818.961432 373.492754
827.061364 377.053882
819.714014 378.672461
825.448071 383.943038
822.823228 380.779242
821.650229 379.644267
826.879584 958.923843
830.664383 955.905345
829.183817 964.873657
832.046500 965.231733
832.371196 958.953570
824.444451 963.350111
828.702767 956.720979
833.733794 584.402220
832.004968 580.432252
833.266903 585.473502
829.987994 586.079926
826.837572 579.769671
828.315199 587.383341
826.482522 587.324948
834.959108 1103.988645
829.688674 1109.210765
837.570517 1105.586740
829.467634 1111.535720
834.747507 1108.656142
830.833527 1104.509242
833.922208 1107.285153
837.111833 884.440736
842.116349 878.681904
839.450225 885.725464
833.703949 878.285671
837.327594 880.461226
838.962241 879.246825
837.758810 882.686846
836.547484 396.798447
838.389344 400.192962
837.589931 403.442780
841.125519 404.832579
838.409003 398.432051
835.221364 395.973842
835.400586 405.452208
842.927709 685.794707
839.671529 679.468251
835.054581 686.431135
844.039415 683.974156
839.810554 682.707321
838.422909 682.780523
841.055764 679.992420
848.960743 976.739012
851.206935 974.201332
852.854918 974.424496
848.762737 974.715726
845.638398 974.928857
849.609574 978.959642
844.460119 974.176898
851.922176 571.402615
854.678575 571.087347
848.629892 574.024796
852.555622 571.787798
855.980217 569.474319
851.137662 570.856303
850.996056 571.498830
855.978462 1109.516297
858.852200 1104.361515
851.856943 1104.423579
854.812880 1104.456683
850.837210 1104.612899
854.727179 1102.947453
859.977695 1107.194145
858.757077 881.018943
858.404831 879.676918
858.546661 880.077054
858.071764 880.316213
863.435609 880.132979
862.698031 881.380970
855.070438 879.981410
857.730205 421.273869
867.617256 416.792202
864.544380 421.232932
863.377385 415.781503
863.078021 416.407534
863.775011 418.403052
853.659729 415.014935
862.847199 673.905842
865.045101 683.318420
860.396308 679.369502
860.672760 680.740407
856.290452 673.585862
856.616196 681.379990
859.771051 683.543685
875.743568 986.794091
864.704361 994.499305
873.548251 987.683580
870.062977 992.342986
870.593275 989.750305
872.534976 989.139291
872.131779 989.453159
872.988878 562.613563
871.312983 552.840664
872.674605 551.405158
871.496066 558.686188
874.700594 561.501026
873.692142 553.266989
874.859139 561.608949
876.327533 1100.453836
881.514202 1106.391388
875.424250 1101.768700
875.909305 1101.636570
876.555365 1099.837345
877.056710 1099.064113
874.338072 1101.155914
885.442628 882.027228
877.893573 883.163318
878.514708 883.293512
883.681529 887.615505
875.686113 882.937677
884.116772 878.931090
881.447949 882.906284
885.486870 420.059614
885.537129 424.066064
876.322365 430.321334
877.467960 425.824792
876.162898 424.954090
887.162198 425.479263
881.319388 426.033803
876.047471 672.625090
882.087060 674.264823
876.361487 677.921564
887.338606 676.451155
884.175595 677.173674
880.256323 672.818332
887.847032 669.533107
892.434550 1001.622936
890.474993 998.993223
891.229989 1001.762442
889.585112 996.867439
890.322629 1002.156488
893.301403 1000.866427
888.990025 1007.554039
894.020670 548.002536
891.510930 546.376903
898.831597 543.469226
893.541401 548.899461
889.474480 550.901320
895.482483 550.674244
890.583209 551.610886
893.747178 1102.976826
899.249778 1101.503008
897.393020 1102.021892
898.515107 1104.268687
890.718449 1104.090771
895.860647 1099.713950
896.777820 1102.250262
902.611151 889.322337
899.948647 887.847634
900.821437 886.813355
897.261648 887.052773
898.403603 890.686010
895.470140 888.581443
902.057931 890.274525
900.113313 426.305813
909.564629 431.936922
903.206500 430.151637
903.497799 432.060904
902.987933 430.190203
906.478167 427.687341
904.746115 428.825205
905.204994 663.756100
909.344556 664.764310
901.421819 669.373732
902.731721 666.665286
909.259742 668.781700
904.314059 662.010664
902.369187 663.067586
915.842852 1013.250833
909.269499 1017.358787
912.420986 1011.510018
907.655641 1009.301219
909.842343 1009.734569
911.121011 1010.605953
913.342725 1011.167141
915.681613 537.687891
912.910521 533.431376
911.311770 543.473734
912.814450 538.881613
918.138747 534.130700
913.747677 539.131418
911.170400 544.918518
924.940881 1102.600870
922.342547 1098.940275
915.279440 1107.012405
917.453018 1107.164270
918.284512 1104.704721
913.342461 1108.984257
918.032131 1104.870697
924.217903 891.804752
926.985106 893.456879
921.230198 890.245200
916.395300 889.682259
922.391329 897.150170
920.506479 888.832698
922.319452 895.679236
922.962127 430.645520
926.889983 425.554647
928.627145 435.086834
922.406772 432.134189
925.972580 430.981187
924.562966 432.723309
921.970496 425.073582
927.969007 656.082106
924.408476 656.241486
926.740884 653.218369
930.163653 658.212917
925.917685 656.519699
923.561201 657.291084
930.562275 653.506298
934.998991 1021.278850
932.407577 1020.476960
935.091669 1016.361043
927.404024 1021.177022
931.506979 1019.883179
932.813190 1020.093885
936.103861 1018.678362
937.162558 529.364776
932.565575 526.821724
938.548818 533.908900
932.231395 535.685363
942.052097 531.830447
934.527154 530.852345
936.168676 533.000527
938.429162 1109.034410
935.374387 1108.563895
940.560815 1105.296028
934.367850 1113.503725
942.074881 1109.205729
941.518768 1112.825253
938.903075 1111.830598
936.236515 905.467467
940.394695 904.964660
943.267772 900.643085
944.260710 902.146473
942.276628 905.862409
942.060544 902.958161
940.403644 908.919157
943.781804 433.350990
944.748816 430.764085
944.858636 433.604597
943.579944 425.023140
947.443784 428.697778
943.592045 426.181500
947.193390 432.942045
950.159958 650.557391
941.919999 645.369060
938.559066 641.657059
944.610353 644.860806
941.125666 640.127561
943.878289 644.151821
939.929122 648.708460
960.123646 1023.560557
956.965302 1022.226656
953.934342 1026.772867
954.164099 1030.858991
953.517631 1020.258448
951.834494 1022.144467
957.050824 1029.880005
956.095619 525.508375
961.388038 522.152482
950.580797 522.968323
957.682879 519.340753
958.094938 526.158807
954.332742 519.851471
955.367011 524.128286
962.066619 1111.591879
959.653570 1113.328251
962.383984 1118.009014
960.326766 1115.793898
963.506060 1112.843646
961.413148 1109.524664
964.691646 1111.059202
956.991733 909.008059
958.704762 916.129928
967.479947 916.582589
962.594531 911.368169
959.794507 916.342225
962.636030 914.829609
961.797951 918.849692
964.606162 428.892859
964.216932 424.959674
966.166582 427.513829
960.929585 423.170238
962.873092 428.811707
969.308689 430.090160
964.646492 429.256601
966.309123 632.838230
960.318408 637.626229
961.125245 630.366030
966.697967 630.715397
967.321531 633.704718
964.023459 626.223920
967.390726 635.089725
977.910204 1033.785779
977.459652 1035.898675
971.587883 1028.199190
967.679730 1031.748132
974.210665 1032.070384
978.759137 1027.435572
981.148986 1033.570117
982.978245 523.861595
977.287933 519.507301
976.912330 519.338809
975.653030 517.663955
977.552214 519.823862
978.902347 522.132608
977.544012 521.651171
979.718344 1125.614345
984.312215 1115.804593
982.187708 1117.496724
980.799136 1120.758045
977.467291 1122.379752
985.621106 1123.424819
979.090753 1115.746466
983.370305 929.503999
983.522272 924.236356
983.768889 924.583013
986.930087 920.273804
986.148124 926.381960
989.765782 919.600039
980.009065 925.548113
993.026480 426.315417
983.308661 421.675300
991.468198 422.347467
984.256132 427.883757
987.221808 422.954859
986.336840 422.899258
989.413472 425.886785
987.993116 619.325758
987.284156 611.679687
982.200813 616.945997
992.952551 615.345385
992.630201 621.373085
984.347627 614.535274
981.564587 616.409692
993.609025 1043.149101
997.098066 1036.466277
990.486039 1032.470320
996.416213 1032.152758
992.331064 1036.138939
992.979554 1034.727970
993.323376 1037.978050
998.552516 519.227443
991.620495 517.238043
997.528686 521.697926
997.125601 518.964390
1000.649488 516.572002
994.657473 515.462885
998.377789 518.446425
999.357250 1127.075792
1000.259012 1126.235330
997.970300 1122.935544
1001.164534 1125.677111
1002.438712 1127.108314
999.852888 1129.861283
998.831936 1130.191958
1004.899504 936.984912
1004.913249 935.850853
1004.364374 939.085557
1005.793679 937.562291
1006.231153 934.377776
1006.699210 939.588625
1009.578107 936.769713
1006.624809 415.175515
1007.686790 419.432124
1014.035222 418.644780
1011.545833 415.992572
1010.373388 424.701468
1003.136920 414.396841
1002.942647 424.072717
1008.238592 601.601173
1010.189956 605.800448
1007.981164 600.603523
1009.869665 600.884211
1007.789926 603.751418
1010.932152 606.734667
1010.133617 594.720472
1009.182783 739.493947
1008.200730 743.421172
1010.930357 745.001646
1011.109225 742.368398
1009.942332 742.383646
1006.948401 749.376361
1008.969055 742.699414
1016.799479 1035.615816
1017.102314 1037.942087
1016.064962 1034.475743
1015.784469 1037.425939
1022.596405 1034.452494
1022.028133 1040.952949
1013.392942 1040.957184
1021.940084 514.217632
1022.523546 523.555159
1017.828734 526.725063
1021.742149 521.930744
1016.273403 515.694380
1025.921287 520.655266
1018.664361 521.425096
1016.966277 779.205221
1005.370056 771.206667
1010.373003 778.112228
1008.241857 771.667268
1017.935959 777.327005
1018.974229 771.762080
1012.543287 772.789816
1019.047876 715.381358
1009.894384 709.732722
1017.345119 714.719275
1007.270273 710.037571
1013.372812 711.273517
1014.473210 706.219859
1012.699014 711.463507
1030.468115 1134.732510
1020.742012 1129.462084
1022.702874 1132.235281
1018.580340 1139.332196
1018.509728 1138.436625
1021.549876 1140.812042
1021.120374 1135.424858
1026.104898 955.358579
1022.279855 956.724096
1026.772653 952.875493
1028.868269 952.513617
1025.913517 952.351364
1024.753595 954.697651
1023.144581 955.035098
1022.724357 792.947323
1023.298096 797.748448
1025.004065 796.810641
1020.249597 792.581300
1026.279337 791.049098
1024.063407 798.395878
1021.864653 796.281327
1027.336601 690.375315
1026.003303 697.174134
1021.462682 691.146608
1017.928248 693.207096
1027.789973 694.369675
1025.191039 697.719709
1020.392403 695.066932
1030.899984 418.625618
1022.205907 411.503777
1029.861038 407.825958
1028.283687 415.000512
1033.287349 419.100194
1029.629039 419.249706
1026.028845 410.925055
1029.187774 580.089978
1023.319857 580.129512
1023.008530 580.734305
1024.520710 580.529442
1028.048371 575.326423
1032.463339 581.319752
1022.060428 578.872500
1034.247848 815.152709
1034.794244 820.588956
1032.186279 817.828816
1034.281397 820.239408
1030.367251 813.877962
1033.458734 817.274503
1038.995702 818.323099
1038.877331 1037.331093
1034.438361 1037.868646
1030.747166 1035.732555
1031.965964 1036.311506
1042.379650 1036.163741
1044.917032 1032.697201
1043.544008 1030.396062
1036.224838 539.857297
1037.127626 530.782689
1038.088728 529.991015
1037.814100 528.224518
1039.063515 526.135200
1040.245830 538.405963
1033.988882 533.569248
1037.108801 666.709084
1038.488626 672.051169
1038.305003 670.716007
1035.799736 665.184430
1039.307850 672.111049
1034.611442 676.919558
1036.948611 670.954447
1048.967828 1138.459839
1044.179325 1140.399732
1038.793032 1145.584905
1043.777632 1140.980634
1041.828585 1143.798515
1045.680554 1144.776437
1045.170977 1143.232688
1042.250641 561.723154
1041.589013 554.320411
1042.936138 561.310640
1040.372273 559.309208
1035.334181 558.721446
1040.490185 560.403521
1038.555606 560.042012
1041.467149 975.956420
1042.757501 966.983698
1051.502727 971.546411
1049.158643 971.550941
1046.756842 972.057445
1052.445859 970.916548
1045.780191 968.869629
1043.686919 403.224365
1042.722772 407.878318
1048.984315 413.324679
1050.278519 402.775956
1047.205667 403.588763
1050.241018 411.331573
1049.822875 408.672890
1049.979554 836.399719
1055.748554 839.507062
1049.173147 838.737474
1053.549688 839.685376
1051.250783 833.175894
1045.961561 839.692966
1046.764478 837.490180
1046.519967 542.239996
1048.842186 545.050365
1047.068016 545.575675
1042.976829 543.656942
1045.711060 548.148742
1047.156556 548.395210
1047.249353 541.069440
1056.986247 650.190153
1050.808361 651.181154
1056.529162 651.116133
1058.977000 652.211797
1063.421812 654.288455
1058.487153 649.130103
1057.152908 649.687171
1062.637843 1020.276328
1056.648899 1029.712374
1058.809133 1021.014283
1059.145125 1025.393684
1056.808381 1028.808410
1060.284269 1025.641823
1054.309350 1027.617604
1062.627013 996.006165
1065.741542 993.016906
1064.950147 993.186232
1059.371087 985.472523
1066.119441 990.195820
1064.456157 989.700477
1054.869142 992.645304
1065.499185 1150.510376
1069.477862 1144.029774
1064.510943 1145.723644
1061.296951 1153.617524
1059.774291 1149.069954
1069.509483 1143.852538
1064.209953 1152.453705
1067.982768 866.986922
1069.701019 859.619176
1073.981025 861.137075
1067.721123 859.757647
1067.576449 862.231329
1067.116890 859.796619
1067.002784 860.099958
1068.069320 403.848502
1072.908178 399.944716
1065.635975 400.730330
1065.976161 405.503536
1067.766190 400.620675
1066.622867 396.575104
1065.911799 404.805110
1062.747362 1004.644591
1069.408503 1004.239792
1067.546438 1007.553305
1069.260170 1013.643783
1071.254493 1008.788553
1069.738211 1003.837065
1067.353428 1007.309940
1084.729224 632.917775
1078.789064 627.493988
1082.181281 638.992043
1084.600666 636.645212
1076.618904 636.227191
1084.595660 629.503295
1079.256654 631.996422
1090.846416 1160.850426
1091.360739 1154.434147
1090.070260 1159.119494
1085.523499 1158.589991
1081.739843 1151.556476
1081.916914 1150.977659
1080.314633 1157.882986
1091.413704 876.022332
1086.343604 885.510281
1094.215788 881.651959
1084.690209 879.425591
1089.519794 881.719026
1092.813498 877.992446
1085.992615 878.540519
1093.786472 386.688991
1094.285823 392.545456
1087.742295 393.440613
1090.735195 391.587504
1092.475687 391.885387
1096.140160 393.520622
1090.793270 400.233647
1097.237766 611.828071
1101.120007 614.807467
1105.162270 622.541156
1098.941853 610.970908
1100.166722 617.847530
1100.393444 612.622850
1098.766554 624.630230
1107.066514 1162.335111
1108.097535 1165.312119
1104.112160 1165.545970
1111.139472 1159.400772
1108.698415 1160.443685
1107.631504 1162.773698
1107.463995 1161.331848
1105.321290 901.408732
1108.779547 898.903862
1106.049400 898.848375
1108.998091 899.795715
1112.510064 898.597196
1107.478640 900.113674
1103.259818 901.696625
1115.860786 386.222045
1113.633090 387.787430
1114.705653 389.977722
1112.739884 387.088003
1115.996481 389.479090
1116.064514 385.547837
1115.778005 386.462599
1119.390735 607.802336
1121.005027 601.704182
1120.555542 604.498911
1120.187665 603.932398
1121.352154 602.051262
1120.089088 596.936915
1123.155301 604.147562
1124.888200 1169.233342
1126.202894 1166.994037
1126.634441 1168.977446
1128.006028 1167.860217
1131.886440 1174.459301
1130.517401 1174.198252
1129.160955 1174.219885
1130.258044 916.506858
1133.562072 921.748598
1129.597103 915.475666
1133.142635 918.454593
1129.089931 915.987276
1129.398262 909.675088
1135.744643 921.538994
1138.191600 379.795634
1132.381253 376.082159
1132.246478 384.733129
1131.543232 377.575457
1132.876250 381.203248
1134.496421 379.068977
1140.229526 381.878346
1137.207734 588.420034
1146.877478 590.228506
1139.863761 589.850358
1148.464031 588.965967
1140.105960 590.301606
1142.486441 582.844148
1141.462101 589.905797
1148.913717 1174.236028
1150.138721 1167.499586
1153.526400 1173.673187
1148.817104 1174.467094
1151.880978 1172.910137
1150.223960 1181.492248
1146.265686 1171.475416
1145.378455 937.150343
1149.206178 934.933606
1152.110481 939.275840
1150.177365 928.651315
1144.699538 936.528902
1154.821034 936.377699
1150.217314 933.807567
1151.391852 375.492375
1154.161968 376.506107
1152.455686 377.328344
1149.910336 377.196645
1153.941662 377.173619
1150.550011 374.408027
1157.003986 375.883564
1166.576783 577.052860
1163.607745 577.294818
1168.893256 580.833347
1169.563929 580.202823
1162.611474 582.362359
1165.212495 584.045113
1166.870865 577.930128
1174.624635 1174.707362
1168.688402 1176.519293
1164.661450 1180.509453
1172.781498 1184.379864
1170.811748 1178.150106
1170.313472 1180.412043
1170.645649 1180.284079
1172.016048 952.091284
1169.713587 955.340373
1172.301526 952.046885
1171.175334 951.880560
1167.623917 949.816651
1177.237206 950.328630
1170.740934 949.067479
1181.945410 372.522968
1180.222717 373.308691
1174.369605 374.614601
1181.542205 375.454435
1177.495052 363.981827
1176.154327 372.727916
1177.782177 372.482609
1183.800181 565.384133
1180.262397 568.850241
1185.259890 566.177510
1184.318446 564.415779
1182.607208 565.584913
1186.961641 560.203459
1183.918642 560.691925
1191.677927 1179.152696
1197.418119 1177.017591
1197.909702 1180.604736
1188.062601 1178.751676
1185.945514 1179.237105
1194.518170 1179.172253
1186.838488 1174.047298
1193.240559 972.249411
1186.182360 969.885711
1190.240973 971.295673
1194.611784 971.260944
1196.292098 969.606483
1196.011309 965.395996
1192.861209 970.828594
1195.984345 367.060667
1196.432547 368.114239
1194.587300 368.050420
1196.235396 370.551799
1192.652483 367.476782
1197.263556 367.762514
1196.988378 366.391763
1209.254155 550.342793
1201.150996 547.057546
1206.202176 555.333515
1210.103007 549.110119
1208.317565 554.362053
1204.976959 545.325297
1204.783387 547.791978
1211.548261 1174.299949
1213.290407 1177.720904
1207.392576 1175.495941
1212.092954 1182.171642
1213.093531 1178.289122
1208.433179 1175.552453
1208.826720 1183.038614
1218.429913 989.882373
1213.394463 983.683362
1213.974296 990.487158
1214.661843 986.471563
1214.028740 989.438818
1213.492640 987.002197
1210.439453 984.226679
1222.459793 370.952788
1218.542542 367.789408
1218.002073 362.588886
1222.509427 363.102895
1220.617157 372.435560
1217.578064 363.320116
1220.541833 368.087033
1223.888833 538.472600
1229.514909 539.984367
1226.043575 534.375730
1223.611087 535.221289
1229.201792 532.326856
1226.766811 533.933006
1226.787903 536.862782
1231.516147 1167.471641
1233.103988 1169.400138
1234.150688 1171.990170
1231.935068 1167.733035
1238.866015 1166.837316
1228.178248 1172.796774
1233.582769 1169.108526
1237.879996 1003.546567
1238.809368 1012.460961
1227.537529 1009.375940
1231.457152 1009.647816
1228.972821 1009.611925
1238.211528 1003.403326
1230.021962 1005.529419
1236.781013 364.870580
1234.277363 366.150842
1241.838743 365.522215
1244.608179 371.814441
1235.097304 366.512884
1240.323132 369.424247
1239.090868 368.462303
1249.115909 522.411166
1242.735059 523.677507
1251.634192 519.294688
1252.031525 516.403058
1244.818307 516.757667
1244.031258 517.760472
1247.829951 524.387488
1251.562641 1029.881965
1248.660159 1029.570609
1252.313199 1030.363553
1253.152033 1029.542994
1256.847310 1030.776054
1254.164651 1027.806848
1247.632878 1030.919120
1249.041643 1150.475489
1253.901666 1149.382466
1249.629304 1156.194840
1255.110007 1150.370908
1248.900736 1157.354769
1256.295925 1154.101196
1247.535202 1150.773210
1260.050667 377.234719
1263.314566 378.976275
1260.705863 377.788751
1262.563154 380.595672
1255.795102 375.394834
1262.747530 379.983884
1260.009901 377.593948
1268.547478 502.811388
1267.577371 506.607107
1268.059195 503.816279
1266.823282 502.618242
1262.719304 504.034100
1262.292185 506.135812
1269.168640 499.884843
1269.406983 1045.824295
1262.346023 1053.719032
1266.237865 1045.695835
1262.902285 1053.119236
1262.911880 1049.916530
1259.676797 1048.837926
1264.609523 1052.014969
1270.745208 1131.595909
1265.081998 1128.034894
1270.938342 1136.063480
1263.040932 1131.896672
1269.130267 1136.948382
1270.019382 1130.046322
1266.401617 1138.033974
1277.977562 394.701564
1285.407351 397.128698
1279.271725 396.225060
1283.154940 393.809086
1277.934906 394.762572
1284.261957 396.718251
1280.213438 396.693641
1274.956330 1069.804776
1270.322174 1067.861670
1273.954514 1071.693315
1274.126126 1071.879935
1274.000001 1071.922731
1274.568625 1076.970716
1274.394416 1067.343174
1277.914594 1112.693944
1279.214604 1106.932393
1277.108252 1110.518158
1278.092447 1110.514470
1276.198599 1114.042378
1279.778753 1106.798749
1278.661866 1112.375004
1280.228243 477.860028
1282.813134 479.844039
1283.785292 482.536864
1283.331658 482.960556
1283.423728 477.326491
1279.169799 486.451065
1284.505270 488.885542
1277.879054 1084.715664
1274.842269 1086.984120
1282.162697 1087.466133
1277.868880 1088.613303
1284.510049 1092.740041
1280.873423 1082.866641
1273.576378 1094.306080
1291.480438 414.377812
1290.479060 411.173191
1291.883333 413.431483
1289.026963 417.493643
1291.846608 413.750682
1289.143052 416.339877
1286.492220 417.397367
1295.411169 461.226539
1295.914010 462.878249
1295.160289 460.905916
1293.736729 460.359198
1292.593488 463.586136
1290.465344 457.257775
1295.264285 461.042434
1299.741096 442.501475
1295.794613 444.528377
1296.368424 440.995115
1303.084138 445.495690
1294.764583 441.918462
1297.131872 442.264635
1301.454782 439.045902
1298.925299 424.564774
1299.312574 425.646058
1296.290655 429.320081
1294.280212 435.525750
1300.604761 428.798999
1298.212318 436.050884
1291.997977 433.945927
