422.425690 828.309944
417.005784 842.492626
416.980946 870.203132
461.196617 881.774777
408.441702 888.090257
448.815930 899.957338
426.659692 893.659414
431.870101 908.603527
442.817873 941.385752
409.163777 920.506736
411.165845 1010.079369
428.527956 1054.607485
435.176014 1067.403435
423.853433 816.895029
416.288469 842.856329
414.310213 934.437166
451.362795 1042.152760
443.738064 1074.016541
424.606355 812.307449
437.855543 812.256497
435.194332 965.057887
450.745093 1084.649864
437.471785 964.431866
452.514688 985.818392
489.464836 779.561340
458.595102 1084.433795
442.399109 785.837570
452.590186 972.161086
463.488654 1028.277618
469.985506 752.659338
451.845485 1083.908904
467.871974 737.685874
458.108492 979.222575
455.983223 1010.613713
478.265618 724.780025
471.360644 1080.761288
474.645394 728.653265
460.928745 980.640751
471.871630 1019.323974
492.365323 1086.061718
501.261147 696.503153
494.673300 980.512376
493.139278 1028.618826
476.456383 1083.708039
473.038329 728.476311
504.622838 997.285322
482.180802 1051.937841
491.471751 705.900325
507.984400 1083.774093
506.026550 998.435542
494.514886 1043.746063
502.536366 688.338774
489.885534 1081.958850
538.196434 1010.916894
473.941867 1033.927205
503.712835 686.893201
515.870309 1092.003845
531.127895 999.187108
519.928020 1030.726108
517.788558 680.295658
530.650923 1089.699800
510.895792 1008.878747
528.742601 1049.680515
532.071094 671.150329
505.549266 1091.660713
528.314315 1004.007607
537.780088 1053.178851
531.125995 671.623131
563.202702 1094.849230
561.589422 1009.582077
536.038951 667.795766
556.732117 1063.674199
552.614384 657.635843
577.585630 1098.898610
565.819731 1009.976653
524.984490 1039.726879
574.004142 642.162642
578.516179 1021.917625
570.064161 1099.168726
605.839426 1063.279821
571.222616 642.919799
561.748618 1016.504352
582.376270 1097.431875
584.852827 1036.700635
588.523836 632.118166
578.599487 1015.974297
580.702893 1099.217127
579.475014 1033.971553
590.425430 632.128843
572.416561 1086.951714
610.250207 1027.939084
580.574828 1020.374364
625.588629 614.522960
616.028723 1015.484343
568.716493 1099.694748
620.674103 1042.109778
602.779269 624.209246
610.528453 1021.286344
653.204441 1087.501242
615.599416 1048.001099
635.969702 608.015154
646.060855 1019.350631
606.695913 1089.046305
623.154295 1028.935855
629.076128 612.010613
661.576172 1005.448544
659.345087 1087.288581
646.933831 603.279543
640.692197 1061.853561
629.349029 1024.401833
655.604796 1087.718448
638.306628 604.884179
650.588622 1044.417078
652.554819 1016.980984
663.721200 1084.639290
629.619662 608.743316
629.256814 1039.772270
665.006479 1013.722980
655.618608 1088.401366
653.198427 599.718169
673.147333 1035.566847
684.146247 1077.880206
661.792035 1023.517694
691.500916 595.962965
686.129201 1033.057678
664.160095 1082.484710
692.890005 1030.082291
692.270158 1033.676549
664.332257 596.594647
696.470964 1065.979413
708.395799 591.119763
706.071837 1074.787405
707.326427 587.028709
729.621021 1066.537018
738.986286 585.592178
756.301590 1069.472663
713.398084 572.167424
748.335658 1072.475955
746.062350 599.719069
759.120995 1069.360646
727.209741 580.482018
767.535985 1069.812920
741.925024 573.962193
767.236736 1067.483658
736.597516 592.176903
771.793581 1069.240679
737.015271 577.308139
781.470224 476.059527
791.501536 484.735148
785.731503 467.369292
809.300389 1064.633479
784.691562 459.625717
808.317486 478.890182
762.690829 576.602025
797.383716 447.570273
776.033788 520.199891
780.972319 1066.395394
782.390393 575.916576
804.661662 444.964858
799.805512 513.617300
816.286432 1060.462569
820.410994 576.785006
819.423319 435.159244
808.079607 514.206603
851.286738 1044.987414
797.909680 569.983805
848.150636 423.453401
844.817580 516.408051
776.610363 553.018881
799.095087 1047.714221
811.760211 513.795394
803.580767 542.463971
792.529850 580.032527
839.713826 425.872124
806.167413 505.800235
825.740594 1052.757595
844.349206 544.800226
836.542130 574.738824
850.632119 423.739448
827.263548 1045.560264
819.590508 535.440557
834.420010 570.659877
828.938579 434.989909
832.075515 554.407511
852.521893 564.326610
819.665936 1047.277286
839.413886 427.442795
846.554590 1043.287616
902.415883 441.112017
852.710749 1042.160143
890.227916 434.193732
879.974409 1046.024560
894.785309 440.714422
915.504227 486.025881
878.540506 508.788168
903.127253 1041.453991
870.228294 497.850933
892.789784 529.759580
892.848685 538.802336
867.784409 537.711389
870.539661 429.646493
864.993730 550.798168
863.215276 472.976592
913.241428 1040.453802
914.647510 579.907372
915.868187 495.154411
896.116784 532.896923
920.583905 432.630291
942.423166 470.201419
921.364593 1035.070273
908.162304 575.254908
924.769131 432.031814
901.920276 479.830706
921.087105 579.939913
923.118149 1036.657546
932.301694 436.035965
938.704181 504.189215
903.875433 569.398695
923.609624 1035.775647
953.580096 443.947692
939.532570 491.448108
924.741062 584.703424
960.118426 1007.314023
965.264068 465.796906
952.255319 442.520144
927.579358 463.575896
967.892444 572.075426
927.884811 1020.509570
944.468575 448.670844
969.962007 477.916747
945.169172 1017.791046
971.039419 559.289842
935.179173 971.946456
972.277567 994.945231
945.253361 1003.805665
923.990198 566.733716
976.204104 979.173909
984.532425 552.767198
1004.332366 978.437601
987.673250 558.100377
1003.010526 978.232301
994.554035 557.171956
1005.866732 982.164198
982.498416 554.540426
1014.253548 978.521499
1031.047654 557.170811
1043.998404 979.437116
1013.498777 556.398161
1047.962400 559.877936
1036.566394 978.943544
1056.441323 559.768921
1051.775166 969.859915
1064.187436 569.260459
1028.283389 982.750935
1069.531963 580.478531
1087.942287 980.116483
1036.486278 567.549503
1084.770497 978.332625
1055.905540 561.276540
1086.849604 980.517941
1112.332584 608.144846
1110.618582 662.575357
1098.164739 671.162323
1093.938953 675.680430
1108.649269 969.124691
1088.362289 579.945763
1086.875723 648.892737
1127.491757 688.002690
1128.283527 971.635454
1077.053241 587.346218
1078.985931 670.785926
1081.639857 678.878245
1107.105873 957.754710
1110.705935 590.754043
1169.319397 687.515159
1124.871723 689.707080
1117.057661 853.609049
1121.923057 853.081446
1141.669549 870.118720
1095.448982 868.679753
1113.418613 971.563595
1112.406710 579.811556
1104.453788 878.495913
1117.849740 669.241294
1146.008618 839.065478
1119.190075 678.947438
1124.189618 961.199455
1176.406649 595.092471
1122.196654 889.133494
1130.663126 643.239557
1135.539061 836.458741
1126.622384 676.717491
1129.187975 964.998240
1154.073900 877.308395
1130.135585 595.793817
1170.184270 670.263275
1168.215520 673.719876
1137.102833 835.362054
1133.502761 968.774310
1162.285165 866.816807
1164.675960 598.159318
1133.553402 652.432112
1176.554316 674.592942
1168.042403 845.921556
1175.423832 946.540958
1197.315393 852.497402
1139.293649 604.503861
1143.243497 668.791887
1150.316648 681.697931
1159.077066 807.117513
1165.682977 952.634565
1156.693670 874.164766
1190.327143 614.481420
1204.052595 651.083963
1176.406613 680.516161
1184.364579 833.054036
1171.816555 946.712339
1200.813258 856.931821
1173.745089 599.564649
1171.102848 939.976364
1193.337029 658.498296
1167.789200 662.434633
1150.254744 836.280468
1224.685466 862.820340
1203.254466 923.408018
1174.830302 595.380911
1212.102491 880.227366
1204.213852 921.549153
1180.698714 666.176628
1199.980976 831.997431
1187.679816 629.915970
1210.385234 897.030330
1202.754739 911.904681
1195.820221 620.994401
1196.949192 636.465381
1223.857732 663.103214
1243.875664 824.673680
1171.978927 611.747733
1210.075228 635.348495
1209.444355 664.200686
1220.958321 823.869730
1244.310389 820.621104
1254.825120 672.169029
1243.862116 667.774626
1204.646787 824.947330
1231.199167 825.385259
1255.569990 680.954014
1238.029906 806.799031
1241.951988 667.060655
1273.614011 814.181093
1278.218673 667.472538
1259.087533 808.496056
1263.233073 676.908433
1287.455102 804.453681
1302.149215 667.755057
1255.409036 809.552342
1304.308718 664.649880
1309.668618 795.521142
1285.020708 661.728438
1328.100447 781.726315
1321.152900 689.129811
1338.513101 781.843359
1339.923105 655.772931
1310.060808 793.327664
1340.865878 659.754196
1348.892646 776.594063
1345.246257 652.967753
1341.099729 779.530492
1355.897759 642.999455
1380.920334 764.005551
1362.677082 640.290330
1401.790062 749.668459
1356.499045 646.081085
1369.687738 756.743873
1382.240794 643.634116
1360.493294 764.879977
1387.082514 659.329757
1387.502200 756.685790
1402.155974 684.611851
1424.151450 746.124104
1430.999687 674.240535
1425.145794 742.733060
1421.473536 656.857329
1444.961062 716.555577
1436.336042 659.586388
1458.485371 726.097129
1453.339834 658.462088
1439.037921 716.598378
1452.850287 650.264709
1425.833664 717.367792
1446.333853 651.397037
1513.183543 720.735247
1526.655128 619.090650
1487.847402 724.640298
1429.113012 651.927053
1476.199784 725.894882
1501.511678 641.405496
1513.338119 713.778317
1516.676756 621.273060
1504.449116 720.018574
1522.959180 618.323213
1534.544261 712.701941
1523.844187 617.754571
1501.911381 704.320304
1511.953232 627.518860
1514.534562 710.432053
1541.103826 631.644475
1540.417721 710.817690
1557.111294 655.929319
1576.289888 707.628751
1564.576424 647.904924
1577.855062 707.046240
1573.401334 651.004455
1559.165299 708.628111
1581.803792 659.904990
1580.049475 699.596403
1571.198894 652.392709
1583.762405 657.200992
1571.134046 700.886083
1584.387812 671.771429
1582.619545 668.259050
