422.425690 828.309944
417.645161 842.659726
417.681074 869.445323
460.799871 882.203604
411.734449 889.977497
448.813597 899.970931
426.612667 893.732793
431.855985 908.854380
442.837439 941.460169
410.304615 918.002657
434.014052 992.839320
439.395953 1051.470293
447.322727 1061.709856
423.853433 816.895029
417.087243 841.716709
419.510985 929.912843
454.065136 1032.690974
448.634929 1067.459842
427.133281 813.527730
438.301413 813.016552
439.868651 962.130286
453.518307 1082.209421
441.650287 960.851189
455.208909 983.992754
489.271088 779.902322
459.281415 1080.608194
445.489687 787.774980
453.180823 971.356412
464.525504 1021.221467
470.170155 753.204083
452.639469 1078.831821
472.331617 738.490879
458.343693 978.903721
459.002665 1006.705853
479.234171 725.444655
472.556625 1074.721378
476.599139 729.796344
460.716701 981.222707
471.581852 1014.914506
492.365323 1086.061718
501.261147 696.503153
493.986409 981.422517
492.803639 1025.398910
477.123903 1080.367459
473.038329 728.476311
504.499580 998.070026
483.809949 1046.787827
491.471751 705.900325
506.833084 1077.410169
506.338382 1000.755225
494.744680 1039.846764
502.536366 688.338774
490.557818 1078.059287
538.257542 1014.510638
475.518933 1029.374697
503.712835 686.893201
517.169115 1086.386022
529.727198 1003.233824
519.717107 1028.950404
517.788558 680.295658
531.225812 1081.040766
510.931860 1009.603642
528.447625 1044.693754
532.071094 671.150329
506.308983 1087.234812
527.280244 1007.714701
536.371443 1048.605973
531.125995 671.623131
565.918428 1088.555817
561.082757 1011.999757
536.038951 667.795766
556.428324 1058.556222
552.614384 657.635843
579.178343 1096.301100
565.819731 1009.976653
524.596111 1036.908912
574.004142 642.162642
578.516179 1021.917625
570.979120 1092.292154
605.056901 1061.365393
571.222616 642.919799
562.090188 1018.413046
581.058731 1095.017617
585.029902 1035.668201
588.523836 632.118166
578.317704 1018.511157
581.926412 1098.122035
579.417985 1033.792005
590.425430 632.128843
571.857834 1081.780515
609.786755 1030.477637
580.367720 1021.623264
626.231345 616.483927
615.721145 1020.738454
571.268405 1094.554596
620.667717 1042.150991
602.779269 624.209246
610.035919 1025.427052
653.590838 1085.767923
615.887041 1046.394983
636.507420 608.835884
647.276313 1023.972955
605.947936 1084.041765
622.619444 1032.069356
629.620974 612.789122
660.034681 1007.956033
658.053666 1084.837049
647.005493 603.338957
641.401591 1060.657423
629.486519 1028.405093
655.604796 1087.718448
639.186641 606.613612
650.602822 1045.038286
653.970809 1021.046914
662.837347 1082.984944
630.890851 611.416908
629.045593 1040.252055
662.016287 1018.540837
655.234959 1087.288111
653.198427 599.718169
672.038032 1039.468135
682.605398 1073.432320
660.369583 1026.012226
691.438710 595.626824
684.493759 1036.692048
663.969346 1080.706165
690.914268 1035.120004
688.854904 1038.506896
664.743776 597.831852
696.665911 1062.338585
708.394632 590.915975
705.220446 1068.969864
707.773051 587.934564
730.044302 1064.599613
738.376180 586.999538
756.367145 1068.662729
716.130750 575.725447
747.968707 1069.208755
746.223433 598.991836
759.120995 1069.360646
727.746349 584.113039
767.531833 1068.762374
743.379840 578.583406
767.180672 1067.124751
736.815802 591.291390
771.553522 1067.408517
738.244197 580.833814
789.957961 479.604994
791.413154 493.004589
790.482109 476.276719
808.058064 1058.257995
791.092523 465.494507
808.819656 485.946374
762.530133 576.286749
807.419838 456.890209
781.212896 524.941223
780.972319 1066.395394
781.116062 572.491201
812.984946 454.310035
801.700644 517.055516
814.552255 1054.489768
820.737133 569.179702
823.586643 440.768054
806.599151 517.401540
851.376692 1045.759133
797.398696 565.073969
848.150636 423.453401
844.623034 515.533526
778.407283 555.698643
799.215385 1049.196469
810.994488 517.106213
803.631907 542.697289
791.046835 574.981768
841.530298 427.859657
805.059725 509.373398
825.394467 1051.505864
844.612744 541.045267
837.137842 565.231170
849.893807 426.720562
827.895622 1048.891331
819.477868 535.664503
832.767814 563.924793
831.287448 441.028829
833.543564 550.455781
852.940937 557.022587
820.076350 1049.846112
840.447938 431.196615
846.588745 1043.605978
900.795421 449.169211
852.978835 1043.845590
890.220029 439.266170
879.458164 1042.821826
894.269132 448.162011
915.473729 487.834163
878.137336 507.212885
902.175354 1038.557714
870.079424 497.251329
892.769576 529.573676
893.139318 537.966618
867.498894 533.874094
869.653508 434.950931
865.256965 546.696922
863.219963 475.381783
912.542954 1037.853467
914.835021 578.820814
916.071517 495.947979
895.976838 532.281974
921.409696 441.326985
941.649793 477.929211
919.883538 1032.939309
908.473904 574.049468
924.508753 438.910383
902.179299 481.912593
921.283632 579.496263
923.118149 1036.657546
928.607614 446.512407
937.778866 507.182780
904.622492 567.570693
923.519075 1035.202104
943.787475 453.231811
939.219599 493.090918
924.759603 584.685562
958.850383 1004.741307
954.310840 476.608981
943.627220 457.659111
927.238193 470.335838
968.303043 571.148439
926.300738 1019.007966
942.308653 458.456439
962.360305 486.133897
942.565716 1014.516257
971.141197 558.303329
935.436084 971.632730
971.346777 992.883976
944.997135 1002.252216
924.044891 566.525872
976.473600 979.776881
984.788887 552.409673
1004.332366 978.437601
987.338693 556.599994
1003.010526 978.232301
994.547296 557.212673
1005.861861 982.157357
982.492472 554.516031
1014.270034 978.731489
1030.791749 558.841733
1043.926575 977.724628
1013.498777 556.398161
1047.962400 559.877936
1036.566394 978.943544
1054.508537 565.634408
1051.458225 969.317938
1063.750138 570.265972
1028.024902 981.167343
1071.156891 576.308496
1087.448695 978.652011
1036.811487 565.131297
1084.525908 976.211807
1054.514297 563.795755
1086.849604 980.517941
1111.743404 610.794845
1110.574891 662.270985
1098.315825 669.510474
1094.180032 674.152848
1108.649269 969.124691
1087.697834 581.823006
1088.624815 646.947390
1127.457004 688.045534
1128.283527 971.635454
1080.408822 581.083751
1080.004269 672.933657
1082.394549 677.961159
1106.955167 957.363432
1108.717485 595.261808
1170.375104 686.200053
1124.986090 689.522167
1119.999584 856.810324
1123.129259 855.555917
1141.742732 871.035713
1095.448982 868.679753
1113.017623 970.041684
1108.992528 585.937196
1107.571469 881.366305
1117.856374 668.900843
1145.919027 841.991709
1119.392600 678.411370
1123.975639 960.446396
1176.406649 595.092471
1122.191977 890.835081
1130.943434 645.553397
1137.853799 839.092629
1126.609028 676.596820
1129.187975 964.998240
1154.132309 877.153810
1129.019102 601.937211
1170.051200 668.355969
1168.265813 672.592677
1136.659470 837.326697
1133.502761 968.774310
1162.358222 866.464333
1165.152807 601.713612
1134.013605 655.031213
1175.391368 672.495219
1168.100193 846.358228
1173.551333 943.764150
1196.933674 848.356390
1139.721546 610.150238
1143.231241 669.172403
1150.261161 680.797526
1158.778536 809.974924
1164.130742 949.825368
1156.406391 873.232879
1186.018909 618.564389
1202.739040 653.153484
1177.186559 678.113929
1184.327055 834.441167
1171.816555 946.712339
1199.696178 851.999675
1174.782525 602.835258
1171.127539 940.031359
1193.214299 658.015008
1167.755687 661.668738
1150.618662 838.973126
1221.630822 860.251595
1203.254466 923.408018
1174.830302 595.380911
1212.020988 878.566170
1204.213852 921.549153
1180.188218 664.645633
1200.364415 833.090326
1187.661663 634.041990
1209.097810 896.579520
1202.754739 911.904681
1191.634765 625.391905
1195.077256 638.982488
1223.731259 663.630490
1242.402898 822.475203
1172.266097 614.294285
1207.582839 639.174131
1209.431437 664.381995
1221.055910 824.156019
1242.967405 818.017840
1254.825120 672.169029
1243.108685 669.388868
1204.843484 826.911199
1231.192618 825.385567
1254.736113 682.912367
1237.751139 807.577037
1241.561296 667.851017
1272.195419 811.316957
1278.907171 670.150581
1259.216943 809.145732
1261.756835 679.086648
1287.455102 804.453681
1301.152293 670.224175
1255.436423 809.710997
1304.359146 667.210344
1309.668618 795.521142
1285.020708 661.728438
1328.620472 780.497600
1320.015333 691.531266
1337.937494 780.501638
1340.278282 656.594783
1310.269922 792.796393
1340.900800 660.863127
1348.892646 776.594063
1345.246257 652.967753
1340.404067 777.937826
1356.884568 645.803762
1379.163905 759.559236
1362.677082 640.290330
1397.919099 744.515191
1356.524328 648.376804
1369.495449 754.580873
1382.773741 649.951753
1360.134095 764.455380
1385.754891 664.154642
1386.846337 753.667915
1402.321931 688.571352
1421.206592 736.992583
1431.987608 677.879057
1419.741161 733.143880
1421.684523 664.336380
1444.456979 711.826553
1438.921421 665.267212
1457.073087 719.546112
1453.379338 663.553454
1437.970312 711.949906
1454.782989 655.629574
1424.594011 713.605575
1447.394841 655.572243
1512.040053 716.229395
1526.184595 620.690762
1487.077581 720.885249
1429.693742 660.379583
1475.605322 724.120567
1502.189394 644.106409
1513.331198 712.279478
1516.676756 621.273060
1504.449116 720.018574
1522.959180 618.323213
1534.209995 710.134984
1523.844187 617.754571
1501.771454 703.494171
1511.852946 629.257288
1514.587230 710.032479
1539.154992 633.759007
1540.217511 709.578991
1557.359817 659.148826
1576.462762 705.147719
1563.713246 649.978756
1578.685633 704.197844
1571.208568 655.293132
1558.767165 706.712937
1581.803792 659.904990
1580.049475 699.596403
1569.862884 656.650620
1580.740928 661.154542
1570.969474 698.710009
1581.683284 671.344169
1583.012266 669.978510
