431.818653 866.599605
429.552130 862.223042
435.111015 867.883619
442.488059 874.957635
428.777200 894.001871
428.755262 902.100932
428.504328 905.643533
432.337510 933.549335
429.938584 919.857707
430.351999 928.192134
433.191814 1043.096922
428.255573 1047.997490
433.934611 1060.653021
431.257014 829.255342
429.816398 836.379265
431.287799 938.736270
433.184912 1029.306223
440.014895 1065.471817
435.759025 803.314482
437.267874 800.056160
435.337895 960.062438
441.274022 1068.040993
429.964482 964.656064
457.430884 1028.018871
444.674997 779.379767
461.534410 1083.407182
450.419347 766.848907
459.092104 976.457932
469.182376 1034.227834
467.021724 741.242165
459.229278 1083.512711
465.143005 729.343606
464.301504 982.713430
463.464251 1031.148478
464.228635 731.029430
473.229175 1083.365123
468.370754 728.918781
460.623042 981.129689
497.929574 1032.200167
490.174116 1090.903782
475.280421 726.223714
470.134851 977.575211
480.815712 1041.176631
477.580823 1089.596518
480.293252 718.842442
479.740535 982.398206
474.503982 1041.466077
500.278489 700.221435
491.212918 1087.296156
509.450514 1003.672317
486.675472 1053.422423
511.682459 689.564642
480.569270 1093.288671
520.731571 999.475115
502.631192 1041.682402
500.303892 699.392809
511.718672 1083.971469
526.856895 1016.119859
526.623904 1043.127592
524.838392 678.418099
516.598874 1066.839819
519.287272 1000.844048
529.469893 1041.199829
527.176169 677.027109
537.079275 1079.808943
522.379186 1003.160358
541.632299 1049.191498
539.022417 670.565151
549.117478 1074.849401
555.355167 1012.604405
558.864668 660.579711
525.239187 1042.400415
564.229335 656.481643
553.432956 1087.834311
538.452950 1014.477960
547.230003 1042.757729
563.691156 657.029842
557.226590 1014.455901
555.768744 1084.573365
567.140446 1043.784794
566.630945 654.232604
556.512578 1011.043577
584.951690 1079.022950
559.337995 1051.417107
592.293857 638.326925
587.681043 1024.608978
581.183436 1089.318916
592.639575 1041.710028
578.073981 645.721887
604.154353 1080.239633
580.299026 1023.357884
613.496823 1042.475581
605.168289 630.698783
606.378990 1030.654382
619.325125 1068.489455
590.881685 1046.674322
619.641230 622.042183
621.187437 1015.190164
605.434720 1079.195727
620.021048 1044.812117
629.154697 617.280993
631.703427 1007.004172
638.470425 1066.222162
626.804487 1038.376030
670.014863 605.264284
636.139938 1021.378451
647.178513 1079.422121
648.940017 609.043712
627.946202 1039.575788
655.742060 1030.107412
622.855812 1075.414049
644.379984 612.384846
637.462767 1036.564279
660.214597 1018.070107
656.055396 1078.924543
651.676613 608.910481
654.004420 1042.688954
666.950469 1006.254301
683.729909 1086.770566
660.433740 605.808595
673.109292 1024.955516
685.056677 1085.367256
668.799833 1009.165161
686.676586 599.987144
664.060911 1030.445454
699.662304 1083.730404
675.279880 1009.647519
684.130925 1038.792082
706.541201 594.229246
682.203627 1079.784917
707.292120 592.766044
678.622063 1083.754953
703.983866 595.091036
714.114912 1080.814348
723.785755 583.057220
706.299452 1081.887963
696.997723 597.302991
744.948502 1073.155860
728.809119 583.044798
738.126732 1074.731378
733.092211 585.116810
745.227305 1073.678019
752.145199 581.862821
758.786092 1068.730314
760.784916 583.115512
757.225900 1069.386126
781.949554 575.242456
787.181370 472.295785
808.951367 477.811426
779.541352 498.829204
788.615485 1058.438744
809.532547 453.592091
783.263474 489.399030
766.077527 580.347658
795.704664 460.370984
792.598265 508.434999
816.177316 1055.165219
801.609375 581.381453
797.906439 452.070038
789.126926 521.232491
802.640780 1057.528681
828.145175 580.953027
833.853700 438.155551
799.138422 509.350702
818.914924 1055.764057
828.178560 579.688957
811.939784 451.706861
821.829591 517.795503
843.325186 542.664768
801.368831 1056.441162
843.258373 525.668385
833.143819 540.531826
823.108802 580.951074
842.824967 434.821736
817.153530 517.844927
839.057515 1052.434799
844.065843 547.735286
861.931077 567.432993
840.949139 434.230254
845.896939 1051.430814
847.471445 554.994971
827.539844 581.864494
846.106381 434.517576
848.288820 555.244534
839.514431 566.016066
842.361155 1052.461102
860.151273 440.598732
877.869002 1046.677393
866.661396 437.822520
883.055615 1048.335277
875.038092 432.337359
884.380777 1048.492761
884.096022 438.088761
882.286704 488.836582
893.941055 491.149086
919.265262 1034.655638
896.145595 494.932480
905.798931 536.874357
881.239770 534.820896
899.162624 547.482520
899.686551 441.655640
887.253733 559.414226
882.774008 496.122040
893.632598 1045.318043
890.335485 564.425338
904.966654 494.334253
895.923628 508.191003
898.474629 438.930133
905.322673 484.918791
901.674487 1041.280380
916.696656 564.032618
916.315634 444.257489
904.687647 480.711649
906.189044 565.697574
906.244156 1040.626086
916.309351 443.119630
930.503357 468.417534
920.576457 571.787897
922.196370 1028.009359
917.166697 440.570674
941.614699 467.992134
929.517230 570.243282
920.856098 1032.529660
939.303594 458.650677
950.408707 455.127267
942.078783 464.913741
948.549806 566.020285
935.934894 1017.920259
964.315395 466.472761
950.404199 451.869803
972.177825 997.897511
950.145002 567.923764
962.294905 988.317814
969.695311 982.623207
950.100546 998.937532
975.562857 558.003823
961.947903 969.011330
946.369308 557.584675
975.203306 974.896183
980.746039 558.342434
993.833823 975.699277
987.338005 555.533992
1001.637961 975.077537
1007.514583 543.794324
1028.534034 977.133705
1021.647658 552.969695
1023.354140 973.395489
1036.409069 554.933475
1045.259636 555.694026
1034.556680 974.995031
1048.131363 559.600773
1036.664811 974.745672
1045.343874 559.473602
1066.631302 971.893075
1061.380215 571.251279
1028.500643 977.051493
1063.210747 570.177968
1086.386707 970.180175
1073.624295 579.990411
1066.074496 972.415367
1095.246544 586.691401
1093.857545 660.187122
1076.517234 664.156311
1100.295933 679.206917
1083.934406 966.019597
1067.927504 580.332514
1098.739518 670.655713
1106.520875 667.390612
1101.680591 969.830430
1114.434950 602.738233
1094.952200 643.819902
1131.822240 673.440619
1089.849997 971.577404
1106.271629 587.976504
1124.826518 668.899399
1126.292577 672.539062
1119.923916 843.221314
1122.587153 854.463131
1104.151665 874.895862
1122.228206 874.445079
1115.600930 968.159185
1126.874414 594.475106
1107.532153 906.377230
1126.886316 653.184439
1127.792719 844.357366
1126.918365 675.413213
1133.733265 965.875260
1145.985831 606.206597
1143.551186 871.135023
1163.433137 664.041516
1147.413347 825.457421
1144.728899 674.942923
1148.704292 961.510391
1126.303103 869.389186
1149.729383 597.039059
1163.233517 662.558855
1147.857217 671.063472
1134.605006 843.167459
1156.603963 961.172736
1152.519650 873.031266
1137.094811 597.020158
1146.421248 662.608426
1152.591892 667.786768
1143.186962 846.405029
1157.201051 960.996027
1136.536177 866.826242
1150.953273 594.252024
1166.569348 660.932717
1177.497780 690.933344
1181.287045 833.537320
1164.615532 950.292416
1186.758497 850.160043
1186.641149 593.929840
1178.812617 644.185760
1173.466547 676.573079
1195.839670 829.974237
1169.172250 939.547006
1166.434307 869.711787
1180.825836 592.005111
1172.119441 936.941662
1170.916903 667.885166
1197.916753 646.019827
1169.672371 837.820446
1173.648504 885.428074
1182.488371 925.849221
1186.033331 597.808797
1182.490776 885.236253
1179.928461 921.171923
1205.793587 671.299929
1198.934605 823.287971
1186.890709 651.992398
1193.777554 883.703174
1190.637377 887.458510
1182.484263 602.783706
1182.194387 638.735774
1210.268247 668.569628
1214.984836 821.697557
1215.142266 627.298506
1203.102563 622.771527
1215.142696 669.378756
1213.325216 819.890699
1223.581012 825.158739
1230.991784 682.171905
1244.341653 666.051825
1242.595763 811.736958
1222.114241 799.296076
1244.925655 664.482947
1246.739875 813.096126
1264.533440 668.321023
1267.263676 803.373557
1277.979305 670.503650
1261.054007 806.080054
1256.839617 667.905040
1291.606650 792.454325
1313.055025 676.022285
1282.578244 793.515338
1283.239390 669.461386
1294.421882 791.306381
1317.408363 672.158431
1298.556986 777.146133
1312.203755 672.555887
1334.081813 773.441546
1325.568575 671.588162
1333.266113 771.615913
1326.959556 670.190790
1352.472894 766.320041
1339.908167 670.518767
1363.380490 764.558200
1368.674201 666.054942
1353.683195 756.369809
1376.209086 676.019921
1369.698307 764.455485
1398.804336 663.891423
1378.944857 763.932247
1378.618589 666.228042
1403.169985 760.187081
1394.363688 663.535133
1419.313393 755.582078
1415.893248 662.558110
1415.581672 757.085247
1404.115407 668.842765
1437.138392 742.083058
1435.322502 658.130719
1420.171240 751.941422
1444.339115 653.500784
1440.570168 733.778737
1437.118152 651.755126
1446.625931 718.843206
1458.758512 646.699612
1459.623674 718.694501
1435.319391 658.520487
1471.768190 715.345307
1472.533425 646.924126
1472.593727 703.379568
1458.250176 648.725419
1490.824091 707.986348
1487.859069 646.838989
1486.270276 694.687840
1509.135377 633.667406
1519.173059 714.942335
1516.327493 643.823703
1520.214751 710.647871
1522.174964 627.708382
1518.647498 703.354009
1523.592403 628.197459
1551.179158 714.631192
1528.830937 633.217645
1548.156727 712.938295
1562.050047 643.688151
1571.849005 709.245317
1548.369276 638.416206
1572.457035 706.537340
1569.603979 644.584042
1573.521541 703.343546
1553.980524 648.472682
1572.910487 701.411978
1601.970002 663.099387
1614.992900 663.025988
1570.848701 694.066913
1595.665955 663.371992
1598.948817 669.300691
