421.331323 858.043861
445.233106 859.931463
419.002601 868.022819
449.125751 893.265248
422.325497 874.381977
426.838485 889.707980
411.350821 892.245373
414.805113 898.770734
414.234669 917.313390
443.275110 946.806623
417.021444 1056.446015
415.769813 1061.274190
458.648724 1062.605487
424.217236 825.925092
458.452908 822.559760
421.154290 947.369287
468.927017 1036.794297
429.486164 1059.832907
479.121008 795.878244
469.602694 794.133846
417.494114 944.455446
466.302741 1067.810989
437.055563 977.061252
475.975293 1019.792278
443.075356 757.662173
494.946304 1075.135081
439.259536 794.782387
440.048476 983.031100
433.378783 1026.416967
454.989186 742.104334
449.340466 1065.295838
458.147170 776.541813
454.507907 989.516580
484.550740 1039.560387
479.044897 723.971083
469.203062 1078.142790
450.444439 739.870711
476.449770 992.501393
472.647272 1013.208242
487.566878 1089.525743
474.241910 718.120021
486.266110 990.893261
456.600854 1049.446031
496.778650 1055.135352
483.407794 708.791434
517.239365 1016.919639
476.258267 1040.012556
494.292471 699.298960
485.947901 1092.954162
498.666036 998.622570
517.536872 1053.261535
521.786029 686.730954
539.837692 1071.697416
548.463009 1000.221408
465.771150 1049.817523
531.087894 678.818428
463.741175 1083.207265
503.929211 989.990182
512.210283 1044.345323
527.736480 685.141754
541.289570 1080.194651
535.948850 1014.273479
528.467278 1046.508107
520.907613 680.723276
501.532715 1091.611509
533.745004 994.854931
543.354697 1025.132647
550.180690 662.498537
563.955388 1075.546167
557.420328 1020.918819
548.429198 662.471428
507.376980 1044.938225
563.690085 645.678769
554.864618 1082.817686
524.724696 1000.773606
500.451213 1048.224026
568.748845 642.196158
554.453151 1016.883845
596.034698 1092.731286
565.838551 1053.198835
599.162032 631.307771
554.712468 993.823169
560.103538 1087.186034
537.782767 1026.110345
582.859395 631.354305
552.966674 1001.517418
552.952070 1081.193818
590.538421 1053.872763
566.986457 641.978303
606.262937 1091.420592
599.898757 1018.517079
586.356856 1060.742680
597.114772 624.645999
604.952105 1007.513100
596.297287 1069.084816
580.849912 1049.067552
597.268049 622.875699
621.322488 1007.135332
628.491153 1088.129939
637.129746 1037.942153
620.282285 616.139945
642.515937 1020.310767
619.015135 1094.598919
636.120809 1044.949561
633.144325 618.978671
635.514019 1044.101887
601.688664 1086.187034
683.362846 621.635057
626.127376 1059.198858
645.569691 993.100873
665.331789 1084.881709
650.337663 606.105921
629.286237 1049.554797
669.596124 1011.808086
653.217108 1096.877573
665.006430 591.766623
642.063886 1053.036916
647.949773 1005.351307
651.277587 1099.365839
645.229539 590.230149
674.809214 1030.223791
639.520467 1097.549153
664.369976 1012.098655
639.783578 598.730636
692.521370 1045.953016
669.624909 1088.139125
683.515069 1019.045273
689.654358 1050.993456
712.428892 593.929198
705.410101 1082.018390
693.099916 602.418304
704.459642 1085.369335
677.892670 615.236875
681.861434 1086.763996
728.262529 587.936445
718.384219 1083.052276
718.375877 589.362657
741.956567 1078.282168
744.088955 561.548149
733.274710 1081.766901
729.672533 582.306558
737.158783 1079.935315
765.053490 570.108698
752.515537 1069.091326
754.022670 571.143425
783.989507 1070.896127
757.581713 560.391003
769.748279 468.081019
789.262730 471.018137
766.078552 492.074919
771.180384 1071.192514
782.731112 458.350549
777.905814 509.870002
798.255797 555.927007
773.965677 468.314245
782.345264 489.470257
752.540184 1074.592728
826.365675 566.806470
824.266796 437.523791
816.558457 481.463671
823.859333 1062.987231
794.204190 561.211148
827.876123 430.096552
825.162340 505.188052
859.522738 1053.525341
767.843412 573.797827
829.217506 431.386826
829.181343 515.407617
834.281106 540.784346
822.866372 1064.048859
838.908800 506.812991
793.141346 557.213245
835.186829 573.498776
854.185168 438.080717
875.870136 504.067998
856.237863 1051.124662
824.204246 541.282932
817.769788 575.113390
862.106091 435.326600
794.347699 1069.177157
844.654906 555.361029
813.688133 573.292170
873.915658 436.961452
849.852782 563.768585
857.364321 561.207421
825.338843 1063.120837
863.270574 440.338186
899.321576 1044.160720
891.789855 440.211355
876.963433 1038.973228
848.150172 440.601156
899.201070 1048.489929
923.216667 437.594046
870.599291 473.440408
861.418213 496.592233
848.840853 1051.428372
919.601804 505.525638
894.327279 530.549027
881.106336 542.020662
891.924562 546.376096
896.777794 450.233035
894.647760 556.445153
905.626596 526.969877
889.620336 1036.645095
904.191509 553.140356
900.683448 502.029834
916.921972 518.362593
923.488450 438.552756
895.404830 475.960796
893.388342 1039.437756
932.616233 561.758880
906.956499 437.421223
892.789999 481.750008
892.725748 568.022092
905.828956 1036.255144
953.049028 435.494752
932.836985 473.400760
909.719020 547.695776
933.444702 1039.903970
926.653738 434.026397
946.482375 523.502082
985.106180 570.443146
937.807032 1036.649259
943.329515 451.876553
971.871458 436.004527
910.894889 486.383678
955.451979 562.539691
930.800864 1030.759661
972.249260 436.800708
973.347110 450.242172
932.466754 1013.405468
929.252009 556.268883
964.502165 995.763763
982.966192 985.727809
964.028421 1010.195958
946.211754 562.971994
948.055976 967.580175
960.810828 562.168484
1007.749452 985.448486
999.858765 545.961240
1007.730959 987.930731
1000.744823 546.346702
982.663427 966.406905
999.595104 551.428605
1011.825047 985.481325
1004.178979 543.133183
1028.579946 983.838704
1028.673379 553.196354
1010.105298 546.639759
1031.492269 980.792728
1058.333764 559.132213
1013.162819 984.536659
1068.500116 562.556115
994.860965 979.432691
1062.527403 561.191069
1071.329535 956.261457
1076.070389 567.613124
1092.478924 970.191774
1087.629129 589.793025
1079.396632 981.998915
1079.287350 570.777318
1069.173422 645.185663
1068.858789 630.896039
1111.763753 666.844008
1068.505613 956.505763
1102.978782 581.591098
1095.976371 665.067378
1079.516147 656.405905
1102.375419 950.802982
1092.087267 573.796035
1079.478461 647.016069
1113.866084 661.108083
1117.396395 971.165996
1100.633831 580.962953
1128.218942 642.215940
1107.386630 667.689006
1119.329021 810.243691
1066.388798 839.584710
1112.890280 865.981175
1106.505997 879.552563
1130.894299 964.006076
1107.289754 582.590322
1132.229072 870.360859
1135.238259 674.402343
1148.151525 854.964981
1148.289925 684.789049
1159.795432 967.780582
1149.085259 587.823374
1138.381934 867.695914
1138.849235 674.656073
1150.565298 821.554704
1132.557652 670.423496
1104.147452 965.679134
1147.827901 865.806837
1149.070823 589.257505
1151.744077 654.482446
1177.784983 671.822382
1123.102957 822.883256
1105.622621 971.384839
1128.419663 881.254027
1134.047522 589.438431
1174.563350 672.744911
1187.043687 682.341089
1160.188204 828.425598
1128.437451 936.999032
1216.192932 868.509798
1202.970252 613.631007
1166.895248 651.785799
1209.859316 692.918285
1197.630531 826.208736
1191.866699 953.556825
1157.695286 872.114137
1185.550343 593.316421
1157.706284 648.434616
1168.457158 674.636467
1198.077174 824.931745
1187.479674 963.273622
1184.979126 877.161021
1160.847962 605.495120
1180.714120 958.659053
1190.261437 669.649579
1155.720712 645.326558
1200.071841 822.699895
1206.134996 877.182564
1194.194273 906.051738
1184.188050 598.571887
1196.378132 847.944936
1203.020148 892.950797
1209.889238 648.858782
1190.300236 828.179997
1201.405283 626.077513
1227.324077 878.615821
1187.361261 882.382290
1206.345342 633.860325
1178.292806 642.528088
1221.192668 671.661846
1210.418734 814.733835
1210.530209 633.058959
1188.353587 604.259915
1212.877610 680.397276
1201.156878 823.099233
1232.604577 830.527519
1226.541681 657.492566
1235.553120 656.667296
1256.279476 822.235842
1198.086129 828.668895
1243.656012 660.462281
1273.013036 817.439115
1299.036932 662.573749
1310.672803 808.091806
1285.872115 693.212521
1285.524258 799.934661
1310.173724 691.773375
1298.897398 809.247600
1270.196468 654.260040
1310.344466 782.785820
1249.763164 662.295748
1312.845001 805.983787
1297.670771 666.560817
1313.351437 804.156262
1312.638542 664.300681
1336.474041 778.155481
1350.503827 660.578556
1325.160486 785.378410
1284.788428 652.097870
1365.113070 780.730615
1345.265676 658.837435
1381.214414 776.216436
1355.263560 657.698535
1381.438886 775.785459
1406.436163 663.269145
1372.538889 776.541339
1330.595338 658.754847
1377.580445 763.960208
1370.821346 655.594662
1407.670863 744.974929
1374.115254 655.912383
1436.670169 751.580677
1397.192696 655.371527
1376.478690 758.133100
1421.672526 653.156785
1443.098987 743.606341
1437.784581 653.941706
1480.458501 735.084107
1439.536266 659.687827
1433.999639 717.416296
1447.776270 648.624384
1448.744582 748.875756
1460.510211 646.800039
1457.495809 731.335215
1448.399470 650.426567
1464.118070 714.123053
1474.641205 650.860814
1506.855286 728.264067
1464.426509 648.147927
1520.306306 723.334652
1496.267523 639.013628
1467.089558 695.218388
1516.163357 627.353594
1506.648932 708.083735
1535.952593 627.709309
1497.275519 735.733398
1537.042114 627.452719
1531.590524 726.112977
1517.561931 636.040014
1546.208509 720.412646
1559.263588 642.662458
1547.079731 714.509180
1558.669618 640.416992
1542.359827 722.399255
1578.409375 657.165109
1554.491201 699.771831
1531.028558 626.825593
1555.306262 707.321224
1587.767760 663.877102
1567.535062 687.242427
1554.662957 647.467903
1595.275293 672.727275
1588.844078 690.665214
1586.829428 671.427175
1598.274721 670.902458
