275.642256 265.441944
285.981459 218.637145
275.230422 186.637815
256.485888 180.710980
254.250242 160.171110
226.615409 155.883195
208.740666 146.022785
191.658660 142.024334
182.284001 147.443523
161.194184 159.568066
136.224453 172.439889
113.660159 188.462830
96.262572 201.579752
79.000621 214.843224
65.911708 233.695793
59.595904 244.674533
38.467561 289.593979
34.522138 310.755222
32.073248 327.564784
32.438973 349.125410
32.823234 386.012217
36.731413 411.457164
30.562501 433.257837
33.920885 459.382088
34.441025 461.635476
40.186982 476.229959
53.956680 527.212337
56.641149 537.856769
69.682382 541.422493
87.436145 571.130219
101.653368 582.979790
123.282621 601.027781
130.923635 607.617698
155.397610 594.621309
182.945767 569.540940
182.912339 556.975289
185.721926 528.288610
207.846845 496.438007
191.151222 497.392820
197.192289 455.592885
209.360605 444.388454
207.724086 428.006943
210.826884 390.451552
212.847831 373.083386
225.228141 356.323554
244.376474 332.072347
263.047176 297.019047
272.477926 279.152782
404.795584 291.484855
401.924933 239.588420
400.000770 208.367035
401.188868 198.647967
403.294415 146.022711
388.822893 142.542491
389.117720 133.351863
384.746075 95.076769
385.860238 89.824345
386.653093 75.437695
421.628255 36.102503
428.501060 30.312340
444.182707 28.136235
456.265134 33.463331
476.995016 41.396867
497.876007 59.701129
506.289563 66.767570
528.992215 92.878123
539.812827 109.922489
548.360089 124.446237
562.615762 159.648918
561.396833 163.545442
575.794828 191.350082
584.667234 216.525143
591.699004 232.972839
592.663018 252.333500
594.975766 295.216105
589.658154 326.796297
586.598139 343.701924
571.237524 367.110123
557.554181 391.849065
550.050960 408.522106
541.538263 422.289395
526.068097 442.692906
503.175552 466.178364
489.547491 480.373293
468.188629 488.941015
453.264779 493.882024
437.105241 484.638010
414.611380 488.746986
400.160230 453.549500
395.782155 444.186153
372.475187 412.910567
376.677593 405.930687
378.885886 364.320885
380.102634 336.015967
386.421825 333.873708
387.012733 299.769264
