275.947289 262.646434
283.037813 222.315254
275.582779 187.014998
270.298872 176.499584
253.595155 155.509525
240.102984 144.733847
212.206204 145.173148
196.249924 147.938375
179.140502 151.062851
158.734312 156.935939
133.253998 166.891576
118.983677 179.112016
95.617192 201.618474
81.300360 220.545431
68.390218 238.875011
51.395474 267.418926
42.155193 294.219236
41.117485 309.719541
36.593444 330.965781
33.111262 358.199967
27.670197 372.309852
29.193673 400.824762
28.452270 417.877691
29.460296 452.596462
29.736629 463.535189
39.033401 496.615377
47.935071 520.656595
58.542236 538.721237
68.669289 548.874373
90.813543 572.538919
105.317997 587.618619
121.066451 593.702025
141.518592 586.212715
158.116946 588.435193
176.868389 581.030104
192.971545 564.552769
198.433533 541.281419
197.329032 515.809874
195.216910 490.609887
202.102912 446.928677
206.443178 430.669941
211.004868 426.600469
212.919219 402.221322
223.379705 370.816733
231.609697 348.752168
246.659580 322.427321
264.961902 295.532147
272.207961 282.458526
399.035131 278.720113
402.819700 240.481115
399.858146 212.061912
396.323341 183.041298
391.553585 161.372932
384.266701 127.731306
378.723115 118.047832
381.484886 99.990896
389.402848 75.760917
387.187179 69.030423
414.552916 45.053739
428.345453 37.159367
447.012946 26.850017
456.615816 30.593589
488.616612 51.317866
496.753518 50.441378
514.701782 65.999113
535.517767 91.486394
539.548488 97.761903
556.387818 134.399483
565.434358 157.601932
569.225959 169.362349
577.021352 194.618684
582.212496 211.236906
589.856751 238.204090
592.135910 245.925618
590.595343 290.723786
585.563565 324.502299
580.810976 347.045688
575.411300 365.695893
563.647046 386.626609
551.718953 407.176760
543.000105 422.047548
524.013302 434.313467
505.846579 463.017684
482.700281 487.642763
473.180402 489.979742
454.748941 493.573311
429.522746 495.908261
417.870851 488.522630
393.413561 453.875718
382.068295 442.468206
375.551676 420.373118
374.299390 395.133668
378.409783 381.844837
373.939365 362.009292
382.019756 344.024588
391.884283 310.093359
