286.604581 279.438344
287.852699 221.143220
273.346295 177.592396
280.852254 192.939558
255.373186 140.100363
218.937888 133.895784
211.465947 135.075739
181.770693 150.971937
175.161499 148.227375
143.198516 164.209326
153.475064 158.882685
110.651342 193.256631
98.428492 209.274019
88.442283 224.677086
65.963480 264.569049
65.009107 268.948928
48.462014 312.171107
36.387933 331.730524
45.535856 330.569560
58.857627 338.655562
41.249810 348.716645
37.471692 398.722803
34.561575 421.522895
43.818995 441.420699
40.059551 459.783818
51.261900 489.959610
49.769861 488.846049
65.712840 523.687890
81.374308 546.570306
87.545495 567.748466
120.658463 582.675344
125.794823 589.541811
135.917484 580.111081
155.685805 572.035218
175.775686 557.277125
190.763123 553.077424
179.445572 531.325144
191.721176 505.761927
185.263275 497.442081
193.918924 472.886904
194.040897 452.448571
203.705679 404.594753
217.444288 376.074057
233.593890 343.474827
246.321614 334.324458
246.402934 311.914065
258.415323 299.095333
279.758669 300.633580
397.211124 283.327836
390.502698 241.840977
392.745150 214.034401
398.722922 176.933167
412.063908 169.977194
388.309958 165.338398
393.639874 114.289088
360.571615 113.070277
384.542597 83.671720
382.092810 81.549181
429.216264 47.237288
435.869949 57.990082
443.512282 46.731990
453.560501 50.038700
479.673155 51.596214
478.580445 51.878778
507.919337 84.086367
534.108148 100.419344
544.224859 118.363193
540.960024 116.521352
563.850443 145.831697
570.593225 179.203205
566.986561 184.229865
588.146610 219.567643
586.911268 230.702954
586.256980 240.377337
590.546936 292.927646
581.848049 340.960998
585.810383 340.093177
568.461959 380.045052
553.311082 399.686335
556.140738 404.716887
546.234374 414.427563
511.139027 441.545331
499.807207 457.194008
484.794474 465.646088
461.642704 478.864505
462.337277 482.258028
448.524013 474.040550
392.928161 472.466429
410.812755 458.074671
361.838286 431.965268
384.598783 417.463272
364.540109 387.929985
376.248594 363.523029
372.329213 357.203812
381.995265 346.946240
420.955778 271.699945
