139.000000 1152.000000
195.366149 1130.857850
144.000000 1161.000000
152.000000 1134.000000
154.000000 1165.000000
160.000000 1173.000000
161.000000 1129.000000
168.000000 1180.000000
169.000000 1117.000000
174.000000 847.000000
174.000000 857.000000
194.090698 845.923120
174.000000 877.000000
174.000000 887.000000
174.000000 897.000000
174.000000 907.000000
175.000000 1188.000000
177.000000 1109.000000
189.091863 837.380181
179.000000 916.000000
182.000000 1099.000000
184.000000 812.000000
184.000000 822.000000
184.000000 925.000000
104.294646 948.402413
185.000000 1192.000000
187.000000 945.000000
189.000000 797.000000
189.000000 955.000000
189.000000 1077.000000
189.000000 1087.000000
194.000000 787.000000
194.000000 964.000000
194.000000 974.000000
242.733272 1060.034825
194.000000 1197.000000
199.000000 442.000000
199.000000 452.000000
199.000000 462.000000
199.000000 472.000000
199.000000 482.000000
199.000000 492.000000
199.000000 502.000000
199.000000 512.000000
199.000000 522.000000
199.000000 983.000000
200.000000 993.000000
202.000000 779.000000
202.000000 1059.000000
202.000000 1189.000000
204.000000 412.000000
204.000000 422.000000
204.000000 432.000000
204.000000 531.000000
204.000000 541.000000
204.000000 551.000000
204.000000 1003.000000
204.000000 1013.000000
204.000000 1023.000000
204.000000 1033.000000
204.000000 1043.000000
209.000000 392.000000
209.000000 402.000000
209.000000 560.000000
209.000000 570.000000
209.000000 767.000000
212.000000 1184.000000
206.852133 334.127001
214.000000 382.000000
214.000000 579.000000
214.000000 589.000000
217.000000 759.000000
219.000000 357.000000
219.000000 598.000000
220.000000 608.000000
220.000000 1175.000000
224.000000 347.000000
225.000000 617.000000
225.000000 751.000000
225.000000 1165.000000
229.000000 337.000000
229.000000 627.000000
230.000000 741.000000
231.777643 1199.291392
234.000000 322.000000
234.000000 636.000000
238.000000 734.000000
238.000000 1148.000000
239.000000 645.000000
242.000000 314.000000
244.000000 654.000000
245.000000 726.000000
245.000000 1135.000000
247.000000 304.000000
219.592246 709.283225
250.000000 855.000000
250.000000 865.000000
250.000000 875.000000
250.000000 885.000000
250.000000 895.000000
252.000000 294.000000
253.000000 719.000000
354.911144 1141.737073
254.000000 672.000000
254.000000 1192.000000
255.000000 835.000000
255.000000 845.000000
255.000000 904.000000
187.258798 939.162035
257.000000 284.000000
258.000000 1118.000000
259.000000 681.000000
259.000000 1182.000000
260.000000 825.000000
260.000000 923.000000
260.000000 933.000000
260.000000 1100.000000
260.000000 1200.000000
262.000000 714.000000
264.000000 272.000000
264.000000 690.000000
265.000000 942.000000
265.000000 952.000000
267.000000 1174.000000
268.000000 818.000000
268.000000 1093.000000
270.000000 698.000000
285.458269 971.639647
270.000000 1200.000000
272.000000 264.000000
272.000000 714.000000
272.000000 1164.000000
273.000000 808.000000
273.000000 971.000000
273.000000 1083.000000
275.000000 981.000000
275.000000 1070.000000
278.000000 705.000000
278.000000 991.000000
279.000000 252.000000
279.000000 1152.000000
280.000000 800.000000
285.418527 1054.778778
280.000000 1011.000000
280.000000 1021.000000
280.000000 1031.000000
280.000000 1041.000000
280.000000 1051.000000
280.000000 1061.000000
280.000000 1200.000000
284.000000 847.000000
284.000000 857.000000
284.000000 867.000000
261.378773 903.855513
284.000000 887.000000
284.000000 897.000000
237.006125 917.931821
284.000000 917.000000
284.000000 927.000000
284.000000 937.000000
287.000000 244.000000
287.000000 1144.000000
288.000000 793.000000
289.000000 827.000000
289.000000 837.000000
328.835778 939.605728
289.000000 956.000000
289.000000 1132.000000
290.000000 1200.000000
294.000000 785.000000
294.000000 812.000000
294.000000 965.000000
294.000000 975.000000
294.000000 1122.000000
295.000000 236.000000
299.000000 802.000000
299.000000 984.000000
300.000000 1200.000000
301.000000 994.000000
302.000000 1114.000000
303.000000 229.000000
303.000000 780.000000
304.000000 1004.000000
304.000000 1097.000000
308.737176 1030.058506
307.000000 794.000000
309.000000 1024.000000
309.000000 1034.000000
309.000000 1044.000000
326.382908 1040.400591
310.000000 221.000000
310.000000 1202.000000
312.000000 774.000000
314.000000 1053.000000
314.000000 1063.000000
314.000000 1073.000000
315.000000 786.000000
318.000000 214.000000
320.000000 1205.000000
322.000000 770.000000
325.000000 206.000000
330.000000 1205.000000
331.000000 765.000000
333.000000 199.000000
338.000000 1198.000000
340.000000 191.000000
337.224031 1196.117623
348.000000 184.000000
353.000000 1178.000000
357.000000 179.000000
358.000000 1168.000000
360.000000 850.000000
360.000000 860.000000
360.000000 870.000000
360.000000 880.000000
360.000000 890.000000
360.000000 900.000000
360.000000 910.000000
360.000000 920.000000
406.719644 914.337197
360.000000 1155.000000
365.000000 171.000000
365.000000 840.000000
365.000000 939.000000
365.000000 949.000000
368.000000 1148.000000
370.000000 958.000000
370.000000 968.000000
373.000000 833.000000
373.000000 1138.000000
375.000000 166.000000
375.000000 977.000000
375.000000 987.000000
370.708636 1170.946728
380.000000 996.000000
380.000000 1105.000000
383.000000 159.000000
383.000000 828.000000
383.000000 1006.000000
385.000000 1016.000000
385.000000 1026.000000
385.000000 1036.000000
385.000000 1085.000000
385.000000 1095.000000
389.000000 882.000000
389.000000 892.000000
389.000000 902.000000
389.000000 912.000000
389.000000 922.000000
381.984545 969.687476
389.000000 942.000000
390.000000 820.000000
390.000000 1045.000000
390.000000 1055.000000
390.000000 1065.000000
361.205671 1071.330712
381.346471 126.894633
394.000000 867.000000
394.000000 951.000000
399.000000 847.000000
399.000000 857.000000
399.000000 960.000000
399.000000 970.000000
399.000000 1197.000000
382.055940 1222.750260
400.000000 820.000000
448.194739 133.441598
348.953040 1007.428475
404.000000 837.000000
404.000000 990.000000
404.000000 1187.000000
409.000000 999.000000
409.000000 1210.000000
410.000000 144.000000
410.000000 820.000000
411.000000 1009.000000
412.000000 830.000000
412.000000 1179.000000
414.000000 1019.000000
414.000000 1029.000000
414.000000 1039.000000
414.000000 1167.000000
419.000000 139.000000
419.000000 1048.000000
419.000000 1058.000000
419.000000 1152.000000
419.000000 1210.000000
424.000000 1067.000000
424.000000 1077.000000
424.000000 1087.000000
424.000000 1097.000000
424.000000 1117.000000
424.000000 1127.000000
424.000000 1137.000000
428.000000 134.000000
428.000000 1215.000000
429.000000 1106.000000
437.000000 129.000000
438.000000 1215.000000
447.000000 124.000000
448.000000 1215.000000
457.000000 119.000000
464.334891 1241.600295
465.000000 890.000000
465.000000 900.000000
465.000000 910.000000
433.536081 945.120495
465.000000 930.000000
467.000000 114.000000
467.000000 1220.000000
470.000000 870.000000
470.000000 880.000000
470.000000 939.000000
470.000000 949.000000
475.000000 958.000000
475.000000 968.000000
476.000000 1215.000000
477.000000 114.000000
479.000000 865.000000
480.000000 977.000000
480.000000 1205.000000
484.000000 987.000000
485.000000 997.000000
485.000000 1190.000000
486.000000 109.000000
487.000000 859.000000
489.000000 887.000000
489.000000 897.000000
458.405151 922.937056
489.000000 917.000000
489.000000 927.000000
489.000000 937.000000
489.000000 1007.000000
490.000000 1017.000000
490.000000 1027.000000
490.000000 1037.000000
490.000000 1175.000000
494.000000 877.000000
473.213809 885.945150
494.000000 956.000000
495.000000 1046.000000
495.000000 1056.000000
495.000000 1155.000000
495.000000 1165.000000
496.000000 105.000000
497.000000 859.000000
516.993858 909.266214
483.935131 929.483665
500.000000 1065.000000
500.000000 1075.000000
500.000000 1085.000000
500.000000 1120.000000
500.000000 1130.000000
500.000000 1140.000000
502.000000 1095.000000
504.000000 984.000000
500.338122 1094.341867
506.000000 104.000000
506.000000 994.000000
538.568703 924.792214
546.562509 1042.490293
516.000000 100.000000
519.000000 1023.000000
519.000000 1207.000000
519.000000 1217.000000
524.000000 1032.000000
524.000000 1042.000000
524.000000 1052.000000
524.000000 1062.000000
524.000000 1072.000000
524.000000 1082.000000
524.000000 1192.000000
526.000000 99.000000
529.000000 1091.000000
529.000000 1101.000000
529.000000 1111.000000
529.000000 1121.000000
529.000000 1131.000000
529.000000 1141.000000
529.000000 1151.000000
529.000000 1161.000000
529.000000 1171.000000
529.000000 1181.000000
529.000000 1220.000000
535.000000 94.000000
539.000000 1220.000000
545.000000 94.000000
549.000000 1220.000000
555.000000 91.000000
559.000000 1220.000000
565.000000 89.000000
565.000000 900.000000
565.000000 910.000000
565.000000 920.000000
565.000000 930.000000
567.000000 940.000000
569.000000 1220.000000
570.000000 890.000000
570.000000 950.000000
575.000000 89.000000
575.000000 875.000000
575.000000 959.000000
575.000000 969.000000
579.000000 1220.000000
580.000000 978.000000
585.000000 89.000000
585.000000 875.000000
685.588360 1008.186462
589.000000 1220.000000
590.000000 996.000000
593.000000 1006.000000
595.000000 86.000000
595.000000 877.000000
595.000000 1016.000000
597.000000 1214.000000
598.000000 1026.000000
600.000000 1036.000000
600.000000 1046.000000
591.184724 1083.346546
560.752541 1096.685373
600.000000 1076.000000
600.000000 1195.000000
605.000000 84.000000
609.837671 825.083227
605.000000 1085.000000
605.000000 1095.000000
564.547767 1145.728312
605.000000 1115.000000
605.000000 1125.000000
605.000000 1135.000000
605.000000 1145.000000
588.786916 1168.454278
605.000000 1165.000000
605.000000 1175.000000
553.794723 1178.632157
615.000000 84.000000
615.000000 880.000000
625.000000 84.000000
625.000000 880.000000
635.000000 84.000000
635.000000 880.000000
645.000000 84.000000
645.000000 880.000000
655.000000 84.000000
655.000000 880.000000
665.000000 84.000000
665.000000 880.000000
675.000000 84.000000
675.000000 880.000000
685.000000 84.000000
685.000000 880.000000
689.000000 1002.000000
689.000000 1012.000000
689.000000 1022.000000
689.000000 1032.000000
689.000000 1042.000000
689.000000 1052.000000
689.000000 1062.000000
689.000000 1072.000000
689.000000 1082.000000
728.846158 1050.508727
689.000000 1102.000000
689.000000 1112.000000
689.000000 1122.000000
689.000000 1132.000000
689.000000 1142.000000
724.534831 1090.278916
694.000000 89.000000
694.000000 875.000000
694.000000 987.000000
694.000000 1161.000000
699.000000 967.000000
699.000000 977.000000
699.000000 1170.000000
699.000000 1180.000000
702.000000 1190.000000
704.000000 89.000000
704.000000 875.000000
704.000000 885.000000
704.000000 952.000000
697.072826 1200.800658
709.000000 894.000000
709.000000 942.000000
710.000000 1208.000000
724.248930 897.752355
714.000000 89.000000
714.000000 914.000000
714.000000 924.000000
720.000000 1210.000000
724.000000 89.000000
730.000000 1210.000000
733.000000 94.000000
740.000000 1210.000000
738.873310 119.445940
764.370740 1260.583085
753.000000 95.000000
760.000000 1205.000000
763.000000 99.000000
765.000000 1010.000000
765.000000 1020.000000
765.000000 1030.000000
765.000000 1040.000000
765.000000 1050.000000
765.000000 1060.000000
765.000000 1070.000000
765.000000 1080.000000
765.000000 1090.000000
765.000000 1100.000000
765.000000 1110.000000
765.000000 1120.000000
765.000000 1130.000000
765.000000 1140.000000
770.000000 990.000000
770.000000 1000.000000
770.000000 1149.000000
770.000000 1159.000000
770.000000 1205.000000
778.177044 130.255918
792.497351 942.393009
775.000000 1168.000000
822.779528 1150.462149
780.000000 865.000000
780.000000 875.000000
780.000000 1205.000000
782.000000 104.000000
783.000000 968.000000
783.000000 1185.000000
784.000000 1027.000000
784.000000 1037.000000
784.000000 1047.000000
784.000000 1057.000000
784.000000 1067.000000
784.000000 1077.000000
784.000000 1087.000000
785.000000 884.000000
785.000000 894.000000
787.000000 1195.000000
788.000000 958.000000
789.000000 870.000000
789.000000 1012.000000
789.000000 1096.000000
789.000000 1106.000000
789.000000 1116.000000
790.000000 903.000000
790.000000 913.000000
790.000000 923.000000
790.000000 933.000000
790.000000 943.000000
791.000000 109.000000
794.000000 997.000000
794.000000 1125.000000
797.000000 1135.000000
798.000000 875.000000
799.000000 987.000000
801.000000 109.000000
804.000000 962.000000
804.000000 972.000000
804.000000 1143.000000
805.000000 883.000000
837.976078 885.896730
809.000000 903.000000
809.000000 913.000000
809.000000 923.000000
809.000000 933.000000
809.000000 943.000000
809.000000 953.000000
809.000000 1152.000000
810.000000 114.000000
719.200658 1163.386052
820.000000 117.000000
809.580478 1217.889447
826.000000 1178.000000
829.000000 122.000000
834.000000 1185.000000
837.000000 1195.000000
839.000000 126.000000
847.000000 1195.000000
848.000000 131.000000
857.000000 1195.000000
858.000000 135.000000
860.000000 825.000000
857.986365 1012.344208
860.000000 1045.000000
860.000000 1055.000000
819.131180 1065.343182
941.492558 1067.995042
862.000000 835.000000
865.000000 1020.000000
865.000000 1084.000000
865.000000 1094.000000
865.000000 1104.000000
867.000000 140.000000
867.000000 1195.000000
800.283682 830.853796
865.885168 848.331793
870.000000 1010.000000
870.000000 1113.000000
874.000000 852.000000
875.000000 1000.000000
877.000000 144.000000
877.000000 1195.000000
878.000000 1120.000000
876.538978 820.534915
880.000000 860.000000
880.000000 965.000000
880.000000 975.000000
852.699449 1034.233760
882.000000 840.000000
882.000000 1130.000000
885.000000 869.000000
885.000000 879.000000
885.000000 889.000000
885.000000 899.000000
885.000000 909.000000
885.000000 919.000000
885.000000 929.000000
866.029095 958.603191
885.000000 949.000000
886.000000 149.000000
887.000000 1195.000000
890.000000 847.000000
890.000000 1137.000000
915.179986 120.005112
894.000000 1147.000000
897.000000 855.000000
897.000000 1195.000000
903.000000 161.000000
904.000000 1151.000000
905.000000 862.000000
907.744709 1179.762432
910.000000 169.000000
910.000000 1159.000000
954.280669 906.975013
914.000000 880.000000
915.000000 1168.000000
916.000000 1190.000000
909.628505 885.829906
919.000000 1027.000000
919.000000 1037.000000
919.000000 1047.000000
919.000000 1057.000000
919.000000 1067.000000
919.000000 1077.000000
920.000000 172.000000
923.000000 1175.000000
924.000000 898.000000
924.000000 908.000000
924.000000 992.000000
924.000000 1002.000000
924.000000 1012.000000
924.000000 1086.000000
924.000000 1096.000000
924.000000 1106.000000
924.000000 1116.000000
925.000000 918.000000
925.000000 1185.000000
928.000000 179.000000
929.000000 928.000000
929.000000 938.000000
929.000000 948.000000
929.000000 958.000000
929.000000 968.000000
929.000000 978.000000
929.000000 1125.000000
935.000000 780.000000
935.000000 1133.000000
938.113946 191.441512
955.334517 815.785994
940.000000 1142.000000
944.000000 192.000000
944.000000 775.000000
945.000000 797.000000
947.000000 1150.000000
960.003857 201.222149
952.000000 805.000000
953.000000 780.000000
955.000000 1157.000000
959.000000 207.000000
959.000000 1167.000000
960.000000 812.000000
963.000000 780.000000
967.000000 214.000000
967.000000 820.000000
967.000000 1174.000000
970.000000 788.000000
972.000000 829.000000
974.000000 222.000000
977.000000 1175.000000
979.000000 837.000000
980.000000 792.000000
982.000000 229.000000
984.000000 846.000000
985.000000 856.000000
987.000000 800.000000
987.000000 1175.000000
989.000000 237.000000
990.000000 865.000000
995.000000 874.000000
995.000000 1030.000000
1042.762407 964.821173
995.000000 1050.000000
995.000000 1060.000000
995.000000 1070.000000
967.777381 1103.593764
997.000000 244.000000
997.000000 804.000000
1047.899907 669.140880
1000.000000 883.000000
1000.000000 893.000000
1000.000000 903.000000
1000.000000 913.000000
1000.000000 995.000000
1000.000000 1005.000000
1000.000000 1015.000000
1000.000000 1079.000000
999.637148 1125.727641
1000.000000 1099.000000
1001.000000 814.000000
1052.027731 219.238421
993.330001 736.548454
1005.000000 724.000000
1005.000000 922.000000
1005.000000 932.000000
1005.000000 942.000000
1005.000000 952.000000
1020.529770 940.258600
1005.000000 972.000000
1005.000000 982.000000
1006.000000 1170.000000
1008.000000 1105.000000
1009.000000 261.000000
1009.000000 820.000000
1013.000000 698.000000
1015.000000 269.000000
1015.000000 727.000000
1015.000000 828.000000
1015.000000 1113.000000
1015.000000 1165.000000
1020.000000 278.000000
1020.000000 685.000000
1020.000000 837.000000
1020.000000 1122.000000
1023.000000 734.000000
1025.000000 1165.000000
1027.000000 845.000000
1028.000000 285.000000
1028.000000 678.000000
1029.000000 1127.000000
1032.000000 295.000000
995.459308 715.232730
1032.000000 854.000000
1033.000000 668.000000
1034.000000 1160.000000
1037.000000 304.000000
1037.000000 1134.000000
1038.000000 658.000000
1039.000000 862.000000
1039.000000 872.000000
1040.000000 314.000000
1040.000000 1144.000000
1041.000000 744.000000
1043.000000 648.000000
1044.000000 881.000000
1044.000000 891.000000
1044.000000 1157.000000
1048.000000 320.000000
1049.000000 751.000000
1049.000000 900.000000
1050.000000 330.000000
1050.000000 630.000000
1050.000000 640.000000
1052.000000 910.000000
1054.000000 920.000000
1054.000000 930.000000
1054.000000 940.000000
1055.000000 339.000000
1025.960434 652.906149
1055.000000 759.000000
1054.308198 942.803558
1059.000000 959.000000
1059.000000 969.000000
1059.000000 979.000000
1059.000000 989.000000
1059.000000 999.000000
1059.000000 1009.000000
1060.000000 348.000000
1060.000000 610.000000
1060.000000 768.000000
1061.000000 1019.000000
1064.000000 1029.000000
1065.000000 357.000000
1065.000000 367.000000
1065.000000 595.000000
1066.000000 1039.000000
1068.000000 775.000000
1069.000000 1049.000000
1070.000000 376.000000
978.179729 378.375118
1070.000000 575.000000
1070.000000 585.000000
1074.000000 1058.000000
1075.000000 395.000000
1075.000000 405.000000
1075.000000 555.000000
1075.000000 565.000000
1069.382342 707.055575
1079.000000 1067.000000
1080.000000 414.000000
1080.000000 424.000000
1080.000000 434.000000
1080.000000 525.000000
1080.000000 535.000000
1080.000000 545.000000
1080.000000 792.000000
1084.000000 1076.000000
1142.453880 436.937661
1114.662950 484.553937
1085.000000 463.000000
1057.571329 509.444175
1085.000000 483.000000
1085.000000 493.000000
1085.000000 503.000000
1085.000000 513.000000
1085.000000 801.000000
1089.000000 1085.000000
1091.000000 809.000000
1092.000000 1095.000000
1095.000000 819.000000
1099.000000 1103.000000
1103.000000 825.000000
1104.000000 1112.000000
1079.135191 740.574269
1109.000000 1121.000000
1110.000000 845.000000
1115.000000 854.000000
1115.000000 864.000000
1116.000000 1129.000000
1120.000000 873.000000
1120.000000 883.000000
1121.000000 1138.000000
1125.000000 892.000000
1125.000000 902.000000
1130.000000 911.000000
1130.000000 921.000000
1130.000000 931.000000
1131.000000 1140.000000
1133.000000 941.000000
1135.000000 951.000000
1135.000000 961.000000
1135.000000 971.000000
1135.000000 981.000000
1135.000000 991.000000
1135.000000 1001.000000
1135.000000 1011.000000
1140.000000 1020.000000
1140.000000 1135.000000
1142.000000 1030.000000
1148.000000 1128.000000
1150.000000 1037.000000
1154.000000 1047.000000
1155.000000 1057.000000
1155.000000 1120.000000
1162.000000 1065.000000
1163.000000 1113.000000
1167.000000 1074.000000
1170.000000 1105.000000
1184.871144 1121.564089
1178.000000 1098.000000
