145.471199 1172.010336
167.546617 1199.416102
144.000000 1161.000000
152.000000 1134.000000
154.000000 1165.000000
160.000000 1173.000000
161.000000 1129.000000
168.000000 1180.000000
169.000000 1117.000000
174.000000 847.000000
174.000000 857.000000
174.000000 867.000000
174.000000 877.000000
174.000000 887.000000
174.000000 897.000000
181.846331 873.888144
175.000000 1188.000000
177.000000 1109.000000
179.000000 832.000000
179.000000 916.000000
182.000000 1099.000000
184.000000 812.000000
184.000000 822.000000
184.000000 925.000000
184.000000 935.000000
185.000000 1192.000000
187.000000 945.000000
189.000000 797.000000
189.000000 955.000000
189.000000 1077.000000
189.000000 1087.000000
194.000000 787.000000
194.000000 964.000000
194.000000 974.000000
194.000000 1067.000000
194.000000 1197.000000
199.000000 442.000000
199.000000 452.000000
199.000000 462.000000
199.000000 472.000000
199.000000 482.000000
199.000000 492.000000
199.000000 502.000000
199.000000 512.000000
199.000000 522.000000
199.000000 983.000000
200.000000 993.000000
202.000000 779.000000
202.000000 1059.000000
202.000000 1189.000000
204.000000 412.000000
204.000000 422.000000
204.000000 432.000000
204.000000 531.000000
204.000000 541.000000
204.000000 551.000000
204.000000 1003.000000
204.000000 1013.000000
204.000000 1023.000000
204.000000 1033.000000
160.085309 1043.262809
209.000000 392.000000
209.000000 402.000000
209.000000 560.000000
209.000000 570.000000
209.000000 767.000000
212.000000 1184.000000
214.000000 372.000000
214.000000 382.000000
214.000000 579.000000
214.000000 589.000000
217.000000 759.000000
219.000000 357.000000
219.000000 598.000000
220.000000 608.000000
220.000000 1175.000000
224.000000 347.000000
225.000000 617.000000
225.000000 751.000000
225.000000 1165.000000
229.000000 337.000000
229.000000 627.000000
230.000000 741.000000
233.000000 1158.000000
234.000000 322.000000
234.000000 636.000000
238.000000 734.000000
320.672680 1152.084309
239.000000 645.000000
242.000000 314.000000
244.000000 654.000000
245.000000 726.000000
245.000000 1135.000000
247.000000 304.000000
249.000000 663.000000
250.000000 855.000000
250.000000 865.000000
250.000000 875.000000
250.000000 885.000000
250.000000 895.000000
252.000000 294.000000
253.000000 719.000000
253.000000 1128.000000
254.000000 672.000000
254.000000 1192.000000
255.000000 835.000000
255.000000 845.000000
255.000000 904.000000
255.000000 914.000000
257.000000 284.000000
258.000000 1118.000000
259.000000 681.000000
259.000000 1182.000000
260.000000 825.000000
260.000000 923.000000
260.000000 933.000000
235.526282 1125.292558
260.000000 1200.000000
262.000000 714.000000
264.000000 272.000000
264.000000 690.000000
265.000000 942.000000
265.000000 952.000000
267.000000 1174.000000
268.000000 818.000000
268.000000 1093.000000
270.000000 698.000000
270.000000 961.000000
270.000000 1200.000000
272.000000 264.000000
272.000000 714.000000
272.000000 1164.000000
273.000000 808.000000
273.000000 971.000000
273.000000 1083.000000
275.000000 981.000000
275.000000 1070.000000
278.000000 705.000000
278.000000 991.000000
279.000000 252.000000
279.000000 1152.000000
280.000000 800.000000
280.000000 1001.000000
280.000000 1011.000000
280.000000 1021.000000
280.000000 1031.000000
280.000000 1041.000000
280.000000 1051.000000
280.000000 1061.000000
280.000000 1200.000000
284.000000 847.000000
284.000000 857.000000
295.825170 808.417476
284.000000 877.000000
284.000000 887.000000
284.000000 897.000000
284.000000 907.000000
284.000000 917.000000
284.000000 927.000000
284.000000 937.000000
287.000000 244.000000
287.000000 1144.000000
288.000000 793.000000
284.594131 844.310545
289.000000 837.000000
289.000000 946.000000
289.000000 956.000000
289.000000 1132.000000
290.000000 1200.000000
294.000000 785.000000
294.000000 812.000000
314.245229 908.629394
294.000000 975.000000
294.000000 1122.000000
295.000000 236.000000
299.000000 802.000000
299.000000 984.000000
300.000000 1200.000000
328.633595 988.017500
302.000000 1114.000000
329.616509 268.581744
303.000000 780.000000
304.000000 1004.000000
304.000000 1097.000000
306.000000 1014.000000
307.000000 794.000000
360.107704 977.304537
320.505459 1114.071957
309.000000 1044.000000
309.000000 1082.000000
310.000000 221.000000
310.000000 1202.000000
312.000000 774.000000
314.000000 1053.000000
337.784988 1032.959869
314.000000 1073.000000
315.000000 786.000000
318.000000 214.000000
320.000000 1205.000000
322.000000 770.000000
325.000000 206.000000
330.000000 1205.000000
331.000000 765.000000
333.000000 199.000000
338.000000 1198.000000
340.000000 191.000000
345.000000 1185.000000
348.000000 184.000000
353.000000 1178.000000
357.000000 179.000000
358.000000 1168.000000
360.000000 850.000000
360.000000 860.000000
360.000000 870.000000
360.000000 880.000000
360.000000 890.000000
360.000000 900.000000
310.046489 907.901529
360.000000 920.000000
360.000000 930.000000
360.000000 1155.000000
365.000000 171.000000
365.000000 840.000000
365.000000 939.000000
365.000000 949.000000
368.000000 1148.000000
370.000000 958.000000
370.000000 968.000000
373.000000 833.000000
373.000000 1138.000000
375.000000 166.000000
375.000000 977.000000
375.000000 987.000000
375.000000 1120.000000
380.000000 996.000000
380.000000 1105.000000
383.000000 159.000000
383.000000 828.000000
383.000000 1006.000000
385.000000 1016.000000
385.000000 1026.000000
385.000000 1036.000000
385.000000 1085.000000
377.881162 1032.716280
389.000000 882.000000
389.000000 892.000000
389.000000 902.000000
389.000000 912.000000
389.000000 922.000000
389.000000 932.000000
389.000000 942.000000
390.000000 820.000000
390.000000 1045.000000
390.000000 1055.000000
390.000000 1065.000000
390.000000 1075.000000
378.393515 162.251813
394.000000 867.000000
375.559824 955.950582
399.000000 847.000000
399.000000 857.000000
519.059048 1000.855680
399.000000 970.000000
399.000000 1197.000000
399.000000 1207.000000
400.000000 820.000000
401.000000 149.000000
402.000000 980.000000
404.000000 837.000000
404.000000 990.000000
404.000000 1187.000000
409.000000 999.000000
409.000000 1210.000000
410.000000 144.000000
410.000000 820.000000
411.000000 1009.000000
412.000000 830.000000
412.000000 1179.000000
414.000000 1019.000000
414.000000 1029.000000
414.000000 1039.000000
414.000000 1167.000000
419.000000 139.000000
419.000000 1048.000000
419.000000 1058.000000
449.248660 1085.117027
419.000000 1210.000000
424.000000 1067.000000
424.000000 1077.000000
411.463376 1120.929354
424.000000 1097.000000
424.000000 1117.000000
424.000000 1127.000000
424.000000 1137.000000
433.355709 93.870501
428.000000 1215.000000
429.000000 1106.000000
437.000000 129.000000
438.000000 1215.000000
447.000000 124.000000
448.000000 1215.000000
457.000000 119.000000
457.000000 1220.000000
465.000000 890.000000
498.753379 904.133247
465.000000 910.000000
465.000000 920.000000
465.000000 930.000000
467.000000 114.000000
467.000000 1220.000000
470.000000 870.000000
470.000000 880.000000
470.000000 939.000000
470.000000 949.000000
475.000000 958.000000
475.000000 968.000000
476.000000 1215.000000
477.000000 114.000000
398.925228 852.417022
480.000000 977.000000
480.000000 1205.000000
484.000000 987.000000
485.000000 997.000000
485.000000 1190.000000
506.138640 147.286802
487.000000 859.000000
489.000000 887.000000
489.000000 897.000000
489.000000 907.000000
489.000000 917.000000
489.000000 927.000000
489.000000 937.000000
489.000000 1007.000000
490.000000 1017.000000
545.974472 994.625981
490.000000 1037.000000
490.000000 1175.000000
494.000000 877.000000
494.000000 946.000000
494.000000 956.000000
495.000000 1046.000000
495.000000 1056.000000
508.804145 1141.824081
495.000000 1165.000000
496.000000 105.000000
497.000000 859.000000
499.000000 965.000000
499.000000 975.000000
556.660857 1051.844522
500.000000 1075.000000
500.000000 1085.000000
500.000000 1120.000000
500.000000 1130.000000
500.000000 1140.000000
502.000000 1095.000000
504.000000 984.000000
505.000000 1105.000000
506.000000 104.000000
506.000000 994.000000
511.000000 1003.000000
515.000000 1013.000000
516.000000 100.000000
486.577913 1052.458832
519.000000 1207.000000
519.000000 1217.000000
524.000000 1032.000000
524.000000 1042.000000
524.000000 1052.000000
524.000000 1062.000000
524.000000 1072.000000
524.000000 1082.000000
524.000000 1192.000000
526.000000 99.000000
501.356099 1120.650017
625.623776 1139.280762
529.000000 1111.000000
529.000000 1121.000000
529.000000 1131.000000
529.000000 1141.000000
529.000000 1151.000000
529.000000 1161.000000
529.000000 1171.000000
529.000000 1181.000000
529.000000 1220.000000
535.000000 94.000000
539.000000 1220.000000
545.000000 94.000000
549.000000 1220.000000
555.000000 91.000000
559.000000 1220.000000
565.000000 89.000000
565.000000 900.000000
565.000000 910.000000
565.000000 920.000000
565.000000 930.000000
567.000000 940.000000
538.658892 1247.249665
570.000000 890.000000
570.000000 950.000000
575.000000 89.000000
575.000000 875.000000
575.000000 959.000000
575.000000 969.000000
579.000000 1220.000000
580.000000 978.000000
585.000000 89.000000
585.000000 875.000000
585.000000 987.000000
589.000000 1220.000000
590.000000 996.000000
593.000000 1006.000000
552.667833 133.142658
595.000000 877.000000
595.000000 1016.000000
597.000000 1214.000000
598.000000 1026.000000
600.000000 1036.000000
600.000000 1046.000000
600.000000 1056.000000
644.069291 1106.147209
600.000000 1076.000000
600.000000 1195.000000
605.000000 84.000000
605.000000 880.000000
605.000000 1085.000000
605.000000 1095.000000
605.000000 1105.000000
605.000000 1115.000000
605.000000 1125.000000
605.000000 1135.000000
605.000000 1145.000000
605.000000 1155.000000
605.000000 1165.000000
605.000000 1175.000000
605.000000 1185.000000
615.000000 84.000000
615.000000 880.000000
625.000000 84.000000
625.000000 880.000000
635.000000 84.000000
635.000000 880.000000
645.000000 84.000000
645.000000 880.000000
655.000000 84.000000
655.000000 880.000000
665.000000 84.000000
665.000000 880.000000
675.000000 84.000000
675.000000 880.000000
685.000000 84.000000
685.000000 880.000000
689.000000 1002.000000
689.000000 1012.000000
689.000000 1022.000000
689.000000 1032.000000
689.000000 1042.000000
689.000000 1052.000000
689.000000 1062.000000
689.000000 1072.000000
689.000000 1082.000000
689.000000 1092.000000
689.000000 1102.000000
689.000000 1112.000000
689.000000 1122.000000
689.000000 1132.000000
689.000000 1142.000000
689.000000 1152.000000
783.071534 51.832395
694.000000 875.000000
694.000000 987.000000
694.000000 1161.000000
699.000000 967.000000
725.402841 991.448932
699.000000 1170.000000
699.000000 1180.000000
702.000000 1190.000000
704.000000 89.000000
704.000000 875.000000
704.000000 885.000000
704.000000 952.000000
704.000000 1200.000000
709.000000 894.000000
709.000000 942.000000
710.000000 1208.000000
711.000000 904.000000
714.000000 89.000000
714.000000 914.000000
714.000000 924.000000
711.076862 1268.028498
724.000000 89.000000
730.000000 1210.000000
733.000000 94.000000
740.000000 1210.000000
743.000000 94.000000
750.000000 1210.000000
753.000000 95.000000
760.000000 1205.000000
763.000000 99.000000
765.000000 1010.000000
765.000000 1020.000000
765.000000 1030.000000
765.000000 1040.000000
765.000000 1050.000000
765.000000 1060.000000
765.000000 1070.000000
765.000000 1080.000000
765.000000 1090.000000
765.000000 1100.000000
765.000000 1110.000000
765.000000 1120.000000
765.000000 1130.000000
739.634396 1117.084845
770.000000 990.000000
770.000000 1000.000000
770.000000 1149.000000
770.271314 1143.967708
770.000000 1205.000000
772.000000 104.000000
775.000000 975.000000
777.422704 1073.764484
775.000000 1178.000000
752.823800 847.455201
780.000000 875.000000
780.000000 1205.000000
782.000000 104.000000
783.000000 968.000000
804.433219 1153.108527
784.000000 1027.000000
857.584200 1134.249405
784.000000 1047.000000
784.000000 1057.000000
784.000000 1067.000000
784.000000 1077.000000
784.000000 1087.000000
785.000000 884.000000
785.000000 894.000000
787.000000 1195.000000
788.000000 958.000000
789.000000 870.000000
778.739305 1020.952374
789.000000 1096.000000
789.000000 1106.000000
789.000000 1116.000000
790.000000 903.000000
790.000000 913.000000
790.000000 923.000000
790.000000 933.000000
790.000000 943.000000
791.000000 109.000000
794.000000 997.000000
794.000000 1125.000000
797.000000 1135.000000
798.000000 875.000000
838.720302 1009.846855
801.000000 109.000000
804.000000 962.000000
804.000000 972.000000
804.000000 1143.000000
805.000000 883.000000
809.000000 893.000000
809.000000 903.000000
834.971590 906.864591
809.000000 923.000000
809.000000 933.000000
791.186932 954.734242
809.000000 953.000000
809.000000 1152.000000
810.000000 114.000000
814.000000 1161.000000
820.000000 117.000000
821.000000 1169.000000
826.000000 1178.000000
829.000000 122.000000
834.000000 1185.000000
837.000000 1195.000000
839.000000 126.000000
847.000000 1195.000000
848.000000 131.000000
857.000000 1195.000000
858.000000 135.000000
931.857967 846.328575
860.000000 1035.000000
860.000000 1045.000000
860.000000 1055.000000
860.000000 1065.000000
860.000000 1075.000000
862.000000 835.000000
865.000000 1020.000000
865.000000 1084.000000
865.000000 1094.000000
865.000000 1104.000000
867.000000 140.000000
867.000000 1195.000000
870.000000 825.000000
870.000000 842.000000
870.000000 1010.000000
870.000000 1113.000000
874.000000 852.000000
875.000000 1000.000000
877.000000 144.000000
877.000000 1195.000000
878.000000 1120.000000
879.000000 830.000000
880.000000 860.000000
880.000000 965.000000
880.000000 975.000000
875.344276 944.462252
882.000000 840.000000
882.000000 1130.000000
885.000000 869.000000
885.000000 879.000000
885.000000 889.000000
885.000000 899.000000
885.000000 909.000000
885.000000 919.000000
885.000000 929.000000
885.000000 939.000000
885.000000 949.000000
886.000000 149.000000
887.000000 1195.000000
890.000000 847.000000
890.000000 1137.000000
894.000000 156.000000
894.000000 1147.000000
897.000000 855.000000
897.000000 1195.000000
903.000000 161.000000
904.000000 1151.000000
905.000000 862.000000
906.000000 1190.000000
910.000000 169.000000
910.000000 1159.000000
912.000000 870.000000
914.000000 880.000000
915.000000 1168.000000
916.000000 1190.000000
919.000000 889.000000
919.000000 1027.000000
919.000000 1037.000000
919.000000 1047.000000
919.000000 1057.000000
919.000000 1067.000000
919.000000 1077.000000
840.718471 155.638014
923.000000 1175.000000
924.000000 898.000000
924.000000 908.000000
924.000000 992.000000
924.000000 1002.000000
924.000000 1012.000000
924.000000 1086.000000
924.000000 1096.000000
924.000000 1106.000000
924.000000 1116.000000
925.000000 918.000000
925.000000 1185.000000
928.000000 179.000000
929.000000 928.000000
929.000000 938.000000
929.000000 948.000000
929.000000 958.000000
929.000000 968.000000
929.000000 978.000000
929.000000 1125.000000
914.281259 824.871858
935.000000 1133.000000
937.000000 184.000000
937.000000 790.000000
940.000000 1142.000000
944.000000 192.000000
944.000000 775.000000
945.000000 797.000000
947.000000 1150.000000
956.288315 278.529577
952.000000 805.000000
953.000000 780.000000
955.000000 1157.000000
959.000000 207.000000
959.000000 1167.000000
960.000000 812.000000
963.000000 780.000000
967.000000 214.000000
967.000000 820.000000
967.000000 1174.000000
970.000000 788.000000
978.536049 761.281231
974.000000 222.000000
977.000000 1175.000000
979.000000 837.000000
980.000000 792.000000
982.000000 229.000000
943.189672 824.407463
985.000000 856.000000
987.000000 800.000000
987.000000 1175.000000
989.000000 237.000000
973.585864 847.061073
995.000000 874.000000
995.000000 1030.000000
995.000000 1040.000000
995.000000 1050.000000
995.000000 1060.000000
995.000000 1070.000000
996.000000 1170.000000
997.000000 244.000000
962.360490 811.744374
1000.000000 715.000000
1000.000000 883.000000
1000.000000 893.000000
1000.000000 903.000000
1000.000000 913.000000
1000.000000 995.000000
1000.000000 1005.000000
1000.000000 1015.000000
961.928756 1067.165673
1000.000000 1089.000000
1000.000000 1099.000000
1001.000000 814.000000
1004.000000 252.000000
1038.903194 751.969072
1005.000000 724.000000
1005.000000 922.000000
1005.000000 932.000000
1005.000000 942.000000
1005.000000 952.000000
1005.000000 962.000000
1005.000000 972.000000
1005.000000 982.000000
1006.000000 1170.000000
1008.000000 1105.000000
1009.000000 261.000000
1009.000000 820.000000
1013.000000 698.000000
1015.000000 269.000000
1015.000000 727.000000
1015.000000 828.000000
1015.000000 1113.000000
1015.000000 1165.000000
1020.000000 278.000000
1020.000000 685.000000
1020.000000 837.000000
1020.000000 1122.000000
1023.000000 734.000000
1025.000000 1165.000000
1064.473362 914.306011
1028.000000 285.000000
1028.000000 678.000000
1029.000000 1127.000000
1032.000000 295.000000
1032.000000 739.000000
936.076514 813.440496
1033.000000 668.000000
1034.000000 1160.000000
1037.000000 304.000000
1037.000000 1134.000000
1038.000000 658.000000
1084.219429 873.494592
1039.000000 872.000000
1040.000000 314.000000
1040.000000 1144.000000
1041.000000 744.000000
1043.000000 648.000000
1044.000000 881.000000
1090.362809 917.765490
1044.000000 1157.000000
1048.000000 320.000000
1049.000000 751.000000
1049.000000 900.000000
1050.000000 330.000000
1050.000000 630.000000
1050.000000 640.000000
1052.000000 910.000000
1054.000000 920.000000
1054.000000 930.000000
1054.000000 940.000000
1055.000000 339.000000
1055.000000 620.000000
1055.000000 759.000000
1059.000000 949.000000
1059.000000 959.000000
1059.000000 969.000000
1059.000000 979.000000
1059.000000 989.000000
1059.000000 999.000000
1059.000000 1009.000000
1060.000000 348.000000
1060.000000 610.000000
1060.000000 768.000000
1061.000000 1019.000000
1088.226246 1051.156841
1065.000000 357.000000
1065.000000 367.000000
1065.000000 595.000000
1066.000000 1039.000000
1068.000000 775.000000
1026.708036 1035.790182
1070.000000 376.000000
1070.000000 386.000000
1070.000000 575.000000
1070.000000 585.000000
1074.000000 1058.000000
1075.000000 395.000000
1075.000000 405.000000
1075.000000 555.000000
1075.000000 565.000000
1075.000000 783.000000
1079.000000 1067.000000
1080.000000 414.000000
1080.000000 424.000000
1080.000000 434.000000
1080.000000 525.000000
1080.000000 535.000000
1080.000000 545.000000
1080.000000 792.000000
1084.000000 1076.000000
1085.000000 443.000000
1085.000000 453.000000
1085.000000 463.000000
1085.000000 473.000000
1085.000000 483.000000
1085.000000 493.000000
1085.000000 503.000000
1085.000000 513.000000
1085.000000 801.000000
1089.000000 1085.000000
1091.000000 809.000000
1092.000000 1095.000000
1095.000000 819.000000
1099.000000 1103.000000
1103.000000 825.000000
1104.000000 1112.000000
1107.000000 835.000000
1109.000000 1121.000000
1110.000000 845.000000
1115.000000 854.000000
1115.000000 864.000000
1116.000000 1129.000000
1120.000000 873.000000
1120.000000 883.000000
1121.000000 1138.000000
1125.000000 892.000000
1125.000000 902.000000
1130.000000 911.000000
1130.000000 921.000000
1130.000000 931.000000
1131.000000 1140.000000
1133.000000 941.000000
1135.000000 951.000000
1135.000000 961.000000
1135.000000 971.000000
1135.000000 981.000000
1135.000000 991.000000
1135.000000 1001.000000
1135.000000 1011.000000
1140.000000 1020.000000
1140.000000 1135.000000
1142.000000 1030.000000
1148.000000 1128.000000
1150.000000 1037.000000
1154.000000 1047.000000
1155.000000 1057.000000
1155.000000 1120.000000
1162.000000 1065.000000
1163.000000 1113.000000
1140.045162 1057.571562
1170.000000 1105.000000
1174.000000 1082.000000
1178.000000 1098.000000
