49.024830 125.380368
50.789897 327.233686
49.057018 97.050995
65.151456 276.148318
69.807846 374.514257
82.951548 61.625719
89.719255 151.745224
86.729690 257.690132
101.352063 35.591904
115.137155 386.369904
110.125175 258.977532
122.882064 174.729899
141.820979 246.223545
148.832643 192.553710
144.502555 53.532154
166.621627 222.337608
173.792575 376.467191
157.470027 82.498194
187.266017 343.989860
207.207907 125.631639
225.198125 318.047627
253.353625 294.112337
258.150717 137.932933
297.378754 279.080570
309.019317 205.954704
309.784676 141.116461
339.266111 287.886637
359.151622 213.394581
372.095853 147.890565
388.193010 283.265128
426.250062 216.080372
444.946485 156.026983
435.020566 291.070118
470.169317 159.716494
498.713111 285.857237
532.173322 146.920889
529.276135 305.422721
573.256550 349.771439
574.763867 107.029230
603.820809 207.422887
605.983806 234.703538
611.918267 381.232993
611.832443 57.816122
622.703079 180.618163
639.251468 258.081005
644.209114 375.677704
651.175705 55.319666
661.026743 168.005388
690.657627 357.585012
692.419820 271.766291
705.638469 96.995959
696.530673 139.592683
707.261122 314.362206
