43.671695 132.391605
53.449852 325.215523
44.281683 97.343011
48.532097 284.087020
63.929073 371.180761
84.342215 63.172665
86.560366 157.499380
84.871651 245.454384
115.454261 37.722470
116.338858 381.836641
127.872997 256.981282
120.233780 160.254459
142.712951 257.041512
140.882456 192.212348
157.794116 60.165935
169.858551 213.424395
160.179156 371.774189
167.459385 78.251060
190.176532 338.697175
237.409064 119.369431
211.323656 326.705332
256.566455 296.539842
240.636092 138.811025
307.095351 277.202329
320.981278 201.280960
302.107854 139.422739
324.984783 290.156464
360.292346 212.142898
379.245762 151.584143
404.891659 289.064030
417.344988 211.333270
427.882698 155.736710
418.400471 280.956369
481.718947 151.842163
499.572684 291.843341
531.554874 146.787147
541.293396 302.617671
569.720051 352.551604
596.447354 101.011184
608.407831 204.063345
595.052315 234.388052
619.204053 394.495748
612.843574 69.486887
623.811977 175.908476
629.638225 252.521041
650.201348 384.637950
668.191022 53.540205
674.347636 163.833759
663.740947 354.393106
681.728587 275.670724
693.366518 98.400597
722.831840 143.006668
702.957325 314.958434
