327.573807 25.696008
322.039361 42.510392
290.975360 121.205293
262.112614 212.552264
246.966336 302.307451
247.164893 335.681050
259.097284 359.489464
278.649405 375.116187
312.779785 393.144864
466.798016 405.812165
633.936123 407.641692
674.681087 412.541743
741.763814 455.820783
780.311348 538.934644
731.101613 614.321102
652.469086 661.868664
565.421807 643.194472
511.448971 577.587897
511.447028 512.132209
515.998616 473.528494
589.849429 330.466449
644.597698 270.692596
689.620009 212.554091
720.289642 174.869881
743.335186 150.780113
755.806411 136.183286
774.559741 130.162262
815.448228 89.410586
762.326176 122.458180
751.851721 129.216874
733.864285 142.512253
720.695293 143.266313
697.314674 155.361127
647.796755 167.821339
596.275679 174.073178
484.973893 196.595438
353.278900 207.788796
169.286273 206.854671
76.970866 218.000152
61.918680 223.791801
391.002772 410.994217
