321.349265 33.412178
327.845980 36.029232
284.084510 123.274725
252.672663 213.191920
231.102572 300.702636
234.339954 335.699385
245.965410 365.504462
272.898497 382.727624
317.533367 388.407269
464.135405 398.089333
631.814639 414.985550
690.556967 424.718362
743.779216 443.137051
780.537516 534.456430
723.917284 622.660620
646.961922 663.364741
569.231552 644.820702
508.719995 577.325856
492.669000 522.759088
520.750450 480.110667
586.460254 324.890238
637.125442 270.251973
688.938451 213.526486
723.078660 178.272662
741.086712 156.778967
747.062699 132.500150
756.012158 118.836233
819.400327 104.648370
761.374988 118.799494
735.666017 119.505617
726.921292 143.266256
710.567176 150.249880
690.906199 153.143146
642.631599 167.195201
588.471944 176.881664
471.707663 206.563358
358.806401 211.172612
169.436231 200.842705
78.655729 216.266926
56.979422 219.870562
387.242468 397.591112
