-146.624519 -287.022554
-138.414658 -297.746959
-142.905131 -306.388035
-141.308089 -289.833540
-154.317209 -300.930476
-146.972168 -294.981023
-158.277170 -295.750017
-148.860620 -302.764487
-145.188940 -299.135722
-151.308479 -301.903009
-139.097720 -297.829553
-154.412577 -295.023738
-149.417223 -302.261457
-129.298071 -302.259847
-125.847641 -304.543523
-131.266344 -292.058691
-123.251493 -300.492291
-129.110055 -300.530196
-129.555404 -312.065098
-129.084782 -310.898400
-139.467983 -303.445549
-133.175312 -311.603976
-128.407497 -305.524863
-132.949320 -301.320209
-128.532926 -302.251840
-128.347136 -297.378192
-110.465665 -307.954265
-101.055322 -304.966702
-108.034144 -299.213210
-110.579160 -297.779711
-101.677324 -307.384316
-102.080963 -294.693655
-104.891454 -312.381216
-108.785786 -303.341238
-97.013916 -300.077300
-106.470832 -302.226200
-103.672537 -292.411107
-103.845344 -304.822499
-103.419277 -305.708945
-88.454964 -294.259492
-85.195083 -313.522170
-91.146167 -306.014610
-90.335081 -310.554401
-91.884710 -306.932353
-96.452954 -300.911184
-86.189122 -304.117490
-85.177157 -308.192125
-95.067332 -310.721088
-85.415383 -310.009904
-86.906683 -299.513135
-84.296712 -301.826321
-77.656392 -311.824464
-83.646419 -276.628649
-86.814839 -289.104630
-86.245569 -280.408282
-87.184455 -290.311732
-85.757328 -280.885455
-76.712189 -282.038273
-84.658909 -282.834610
-76.056978 -277.762927
-80.574992 -274.774073
-86.475181 -285.802898
-79.301304 -277.165388
-90.356606 -284.638090
-83.679408 -271.193355
-82.108374 -253.562003
-87.061621 -249.377309
-88.700822 -259.778857
-83.552936 -267.121602
-94.867661 -248.942498
-85.606823 -257.409325
-89.171086 -251.812602
-85.916482 -264.544433
-82.170308 -249.077245
-82.095152 -259.895783
-95.698062 -253.241476
-83.995064 -251.772389
-88.912543 -264.377836
-65.740974 -251.886657
-70.396210 -248.332400
-61.277245 -251.526659
-78.157668 -250.654393
-72.568757 -253.660461
-63.603578 -252.803690
-62.088822 -253.215398
-59.231419 -262.255703
-76.374476 -246.549515
-65.716725 -250.825495
-71.523220 -253.915880
-60.948768 -253.051079
-61.577378 -256.069040
-41.333125 -259.573951
-55.749390 -250.790037
-47.293013 -259.024108
-38.831126 -259.461748
-39.464525 -260.734458
-46.143456 -259.098943
-53.659508 -247.421871
-47.823910 -247.451453
-41.478262 -265.223992
-48.596656 -258.393776
-55.154755 -258.345946
-45.634179 -254.779832
-43.980645 -249.931102
-37.342093 -286.333664
-44.329014 -267.791963
-30.974836 -278.320637
-37.797628 -282.301850
-43.411952 -276.098130
-33.559405 -271.026031
-41.644434 -276.301381
-39.994915 -278.627885
-44.413324 -278.767521
-45.877113 -269.722177
-46.931468 -267.232028
-46.790470 -266.684360
-39.673893 -276.194948
-26.205519 -272.859361
-16.066491 -282.905595
-18.697079 -273.330668
-22.472796 -287.406619
-20.573173 -288.840524
-27.655874 -278.277918
-26.360818 -283.707337
-21.414413 -278.331888
-23.596137 -282.812254
-24.382139 -269.796703
-23.083491 -276.284715
-30.121266 -275.606645
-14.684805 -274.737379
-1.223653 -278.427128
9.600488 -271.586090
5.809350 -280.155904
3.825064 -281.008973
-2.738910 -280.243457
6.887120 -272.442612
-7.373742 -282.423036
4.677160 -269.984101
4.929923 -278.042319
0.068240 -277.682570
12.745142 -274.894988
11.978001 -283.954247
2.413349 -277.262407
33.985503 -277.910684
37.046475 -266.883095
35.867822 -277.205072
35.640697 -282.248740
38.051664 -285.806682
31.621895 -278.879554
31.293234 -278.266372
34.711882 -276.619794
36.501931 -280.423549
31.391759 -277.842917
33.656732 -277.610074
34.388782 -276.833240
32.692516 -281.738008
58.815594 -278.522040
51.403804 -278.256112
54.186850 -277.211302
52.615971 -282.599473
56.934853 -274.054896
56.811460 -286.125988
55.991812 -273.494292
51.991097 -274.486432
57.466165 -271.363516
54.103659 -274.511802
54.516663 -281.637287
46.727646 -278.940457
52.923887 -283.073647
66.583809 -280.504083
74.243299 -290.418883
65.221839 -276.090311
67.088272 -290.914243
66.920409 -283.861496
71.718113 -285.419970
80.417015 -283.862554
71.691832 -284.294920
73.521145 -279.151049
72.752948 -279.723407
73.020605 -280.992533
73.534605 -280.013704
84.154972 -278.718731
81.942034 -259.349643
78.816972 -258.331508
88.724591 -264.173916
66.547979 -262.920313
87.452085 -256.097266
83.994808 -267.232112
86.532930 -260.127010
73.702412 -258.111701
79.357227 -260.464791
77.747036 -260.976453
74.016909 -260.289400
71.702958 -267.759567
67.591165 -254.965270
96.874000 -260.321061
97.153265 -252.887255
94.966274 -257.375148
89.581337 -260.457218
96.825288 -259.260420
102.116475 -258.254559
95.005595 -254.918079
101.155228 -263.173905
98.230412 -256.212217
94.971243 -268.173055
95.784961 -264.146321
98.825444 -262.125053
90.408016 -249.798847
118.954803 -256.999629
113.312718 -255.887957
127.539496 -252.934678
123.106439 -265.026132
114.299038 -265.979790
115.307350 -261.965440
127.551321 -250.972231
129.595073 -251.353977
122.122441 -254.200480
122.269650 -259.221121
124.352860 -247.484685
120.110251 -256.984978
122.635525 -268.033324
119.811773 -278.199007
129.961804 -285.254117
114.338295 -277.906524
118.498967 -273.537880
120.019971 -278.361070
121.002405 -275.672867
129.917400 -284.917750
119.083040 -277.988677
121.057816 -278.928787
123.640789 -278.309572
127.978041 -269.062496
120.282026 -277.962146
125.369005 -279.625962
118.969855 -301.957758
118.512616 -300.113922
120.953855 -291.388958
110.840177 -308.763903
116.560023 -296.802257
121.405000 -306.702766
115.460775 -299.508892
121.202321 -303.839849
114.058439 -298.160263
123.674374 -303.379935
116.895838 -311.911460
113.151895 -296.180605
117.405875 -312.738714
141.753133 -307.775575
140.607994 -293.843313
132.552321 -305.284978
130.746039 -310.877963
140.235120 -313.391656
146.852507 -304.689564
139.040618 -312.580118
137.474596 -304.023783
142.320002 -300.983385
145.482834 -306.518744
137.561946 -301.405029
143.647081 -303.140187
138.184511 -305.116655
152.403881 -295.883519
169.643390 -297.035288
156.716163 -309.001803
161.455424 -301.704928
165.962202 -293.326214
160.150189 -306.535796
166.942662 -302.020976
155.135613 -307.037906
152.906641 -299.171725
172.255556 -305.544955
161.546057 -306.083743
149.910227 -304.789984
162.071578 -303.990466
188.946437 -304.445995
186.963450 -307.757036
182.128303 -312.201287
185.524222 -302.250693
185.507382 -300.004734
183.289278 -305.791707
181.288128 -305.819925
174.174321 -300.771884
193.199467 -313.073176
182.500004 -303.947332
185.254407 -303.917841
182.977861 -301.169119
185.924417 -314.376644
192.702349 -282.145856
182.038862 -287.105812
172.461389 -286.227299
187.165546 -278.532247
187.255413 -284.270604
187.140557 -289.285626
187.993811 -284.895938
189.144563 -289.084149
186.706741 -287.095072
186.122812 -296.798234
184.724005 -281.912571
193.529654 -285.651053
185.896074 -274.439273
182.204528 -263.723914
186.782974 -262.513687
179.941381 -262.332056
175.063611 -259.942363
184.833135 -257.370894
178.493307 -270.686600
181.473115 -260.131846
183.078212 -259.469455
175.258903 -272.917299
186.827576 -272.456367
193.041991 -258.529549
181.773272 -263.478143
183.710257 -256.943869
-149.484100 -283.178757
-158.771104 -275.203036
-150.709848 -277.427051
-150.551442 -269.685140
-147.122433 -272.954666
-150.028546 -278.456367
-149.057343 -277.483491
-153.050347 -288.662183
-140.408898 -279.224669
-151.282025 -276.789376
-142.245698 -278.576520
-144.819054 -283.588229
-144.208827 -284.548794
-150.303071 -256.175937
-158.469316 -259.662637
-150.396222 -254.742011
-150.048514 -255.932424
-147.934553 -261.192182
-159.240584 -259.656974
-156.534267 -249.686821
-147.112397 -259.820133
-140.220858 -259.947722
-145.875957 -255.110872
-150.372599 -255.727300
-143.482479 -250.849348
-151.060679 -250.069273
-152.253108 -226.645961
-154.982555 -231.304930
-150.582699 -235.438297
-154.609175 -237.070112
-149.030680 -234.515911
-151.529908 -233.554687
-153.998784 -231.891018
-155.414564 -236.365114
-157.245233 -224.928655
-153.889339 -231.982003
-150.748052 -233.966491
-155.192425 -231.772412
-161.726300 -235.768321
-167.308613 -210.923948
-165.422589 -201.071078
-158.125630 -209.900711
-162.542991 -210.006298
-151.700740 -207.345006
-162.982187 -206.061980
-157.465218 -196.626912
-162.898879 -208.797850
-158.416819 -219.339845
-160.180491 -206.455174
-154.068411 -209.267485
-160.091088 -203.254774
-167.207685 -213.852806
-167.427461 -185.930517
-164.201889 -190.299661
-160.514947 -175.298335
-156.986357 -191.456606
-169.022599 -195.830834
-168.509971 -181.542566
-159.936899 -181.259827
-159.518136 -181.566578
-155.882169 -185.656818
-172.473802 -179.851276
-169.047772 -186.842053
-158.521889 -182.939018
-172.411311 -185.287645
-175.912281 -169.485009
-170.472836 -152.368353
-166.708152 -161.836558
-166.108410 -163.239254
-169.547100 -164.737576
-176.410302 -157.121957
-174.876085 -171.124467
-168.589717 -174.580830
-157.369874 -162.947137
-166.155071 -163.397291
-165.587024 -164.088309
-174.275059 -171.449379
-177.822326 -165.435603
-178.522287 -138.598562
-171.729189 -140.383501
-168.949888 -139.945203
-165.907203 -145.417480
-168.267546 -149.134443
-169.024855 -141.642048
-172.851259 -142.098672
-159.392215 -142.084468
-175.681473 -138.589854
-180.388144 -138.755812
-163.516746 -151.491877
-161.803296 -137.134017
-159.405246 -144.460813
-170.672446 -112.822285
-170.535843 -122.471937
-177.955819 -118.430435
-170.366196 -126.469783
-174.084540 -121.179857
-176.187740 -114.625684
-172.580440 -117.700082
-175.351762 -119.375943
-173.916139 -132.497641
-174.539772 -108.662904
-181.841562 -120.801270
-178.953568 -119.640368
-169.258880 -120.697557
-175.359954 -103.054944
-179.026617 -93.639755
-180.007224 -113.918470
-180.136610 -101.895612
-173.328915 -98.446409
-183.817131 -102.470362
-176.092750 -100.906172
-178.264808 -102.558368
-166.822731 -107.042088
-174.228877 -113.760106
-176.778395 -103.154294
-170.282985 -97.574345
-176.776016 -97.965313
-180.630365 -84.970431
-178.050401 -83.013677
-181.099315 -89.258643
-174.511727 -89.552702
-177.930834 -82.045897
-171.302787 -88.589391
-179.254876 -83.212946
-170.617701 -86.225114
-180.833841 -89.151519
-177.319643 -84.018828
-176.909757 -85.655634
-171.991760 -83.835735
-185.184409 -84.631347
-179.974868 -57.601266
-188.114767 -64.457464
-178.848890 -64.289322
-174.189420 -61.905745
-170.037283 -68.336833
-177.939408 -65.524690
-173.898686 -57.032032
-173.407467 -62.973347
-175.272042 -61.991545
-184.164702 -66.579051
-186.602198 -67.670528
-177.522030 -66.822011
-185.267957 -61.865895
-183.795650 -40.079844
-185.565808 -34.062121
-177.690449 -39.653543
-186.895269 -44.775483
-168.967085 -47.749183
-172.867767 -32.619058
-180.403464 -31.710663
-177.085293 -43.991549
-174.624537 -33.361766
-177.765684 -41.442991
-181.604592 -49.237285
-177.788808 -41.460146
-178.930477 -43.646904
-181.228291 -25.338594
-185.382927 -18.796695
-182.735087 -26.621604
-187.419657 -18.330470
-182.618380 -22.961472
-187.335048 -31.208405
-181.607595 -22.136300
-177.655034 -17.752861
-189.364860 -28.174683
-182.462242 -24.505230
-178.725347 -20.350004
-187.314673 -20.804007
-172.614181 -26.560794
-178.355120 11.074918
-169.945216 2.841118
-170.280993 0.455105
-170.085410 3.314829
-181.246653 0.952930
-184.563046 3.748342
-179.007737 4.370980
-171.046043 -5.648433
-181.932409 7.801585
-187.717828 -1.899130
-168.749843 5.736321
-180.052675 2.628439
-181.858397 5.122283
-189.160834 28.550894
-176.762842 29.904124
-187.508389 32.954843
-176.240024 28.153790
-180.500417 25.990308
-180.243536 32.071120
-178.836732 26.760297
-184.040931 30.586983
-183.679421 23.077200
-172.191642 26.101867
-176.256641 28.499091
-187.125037 23.408244
-184.311014 31.696195
-178.415991 51.363207
-179.428719 47.661709
-174.489078 43.119669
-174.675902 48.537787
-178.025362 50.719969
-182.688706 43.139487
-177.665868 50.391693
-177.947636 50.214213
-182.651066 44.588853
-184.973086 50.523199
-185.340805 59.937081
-178.204981 39.666612
-167.889823 50.450242
-181.627681 77.244871
-179.500302 79.908142
-182.635354 74.982983
-181.216731 76.020730
-181.052491 74.982412
-167.706601 78.897869
-175.358981 65.088002
-185.472884 71.484485
-177.731625 73.484480
-166.699942 79.311178
-184.039387 63.692538
-181.367185 73.510499
-172.031039 74.033358
-162.312924 81.105209
-162.914734 93.757167
-160.465056 80.720602
-163.229532 91.680969
-154.466144 94.051480
-169.534025 97.521646
-165.069256 91.904228
-155.165561 92.953248
-164.657550 91.565844
-157.914951 89.444887
-161.033746 80.471595
-167.303228 101.166027
-170.896029 102.311329
-152.042150 101.646345
-137.813390 104.362601
-152.209396 98.552025
-148.323056 97.331735
-143.449437 102.248872
-144.048282 98.105122
-142.402677 93.130826
-147.950082 91.658039
-146.653850 96.855169
-153.467684 93.453156
-149.011175 89.484813
-155.728545 93.382286
-146.262803 100.182324
-136.765880 98.683875
-131.275033 97.634504
-125.814082 96.880294
-130.070702 97.227175
-126.922182 86.015727
-133.314467 99.678112
-125.698134 97.834490
-131.301141 107.898599
-124.754636 96.759249
-125.915767 96.449142
-124.322393 100.199991
-132.647828 100.092366
-125.982467 101.786605
-106.542003 106.065363
-91.543654 98.779630
-98.957130 95.812946
-97.272510 103.115383
-94.341264 99.265300
-108.263491 95.778237
-96.511969 99.259704
-102.748092 98.600838
-102.074989 97.162140
-92.105331 103.368441
-101.093868 97.268348
-99.285845 98.221126
-103.172135 106.162284
-86.365447 95.080216
-80.757622 95.202984
-82.774772 98.934458
-81.662082 100.171328
-79.042316 83.427536
-72.696393 100.744638
-82.080514 92.041373
-73.989283 87.258711
-80.096351 102.659242
-85.745908 103.939146
-79.159430 92.142604
-85.447910 91.288290
-81.964702 93.352928
-45.774248 98.969264
-60.953409 86.785039
-56.377305 94.331005
-56.154792 94.601345
-59.169019 95.308540
-56.842472 97.432867
-56.505981 96.148865
-55.136743 95.621088
-51.270676 94.216214
-55.199333 95.343406
-54.303553 95.505718
-55.207615 107.481091
-45.461138 89.765230
-35.680868 97.799427
-30.655786 92.189539
-36.717005 93.489456
-34.299223 94.978009
-39.126193 103.176434
-42.164914 101.176178
-30.746179 94.964390
-33.489224 92.877848
-31.021175 91.935892
-37.532617 100.245437
-33.693097 89.446943
-33.601297 93.137456
-33.962230 92.108733
-11.722539 92.359583
-0.520083 98.461239
-14.171278 95.579848
-7.556726 88.613866
-11.441675 89.780176
-8.944107 101.129818
-6.504393 92.884335
-7.816409 87.204563
-5.115745 93.782976
-12.033301 90.797775
-15.023006 97.339820
-9.308215 99.237840
-0.928267 95.721937
14.655143 94.307595
11.789886 91.949982
20.697889 86.479720
16.918174 85.200797
18.545572 94.693851
10.152161 88.641382
13.636956 97.669773
18.318998 93.682684
14.530352 90.142066
18.552504 91.973649
11.328008 89.043192
28.538217 94.026173
7.859451 94.238169
35.852943 94.218429
41.419796 93.647479
47.810067 87.825479
41.384608 95.936366
33.773878 92.255501
43.335781 89.274790
49.016397 94.397918
46.347689 84.294065
50.057231 94.551053
39.928437 99.582116
42.614319 93.422606
49.885464 92.597003
45.367877 96.283835
65.108682 100.664507
60.245737 95.267338
62.054547 100.392486
72.694059 90.516722
66.821275 93.077904
64.337512 93.701184
70.890494 83.732551
63.692319 96.428147
65.149059 89.297112
64.848400 92.199751
64.477762 90.336687
64.374164 96.813944
56.115614 95.629459
82.776673 90.711021
78.566726 96.204709
87.695932 97.400364
80.643427 93.962488
76.062976 90.304074
91.040925 88.601002
91.895629 85.746452
86.969204 93.299524
88.019820 106.193388
80.923437 94.858967
81.249976 97.859937
84.317794 97.609321
82.437306 100.154096
107.027591 92.915099
105.903264 92.978745
107.329901 96.840102
103.756747 89.947007
109.882761 84.682087
118.232424 90.531022
103.782848 89.600056
106.316626 96.524671
101.604938 98.796765
107.395068 83.255707
108.288423 94.698785
102.554883 86.184499
102.467298 106.588484
134.426329 94.049067
124.650742 97.172448
124.588652 83.544183
132.195407 104.531254
128.637825 95.049558
134.694996 82.980062
124.801662 100.095013
131.229587 94.868612
123.695075 93.055901
133.695292 92.276033
134.775599 93.654081
140.093541 92.415194
143.317254 97.440169
165.481573 99.202011
155.730707 82.679443
157.933030 95.545164
157.897684 91.543468
153.763771 98.361504
157.342813 88.420007
157.208965 93.544849
152.100025 88.609001
157.942529 85.919799
148.098404 97.620771
158.720783 91.481086
155.642320 97.644703
154.302891 93.400409
175.048511 95.602722
183.266829 92.940942
179.153635 93.464527
186.360512 94.187583
180.860126 92.941014
185.609951 99.258060
182.475947 96.677531
173.782379 96.234716
180.580393 99.622738
184.485833 90.513648
181.014272 100.264057
170.848803 90.797231
184.862482 92.900824
201.490778 92.374994
203.523263 97.008610
211.359481 83.699174
202.481531 89.191979
202.532024 88.016349
199.895538 95.018905
197.941188 90.610564
192.036997 87.987663
206.096330 85.517587
200.689660 90.678228
201.839692 89.741881
203.983102 88.147012
198.076772 100.655638
216.015140 76.066863
219.258924 75.801987
221.189793 79.876635
217.222716 76.169795
214.727983 75.170512
217.463476 78.238565
207.669129 75.238286
217.478935 76.866713
213.091893 72.768359
227.406243 68.835236
206.736193 77.204669
225.073640 68.985139
225.521205 68.533408
223.397845 55.273058
220.605874 55.089326
206.974468 57.870674
213.084027 52.566310
223.894988 51.411592
214.123970 62.332915
209.008510 50.948993
224.038214 43.813893
217.603877 54.494665
224.443756 46.677046
218.243310 55.502891
215.572077 54.106045
209.763089 56.180822
219.602459 30.855162
225.724238 32.494698
228.693510 29.126187
223.536399 34.291935
223.192573 22.534880
212.520268 24.103996
217.294002 31.620405
216.378200 37.254465
218.329238 31.318860
211.620000 25.360677
228.090190 32.014911
211.635084 35.466089
223.233655 41.717446
206.813917 14.258771
226.925795 12.964102
215.620093 9.111746
217.973944 8.691790
218.289384 12.463188
218.141688 12.626030
216.328839 12.727442
227.559442 3.961988
228.042265 9.434266
212.601343 5.602217
216.565417 9.538204
216.989445 16.686979
229.408061 7.582233
226.883044 -17.093422
215.922021 -11.977320
225.255798 -18.123052
211.281417 -0.912509
204.436483 -8.698392
219.973747 -1.766818
226.860943 -10.206137
215.074001 -16.940190
216.048244 -12.045865
212.178075 -18.481745
216.535540 -12.108659
221.148360 -18.170570
212.351476 -20.182934
215.890584 -31.004765
221.338525 -36.282753
224.513313 -28.476592
216.076670 -31.250344
216.758940 -26.681622
218.060501 -20.273488
211.036653 -25.280017
221.700071 -42.005519
223.367481 -34.981707
203.938555 -33.339315
216.113378 -33.017944
218.120478 -27.905900
210.414283 -29.798721
224.112755 -59.578004
220.398108 -65.789145
221.779631 -67.262781
213.849551 -59.793057
219.099567 -58.787757
219.570823 -63.729663
225.543596 -65.113167
215.048722 -68.544986
216.585716 -58.070450
214.831265 -65.770057
208.304325 -58.097503
220.578022 -58.789141
220.812359 -61.061951
210.237935 -84.332518
204.727390 -93.164331
217.005990 -76.258202
211.668826 -77.670868
214.586715 -86.721683
214.998482 -82.406418
219.745078 -93.258581
203.514657 -81.902017
217.438273 -83.166313
212.518263 -85.094412
215.721777 -86.943972
209.801945 -89.657296
209.789129 -84.065621
187.150356 -248.863997
178.059053 -244.132441
175.135818 -246.872176
195.370127 -243.790329
189.301922 -249.238938
186.377844 -246.222319
194.401009 -251.627905
181.558763 -249.712616
187.195213 -246.829185
186.217597 -244.793089
187.723791 -248.085005
190.121981 -241.789978
187.082178 -239.366929
191.063150 -228.041145
188.013119 -217.969023
185.171114 -227.155560
187.101173 -228.871366
192.256711 -221.311257
191.872463 -222.996448
186.688141 -224.827619
193.148185 -221.248803
185.099925 -220.816102
203.203149 -217.532362
184.333580 -223.571163
189.542845 -212.189053
188.073930 -213.483472
191.676325 -200.733539
201.546703 -201.050706
202.886242 -196.643925
185.425665 -203.705891
195.538236 -197.957904
192.609128 -193.418552
204.875305 -199.221579
197.219767 -201.380473
195.139915 -198.453651
192.943530 -201.311626
187.174311 -198.249112
192.874994 -207.016770
189.710650 -196.607735
201.949381 -176.142457
194.896578 -183.925960
196.530463 -174.090637
206.025223 -178.079413
193.202959 -182.658459
199.693555 -172.238264
197.020167 -186.420887
199.263759 -175.996534
200.211931 -179.448639
199.513365 -173.831723
201.881439 -175.589702
189.746917 -172.629658
207.041013 -177.324232
207.187623 -158.458571
204.476009 -153.434417
195.231075 -145.935057
203.252052 -154.315890
212.193648 -153.128203
201.367775 -163.036193
195.896038 -145.259722
202.637229 -154.326708
195.639808 -157.281887
202.630449 -144.322353
195.467173 -161.146246
205.929895 -152.975799
202.808269 -154.809971
205.587227 -134.726895
209.657530 -135.559732
198.354773 -136.364597
214.338879 -132.448274
209.547831 -141.912756
203.650610 -128.249237
202.132108 -139.124601
207.888936 -133.661686
210.521498 -143.125470
206.557573 -133.029332
208.635707 -142.452380
216.148390 -136.222401
205.943636 -134.871428
218.794878 -112.824588
209.500979 -107.139972
206.464263 -120.889333
213.899677 -116.816700
217.712511 -109.277683
218.399164 -118.637245
216.844979 -115.428651
222.051416 -110.752230
204.619072 -111.776543
208.451737 -115.333890
210.673482 -115.740642
206.907360 -113.800672
217.943568 -105.672127
-157.637369 -345.347603
-141.261566 -354.414806
-151.869553 -350.816982
-150.677483 -350.213869
-158.450287 -349.700385
-151.854834 -353.417409
-148.718948 -348.482317
-156.922050 -356.318164
-159.268497 -354.886643
-151.590357 -351.904998
-152.176766 -350.343616
-148.983215 -340.826072
-148.798523 -361.863064
-118.461088 -358.330387
-130.762070 -359.680499
-126.835489 -348.852121
-126.697492 -354.152604
-140.470099 -349.494156
-138.377653 -360.233965
-134.317956 -351.895725
-130.441506 -351.742230
-136.214644 -348.807499
-132.217659 -353.517973
-137.652726 -350.160066
-122.948970 -349.182218
-135.238529 -341.762649
-106.179067 -358.358984
-102.105339 -356.019774
-106.749131 -355.760269
-111.493499 -353.928673
-111.035528 -353.267200
-112.430188 -350.271969
-105.184585 -353.719965
-117.458850 -359.674267
-102.134828 -350.270699
-109.647503 -346.930094
-111.094087 -343.513111
-111.443465 -363.674440
-106.709514 -352.583099
-98.429154 -349.302717
-96.744180 -350.343648
-86.600968 -355.576802
-91.871119 -351.008357
-88.341277 -352.594500
-86.672860 -352.252385
-77.206014 -353.259377
-86.416413 -352.572719
-89.898147 -355.828168
-83.043308 -352.816509
-87.253034 -351.537541
-88.504122 -349.046034
-84.377428 -352.775708
-76.298941 -368.370902
-83.803679 -371.972840
-93.422049 -383.573552
-94.572590 -366.107768
-93.689211 -377.993106
-81.728148 -375.578083
-85.884287 -380.043468
-90.223859 -384.886206
-85.307496 -377.488349
-94.640421 -372.980420
-81.881596 -364.108831
-85.935528 -371.262971
-86.862344 -384.415774
-89.410840 -396.940229
-87.597406 -396.800787
-84.157252 -393.175525
-87.386972 -397.258097
-86.463314 -396.377588
-95.606082 -392.833776
-84.262932 -402.756977
-88.186392 -396.266883
-83.334511 -390.495755
-86.329436 -406.715836
-82.120937 -390.723092
-86.809421 -395.559124
-85.739580 -390.972546
-59.954003 -397.210965
-63.206006 -395.293515
-62.976103 -401.370917
-69.228113 -404.142192
-63.115517 -389.628703
-59.177264 -391.631403
-62.941637 -398.802093
-77.670391 -402.027007
-62.767298 -398.461361
-70.501313 -403.720740
-69.148155 -407.785240
-56.003259 -391.898304
-74.927689 -396.673814
-34.219879 -396.279708
-49.641006 -401.020736
-49.286552 -407.225223
-45.453563 -399.672953
-43.897950 -401.116934
-47.317093 -398.304033
-46.725315 -395.724964
-33.570225 -397.905050
-48.189407 -394.934624
-44.416235 -399.029200
-48.244951 -400.657864
-44.807434 -397.958833
-38.490132 -394.099966
-44.034007 -369.683766
-34.794255 -371.274781
-47.213520 -385.283579
-44.619931 -381.117081
-43.566996 -377.914902
-35.765175 -384.615037
-38.648718 -376.859581
-46.545045 -369.089144
-51.567542 -380.298017
-44.202982 -389.434139
-45.179606 -385.796438
-41.808692 -378.436265
-41.432567 -373.465204
-22.954717 -374.372827
-20.587523 -384.165886
-31.465311 -377.122369
-13.866001 -370.589081
-28.676212 -386.806757
-21.399668 -375.878813
-25.482878 -378.506540
-31.650919 -373.395010
-23.433655 -378.196223
-17.468174 -379.163685
-23.873695 -367.928873
-20.452807 -376.700959
-22.820668 -369.757756
8.210105 -377.073852
-1.653944 -376.216817
-0.936974 -370.664060
-1.481195 -388.644043
-4.016934 -377.910649
7.007938 -376.696967
0.181689 -377.152478
0.730343 -380.071023
6.324520 -375.996226
-2.053663 -376.535404
-7.197585 -369.157243
11.487569 -373.007899
5.332193 -380.835645
25.301948 -377.039893
20.448082 -382.270343
35.420135 -377.895509
16.101018 -377.785633
29.143293 -370.892114
20.465314 -377.622923
13.476806 -380.761911
24.842570 -371.769596
28.004314 -368.863272
27.229233 -374.576469
24.655577 -386.305673
20.745202 -370.849962
30.114987 -367.805531
59.163452 -376.678739
50.351289 -376.868986
51.287272 -374.159690
51.723205 -372.222273
47.918419 -378.527037
46.283617 -370.071340
52.815901 -371.068957
48.613741 -368.729324
56.263194 -383.550651
54.481705 -376.649345
39.896801 -373.815051
50.850131 -376.707193
43.887052 -368.862564
79.678846 -379.050976
77.759055 -380.948134
73.197927 -377.495548
77.355649 -377.361665
62.890113 -376.458315
80.975035 -384.806830
65.243517 -379.314554
75.765396 -377.302553
70.439030 -377.793134
71.350368 -386.320168
77.235931 -378.982545
75.684625 -386.468539
86.410288 -378.881895
64.084309 -400.480562
75.711900 -403.966987
74.014157 -396.944826
80.919357 -393.492396
76.417858 -400.221799
76.385498 -399.791634
77.132421 -409.493308
75.605687 -401.098513
64.888409 -399.095365
79.237533 -400.076115
75.385192 -405.842188
81.262381 -404.189703
71.196334 -402.924123
99.534697 -391.250841
93.421421 -403.994251
98.437417 -398.726088
95.804895 -397.374076
90.931182 -400.516815
90.131964 -392.460224
89.192878 -392.516218
94.357183 -402.517677
93.040590 -399.399492
97.841688 -399.811246
97.589415 -392.990292
85.022770 -402.232790
97.479714 -390.265719
116.437102 -405.617390
116.921627 -401.267945
116.437878 -401.331139
121.297467 -404.693721
123.561335 -405.205250
116.956025 -403.852894
117.167810 -413.064280
113.023064 -405.137718
122.570909 -396.436576
115.654706 -405.941102
110.629888 -389.750312
121.683459 -410.190003
111.074969 -397.133610
119.306382 -378.903322
122.965849 -383.605600
111.791799 -391.496943
117.900995 -372.660397
122.294821 -383.753673
118.225641 -383.130202
113.359877 -387.241588
126.109289 -385.475802
117.022171 -382.092291
125.443653 -385.124655
124.015218 -391.200766
120.170689 -385.280988
118.607205 -382.589792
126.797855 -370.814787
109.010764 -373.804501
116.611995 -372.426606
130.563311 -367.724207
122.945373 -372.685359
115.580013 -359.710157
115.412258 -371.538988
124.148768 -361.920829
123.407564 -375.562476
120.694119 -361.692601
128.484594 -367.508242
119.342626 -367.454262
119.346323 -373.302813
120.288948 -352.633694
122.217814 -355.841486
113.201180 -351.350471
120.129015 -346.489542
128.583738 -354.963588
118.404554 -349.189472
130.585645 -352.205818
111.011084 -354.188993
119.020606 -353.698594
123.841488 -345.153314
122.901197 -348.394324
122.074188 -349.965643
122.075409 -341.821068
146.326301 -346.944614
139.289127 -358.112259
145.198253 -349.819696
144.789023 -355.610097
140.564090 -354.325126
140.756504 -362.294927
136.492699 -354.858455
141.212105 -346.651432
132.200061 -352.624429
134.389985 -348.145168
143.607017 -353.470584
139.132000 -349.604023
142.925951 -351.860811
158.093579 -348.581428
153.053304 -347.396975
154.021906 -355.081984
167.605001 -347.850827
148.246306 -344.237855
158.244317 -351.789707
156.827170 -343.074410
145.088139 -354.623946
150.179810 -341.411380
158.666687 -353.075117
157.164439 -358.753721
155.425499 -351.551836
153.546419 -340.102495
172.844890 -353.129592
173.624361 -353.717929
178.363777 -343.368694
185.529572 -350.938714
174.285801 -348.803114
162.814350 -347.655778
174.570617 -352.566097
174.203102 -350.537311
174.499769 -346.193524
170.595598 -348.970565
176.253815 -345.500723
177.762665 -350.113645
172.813118 -353.692364
185.570725 -352.557103
183.828046 -350.922966
185.575491 -352.153193
194.838426 -355.889184
181.979818 -352.542713
183.905582 -354.627966
187.608703 -350.521231
184.490589 -351.265632
189.923925 -353.178458
192.412563 -354.398694
185.658522 -358.675269
191.865459 -351.321124
182.993525 -350.866413
177.971935 -404.465067
184.111843 -401.803625
191.531298 -397.770169
179.448024 -402.186976
183.157710 -399.708155
188.144480 -390.117864
191.411449 -402.287857
182.005715 -402.560332
186.287808 -398.697338
183.011021 -392.819755
185.948235 -402.619300
177.794136 -399.436225
188.893094 -398.266578
184.968465 -394.540696
176.488998 -385.088594
173.436540 -378.294026
181.141519 -385.107204
188.440690 -391.971673
184.718849 -374.518347
181.063261 -385.177313
185.812406 -384.968189
183.301893 -388.724414
182.933856 -388.109844
181.248733 -381.014755
177.967370 -386.028013
181.163745 -385.035889
177.596705 -366.274623
193.560810 -369.217876
183.790738 -381.919971
175.094420 -374.779441
178.076689 -368.666469
184.217183 -374.440091
176.418117 -370.848146
190.235919 -362.906921
179.501085 -379.674610
183.223445 -368.549890
183.152488 -368.808637
182.951063 -372.262762
177.746465 -382.658296
-148.847612 -388.464341
-145.476230 -405.206001
-145.521206 -400.319986
-153.149707 -400.583406
-151.083646 -402.301921
-157.101144 -409.984754
-155.089504 -408.606944
-149.597902 -409.552357
-153.353235 -396.685793
-160.456024 -395.185925
-142.666469 -397.009568
-144.314786 -391.924288
-153.498369 -397.589270
-158.189682 -379.069648
-147.717150 -378.797657
-152.982182 -388.102749
-144.864079 -383.730923
-157.917512 -374.586445
-157.141326 -377.134030
-157.734989 -377.600888
-148.377508 -378.871491
-152.103988 -381.170868
-156.720510 -382.402920
-150.268020 -374.805973
-152.505937 -374.145893
-155.477912 -382.756478
-171.707924 -419.756442
-171.110070 -420.936419
-167.397888 -414.522145
-164.447272 -418.184417
-178.441352 -427.517989
-176.004827 -421.991171
-177.564210 -432.326739
-185.593631 -419.963353
-178.478096 -431.075555
-172.184661 -416.180332
-178.137509 -421.316438
-176.626492 -420.592396
-176.362175 -425.242192
-154.925689 -405.175434
-168.789791 -401.793138
-163.750262 -415.103140
-163.500268 -410.315290
-159.499200 -403.002168
-165.578969 -416.208854
-161.606860 -420.153680
-165.673785 -408.303360
-161.643549 -412.600970
-160.531748 -416.934269
-166.813305 -418.333418
-168.906902 -416.598685
-162.151202 -413.429989
-202.747306 -420.515162
-201.025953 -414.901607
-193.308926 -422.697469
-201.313634 -423.908466
-195.997569 -424.859914
-195.641507 -422.080972
-208.087267 -423.324701
-204.073976 -417.760944
-203.057346 -423.734700
-199.991568 -423.078841
-204.266878 -423.147380
-202.618802 -423.880676
-201.706618 -423.767427
-226.721328 -405.588383
-210.821873 -412.484930
-220.707442 -415.765061
-217.993367 -411.408578
-218.692642 -408.801684
-207.107348 -409.974470
-215.219294 -409.119977
-207.062027 -413.656927
-208.700964 -412.605830
-215.912687 -410.293939
-210.142911 -412.494231
-221.492278 -414.896924
-214.576594 -413.773738
-230.294425 -390.991020
-226.273983 -395.952372
-226.480918 -397.851277
-232.884103 -401.636258
-227.936239 -397.090794
-229.535706 -398.401751
-237.643273 -396.703083
-228.437894 -393.613150
-235.735894 -392.325117
-234.063014 -391.870788
-226.710890 -393.098608
-230.806826 -381.737873
-221.730542 -389.685017
-227.108740 -371.496627
-235.722182 -372.009999
-237.723869 -366.459614
-240.611102 -371.429857
-232.255410 -383.881649
-248.562188 -380.820814
-237.625364 -374.874485
-245.062246 -376.648470
-240.685084 -382.068767
-236.979136 -373.362219
-243.045149 -367.394564
-244.080250 -380.769382
-247.036324 -382.649691
-256.363783 -356.716609
-248.549502 -356.473369
-250.660694 -355.677712
-249.221684 -351.719812
-252.700349 -358.640460
-252.516907 -352.664272
-244.039507 -359.884917
-249.209309 -345.554204
-252.498798 -348.437483
-249.577287 -356.998110
-250.572120 -361.109038
-249.135815 -357.310595
-249.593455 -356.361556
-263.080903 -337.964781
-251.768981 -340.574967
-264.135331 -341.832354
-256.959224 -334.409194
-255.633964 -337.244246
-255.473072 -336.893402
-254.832776 -329.895365
-260.621814 -339.058450
-264.434820 -336.576421
-260.663852 -339.413072
-261.195971 -338.087718
-254.907457 -343.711489
-257.815379 -342.083936
-271.091259 -330.773279
-261.438609 -329.902511
-274.762017 -323.529858
-272.035146 -327.994337
-277.524558 -334.882794
-262.611647 -329.533071
-267.395754 -324.043792
-266.796764 -324.569513
-268.091815 -327.845770
-269.463621 -329.266606
-270.721184 -320.394315
-268.518660 -323.822261
-266.754876 -327.324379
-263.363742 -302.827674
-272.959976 -311.302490
-266.436708 -315.619630
-267.186268 -304.567265
-269.299323 -306.118789
-271.034886 -309.405223
-273.875568 -314.990577
-274.371843 -306.496297
-275.711182 -308.938249
-266.269571 -306.524035
-271.830206 -308.300990
-267.941258 -309.845812
-269.478269 -306.407440
-268.013265 -293.096437
-273.677393 -302.121533
-261.748775 -293.177749
-278.310722 -292.400788
-271.339116 -285.296199
-270.137456 -294.949919
-279.307426 -291.271264
-275.314877 -288.373566
-261.727081 -295.021061
-275.755004 -289.927363
-258.611871 -292.072516
-269.695156 -284.918478
-269.530681 -288.010909
-260.760633 -268.084693
-268.779974 -277.234340
-264.258423 -270.192438
-266.747222 -270.187493
-267.052966 -273.571318
-274.817114 -282.818265
-272.565732 -274.848306
-270.643613 -287.438121
-269.939193 -278.366971
-270.084166 -271.385013
-265.879194 -282.093451
-267.725190 -273.721217
-257.597892 -277.263944
-267.663968 -261.302491
-263.615355 -253.740089
-264.299334 -251.389229
-265.630985 -256.077393
-270.709958 -256.275560
-257.709963 -257.789367
-275.493880 -259.099904
-270.865816 -248.251622
-270.576580 -247.285853
-270.199443 -246.485056
-273.410792 -255.702014
-265.926315 -249.059413
-267.382426 -258.180120
-263.368336 -234.936406
-267.031808 -241.198384
-269.974759 -232.806549
-267.919870 -237.973116
-281.298684 -237.338231
-271.815613 -237.676825
-273.905152 -229.426388
-270.894152 -227.845166
-265.819913 -237.690397
-263.538022 -238.804329
-259.029631 -238.471534
-273.203312 -233.356832
-269.819596 -228.313892
-257.178856 -225.307991
-263.076794 -217.675971
-267.962334 -222.416385
-258.303995 -220.028669
-256.334253 -223.097583
-265.052802 -215.836450
-273.627863 -223.160330
-259.355328 -227.826391
-265.208671 -218.298776
-261.447180 -222.903809
-267.114679 -216.951501
-278.663013 -217.004117
-265.250735 -213.953005
-267.601363 -206.714698
-255.017112 -206.111872
-257.772481 -206.675775
-262.784905 -198.307254
-256.888696 -210.736197
-267.677819 -202.431510
-264.319948 -216.725570
-254.850384 -208.478014
-261.162898 -195.767519
-254.813199 -210.528136
-260.937223 -203.601388
-252.781302 -202.083004
-256.695932 -208.828892
-238.495871 -194.146644
-248.944404 -194.951270
-252.715884 -201.123748
-247.189873 -204.008498
-260.115213 -197.281604
-250.279173 -201.155326
-247.992522 -193.383860
-245.446944 -194.946206
-244.920011 -195.402129
-246.075961 -196.646761
-255.075905 -193.839342
-257.178384 -186.375031
-256.208223 -202.356499
-263.562927 -175.810002
-254.249798 -178.211587
-257.770329 -186.231235
-252.433939 -173.066248
-251.059472 -182.022744
-248.009684 -179.636263
-254.617842 -178.684286
-252.893152 -178.538595
-255.333033 -180.337845
-255.346645 -182.075741
-252.959299 -178.331255
-252.428748 -183.173519
-254.084213 -167.959945
-260.156106 -151.678753
-267.574524 -165.320866
-267.527262 -155.637279
-251.159532 -163.345498
-264.674818 -164.507855
-259.384400 -160.922559
-260.320276 -166.879277
-266.777213 -155.621035
-252.893574 -163.284005
-253.620142 -159.681054
-247.979745 -155.854717
-267.286533 -157.043045
-257.378414 -161.577023
-261.257635 -137.825371
-260.878188 -138.671314
-253.590424 -136.574841
-261.000520 -135.409836
-268.509276 -140.896827
-254.576145 -146.377675
-265.755565 -146.243144
-259.871788 -134.487224
-263.146468 -138.645976
-266.309198 -130.175797
-261.245418 -144.814253
-260.814855 -126.553032
-262.803435 -135.183886
-264.014058 -112.983420
-264.671925 -111.324916
-260.218104 -105.793439
-266.164157 -106.462472
-266.149796 -110.613597
-264.897280 -114.387558
-255.161162 -110.560118
-265.063844 -102.524327
-260.582819 -107.101550
-263.902857 -115.805059
-261.922894 -107.121437
-272.548351 -112.984065
-272.024358 -112.261538
-272.739318 -88.839015
-269.578022 -91.837328
-257.954382 -81.668533
-261.991206 -79.123967
-266.293892 -86.451394
-262.766693 -90.716663
-272.264926 -82.843836
-265.262328 -83.801182
-253.984556 -78.865271
-264.896582 -83.180902
-269.171193 -82.193795
-259.171885 -79.224602
-265.813810 -92.075957
-271.241972 -69.722944
-266.284745 -65.684095
-253.452500 -63.962012
-267.397580 -65.057814
-266.182366 -56.952060
-264.759234 -62.223704
-263.934227 -60.040908
-271.561208 -68.331246
-264.149393 -59.698289
-263.253409 -58.050774
-275.102715 -65.783653
-270.177909 -52.789272
-266.605193 -71.785448
-269.883070 -44.078552
-265.498622 -41.078176
-275.925492 -46.382150
-264.862434 -39.627281
-264.424236 -39.467837
-268.625206 -33.487080
-266.033489 -46.708562
-271.062657 -31.336829
-265.475874 -33.597923
-264.164479 -39.395416
-269.200805 -42.021655
-268.412926 -45.430398
-267.978404 -44.086482
-263.686258 -17.230507
-254.898724 -15.591938
-262.312918 -30.443436
-267.815165 -34.078560
-269.665199 -31.877309
-265.051739 -22.890714
-272.530070 -12.575417
-272.172826 -22.326255
-267.050611 -10.660890
-262.061778 -17.780456
-273.288811 -19.321146
-267.174539 -33.062861
-262.900413 -21.015519
-269.108871 -1.419204
-274.354112 -1.667380
-260.322940 5.147893
-255.437422 2.582165
-271.857248 12.072372
-266.929708 8.461400
-271.816441 12.837678
-271.015361 -1.532796
-264.604324 2.218823
-273.995178 -0.335523
-268.585541 -3.333960
-274.151030 -5.340019
-269.258400 0.173773
-274.951845 17.836725
-271.587699 19.789774
-278.191059 21.581829
-264.664293 16.850571
-255.637566 28.372977
-268.605895 31.574526
-268.968290 27.940497
-257.874089 26.197704
-260.747478 19.041110
-264.116242 29.812764
-269.069853 31.956616
-267.629189 28.535695
-267.598749 26.331442
-276.859790 51.936270
-265.072379 47.471544
-266.958322 49.144615
-261.059364 58.663100
-263.645079 52.746351
-264.753463 47.483782
-265.236796 50.832588
-271.360343 42.731275
-275.055144 48.768986
-267.680880 53.063913
-272.674390 50.666813
-261.851702 45.773550
-263.056751 53.873085
-264.495152 75.522830
-272.963230 75.755275
-265.621892 73.391669
-263.360070 73.055247
-267.062441 70.051806
-256.701661 71.975348
-265.034466 76.500871
-253.886976 67.814471
-265.080755 69.587349
-261.513075 76.177021
-263.961343 74.617482
-265.525342 74.510794
-269.072085 64.932484
-266.835816 93.984655
-262.221745 105.833279
-271.914695 100.173505
-271.766697 102.164986
-265.049896 94.952998
-267.688560 100.446883
-261.668654 95.365389
-256.896212 98.320817
-259.959870 91.524705
-265.863595 93.743014
-260.175436 98.987309
-274.311272 99.912055
-257.637985 104.256828
-270.996661 125.244792
-263.212775 114.622118
-268.194881 121.968034
-265.917569 117.767968
-261.225210 123.312254
-268.060987 113.733354
-268.464941 111.693385
-275.829041 124.091814
-256.256412 125.927018
-263.874848 120.661626
-264.028347 121.491381
-265.096446 131.155152
-259.777280 120.178149
-261.603340 143.958988
-271.573741 152.085277
-267.095000 147.236538
-275.608976 147.128745
-271.339965 143.851356
-259.467935 137.119165
-253.271216 141.095035
-253.749859 140.309996
-267.549192 141.206135
-265.223769 144.585675
-271.035629 146.435980
-262.850987 140.430400
-265.870224 136.389672
-282.145423 143.181081
-290.710512 139.126950
-287.648804 152.369962
-281.253789 149.495059
-290.988852 144.419692
-284.536651 146.193925
-287.910559 154.692488
-284.354546 139.612109
-274.669515 146.446647
-284.440761 144.453101
-287.330119 154.161458
-273.711199 146.564473
-284.696007 141.444349
-299.479374 142.091854
-306.908142 139.257149
-300.525002 156.122275
-313.545560 146.181665
-313.778697 147.413014
-304.482728 145.488137
-296.258843 145.859786
-307.955180 146.286800
-302.685844 145.482645
-308.344170 153.006575
-304.372968 151.940900
-302.212930 145.724062
-305.383928 154.889998
-329.975413 148.104364
-321.688328 152.201756
-324.296124 155.137747
-328.906005 150.384546
-324.565939 147.612306
-322.740339 150.895048
-320.963565 152.979687
-329.508269 149.879655
-307.342323 154.769241
-318.465634 151.872706
-323.639875 144.968370
-318.934992 161.732474
-326.662116 147.004787
-333.135633 171.081535
-330.840472 163.396256
-330.836963 159.156049
-332.150275 162.601390
-320.186204 160.967573
-332.049259 163.043436
-336.500688 161.410806
-342.469788 166.130075
-330.000004 152.100412
-339.601087 169.771876
-333.526657 154.652677
-332.346818 165.407787
-333.318043 164.290186
-338.686959 183.612482
-344.049881 171.407961
-347.556668 179.853048
-336.393810 186.856390
-353.943554 178.453720
-353.991809 177.926881
-345.014931 173.181331
-339.339345 176.741266
-351.633948 182.632756
-347.798694 176.634556
-339.171591 179.779910
-335.099000 183.330584
-339.922106 172.616116
-341.073049 192.839815
-347.901854 190.350016
-351.831763 193.175032
-350.185843 199.116119
-352.258957 201.505724
-356.763126 197.006413
-346.207757 193.221424
-340.944164 204.786887
-361.021824 199.731344
-349.751242 200.197497
-341.712342 206.411974
-350.917671 194.998760
-355.318795 203.865237
-349.825994 219.889888
-343.361843 218.017356
-354.968374 223.698753
-344.785081 212.555619
-352.801214 210.952437
-348.430467 230.871429
-355.968101 230.573746
-357.396525 227.051875
-351.662876 222.553067
-344.825133 210.768858
-350.326261 215.027874
-352.941102 212.533837
-342.945075 220.209579
-351.455370 239.624042
-345.596718 234.308884
-350.669305 250.478575
-352.912592 231.731018
-350.017242 242.309007
-348.829105 241.829283
-348.544526 240.316334
-349.798915 242.094839
-348.932860 242.397653
-351.003866 247.169911
-340.128990 247.644076
-350.135219 241.386420
-356.751323 238.888737
-353.590511 255.307446
-347.617510 266.922936
-348.501028 267.119806
-338.818882 261.144787
-352.444764 263.460566
-349.428562 252.564327
-349.323289 261.126530
-347.637651 262.368552
-345.222871 262.117051
-350.182313 263.610012
-353.275217 260.066438
-349.366621 260.303475
-352.575588 269.161384
-355.690141 278.182414
-350.775868 276.724824
-345.551674 283.618178
-351.276343 277.495145
-359.079450 286.191819
-350.296647 267.574574
-343.228997 269.750384
-342.823119 286.107862
-350.164766 288.384242
-354.085340 279.353495
-346.133750 283.887180
-359.765892 285.914879
-345.136496 267.360329
-352.348358 288.354558
-348.153214 299.565594
-360.933664 294.507213
-351.263965 298.803556
-349.366521 300.942967
-347.431977 293.618999
-354.995509 298.658999
-352.199523 298.665717
-348.690150 303.094517
-349.347342 289.275503
-348.153213 308.162107
-347.887231 298.499365
-343.473047 305.650954
-340.037514 323.114560
-350.562001 317.694751
-355.859761 330.461169
-351.314166 325.087569
-353.767669 321.276362
-358.019311 315.281531
-348.254670 318.278765
-357.552128 315.350689
-359.307058 317.344311
-347.403083 328.560945
-354.323543 307.495222
-349.338891 319.251573
-351.561919 323.115089
-347.283897 339.492430
-351.016016 338.298315
-357.188931 341.864236
-357.027317 333.037864
-355.771685 345.653778
-355.935887 327.358946
-357.124028 336.618531
-356.518348 335.169917
-350.731729 337.224878
-347.245374 334.776981
-342.846868 332.317318
-350.324781 329.823664
-350.759012 350.444302
-347.453664 363.325406
-338.821678 361.046664
-347.155753 350.542118
-338.526510 355.871355
-358.558820 359.230003
-339.492038 357.759579
-348.346805 353.293221
-346.056932 358.217483
-358.430466 358.234497
-345.402178 360.147305
-353.783525 363.479320
-348.676034 355.867254
-351.261199 347.749835
-355.445007 377.941403
-362.665040 379.126202
-354.207937 382.803019
-356.102206 375.813641
-354.557554 376.666384
-360.045378 383.050763
-353.128238 386.593453
-350.621613 386.242996
-352.360974 376.148990
-356.713605 364.025107
-363.685801 374.288806
-350.204064 373.629314
-356.500984 373.522986
-352.572302 396.729368
-349.927990 387.097607
-352.765631 391.448775
-358.894861 398.443814
-357.113501 397.677287
-349.740846 395.377239
-362.604693 388.960610
-350.494822 384.610192
-349.163697 396.413225
-345.218246 399.463596
-349.420987 385.101889
-353.448160 397.896350
-354.038827 403.332519
-346.883079 426.203094
-351.374143 419.361181
-352.909218 418.552037
-338.423374 417.799921
-350.792909 409.779718
-334.783723 418.550001
-345.959578 418.015616
-352.628605 427.439109
-344.400710 419.273264
-353.665345 413.698779
-350.445507 423.030600
-346.228060 410.541924
-345.917836 412.962655
-331.784280 436.188995
-335.394292 438.437973
-331.948288 436.376695
-335.855001 429.984259
-338.863784 436.733803
-330.464948 423.653045
-333.994311 428.865651
-336.172316 435.506544
-339.305619 439.683739
-346.062216 431.093837
-340.979440 438.200793
-336.682910 433.348550
-333.516576 431.649640
-320.341202 427.024468
-306.474410 441.111226
-311.380601 427.308976
-318.626694 435.598812
-321.580448 430.462087
-305.782958 432.340169
-311.062824 425.931122
-309.641415 433.422315
-312.322447 434.463633
-309.926952 430.851647
-312.452732 443.011403
-312.323114 436.662088
-318.188257 437.322748
-288.737208 435.965127
-290.065223 434.213715
-292.070854 434.122348
-301.329780 425.916542
-286.340131 426.436609
-293.140038 434.469519
-298.709795 433.883353
-294.767300 438.062942
-294.002536 435.079277
-295.331224 431.483079
-293.469113 440.669674
-295.265093 440.797890
-289.905467 436.116504
-272.165384 429.553142
-278.497462 431.259743
-273.202675 435.110066
-268.188298 446.141261
-277.132908 430.758251
-283.375455 435.212262
-276.584513 434.286974
-271.515999 439.641973
-272.996165 432.722345
-270.580886 431.646820
-279.324951 425.406976
-272.948605 426.923213
-262.296239 431.700564
-251.676906 431.548203
-252.712435 429.404316
-248.729622 437.969719
-240.466332 435.074798
-253.324524 429.201562
-243.403988 438.713468
-249.956607 438.831013
-244.547787 435.334534
-250.183055 428.638427
-246.120683 425.953651
-238.129114 435.697040
-246.643050 436.246436
-252.852070 435.246343
-225.393683 432.973500
-237.327948 437.830615
-234.298404 436.237528
-222.219626 438.313427
-226.529859 434.254746
-228.231474 433.398481
-219.162612 431.504673
-229.647260 433.081842
-226.740115 433.520141
-222.891150 424.313768
-216.371995 435.091749
-227.319278 434.337281
-227.116134 433.969191
-201.780645 434.218243
-200.504299 425.494639
-208.326815 432.524262
-200.345243 438.516208
-203.019484 434.284013
-202.096145 432.655392
-202.638827 436.088827
-203.020894 435.655927
-199.004982 434.294476
-198.036526 434.359620
-203.787431 439.245259
-209.690276 433.034436
-199.495089 434.613933
-186.559783 436.175518
-177.033334 428.967923
-184.038018 437.683387
-178.965687 432.472134
-178.816544 433.773730
-189.380725 433.786725
-181.013752 435.755477
-175.004217 436.757833
-187.662749 442.719621
-191.328357 431.825754
-193.125877 437.024118
-180.124881 430.321572
-182.498498 443.722262
-165.795601 433.081659
-165.769159 435.244707
-151.235669 436.947396
-166.311940 443.263557
-156.520828 436.347707
-160.736323 428.002512
-156.780467 440.136324
-169.120532 428.472548
-164.035963 430.137781
-166.249798 434.438728
-165.526854 442.197305
-160.375181 434.293221
-158.389432 439.859899
-137.927238 428.531391
-128.250670 433.189998
-130.222135 427.290490
-145.722137 429.638868
-145.056588 428.941177
-136.586048 425.630515
-133.938853 421.479286
-143.561111 424.223060
-138.986525 441.660422
-127.880139 432.579648
-139.946360 433.474922
-137.600003 437.913958
-138.581603 431.626528
-115.265590 432.813847
-124.611392 436.640047
-120.440937 428.290735
-117.168701 427.597631
-110.484755 429.422761
-116.278348 428.091830
-124.068180 431.930728
-115.438978 433.399701
-123.409740 436.035920
-112.796889 423.284580
-104.530141 428.832830
-120.465782 425.624799
-124.253303 432.179668
-94.467298 439.452789
-101.249051 440.255576
-83.193447 432.912976
-94.990034 432.007644
-99.740502 434.126773
-103.218684 430.649694
-96.184110 436.212029
-98.824354 433.009011
-87.881242 428.922799
-97.945012 442.966541
-99.523722 433.470963
-99.056668 437.509815
-94.789917 441.139128
-64.323667 428.714107
-68.170095 434.994767
-76.104963 436.095744
-67.939409 437.100185
-78.120374 440.917411
-77.872489 428.782331
-73.966787 430.795604
-64.569392 435.498116
-76.846094 436.859784
-72.899055 431.321681
-74.124806 430.202778
-73.994095 433.213386
-64.923593 428.553881
-47.777768 434.577071
-50.761805 442.000822
-51.384296 432.070502
-52.659299 431.469485
-58.166589 433.152202
-56.685067 443.194669
-52.891632 433.166375
-60.327345 430.439965
-46.765561 430.906108
-47.179059 433.960669
-45.903168 440.161630
-56.237546 433.721141
-52.294191 436.359622
-23.267377 435.008273
-27.476544 427.298380
-40.275673 432.550947
-20.921071 434.344385
-28.597912 436.015224
-26.836255 430.867558
-30.446961 435.549013
-20.222850 434.709485
-18.928607 433.839709
-30.337343 434.403684
-38.986045 429.981267
-29.302975 432.672436
-30.425493 434.069096
-4.617899 435.396950
-6.841319 433.405692
-6.482357 434.211904
-4.149919 432.127617
3.753649 441.391074
-10.378170 438.399560
-5.730997 422.827833
-3.884521 435.333744
-12.780190 431.013437
2.790762 439.773283
-5.641753 434.667959
-3.701352 437.663248
-2.487204 433.752884
17.349958 430.389149
15.168692 433.750809
17.982195 433.491218
27.425827 431.238844
15.725815 435.975292
21.993572 432.143099
23.408868 430.366315
10.110760 443.274895
18.205990 431.563329
17.575466 433.117542
9.894577 439.249025
17.545079 435.491569
15.449154 433.772275
34.151576 430.014011
42.723769 435.761261
38.784785 439.205862
46.347423 438.747740
37.801703 433.783989
37.769224 434.743753
42.625525 438.806194
38.321463 428.823245
39.304811 435.204513
34.094006 435.591375
32.513217 436.234148
35.200706 442.699628
35.044232 444.169225
61.207099 430.648270
59.939572 438.961578
63.998807 421.956515
56.008923 433.406898
62.574244 438.621537
57.998140 436.301105
68.791781 431.960071
59.896411 432.103130
58.177736 432.874413
62.194720 431.297470
64.225468 420.827405
70.221866 425.501609
56.617364 433.891357
85.991478 428.574130
90.598672 442.292011
88.106067 426.725955
79.663578 436.443612
92.977676 434.949851
83.727697 435.711799
94.853520 435.146544
90.062651 438.674852
81.969766 440.139068
96.554884 431.092280
75.857682 442.193951
83.948735 431.219568
87.884239 434.966806
112.877754 428.372451
117.041412 429.476188
110.119221 433.136237
110.474115 439.375372
108.979731 433.907250
107.140267 428.298357
108.203385 433.415399
119.090172 437.849864
109.719190 434.855785
109.323103 432.562059
102.862140 437.220110
107.847980 422.588022
120.494222 436.814277
135.011513 431.993860
140.286790 435.464257
139.310011 443.702454
135.919710 428.267812
135.368160 440.321937
131.977799 439.628265
134.468114 435.147703
140.982450 430.608223
140.204341 421.969795
138.723108 424.055568
133.162571 424.732746
124.212025 435.418876
125.094449 436.013005
151.053089 423.292909
159.912698 438.457030
160.199175 436.216821
161.364508 420.711237
151.117796 429.997194
163.169226 431.869738
149.458864 427.578386
153.864382 433.100267
161.172538 436.688716
161.386344 420.790493
158.362534 437.139195
161.507746 436.472323
162.671280 439.680278
182.935163 426.170362
187.408953 436.788705
186.868471 433.704199
188.896812 438.131402
181.964292 436.870286
186.187385 418.876247
184.336523 431.046821
187.662439 442.205582
186.224282 436.611987
189.262256 432.268268
180.957968 433.762536
179.200006 420.112679
181.832864 436.879564
200.700792 427.068068
207.521748 431.673606
214.374544 432.009305
207.946494 431.149771
208.035007 434.784318
208.945397 431.266145
207.408437 429.004419
207.856111 424.567863
213.453094 422.341382
195.785382 428.578645
201.262677 436.938728
205.728854 430.915141
199.135995 440.047142
231.602472 437.938693
235.632479 428.673499
237.478568 428.099431
232.634642 431.591227
228.110255 420.749326
230.447254 430.774967
228.522131 427.989216
235.431979 431.208824
240.408333 426.841941
229.801921 422.041369
230.997121 436.165921
231.886904 436.811708
220.853116 425.052528
249.836488 432.129957
255.329279 430.831097
245.264180 434.163453
250.839016 429.872973
260.554232 429.609253
253.664608 431.803069
263.772046 436.254569
257.432362 431.889471
253.027681 431.324778
260.443444 437.920209
253.004940 429.448345
244.362440 424.110930
256.901417 433.220756
286.111061 430.298643
274.073520 424.673836
269.602720 431.815048
273.131828 438.687727
272.672532 420.438059
276.608225 429.513978
267.163641 437.302133
273.389834 432.429218
275.394441 431.880826
286.216144 431.257381
278.188669 419.781026
276.758784 432.046283
281.372934 429.600147
294.885712 440.096801
305.522396 424.486170
292.459290 431.010465
297.742807 432.775250
300.043670 431.294926
292.361922 424.069620
304.098911 422.157062
301.448478 429.405027
303.135603 433.718056
301.923425 431.401143
302.113184 427.661279
298.275052 427.807267
299.641139 441.528797
315.728833 427.849961
320.238348 431.355029
322.917172 421.563814
319.387105 431.202995
310.910621 425.819354
326.288280 430.900997
315.216677 440.481185
319.913355 431.854128
310.513184 428.797750
319.648816 431.748800
324.040746 435.867298
323.651064 433.892465
317.509657 426.082737
330.002287 435.463763
338.024548 431.792605
335.366311 431.782560
341.462858 425.421977
344.577151 435.010131
334.877669 439.616301
333.594364 423.092491
350.213815 432.464969
339.425759 430.178072
340.526265 440.176060
343.714823 436.553196
332.628609 425.941043
334.086544 426.215906
364.751084 432.502026
373.226854 431.073958
368.367477 440.392107
362.815657 420.887327
361.075202 424.625704
362.174264 430.458274
351.936697 424.679367
361.637763 438.040244
361.895930 431.151931
365.814118 431.531455
365.094539 433.595674
358.755119 430.250664
364.594168 432.128857
376.699196 425.381906
383.270931 417.753242
381.658623 435.355305
381.582769 433.103246
386.368679 422.237271
376.333748 415.729257
383.582816 428.253240
371.208121 424.002682
380.968250 422.601083
389.944153 422.209041
377.438423 423.314273
378.123092 418.575648
381.212703 435.874359
385.664030 403.131761
391.302676 406.803302
385.968842 392.193827
391.634076 400.993719
385.818280 405.000993
388.358811 400.810029
397.057711 404.561994
380.333426 404.132519
380.092456 398.558255
399.856184 398.798286
382.187389 411.228102
389.503213 401.828366
382.448720 410.645404
309.035899 144.450885
304.493671 144.338010
303.888223 139.199130
304.469899 147.909989
310.389618 148.078518
302.923810 133.589754
301.761320 135.037922
299.119822 136.985848
311.522570 143.625234
310.021072 135.763638
312.626460 144.402467
303.952611 139.171383
307.686604 143.599310
327.478199 142.100718
334.231243 148.776006
334.824798 149.238822
321.581517 133.997062
321.642573 132.903033
319.990503 136.122481
322.323846 152.161861
317.239630 147.433956
329.797312 140.272429
327.240353 142.912053
325.578811 140.056437
316.735229 148.865524
319.519555 136.793400
349.409694 144.221386
350.500945 140.036989
355.070256 143.844056
349.333527 143.251188
349.122895 140.601864
343.172230 149.021037
352.902667 148.775768
339.602851 150.668879
348.777514 143.015092
355.033077 135.609434
351.990751 144.334079
346.798818 145.548273
343.251797 139.605240
361.737370 153.196665
370.398927 151.534652
371.953217 150.988782
367.510981 152.625425
369.807197 154.065647
364.726979 152.895010
363.496611 151.794931
364.849427 155.350452
377.858363 147.061526
368.315586 159.757461
366.402767 153.296642
367.268691 151.694544
362.870777 150.814922
384.211882 180.077909
384.012028 162.220144
375.392820 168.155546
373.680904 176.795513
372.016226 164.959626
387.100567 172.814813
377.313003 168.540300
375.223477 168.111425
378.204810 161.677635
382.162388 175.308630
383.103915 170.046502
390.593149 167.216271
384.550954 169.067862
396.681306 191.150983
379.535731 191.577354
391.881422 202.102127
386.749966 192.477968
391.708572 197.923181
388.667383 193.589487
394.477037 197.212877
393.384748 201.201795
395.290884 189.855063
392.665768 187.310466
385.802459 181.962702
386.634430 184.372727
388.200415 190.877642
400.749062 216.184037
392.076250 209.822943
393.364663 224.476051
391.490002 219.030255
390.687663 207.919894
387.127567 228.137299
382.616825 226.619464
389.048854 218.215967
395.545807 224.384414
395.551461 208.627174
397.986243 219.328920
384.693488 220.069943
388.103684 217.352735
398.335164 239.868266
389.446398 241.624627
390.982418 238.009038
388.520409 242.956644
390.819505 246.390182
389.336268 246.527914
383.406708 232.039414
385.123343 238.851834
377.753741 239.570785
387.684555 243.922675
381.247280 237.756737
377.762277 240.747773
384.329226 241.095492
383.358856 269.414627
390.338250 254.371461
378.251573 259.407805
389.476383 269.975929
393.167609 255.930782
389.929140 258.899855
387.406397 258.556025
381.487479 255.928742
383.904569 252.320121
387.193637 269.646101
401.188830 258.199900
397.414656 250.367893
389.793157 256.710159
402.815592 280.023606
381.354015 283.454155
394.245297 272.764972
392.548558 276.946427
390.803019 291.537233
386.082360 271.220541
387.444984 280.255029
396.088768 280.257970
388.227053 281.490311
392.420158 281.383849
381.548559 273.132349
387.715601 277.123606
393.641714 281.302916
394.032620 300.212723
388.017560 292.411067
392.109779 299.085711
384.119783 302.200127
400.077638 300.104027
396.803218 300.056204
389.260614 296.130574
384.758934 304.460579
390.590951 302.173626
389.298285 306.258954
386.631462 310.072885
398.984022 294.696885
386.305512 290.128832
391.746908 323.475495
391.185536 319.983291
388.710652 319.838016
383.199410 313.974052
397.633113 320.305084
390.734958 316.024908
393.571432 317.931975
391.268601 319.741417
402.245305 316.135833
390.147838 329.110112
391.909958 324.396751
385.815931 308.988015
396.036091 319.045148
383.176500 355.686607
388.637268 348.428304
397.763067 342.230290
394.305323 347.219310
378.983491 343.090847
384.845254 341.634525
395.380065 347.210286
385.644192 348.922603
389.621082 355.090179
389.124022 344.966537
388.335480 347.296288
386.352668 347.756059
388.926898 345.021280
397.084239 370.492898
393.750347 374.449990
398.065484 381.958543
400.108428 372.302299
392.264371 371.936027
393.925927 363.350733
399.669674 378.753825
392.227078 374.377936
400.328465 368.720954
393.463431 375.990593
393.408689 373.582968
393.871727 363.799936
394.289052 375.288196
283.998269 -193.131508
287.090218 -207.131441
291.441732 -203.493889
284.869652 -196.365744
290.672317 -192.382895
279.316594 -194.192694
278.982482 -203.206496
272.797557 -191.642346
273.880662 -194.713966
280.998874 -197.029161
270.500632 -193.563389
284.806900 -201.430289
291.083519 -191.027866
286.664394 -180.811498
288.215840 -179.291675
278.392688 -184.555686
288.496554 -173.704568
287.437492 -179.834935
284.995085 -172.323292
275.383787 -175.761220
285.752528 -172.776907
279.105629 -171.920424
288.528021 -181.784060
283.203472 -179.970067
289.607608 -178.516748
283.122371 -168.672401
301.541435 -168.418307
293.458832 -161.105872
292.926681 -160.969175
297.547018 -160.508829
285.078104 -156.740153
295.371563 -155.322051
292.851879 -166.802303
297.575966 -164.399206
290.589040 -161.897068
282.868395 -156.822949
288.967712 -160.210587
297.492617 -161.709986
297.344718 -154.488081
283.928148 -134.851247
301.218999 -146.308712
292.038971 -144.535743
287.049770 -145.279619
291.406604 -141.766997
299.892739 -133.379777
289.282994 -146.752401
295.350344 -137.886306
289.905505 -141.893484
289.282112 -145.161006
291.735324 -141.352681
292.024159 -137.333412
295.945509 -132.997154
292.665608 -121.369489
299.329746 -113.907394
294.012729 -120.716546
286.773985 -127.113496
293.048501 -123.710655
295.072334 -122.983620
299.327276 -116.963184
293.016210 -122.712476
295.236497 -132.029019
291.273570 -123.088817
297.722232 -123.329467
288.052659 -122.585854
294.915490 -120.740183
298.058209 -97.051907
308.430153 -96.999144
300.272721 -99.977397
307.963242 -96.006110
307.292218 -103.744494
300.098724 -100.164452
291.627975 -107.980328
301.640797 -112.350006
300.210693 -100.073676
299.985931 -100.145384
293.299062 -97.638684
299.953302 -100.035800
291.686303 -93.881627
295.615768 -72.003473
309.060241 -86.170851
307.425934 -75.310437
297.742419 -78.256420
309.311266 -87.207949
302.241096 -80.753270
300.256952 -81.346089
291.844794 -79.253305
306.218749 -77.437830
300.733331 -79.358752
301.650153 -80.162013
307.459393 -83.509552
298.704629 -77.250017
304.537193 -61.299400
307.344875 -65.280150
303.643442 -60.839897
300.886273 -58.964065
302.667531 -59.279346
298.805569 -65.158739
292.731544 -51.329705
296.611687 -53.859624
298.403140 -64.059795
296.547423 -55.465448
302.115319 -68.699593
297.895152 -61.696619
301.425588 -56.068275
302.771095 -31.934675
307.809270 -34.676286
295.357074 -34.488103
302.971737 -33.488076
302.889230 -33.688493
306.826367 -33.337123
296.687318 -33.022438
296.874343 -30.088049
299.130993 -26.544254
293.199847 -25.120937
303.640370 -43.199602
301.868287 -30.391686
304.389460 -28.068180
298.617833 -11.664823
303.480034 -18.062963
308.769257 -9.760168
306.100183 -1.923147
294.600641 -11.302407
291.334462 -14.199083
302.148874 -9.240997
312.946379 -5.123639
304.525954 -13.430309
310.085484 -9.105182
302.087382 -3.129257
303.361697 -4.438757
298.211630 -7.144023
297.294184 15.517727
303.214277 14.222305
294.842007 17.529210
308.244093 20.506629
300.712274 18.629942
303.892621 15.595020
291.723015 22.176169
302.173737 14.569601
304.024987 5.830941
297.515019 13.765271
303.432076 11.596813
298.569228 5.287842
305.431904 10.647218
309.333817 36.246959
293.125465 44.609131
303.196366 40.787206
304.489945 42.629994
290.913803 38.324791
312.435986 37.618619
302.723847 35.978834
305.706095 41.825968
291.449130 38.926655
305.532374 39.408227
294.447164 40.649828
301.971339 33.853875
298.925572 49.832501
300.826500 64.255085
307.613377 64.571578
293.762264 63.835076
301.593046 66.428846
303.051348 61.441479
294.930375 67.755563
305.629982 59.109077
294.233372 65.747699
301.311751 63.750482
307.891534 63.605934
312.216030 65.868561
300.889817 69.600086
298.599750 63.304088
306.073668 85.622001
306.810336 87.646432
312.250126 82.280185
305.969814 89.635932
307.558641 94.990095
311.930585 90.921526
297.133498 87.103901
315.339950 90.766974
306.026220 86.605304
298.344237 84.688427
296.451913 93.919501
305.970519 84.622417
300.760139 90.066001
299.658983 102.791460
297.037987 98.915196
308.081883 94.132077
308.115817 104.750374
310.584598 93.686666
297.586269 99.411270
306.642937 97.590307
302.616222 113.271251
299.445938 101.976001
305.418183 106.849708
297.698142 96.038499
306.535731 102.054436
300.601459 113.160424
296.460366 119.346674
311.867099 122.069059
301.225510 125.547957
302.081536 130.776120
303.924122 121.251030
313.885683 121.777378
303.855696 117.114448
302.005562 116.341625
305.979801 121.330630
299.801742 116.880054
297.683107 123.342578
300.665264 124.742076
300.650392 121.466961
200.072201 -410.053610
195.813173 -415.389555
192.463575 -415.117563
192.334505 -410.622815
187.516123 -415.603964
204.801645 -405.968671
203.693282 -409.217617
200.240766 -417.351692
192.150968 -412.725807
208.089658 -410.831369
202.287630 -403.633982
206.040293 -408.219448
186.790455 -417.727349
212.739441 -427.886659
211.876661 -427.557684
216.863365 -428.028813
210.027639 -431.000469
211.653287 -437.494155
215.249780 -423.333882
211.291211 -426.750457
219.376520 -427.198231
208.561725 -432.819504
208.924326 -426.869472
218.444168 -422.483684
208.438713 -431.578694
213.424854 -428.693889
228.495631 -425.560378
230.831468 -429.715847
235.465172 -425.639222
230.280519 -425.965794
225.758378 -433.567267
232.490922 -424.742816
226.389190 -421.722986
230.358419 -421.257191
236.103330 -415.850748
227.622404 -415.756996
232.045569 -425.028419
228.729458 -415.978425
222.200914 -423.010918
245.831034 -416.371479
254.323211 -419.585422
241.192902 -407.452509
253.675813 -420.625255
251.380492 -417.262001
250.439952 -417.164854
253.015956 -412.872342
245.303437 -406.712885
251.257478 -419.204476
251.679199 -411.617217
246.222094 -409.397799
245.891504 -421.172084
244.220796 -407.107747
253.774630 -391.362005
251.405845 -393.983543
258.707760 -392.524224
253.375292 -399.824733
248.513725 -400.642502
258.809381 -393.839535
255.367002 -397.006692
254.398094 -403.494413
264.692558 -394.027279
265.192650 -392.305189
271.269977 -399.834447
263.927323 -400.677819
266.350748 -397.730088
271.077600 -377.445556
275.188944 -368.786267
269.775190 -378.255335
270.218010 -370.335345
270.939608 -370.366900
270.007761 -375.731230
274.424350 -371.443746
269.284038 -371.094324
281.428636 -376.079071
269.527874 -373.485693
263.170898 -377.523842
273.922039 -381.135892
270.959472 -376.997779
273.596610 -364.567750
283.163652 -359.268189
280.588122 -352.613879
282.401197 -355.801816
282.402908 -356.672253
273.797593 -352.855696
283.973719 -347.903813
282.468704 -358.800941
281.274638 -355.569355
282.435279 -356.431861
279.984349 -360.419505
276.104616 -362.123634
288.678054 -352.579141
287.443700 -331.201807
288.987770 -330.155479
297.751494 -334.464235
289.965036 -339.258949
297.244569 -328.004989
288.396921 -329.351039
291.931745 -324.543220
305.766518 -336.726522
289.988445 -333.269429
306.779301 -334.109809
299.406145 -330.279871
301.298004 -335.154958
301.817200 -328.348746
305.806315 -315.169965
305.545451 -325.543672
295.952048 -313.521358
308.690727 -307.618105
301.523084 -305.294922
297.604728 -309.350377
298.411415 -323.253976
303.097593 -316.314165
293.390791 -320.541067
298.589095 -320.003068
293.738458 -320.780146
297.883825 -317.795776
294.671640 -305.949872
298.165652 -296.441094
302.460896 -296.226619
300.281742 -295.391819
290.811306 -301.538486
300.299054 -301.350517
297.736585 -296.824339
288.555683 -296.061723
298.690515 -302.321143
304.501790 -299.649901
291.501463 -299.393232
295.071169 -294.032434
292.109243 -302.756780
306.268679 -297.221708
308.538884 -274.344302
295.280429 -276.112563
304.843381 -267.270716
302.566979 -273.867115
307.860339 -282.795843
298.002226 -274.065742
292.182252 -281.146406
296.912632 -268.829704
297.414734 -276.689554
300.240141 -275.982168
292.734440 -271.659959
298.352803 -275.793024
307.204325 -267.432793
289.099187 -257.887925
296.531630 -247.071991
309.115615 -262.133030
290.783887 -253.711367
305.562649 -253.985024
300.408984 -254.981204
294.502961 -264.304825
300.283913 -251.347185
299.868621 -264.631152
300.016763 -256.996896
297.671341 -244.978326
301.144557 -250.380545
293.693160 -266.195620
303.298189 -240.719410
305.929477 -241.665797
302.311725 -243.348192
291.840418 -239.681026
303.948388 -244.877027
301.449613 -231.523266
307.225547 -227.619476
309.907597 -248.175315
304.443559 -238.749906
299.482333 -242.154962
307.361024 -238.910784
301.911787 -240.576456
312.046097 -238.617946
301.612166 -235.003489
297.509451 -219.578334
299.080243 -223.467113
299.372660 -224.178531
293.108218 -226.538038
298.110606 -220.675618
304.127851 -214.961588
298.720675 -222.848045
297.995118 -213.775279
299.863804 -234.026502
296.666968 -223.989259
292.295434 -232.229584
303.663289 -231.470215
-278.204242 244.989498
-277.370972 229.874201
-279.192243 234.601830
-287.476660 241.233040
-276.824515 237.954976
-277.456055 238.302770
-282.637147 245.621406
-276.083773 239.137436
-277.571604 239.683628
-274.778295 238.773610
-277.769127 244.865643
-270.745382 234.744496
-275.034729 238.768240
-268.311594 235.459847
-261.453468 233.723204
-261.576160 225.921784
-260.320945 231.582870
-267.004354 238.729695
-265.341533 234.860992
-258.485518 232.435265
-261.789057 230.876003
-251.581461 228.661566
-267.490142 238.097428
-252.103227 238.863034
-261.820261 221.894597
-260.110598 231.563643
-237.413361 236.252749
-250.722637 224.673199
-246.569948 221.152332
-245.375314 224.514730
-246.753120 235.255992
-247.130115 229.811034
-243.480254 226.330971
-247.002901 237.373475
-250.326488 236.890629
-251.619848 218.978565
-251.071118 224.128539
-242.150624 227.901704
-241.371035 228.142748
-219.951794 229.946386
-215.096826 237.051289
-224.865423 228.092479
-216.285592 240.713567
-214.659894 231.533368
-225.809540 227.337558
-211.294717 231.719809
-221.324380 229.209629
-219.268286 219.980032
-224.599219 227.212708
-211.437541 233.368143
-218.533265 221.771085
-221.534517 222.598328
-192.991888 242.575523
-188.245184 240.130141
-198.675800 239.882870
-195.347910 231.456286
-196.445448 239.539419
-204.208461 240.998931
-193.957975 241.083870
-195.978920 235.659834
-193.186144 245.507267
-188.241890 246.000649
-201.776554 232.768176
-189.729505 240.358666
-202.945992 239.298042
-178.976621 256.889963
-189.196132 249.947383
-184.271389 257.682710
-184.663523 260.257937
-178.237068 250.359316
-179.688491 256.964009
-173.087735 262.643580
-176.693487 259.448021
-176.872269 255.973526
-180.193942 245.463884
-183.551148 258.055982
-176.633373 267.609173
-170.069580 256.756648
-175.482042 281.711398
-175.691844 279.857947
-173.590243 282.663129
-177.570495 278.508795
-170.929484 281.460119
-173.810652 273.855063
-171.991430 289.458005
-168.135238 285.556220
-175.869818 282.915970
-169.713963 283.840921
-175.006807 281.600085
-168.981140 279.909749
-180.506107 280.535767
-183.982496 301.717668
-183.627598 301.974298
-175.544284 303.617907
-187.229822 302.361305
-184.766048 292.573388
-180.831146 300.010733
-183.779441 297.957260
-185.114521 307.161336
-187.006762 302.583534
-189.286658 294.538904
-182.502441 299.372819
-192.344775 299.085735
-193.197367 300.572661
-189.340213 331.685601
-200.487009 314.109445
-190.883910 318.847503
-198.644825 312.246723
-193.881821 315.061082
-185.398171 316.393072
-191.414267 316.070264
-196.775566 321.759659
-184.568440 314.818276
-192.070979 320.025129
-183.018635 312.459693
-188.845098 313.795001
-194.984433 320.013782
-214.171776 330.120231
-202.168956 331.939044
-202.952711 328.709517
-210.375354 337.552717
-202.123196 326.833255
-202.718117 327.091117
-210.695886 331.798351
-207.261737 331.812391
-210.439741 321.104646
-209.874876 332.464731
-201.504872 329.458551
-204.251437 338.828138
-204.694224 343.168513
-225.185232 324.764304
-236.543684 334.829034
-238.619501 328.346098
-234.145348 326.663710
-230.371001 332.133127
-233.092829 334.055179
-236.080783 331.546891
-238.016506 339.164606
-240.667137 338.635670
-234.424093 329.109405
-234.766172 339.015246
-232.650870 325.742926
-230.777870 336.133429
-250.389231 326.379289
-249.349067 339.956946
-254.930604 335.938180
-255.843929 336.003539
-249.513810 336.377819
-259.275661 338.345361
-256.430907 337.143907
-250.926687 330.836892
-251.984099 338.339953
-255.198697 331.310386
-255.827029 336.963426
-258.009230 338.572613
-258.494348 340.989383
-271.866116 337.393967
-267.679850 320.667484
-267.773940 319.647514
-283.963582 325.242252
-277.070907 339.083534
-267.720420 329.081696
-277.021239 327.949504
-282.625786 329.473769
-282.015019 327.605037
-276.759379 327.265139
-277.808982 316.121055
-280.983141 327.844317
-276.764366 328.012229
-287.708901 306.954464
-287.984634 322.224346
-285.470355 309.079557
-289.177591 312.635071
-286.060599 322.024130
-293.046200 316.847936
-292.884496 316.819314
-290.662095 313.736017
-299.050521 318.391207
-283.418463 324.942838
-291.890196 328.233664
-292.019892 319.332870
-291.601628 318.519078
-313.394610 289.230686
-307.899785 301.062560
-302.540500 289.608819
-302.846993 296.154090
-295.016358 292.143218
-298.555283 284.796261
-294.477117 300.538466
-306.759853 291.107699
-302.031126 294.767057
-310.428875 295.108612
-301.205787 306.474493
-299.816323 287.760494
-307.310247 291.740700
-314.105147 264.885409
-298.069188 264.637888
-298.312572 265.226930
-307.749409 266.276704
-303.313122 266.103859
-304.053197 269.380290
-302.595269 269.910896
-303.333934 259.827289
-303.058644 268.081128
-291.979946 272.310814
-303.524526 267.819292
-309.194874 264.789732
-299.319755 275.842353
-296.689148 242.118436
-295.748294 244.070394
-287.572767 242.568846
-298.395713 254.949708
-282.225939 246.481076
-286.232805 247.431956
-289.516433 248.363907
-295.909274 257.214743
-293.095757 247.053615
-302.162857 244.675908
-292.006959 245.542557
-292.332727 247.723720
-296.973492 236.219033
217.611888 262.018462
224.324445 261.759175
228.146282 263.547459
218.565279 267.365779
218.820331 257.838902
208.678401 270.374486
218.011155 266.775540
216.739253 272.422854
217.209247 265.176085
221.000245 278.480157
221.139763 271.637718
219.487257 273.083835
220.495474 274.081822
232.093321 241.906161
230.070845 235.012033
227.708270 232.136675
215.737613 241.542446
231.074952 248.215734
229.867265 233.093159
224.959692 241.223816
226.890875 243.684483
219.438480 237.479807
224.134557 239.866164
227.348044 238.729232
224.565651 244.939519
235.310215 247.272668
242.713335 226.676015
249.970201 233.454368
248.805400 231.086701
249.120708 223.563424
243.227607 221.468319
246.628144 231.498157
249.946194 240.241694
247.710051 236.978964
246.053224 231.208770
243.783131 239.584796
242.485477 221.072443
246.264343 230.645160
248.257593 232.179336
217.777273 295.262267
216.140188 290.994616
216.837168 286.123445
221.064919 294.865317
228.214647 286.919624
210.755160 287.593889
227.293090 291.399519
217.385201 289.601853
219.511776 294.920691
217.299327 294.095891
222.489991 287.735278
215.048154 283.949663
217.835188 293.245036
229.728516 308.823580
232.186574 316.979624
217.009370 305.712088
227.488430 304.765077
231.564160 308.886368
219.041683 306.694896
233.733220 316.135310
224.935888 312.731166
233.630906 321.358941
218.202345 309.299775
224.767767 322.913779
226.515379 312.332616
225.762963 311.782017
247.403710 331.316427
248.172094 316.770031
243.032291 323.207343
245.629175 325.301819
244.983563 324.978771
240.048621 321.521299
252.654943 318.525581
248.411416 332.541107
244.544714 328.289768
249.902039 334.145076
250.564701 324.782974
243.009269 322.503966
241.879438 331.384281
277.104918 336.147195
264.906602 328.333921
281.132688 337.129939
276.728176 339.780836
268.493501 337.794036
271.867796 331.574853
281.665906 330.253061
276.283805 324.177379
279.768184 327.357206
267.081844 338.344115
271.343181 327.998031
267.449867 322.064302
262.586074 335.240736
282.984228 332.443367
294.525367 326.287855
296.496529 336.524168
298.867941 339.087365
288.802748 331.030838
285.604878 320.385585
287.218423 320.763453
300.174163 330.656403
291.090561 330.541621
292.226766 329.998214
292.395460 339.614909
286.960897 334.254636
291.809976 329.991884
309.794994 329.421633
312.249692 333.837007
322.095182 330.210938
315.573274 327.150634
321.707309 323.857334
310.580782 333.171510
317.125182 333.316864
316.676666 321.654228
307.147567 324.828847
315.151518 325.885896
317.957714 317.726261
311.178425 323.440847
314.420633 326.245908
334.435125 310.668081
332.450701 312.749598
340.294216 304.434885
334.888938 309.952172
333.851407 310.727919
331.309734 305.195999
329.576601 306.216958
330.602391 300.425387
327.138560 311.988975
333.857887 310.472969
334.464681 308.415448
332.913265 309.920902
339.291042 310.696272
345.567071 285.324884
346.935063 284.455740
351.377207 282.850942
344.534742 284.115976
344.563871 277.477709
345.457460 287.690102
338.352543 291.255236
342.416667 285.641456
345.588970 282.857845
348.663670 283.204508
356.720693 284.685554
343.433702 287.297295
345.780477 288.335903
345.563025 263.036533
340.885155 250.601548
346.175226 267.133724
342.102364 259.712560
343.247745 251.776384
336.009679 268.448014
351.744402 266.561046
334.577550 256.857647
339.062568 256.847316
341.399520 251.904509
341.559592 257.944902
335.518748 257.232542
333.359694 255.119784
329.749036 228.182603
329.391488 244.129095
326.141682 240.209711
326.166185 243.943895
324.423006 234.610257
322.047049 239.976326
331.147006 242.423103
323.746241 236.974330
323.627491 228.577116
323.062577 236.885793
332.688782 238.148673
325.701431 237.146315
329.887573 244.306795
307.528312 225.672549
301.070733 223.139980
303.002751 227.096184
304.965167 227.974981
305.324935 237.572522
297.370420 223.658045
306.773508 222.053922
305.032544 227.840186
297.491389 223.105225
303.385957 217.064651
308.327428 240.007197
296.499538 224.893168
300.309049 224.627068
271.056805 225.393361
270.068771 225.778807
271.184856 219.278446
285.362480 224.505387
273.717666 223.663271
280.747054 223.634681
273.313911 224.767530
279.330320 224.421567
277.450686 230.612789
277.892948 228.288330
273.161948 224.844289
268.073302 226.062486
271.387834 222.743668
