60.265638 1489.026827
-28.112340 1518.595120
96.606106 1477.285454
145.630714 1456.028809
3.761468 1535.542635
100.691624 1424.539872
55.588964 1535.721823
99.661401 1394.274291
92.148093 1538.061602
97.930283 1365.020080
104.231809 1486.361183
131.161823 1418.447256
158.800150 1510.601274
159.290296 1332.611136
194.967024 1370.992742
105.545678 1472.389609
148.130232 1318.989358
174.893733 1288.627383
235.349335 1433.643373
203.631756 1255.030025
190.654753 1249.707443
209.290922 1450.714158
188.044479 1201.029267
166.586896 1210.937566
201.500337 1397.070668
207.467245 1165.550655
210.328030 1149.010070
293.910615 1153.234415
229.303673 1401.941267
160.975778 1151.753958
253.998747 1143.044082
197.270423 1355.485082
219.175383 1351.591673
252.168896 1107.245640
234.812844 1342.505070
186.116751 1309.139763
289.029889 1159.123498
305.233265 1268.592946
321.790798 1265.613284
206.842886 1094.942980
379.893877 1253.857474
297.961987 1220.456464
260.120980 1098.808594
270.567279 1186.919210
302.350360 1072.032265
262.412819 1202.228336
351.967583 1185.575722
301.656885 733.177245
445.623648 733.534811
431.312771 681.303499
405.720767 788.456427
338.773931 794.259715
399.861947 1195.523121
399.339923 663.442730
498.159105 834.815042
418.111161 1078.931747
345.539017 866.366705
590.838709 641.273741
354.325073 1213.496708
395.516444 950.009783
350.873900 693.210908
415.081921 704.554470
491.968339 731.220473
321.466804 1159.185742
476.871641 744.383420
461.344648 1149.718066
372.050768 735.003731
513.324023 774.921700
549.696455 1174.909718
521.067501 740.896474
560.421651 766.985571
550.316090 1171.598354
596.797066 739.627445
619.399487 64.637322
511.875583 66.898770
540.183534 739.311822
525.924369 96.734006
568.917807 86.063779
587.636310 1181.301765
563.650667 697.616621
505.316231 24.291249
654.394138 70.720515
580.949866 1160.241081
645.587471 668.489583
566.451326 16.217149
532.047637 107.511516
592.979902 1100.728190
749.086808 661.191331
584.666358 87.947629
616.913452 129.954419
657.348397 1129.146428
573.642909 689.809474
657.619257 61.005466
622.326421 1157.843390
646.235406 115.915374
717.729636 678.260030
713.074903 1030.439693
747.024257 26.867997
655.598959 118.975233
724.575340 747.708354
692.787271 668.892492
721.205292 55.235111
763.301897 1044.147178
660.110725 122.021871
781.137102 756.040442
652.197726 1038.658907
751.019782 1094.953876
771.995584 669.218997
789.757683 990.933089
671.255303 11.394859
760.252042 122.082231
628.014572 818.983327
704.904578 1117.899164
726.806404 661.536864
747.620439 54.988892
784.255346 922.530329
779.924256 92.423947
749.566221 767.500792
788.107285 881.618102
702.973527 1048.616998
804.415721 944.913348
773.352301 634.312863
736.117142 895.699912
727.322144 76.210808
703.269192 829.489994
814.936273 90.418547
765.666788 792.375962
779.444752 995.590744
713.988631 949.839765
692.433532 700.404676
677.084675 12.269713
807.407454 107.699683
783.188027 781.045833
809.550113 1039.038502
787.684136 939.877243
875.412171 718.627140
714.961137 -24.540545
842.738685 990.440793
845.200318 95.091442
905.638894 813.644127
836.980564 685.997657
861.896199 -9.871771
847.229137 101.626993
849.118377 751.461702
865.599538 941.178824
816.994599 738.601944
851.559220 -20.969947
845.241746 103.383328
850.521674 807.707696
661.293872 957.979478
843.828740 734.667115
811.524344 -3.192281
876.038212 100.540948
916.199791 810.010709
896.546994 937.595957
825.536983 721.290935
893.365761 -26.988017
959.879053 52.152237
891.304997 771.061082
860.317026 966.096954
807.302655 665.483104
832.880780 16.308830
993.433338 67.722641
935.269042 795.733818
886.621482 1.230225
853.567580 603.022672
1023.614293 130.302890
939.723014 808.537521
1008.062435 987.104078
919.473664 24.958501
895.349244 96.939904
956.846209 821.731922
940.076435 20.930200
989.535600 568.254690
953.900097 120.937907
959.583750 796.237309
987.582287 1000.810687
964.394744 236.372670
1030.146119 204.490024
982.049115 252.200916
1013.950181 55.723788
958.189929 133.546865
923.292071 142.864441
1004.691094 146.930956
975.241177 789.394888
1000.374722 534.558513
921.586879 17.915116
975.411506 366.100569
1043.931471 793.205079
961.099203 1002.401082
1009.285327 548.927229
1066.335513 -3.720922
1034.553435 95.660791
1035.624003 775.876436
1016.275803 158.115386
1043.521323 477.815133
1104.647335 200.278865
993.887168 372.510331
1010.055315 749.903667
1066.702377 456.149999
1121.270491 998.281293
1053.410231 426.578081
1075.663917 176.098984
1078.737667 752.192264
1078.440511 470.271973
1103.425526 472.827342
1096.788105 30.434553
1126.561215 130.735223
1127.096846 668.473928
1119.854978 76.234994
1129.300264 129.955971
1051.385821 931.408119
1137.934575 103.871956
1160.114485 29.967727
1144.976869 635.881325
1070.712230 699.120271
1121.781003 704.057277
1128.723795 8.712970
1120.628265 626.690465
1057.615602 620.949372
1165.015194 175.477808
1115.124488 607.361786
1166.101313 562.045072
1111.541227 934.665443
1157.693284 506.893073
1157.937862 527.876357
1114.819490 168.363598
1158.601760 56.656537
1157.988435 232.802834
1223.423447 172.156351
1123.665845 58.123622
1206.389300 901.522120
1212.890797 203.191179
1180.555212 77.654207
1202.383132 267.424853
1143.262255 649.811591
1276.695076 120.454006
1149.591383 44.013507
1185.403975 662.730671
1117.524756 882.974686
1147.060394 264.667073
1261.110514 146.364959
1176.460046 29.768887
1228.803819 637.297520
1328.158096 868.822911
1208.999595 123.410124
1224.791353 70.122750
1261.187092 608.776501
1214.064060 324.341161
1334.957678 839.147705
1315.953084 162.543684
1315.024156 32.342259
1273.191462 608.312416
1294.688682 793.232469
1319.289244 349.489410
1255.274848 191.881565
1205.667648 70.853543
1302.485376 598.186658
1341.806932 811.814718
1291.146610 798.306102
1357.123305 108.743302
1305.381086 387.044584
1287.691690 111.490907
1151.826436 638.881693
1318.848820 439.915442
1289.077158 436.720264
1334.666202 751.815715
1255.339193 103.862510
1392.033440 103.991238
1278.786426 459.328153
1415.498794 514.426827
1313.723553 514.269283
1363.356669 617.195843
1420.692278 765.374113
1385.573435 942.854493
1361.836381 528.683057
1360.831442 698.426591
1337.112487 951.677653
1373.829599 591.602879
1408.486452 906.979253
1336.552364 895.145338
1394.466667 977.503410
1377.672297 509.323292
1394.096557 897.753062
1278.074753 701.731320
1367.101312 580.291818
1355.592186 991.585947
1426.526139 543.433736
1383.777844 837.589550
1312.605812 667.326059
1407.988602 620.390522
1455.029137 972.840874
1506.951286 490.097537
1384.091163 825.941912
1483.004790 647.828575
1359.705155 567.162046
1440.960943 925.324659
1419.565331 497.531310
1379.548160 884.432111
1380.849792 668.336252
1459.741258 554.352368
1521.400570 583.045290
1523.741115 855.988040
1422.548932 741.901252
1433.714455 956.620190
1421.476063 732.694089
1448.493831 813.901346
1462.132384 788.902335
1471.238847 779.953271
1436.781497 628.750507
1435.128188 925.902588
1450.389717 600.858184
1531.015929 876.199646
1550.772461 904.150259
1402.420474 652.481429
1461.158806 879.581686
1504.548326 705.656731
1539.868485 837.529829
1614.425553 736.315822
1580.008678 754.803509
1653.953499 756.319972
1635.058972 798.406405
1578.365968 769.473800
1684.197030 861.047480
1672.571696 685.112849
1776.283745 912.565409
1671.500192 633.464199
1685.488645 914.050702
1789.938065 629.913926
1781.780630 913.044042
1699.613102 547.725838
1621.224829 935.338451
1701.746164 551.714644
1741.941478 927.645757
1758.270099 808.319357
1694.810481 791.408218
1732.328385 726.705124
1773.446646 834.070213
1739.538779 705.381138
1743.382845 583.474601
1703.296450 969.304953
1712.880927 676.769594
1763.972670 540.466567
1761.447296 843.403642
1786.379813 522.261824
1893.214449 566.114520
1810.669636 443.967872
1818.661083 972.833258
1792.779163 844.642854
1782.011693 647.659447
1775.851313 589.241540
1909.689611 495.848054
1790.554214 961.400592
1791.472331 822.418762
1759.725055 715.549568
1818.908708 595.262352
1791.613248 521.239754
1788.857999 985.149341
1866.529211 854.278171
1794.774565 713.660233
1814.047416 551.756783
1852.363420 905.177913
1862.620818 506.827090
1804.194342 915.973348
1897.521689 728.647919
1847.707749 943.369115
1821.461902 937.774359
1842.299402 624.177307
1849.418880 517.410356
1874.949137 759.676820
1921.751074 535.143397
1813.743109 560.863691
1903.758568 499.374541
1852.212717 745.369192
1948.949679 110.741530
1850.791401 476.214924
1852.729214 609.756594
1866.198590 119.708233
1938.691956 151.384450
1930.274948 391.195821
1882.293993 767.745136
1955.049005 50.297056
1915.912153 604.709030
1899.755295 792.998700
1972.653731 183.888192
1872.299206 372.615359
1910.264885 800.710817
1882.589670 49.424970
1940.676522 611.846632
1893.547383 180.660955
1883.125550 870.351389
1927.737658 39.217459
1952.448161 339.381611
1995.557868 632.143058
1909.528088 138.208916
2046.833488 49.131084
1942.712962 645.468932
1960.909394 167.541315
1956.902960 904.403456
1963.380112 306.741145
1987.661155 51.183913
2022.538911 670.608686
1988.217624 150.791355
2010.496567 42.895928
1982.109561 658.693398
1984.503880 242.061431
2022.099232 150.146735
2052.452835 923.519020
2071.167328 67.826880
1989.822162 249.573476
1966.247251 180.673696
2061.999991 14.497665
2010.633964 221.287824
2000.536345 183.693328
2031.133277 958.061272
2095.449765 488.497632
2168.018579 562.323505
2089.800566 55.405690
2033.726369 597.957457
2091.767454 598.068380
2067.875088 160.264775
2212.763822 611.490907
2089.345152 674.935261
2031.316336 619.788121
2104.264091 22.715700
2039.292763 666.997957
2070.971928 965.631944
2105.887073 756.794844
2057.340443 140.322930
2157.560539 134.806502
2103.021254 781.109660
2068.141618 113.760847
2124.897605 169.992310
2145.808684 482.136430
2119.517250 762.258944
2190.646056 422.791746
2119.017479 978.921255
2031.416898 207.415485
2146.591748 460.913448
2233.253254 784.367085
2081.376082 409.192932
2200.649101 491.814773
2101.861018 106.091622
2128.554181 773.709416
2276.392286 421.207091
2196.078794 25.084437
2243.530644 89.801527
2160.113456 152.048075
2236.411392 158.772139
2179.023836 1045.809974
2197.903745 767.679696
2255.302879 34.482782
2150.810987 348.284973
2246.223761 508.258089
2191.247021 847.385493
2153.658290 27.548373
2275.964565 302.563055
2192.918189 1017.810597
2196.547440 215.864867
2203.214522 281.335567
2250.640138 808.653330
2244.221399 216.884887
2208.356077 143.364849
2269.829263 -29.013671
2239.831662 628.997313
2224.844275 116.059594
2293.982130 816.868787
2239.225885 19.321691
2342.712414 116.193871
2218.396503 1005.063732
2240.678793 768.354300
2243.085370 608.352797
2361.041802 19.355943
2363.154783 115.033682
2305.618084 775.712392
2285.390642 632.648473
2303.797616 65.972258
2361.084288 68.922022
2322.627765 693.270733
2392.326503 932.278208
2302.589296 823.240554
2288.460093 2.798562
2399.286852 685.325342
2344.499719 87.376998
2356.717972 928.736174
2319.054274 801.970808
2365.429264 -0.094456
2375.144443 704.451058
2379.686692 102.747285
2342.696642 966.738532
2338.005235 830.442859
2395.944602 19.616719
2367.387626 701.977774
2350.164667 94.323574
2364.615030 945.772083
2383.351848 792.477584
2400.071906 60.968455
2339.149580 722.661690
2382.117893 65.110184
2479.641299 934.714089
2419.142345 804.459230
2420.790434 1.239665
2502.835779 950.883250
2378.433090 1018.011518
2361.671773 689.657994
2397.775489 108.176741
2438.284380 948.094877
2346.480534 804.391637
2389.711657 999.067690
2412.285147 19.094685
2443.718283 707.471812
2443.640513 89.098649
2416.253441 1019.385222
2485.053480 967.853065
2427.709798 811.185084
2468.610992 10.466373
2517.875169 677.280154
2444.016887 96.415561
2545.121375 1042.948950
2394.861453 930.627007
2436.120460 872.309555
2439.529516 809.384205
2338.068993 73.289717
2424.287200 880.379034
2546.353764 703.552089
2443.904095 109.970023
2439.649490 1021.882727
2545.904778 896.418337
2469.789972 935.608993
2542.735662 824.092351
2417.428452 910.450574
2453.269221 50.367955
2575.696693 672.030000
2445.084673 96.537334
2552.408854 1097.609202
2461.336986 983.071258
2598.955223 757.766721
2602.534491 1019.076949
2511.055156 30.973022
2503.525885 672.363773
2590.413350 113.775275
2523.077123 1072.434929
2431.203542 1058.713841
2672.838370 786.446335
2514.960006 998.300647
2499.299493 62.074179
2606.403469 728.661163
2560.662408 110.111438
2543.903953 1098.865935
2500.152242 1121.243813
2544.345279 38.760448
2531.917132 648.810551
2473.498892 129.703139
2657.562572 1111.568784
2563.285186 86.594433
2562.809464 698.537263
2605.134736 101.011217
2634.691535 1133.477879
2635.566037 22.058947
2632.193135 740.249585
2610.513594 81.475054
2596.901843 15.849808
2602.669524 690.127103
2662.883168 120.810354
2689.155764 1157.433884
2634.765655 61.394903
2704.855752 748.922785
2616.059705 89.540699
2559.475444 -10.296657
2631.819493 790.672101
2674.515855 87.605143
2656.618815 1247.231852
2740.344973 762.780952
2740.041594 759.341329
2654.753374 1217.171651
2728.165744 732.267282
2735.736358 777.002345
2768.522354 1197.342394
2788.743901 777.980423
2797.996639 1170.281821
2797.464832 673.901243
2800.716677 754.004286
2878.909517 668.111615
2827.686649 743.867370
2825.638499 1196.559340
2873.771288 701.653691
2876.607048 971.193144
2814.860051 898.959243
2850.717581 1008.163469
2880.777659 657.316441
2852.305720 1215.993962
2817.072631 809.921223
2794.607930 776.524220
2837.783814 678.829656
2772.092983 782.627306
2819.777972 1180.035769
2781.823616 704.016144
2884.194938 706.924864
2926.868648 746.654730
2918.647712 1083.946290
2809.223767 1170.437738
2802.643369 1077.941994
2879.381068 1217.219991
2788.020006 1125.508600
2952.541702 1245.019787
2922.551513 1229.085328
2880.790783 1074.685825
2844.074470 1227.053716
2895.651967 1318.468749
2975.278308 1112.192713
2885.709274 1330.578364
3028.041060 1308.496526
2952.676984 1113.355284
2936.929560 1333.679665
3007.722771 1105.702807
2979.418696 1378.080876
2957.471225 1360.940464
3003.157995 1161.381556
3096.149931 1180.168513
2989.639454 1152.560954
3020.066183 1381.556040
2904.204023 1208.282334
3077.207556 1197.187173
3048.167624 1438.047566
3025.216158 1249.744176
3057.310377 1287.521154
3056.671056 1447.988350
3047.373789 1325.794466
3054.310303 1307.440081
3041.526878 1460.798044
3052.287186 1342.801458
2995.447096 1365.641587
3090.963036 1501.507893
3010.177310 1438.649077
3128.816825 1401.245233
3083.963909 1496.383999
3086.760188 1421.840937
3133.383453 1529.845684
3131.480755 1415.094070
3192.770341 1492.187833
3153.935607 1472.554452
3186.044976 1532.568681
3202.612666 1501.826167
3280.792342 1509.091958
3220.467214 1498.625300
3161.743888 1522.122594
569.075133 70.079001
562.863427 25.016634
2561.881443 80.613606
2583.986150 1073.308834
726.506506 952.429092
655.449669 1005.287028
2921.469086 860.091231
944.462018 95.063215
1045.445091 51.907051
1044.270596 63.388225
1035.808032 94.451902
1037.257207 70.720668
1091.470951 79.865857
1120.984629 94.113485
2061.517741 106.899362
2149.395001 81.120953
2139.580288 93.800388
2145.773087 62.823609
2173.396608 45.195979
2193.010418 110.012514
2103.599698 3.920187
2101.656190 56.944806
2210.891623 73.140754
2198.566662 42.425078
2167.472251 28.618055
1132.808637 36.714507
1119.238401 32.183145
1092.379188 23.688433
1303.341703 620.985114
1377.519272 566.519888
1327.773464 549.357509
778.527120 952.916657
816.548731 945.704724
807.992923 1012.002871
1106.109574 179.965298
2193.532524 173.342526
2238.388801 195.777069
