25.960517 1499.121326
17.935975 1430.196652
22.038346 1498.113696
27.953262 1413.427900
53.312037 1523.448118
30.790688 1425.037116
82.260141 1542.724281
93.212190 1429.047651
109.930900 1511.655829
121.017686 1395.530901
107.414305 1482.644440
131.148417 1375.385369
121.424826 1452.435011
69.892952 1367.402210
153.470222 1345.526791
169.885221 1456.705557
166.393800 1323.698513
138.109187 1279.129682
168.037055 1408.819324
187.641868 1297.080544
149.149344 1267.630782
171.603106 1435.362492
178.310294 1210.256701
160.327848 1213.636724
165.651160 1407.440179
222.731085 1174.694856
235.713620 1170.992530
94.460612 1168.198884
319.083866 1377.739874
220.196479 1130.084097
277.004444 1094.358209
241.091843 1329.841095
172.651110 1350.051290
335.241790 1106.102512
262.892815 1301.853767
317.399542 1260.630600
276.413210 1081.303901
296.355902 1272.604896
315.882368 1240.016410
312.706038 1109.810741
312.528420 1226.332872
316.294042 1224.963423
363.612231 1079.872762
264.653197 1180.504783
337.946729 1089.834724
402.773442 1201.633129
393.118667 1172.846864
347.750481 693.320550
321.932414 753.577003
406.797837 693.353320
391.093742 761.754496
335.981815 829.955327
369.650938 1182.965395
471.327706 652.686071
347.535368 850.571293
424.094618 1040.509643
406.164397 880.015543
406.903213 639.527554
422.924379 1186.525489
368.586915 907.999221
437.834766 690.464690
419.801470 688.398155
328.986358 742.804832
374.143448 1186.709693
425.618727 745.012118
458.104788 1202.581201
418.186273 767.883456
456.796588 759.058337
555.012477 1184.742325
524.504809 772.474190
452.243156 745.545046
521.822142 1187.846645
516.473681 738.236358
489.028193 58.547926
572.081943 64.228970
553.032415 695.146818
613.824709 71.189596
596.062677 52.396329
621.414685 1135.910526
606.623316 697.732557
596.785172 28.883945
603.291233 124.478893
570.084158 1139.878089
568.935194 693.326013
592.960319 -4.163302
655.482556 100.889269
601.930312 1118.725549
669.534586 679.923462
612.062188 40.719969
575.845324 91.980320
688.034429 1122.332228
698.817640 646.669450
614.039791 22.991820
650.031827 1078.640682
665.410545 103.295107
621.376254 672.877405
635.657685 1069.260504
589.291118 25.450031
704.355336 105.201674
627.812816 759.285137
741.302399 681.969575
716.857493 59.557842
695.991388 1029.330846
698.702099 82.415791
739.151148 749.833622
689.044987 989.175202
709.105881 1081.663033
736.038253 651.875323
716.287665 978.209047
591.152321 38.315315
747.132582 117.082114
708.780871 810.726994
724.085599 1051.585859
678.109329 690.377116
749.119894 31.412363
738.406867 907.087801
740.389408 114.276475
710.137916 759.633011
712.706490 913.376457
718.482332 1047.657436
704.842319 957.625866
750.500482 696.966156
704.674340 879.647043
709.747502 43.806089
724.919633 896.108866
749.358943 80.444002
818.681993 785.772838
795.111126 1052.175302
739.868540 961.831908
716.996962 706.612787
740.811079 10.977157
736.086533 87.778158
820.401397 798.212415
715.010586 998.805276
808.062293 971.811216
805.969717 714.754378
824.164290 -2.789908
847.550597 1008.271559
855.668887 86.043019
804.998894 771.835220
761.782766 708.870673
832.010919 9.133969
840.306075 103.417472
890.006404 777.981736
793.830973 949.487399
807.292402 694.925352
847.661338 -8.570782
855.356828 104.165588
814.788817 762.379188
850.191519 952.142964
839.350183 689.422779
884.219649 19.965994
807.839856 90.092049
853.743964 770.671535
876.878262 946.502715
860.989074 700.926089
861.917713 -7.593968
876.983030 93.726721
902.751329 784.136551
854.809882 982.802328
906.660994 689.272408
932.877017 -1.278613
910.849430 48.901304
885.440390 821.121107
927.261243 -3.679862
906.093371 616.272302
919.018875 74.642697
922.725032 786.412419
937.976090 1014.318461
947.682170 2.596317
989.204750 120.691013
936.185476 800.590993
895.818911 7.136025
960.470836 583.492900
930.566384 106.775040
1002.858851 770.542358
1008.924142 1016.148045
1030.581840 227.971310
1021.658271 234.123729
929.057426 305.913506
936.081400 18.343374
970.317956 157.190565
995.732102 203.245757
953.895181 141.399651
958.160075 779.106843
952.348100 563.250792
1035.072690 25.908086
1055.085238 358.426449
985.948538 780.854720
1077.873356 1005.380147
1041.148270 525.810689
1025.824992 38.565592
998.133974 90.288728
1040.617160 774.759975
1110.214021 160.704734
1037.470475 514.500322
1031.249274 203.422113
1095.247412 408.943981
1078.551968 775.179396
1084.060212 482.206291
1083.859328 974.662714
1086.104950 439.132013
1065.635094 187.695898
1076.481287 736.169107
1098.877758 471.263813
1107.259365 440.841657
1039.152879 34.837806
1070.225255 189.740451
1049.190820 721.292540
1067.885332 107.806381
1147.135535 171.893510
1109.285088 980.507109
1116.373097 127.369003
1165.137496 76.829594
1120.511442 690.813663
1133.200308 660.239351
1054.847139 643.593643
1137.097521 22.028082
1132.196329 616.880041
1165.261229 625.027469
1131.903951 191.034716
1071.379700 587.379334
1092.455474 541.369792
1196.457658 924.609140
1117.124227 537.055587
1179.924996 494.924532
1164.443793 156.100709
1155.338548 35.865846
1100.853548 218.801807
1181.441830 127.947122
1181.913873 30.841256
1220.366850 907.287832
1265.485260 125.631339
1127.937595 16.666991
1112.810118 249.461501
1220.623915 668.363729
1236.712211 130.216127
1170.896242 37.747023
1219.740571 663.025093
1249.782115 882.337998
1239.082065 314.264201
1285.808291 145.987053
1258.038726 26.376771
1267.643843 627.288971
1268.387365 855.281715
1266.306217 137.921895
1321.528244 25.755974
1245.932858 654.798679
1289.361924 302.789566
1245.849665 844.513056
1277.597346 142.597023
1258.857606 65.497078
1300.883564 623.834008
1249.866018 816.762108
1291.751444 366.837212
1329.731157 160.693977
1323.699941 54.726909
1351.473091 618.752638
1327.727224 784.574833
1293.308153 768.715077
1278.809250 174.377887
1253.486127 439.364804
1332.000410 98.890182
1297.158755 620.411130
1337.810317 454.754307
1305.618514 464.630667
1325.088336 742.532531
1324.737916 115.871043
1330.174233 121.110186
1361.878599 486.206124
1378.926216 514.424370
1342.929291 524.592448
1373.763502 620.466429
1384.684770 766.206598
1389.343058 947.149207
1397.615850 511.738469
1288.403045 696.024620
1336.654792 920.005786
1359.375198 613.566490
1392.608632 895.735167
1321.814717 898.704502
1385.037873 962.676846
1397.528935 454.980305
1394.288192 866.311748
1372.827387 664.068184
1393.372063 590.168281
1385.673967 943.717177
1369.861345 541.792523
1396.051586 846.012595
1422.984727 674.517503
1380.093857 567.650873
1506.448207 963.598842
1413.434927 501.190845
1442.836127 856.290730
1411.492485 672.416802
1423.105735 594.864761
1461.239781 991.339431
1421.639480 515.570377
1465.230728 834.906170
1450.879980 681.245692
1451.889737 581.937182
1449.724549 621.099657
1483.647216 811.064263
1498.659409 694.353521
1444.600089 928.440143
1474.167992 757.516704
1447.716559 753.012158
1471.038489 755.069765
1468.113534 794.894222
1424.008638 596.464685
1501.946408 929.370884
1545.014267 617.858697
1476.522600 911.508760
1522.752006 911.965839
1493.446916 641.039034
1508.063341 851.771089
1519.284628 699.332863
1582.158016 833.815401
1548.630343 719.234756
1582.478843 777.573839
1628.432740 745.198706
1682.418432 812.964262
1681.808666 720.138763
1594.096588 828.206272
1649.436750 684.643133
1671.079376 878.706548
1629.501049 623.384790
1706.628398 898.248338
1706.932713 636.154738
1729.757924 919.762239
1755.169682 614.494429
1780.276677 942.311229
1691.019161 592.398140
1688.003555 936.375070
1725.886548 743.061554
1766.936058 806.752085
1748.507466 740.646485
1810.837953 828.981898
1744.174697 729.952266
1696.851340 578.404537
1770.857890 941.359545
1740.990115 664.726809
1705.800791 535.771469
1770.182980 841.862566
1732.983892 523.714204
1780.324490 585.377382
1797.170429 538.752134
1776.154301 946.753552
1764.526184 884.092464
1776.631056 683.832762
1783.414348 599.666970
1778.618954 493.902788
1858.873048 954.642872
1799.593766 858.311726
1821.039959 698.855656
1831.991562 610.573753
1855.502233 522.177174
1807.832507 943.301999
1845.525230 865.221772
1805.882613 727.577839
1873.747721 578.550391
1800.003945 866.078064
1845.077916 540.031453
1822.897385 990.586254
1884.219367 712.849334
1870.958228 923.854815
1818.868618 931.444888
1887.053371 611.900698
1856.337621 526.427226
1880.089085 727.928327
1868.080585 576.697556
1894.652050 562.021567
1844.980842 470.784484
1910.808927 763.311194
1888.604956 136.154752
1879.484146 434.772705
1899.287913 586.271007
1903.355532 107.523771
1895.493760 170.334200
1919.516918 418.363327
1911.354022 781.320808
1873.592927 51.005028
1943.248695 658.765747
1918.991440 806.509511
1921.779448 161.788387
1943.321571 390.255337
1890.362546 825.216051
1868.127632 77.248567
1922.606149 639.459622
1972.716795 160.597887
1893.028370 834.951393
1898.413888 72.902734
2036.685685 296.438172
2010.406860 660.318843
1963.828012 128.434754
1953.657324 82.336390
1931.956852 652.422393
2047.693460 161.107391
1948.187299 886.737840
1983.811157 303.345397
2015.160363 50.399281
2015.590603 659.661066
2030.384597 160.780262
2036.947033 22.419338
2025.268472 668.144299
2013.578047 251.210273
2040.433647 161.837313
2043.124130 908.461660
2063.273591 48.504432
2064.502019 222.372876
2062.123834 148.941286
2068.044819 67.810620
2060.781606 214.223916
2067.426063 168.343057
2055.002768 931.047519
2069.155560 546.043611
2045.493279 552.678601
2071.560348 52.192796
2068.491324 570.697049
2088.585741 593.221103
2097.154778 189.044375
2102.316820 633.971437
2073.254108 666.267683
2058.807972 718.116291
2057.025609 38.779574
2141.521356 715.674078
2094.758346 956.923171
2110.756833 690.366822
2086.970704 113.034200
2080.956659 149.910210
2131.170738 720.496335
2146.264348 99.219501
2125.531949 205.316476
2171.094266 423.056371
2119.470010 758.808822
2169.349700 417.032200
2170.714531 968.312728
2154.901316 177.234933
2174.107088 494.519805
2142.004785 763.190937
2136.671608 394.221565
2160.745943 494.859415
2191.049703 166.017499
2180.277942 797.786122
2193.560833 390.949899
2186.527695 86.646985
2170.693842 115.797639
2246.960810 158.480874
2207.419268 138.286945
2172.652106 986.416398
2242.650391 797.829578
2156.519999 24.531533
2171.216192 330.928462
2189.997741 550.046515
2223.467434 766.413203
2206.391266 41.344652
2256.753722 300.699392
2280.895882 997.837756
2260.906924 216.857271
2203.293041 264.024542
2232.393755 781.093886
2222.924810 235.601592
2238.509326 125.592187
2244.632982 19.891310
2266.774310 604.887501
2239.175818 132.389357
2238.728868 789.308194
2276.063955 1.785071
2275.025387 118.495297
2293.569512 1005.013883
2315.814864 799.566309
2260.844805 650.390336
2295.529979 6.910175
2241.005138 79.299923
2326.086215 791.267763
2258.519207 649.521556
2271.289319 7.013742
2286.410247 99.947777
2375.085493 658.870391
2360.216959 967.274134
2268.806425 775.297572
2315.981413 30.031200
2383.768273 690.337619
2360.398327 124.332397
2276.816516 968.404284
2359.852241 799.722619
2387.723798 6.651988
2311.307697 731.159964
2407.196256 95.427809
2426.130334 982.070329
2340.408205 831.469250
2386.856595 5.318502
2381.805587 705.701490
2366.156579 108.082316
2375.006309 956.577539
2370.312736 819.447026
2374.015161 12.171731
2436.366276 718.097691
2370.903349 108.613868
2379.310384 961.147061
2347.975543 807.868725
2421.771855 28.053936
2380.346420 969.103231
2398.068106 993.799372
2410.892749 697.786322
2424.128729 112.977419
2411.267761 921.486039
2430.433845 783.262244
2436.167600 1036.332918
2388.386526 28.142035
2425.285975 676.790407
2431.590861 101.104650
2454.624832 1074.117172
2462.543260 944.871840
2442.679477 802.620957
2449.094188 67.595452
2461.151600 680.798076
2420.039547 110.856900
2446.813160 1048.570178
2425.857451 953.768861
2486.286495 859.999479
2459.885967 804.200093
2450.319435 14.123595
2504.491499 914.569594
2450.633356 672.240721
2485.009568 119.606122
2497.301397 1092.551703
2485.824806 938.627503
2533.436429 930.890850
2521.036472 782.048121
2516.848438 937.403756
2497.387647 35.837195
2505.725888 663.101644
2573.067225 113.609461
2555.858219 1095.855263
2497.192673 973.329052
2487.296688 772.160983
2467.322870 983.211456
2520.850359 57.252562
2564.203285 661.372881
2499.544221 111.923095
2519.881930 1066.841710
2502.830040 1009.429932
2544.590161 784.796666
2532.330798 1060.375365
2581.960610 34.502092
2540.065528 665.478677
2548.703748 92.467699
2551.176602 1082.107695
2563.268002 1065.626714
2573.356786 61.126616
2541.178665 703.320214
2563.133101 115.981344
2580.964516 1100.084564
2506.830211 37.017972
2580.138114 701.617850
2594.743969 111.067394
2586.507997 1144.185697
2596.863302 53.975474
2579.600598 761.481949
2570.836088 75.221657
2610.404023 46.293274
2603.090812 685.918483
2610.669237 98.430910
2622.238143 1200.714845
2660.938180 10.696446
2666.803435 720.219674
2669.607441 61.762055
2645.524013 57.130088
2692.166226 752.012036
2656.161784 66.532172
2683.769395 1212.197901
2677.582835 773.069551
2718.375352 799.025250
2696.395497 1196.855215
2741.066550 769.066712
2696.000216 749.370896
2730.670703 1224.381345
2770.090615 770.995323
2812.095020 1201.265763
2809.900825 656.580444
2784.429919 723.939741
2745.858496 665.641063
2754.200039 723.750583
2802.375149 1214.933914
2807.301152 699.427963
2804.367913 949.070644
2792.135097 900.553335
2869.423373 1024.450097
2797.856159 676.889235
2822.907383 1193.833598
2865.854426 828.452757
2811.034224 794.341466
2803.476356 693.743763
2847.133948 765.761126
2841.596783 1197.821985
2818.960870 750.451762
2843.155214 693.869900
2882.241642 745.557862
2832.772323 1090.377325
2903.790044 1189.544283
2838.936389 1087.517376
2854.614807 1187.258333
2845.217327 1104.468049
2880.195039 1236.975155
2946.980378 1223.574288
2917.651078 1108.223105
2940.292570 1264.312854
2958.550659 1272.069796
2909.503049 1123.873315
2947.708438 1308.577170
2996.997839 1332.452549
2950.770557 1109.584178
2977.504184 1342.203610
2992.095720 1108.174901
2948.872857 1373.671350
3015.081854 1383.904775
2936.202888 1180.783865
2929.831563 1149.865231
3012.155894 1190.342150
2938.597861 1379.904113
2995.165357 1225.861764
2988.514817 1214.594842
3006.116672 1422.833181
3011.116397 1247.088820
3096.220098 1307.153705
3062.270804 1454.241598
3027.330418 1315.663562
3053.690825 1318.688717
3052.648996 1464.794794
3075.612986 1353.839673
3092.873538 1351.722920
3051.503496 1495.270125
3093.971582 1389.606144
3095.243960 1389.377924
3123.018196 1488.093963
3074.504541 1396.319768
3118.389428 1509.453737
3195.357277 1440.893320
3123.599482 1527.526640
3177.210797 1447.483175
3170.814259 1529.353977
3167.115824 1438.421839
3222.490332 1507.623029
3190.075338 1500.357324
3212.775357 1503.591007
510.898862 54.324144
485.177686 33.219274
2714.323248 72.594434
2588.149306 1084.021777
766.037236 957.324574
697.829510 1014.661274
2764.271484 833.578835
1082.558871 117.555165
1059.474909 59.254829
1050.494205 77.095740
1090.574439 72.929859
1075.216710 84.336818
1135.191027 108.289422
1075.011171 93.212937
2152.699945 61.479643
2157.414270 46.103594
2171.364285 64.854488
2176.923658 72.769893
2203.666821 93.844466
2193.251706 106.650485
2121.410124 54.298790
2094.406534 43.735425
2107.394545 77.502607
2115.913889 58.473365
2151.367526 13.481532
1061.873251 47.664206
1094.568034 17.413576
1080.058636 74.022819
1303.482814 601.837533
1323.836260 562.075215
1291.388541 531.576404
755.596181 944.276402
748.219106 981.195652
746.540083 960.925305
1171.592617 189.289544
2255.455362 168.196449
2228.522562 191.985542
