498.437538 47.107805
494.566985 65.814039
498.233065 126.869779
517.263891 163.522649
529.637016 223.679684
594.377841 314.840462
670.546455 380.671449
794.626044 516.752131
822.990709 642.859939
781.122227 683.933011
737.600666 719.145772
713.834528 760.637274
621.579056 752.246531
583.217813 748.819617
543.915444 749.987724
560.384078 719.012953
523.810569 680.936125
536.104314 639.877674
509.977356 574.199793
479.542003 609.250238
498.028557 687.596587
479.616364 712.507467
457.835770 748.366081
431.661811 742.934028
350.253003 757.632273
272.280885 726.002615
180.838020 624.064653
207.765734 558.410467
255.159695 452.291956
282.660756 427.422995
324.082424 388.029791
359.952365 353.573789
447.080895 237.154187
478.470517 140.976949
81.626307 823.853755
144.866351 895.791748
240.033054 945.746741
351.964819 979.000228
435.521315 986.333009
468.118057 1025.308609
495.276407 1075.369862
536.978625 1173.646264
574.570807 1067.975212
604.228727 1017.522684
648.221244 974.416192
699.694966 965.793432
841.403471 883.449930
879.667456 831.204835
918.928402 804.410019
