489.532746 54.107631
495.975354 83.576230
502.539116 134.456601
508.892905 178.638670
520.707745 215.616687
593.340278 297.921747
683.297174 394.474722
791.502336 514.829023
813.752496 623.848685
799.022800 678.214186
755.098929 708.852790
692.412453 746.377849
620.935228 754.995961
587.207504 745.604824
546.263261 740.062827
538.215231 698.620737
541.889734 669.174866
527.809479 637.689660
511.226586 576.359588
501.960924 618.758734
492.336830 678.248073
481.379613 714.103748
460.406524 755.572134
412.158479 760.531018
359.059026 762.651698
273.585704 720.738370
213.846551 642.308586
211.412386 549.915388
260.400445 466.271509
284.739433 426.416822
321.299218 394.594912
364.674354 347.447389
447.593815 235.294935
469.472004 135.332824
79.202340 848.532663
141.911296 879.058785
232.269609 945.888035
343.249733 984.869384
426.120093 976.467372
469.907044 1025.193041
505.472826 1068.273409
545.254275 1154.586888
572.373096 1077.132425
607.942511 1024.003569
639.308788 978.141497
705.042629 958.075934
831.752922 879.334183
878.694917 841.095286
907.725725 810.661821
