75.468094 335.600272
104.129490 121.322676
106.157343 317.095782
130.423273 297.398841
138.550324 148.365680
147.808710 227.738345
150.252731 300.270386
154.091686 167.122301
171.808124 219.908839
159.260987 238.573836
186.132654 218.106956
187.749461 239.451964
207.805605 209.577801
218.554678 246.060623
231.101661 148.659915
226.639222 164.453643
224.338435 186.438942
231.111622 327.937119
234.814404 123.576446
232.499100 268.928789
231.168775 295.757017
250.842935 142.369795
243.448010 313.100455
254.434736 284.299792
267.936752 150.428236
276.089025 259.826709
284.001096 167.484847
293.739929 269.664407
297.751651 196.641475
299.259029 75.422993
302.472417 95.604080
308.328079 49.664182
306.683755 155.130859
307.737554 26.444335
315.361638 209.369740
317.344054 264.735692
324.858128 150.574522
322.710016 175.904160
337.503168 234.721371
335.996431 387.757368
339.226665 170.431004
340.071779 274.029754
347.826886 403.891697
347.354460 151.004599
358.241444 433.163751
355.604659 468.597094
354.510142 252.887652
379.093040 280.787441
384.382271 198.474620
395.837031 195.158310
422.736302 191.083603
