49.268726 184.831713
39.757146 673.224930
48.154331 107.414158
53.642627 746.373895
62.074660 78.374211
48.779563 631.785672
59.885914 185.245715
80.448339 603.386425
96.325263 210.776337
86.298838 771.070657
106.074243 42.689426
118.858422 792.919562
118.707676 562.196383
118.103790 258.409999
138.504383 816.617283
154.828085 249.591289
148.734428 45.841033
156.223894 566.038015
160.463228 398.892560
171.456297 827.795074
163.306571 44.835035
153.942294 270.039238
204.690285 518.465322
193.137378 342.147532
168.320118 440.532807
194.359530 73.343716
181.188211 338.139887
200.624489 505.165950
231.434808 451.104057
222.131118 110.717756
221.752693 846.385946
238.923412 140.604451
259.552631 979.130686
260.638187 973.420598
255.710261 870.507595
245.206815 941.088887
238.256082 1006.326329
245.283408 1082.722914
265.307080 1120.486604
263.940815 189.948138
278.921970 837.728796
265.595358 870.064394
258.233102 753.769559
262.604124 805.962830
276.378976 1180.529933
287.511820 742.363515
271.661500 700.549312
284.205467 363.507361
299.414359 402.326722
271.470531 195.807435
294.309603 664.024369
286.402280 464.370430
293.468181 650.367223
299.683508 336.400445
315.944743 582.307183
313.571651 532.175662
303.098680 1177.829504
321.780217 590.704480
303.455690 212.234483
322.601631 539.614035
327.830173 340.846009
341.793283 446.103816
353.493161 359.361368
345.015975 227.218313
349.512744 421.889393
364.523647 1172.216247
360.796614 396.272287
393.097420 1126.485593
390.789975 238.449211
420.703426 1154.444288
454.074779 253.014553
451.361032 1198.764553
471.440942 228.890971
495.591693 1182.679803
503.703938 379.112982
509.827751 372.389789
506.282530 425.550938
509.137587 1174.576797
518.312042 228.333187
539.319059 566.845553
548.416050 571.131132
548.971399 613.673227
529.771034 322.380793
545.701813 438.312871
558.496922 1151.194037
545.734003 690.995065
554.673229 672.555261
559.180779 203.628378
549.883810 731.615796
566.792045 1137.951373
564.699429 777.236584
574.531148 203.112939
581.913141 798.346525
583.813429 338.521092
585.259476 1069.302332
572.387937 1091.102590
589.691188 433.950921
571.987605 841.535338
581.954380 1046.078350
588.643500 387.116906
589.347212 862.449372
590.515210 894.057115
594.439785 948.383248
597.475362 132.926636
596.412740 984.029183
604.887779 144.607553
609.325665 845.266982
630.690441 82.819765
641.815310 487.596964
638.000341 821.545498
646.033128 462.926019
658.467260 60.641558
642.877858 512.344264
658.656021 318.635785
667.102852 389.653943
671.396054 831.349341
672.495896 278.574101
655.229835 348.952875
670.719276 50.565344
663.211083 395.584921
681.517236 558.130548
714.436080 247.192846
711.529085 38.276595
728.146072 578.027182
725.289385 825.626189
731.851041 179.588447
743.645163 617.815036
743.241483 51.040758
759.022362 808.763751
769.094203 213.195535
769.402072 658.285163
784.081214 91.065149
792.685015 186.275206
799.968363 663.245076
810.318356 760.818398
813.644274 158.243585
804.255759 726.586325
812.895102 693.170462
812.941011 109.685984
