-0.421923 -0.343602
-0.410796 -0.336399
-0.406211 -0.333434
-0.368238 -0.309513
-0.372976 -0.313211
-0.356233 -0.303502
-0.320961 -0.272457
-0.326348 -0.279620
-0.312471 -0.266241
-0.303049 -0.250085
-0.290906 -0.220889
-0.290741 -0.223365
-0.281520 -0.211017
-0.278471 -0.184960
-0.275282 -0.158009
-0.274835 -0.152978
-0.272943 -0.145706
-0.270525 -0.131104
-0.262277 -0.085447
-0.262223 -0.085049
-0.257036 -0.075725
-0.257452 -0.071111
-0.253960 -0.065584
-0.233975 -0.052163
-0.229502 -0.022745
-0.229184 0.007677
-0.224780 0.032250
-0.219231 0.053057
-0.213338 0.079647
-0.210510 0.092348
-0.213005 0.089355
-0.190573 0.138070
-0.181451 0.157930
-0.169945 0.183665
-0.150822 0.212444
-0.152184 0.227919
-0.143909 0.244939
-0.149231 0.235572
-0.151501 0.230703
-0.141983 0.252677
-0.142560 0.251563
-0.150570 0.233102
-0.135345 0.261607
-0.132992 0.274086
-0.136557 0.272199
-0.131340 0.269452
-0.133961 0.271012
-0.120934 0.270305
-0.094068 0.270403
-0.077202 0.275658
-0.070902 0.276555
-0.055517 0.274257
-0.034829 0.268125
-0.019522 0.268616
-0.014491 0.266830
0.005945 0.258850
0.020040 0.253530
0.038691 0.238687
0.071244 0.250417
0.091214 0.251649
0.100600 0.252907
0.111616 0.251765
0.132807 0.247894
0.134264 0.244709
0.168961 0.243008
0.177385 0.240528
0.205318 0.236505
0.227826 0.242102
0.238072 0.243469
0.256536 0.241693
0.267230 0.239277
0.281929 0.234043
0.284941 0.230203
0.329901 0.168540
0.352567 0.209790
0.373714 0.226648
0.374515 0.224703
0.383509 0.202057
0.386684 0.195446
0.401711 0.161702
0.422607 0.137433
0.461115 0.132289
0.457428 0.132966
0.463603 0.132504
0.504216 0.128335
0.512237 0.127761
0.533944 0.124835
0.543250 0.124503
0.543362 0.124487
0.537703 0.124486
0.518977 0.126748
0.512958 0.127721
0.490812 0.129630
0.468499 0.131712
0.450850 0.130206
0.432840 0.132112
0.411609 0.130820
0.398230 0.132122
0.374292 0.122147
0.361383 0.108861
0.348231 0.083240
0.341144 0.071403
0.353588 0.092154
0.335573 0.068699
0.331491 0.066446
0.321439 0.062994
0.322552 0.063680
0.300131 0.071590
0.299174 0.079354
0.255972 0.082043
0.257048 0.087736
0.256983 0.159777
0.204947 0.086601
0.178899 0.048437
0.191519 0.057594
0.152399 0.024894
0.143717 0.012987
0.124288 -0.001220
0.112788 -0.006182
0.104461 -0.006315
0.101369 -0.006188
0.111965 -0.006182
0.095290 -0.005567
0.110531 -0.005623
0.111346 -0.001944
0.084517 -0.003727
0.066798 -0.001042
0.050952 -0.000196
0.041048 -0.000243
0.005749 0.017107
-0.010149 -0.018520
-0.026437 -0.027702
-0.040837 -0.046269
-0.051747 -0.067899
-0.072800 -0.066448
-0.093129 -0.075365
-0.112844 -0.070727
-0.124037 -0.105286
-0.144705 -0.136747
-0.191593 -0.166511
-0.173147 -0.214732
-0.203552 -0.207994
-0.200580 -0.231217
-0.216262 -0.233087
-0.186820 -0.248164
-0.168775 -0.261140
-0.169553 -0.260315
-0.142958 -0.274169
-0.122728 -0.277397
-0.105575 -0.281735
-0.076319 -0.260671
-0.075696 -0.278671
-0.073381 -0.261858
-0.076343 -0.288787
-0.085605 -0.298977
-0.080924 -0.293895
-0.077253 -0.288779
-0.085273 -0.300334
-0.084054 -0.300376
-0.103206 -0.288322
-0.128638 -0.279254
-0.146016 -0.274959
-0.159164 -0.271702
-0.194678 -0.265062
-0.199241 -0.265873
-0.217674 -0.259990
-0.233619 -0.259136
-0.258408 -0.252540
-0.271787 -0.260286
-0.299915 -0.273402
-0.302758 -0.274223
-0.329725 -0.291082
-0.343262 -0.296318
-0.366044 -0.309077
-0.376822 -0.315932
-0.398296 -0.328616
-0.413893 -0.338359
-0.423831 -0.345282
-0.424627 -0.344918
