-63.202153 14.878330
-77.145581 11.395454
-74.923007 12.372854
-69.013556 6.073661
-73.222703 8.801134
-81.992734 9.529386
-91.750263 10.418306
-77.104274 11.959692
-81.747486 5.943391
-104.309446 8.297841
-94.668270 8.715124
-94.030373 8.277455
-104.569592 7.412857
-112.732908 8.759243
-101.645972 3.902853
-107.873762 9.388085
-104.777679 10.703846
-101.218166 24.279626
-104.710122 12.128513
-103.714684 24.950192
-108.921500 36.518841
-111.580205 18.162501
-108.233122 29.699185
-104.792815 18.959927
-104.589091 44.970823
-111.645726 38.389587
-100.865794 47.811305
-95.763521 45.126798
-98.736158 50.552208
-97.165643 48.953096
-86.730130 51.338797
-95.614247 50.209518
-101.393839 51.770151
-93.952078 54.850566
-88.547538 54.918784
-95.248612 47.441398
-76.587569 64.387384
-81.830285 59.293274
-90.510537 71.217141
-85.950164 60.878672
-74.436718 67.546803
-64.337783 72.005065
-78.871387 67.028885
-82.874176 61.918454
-64.615496 72.681635
-73.292069 73.794519
-64.169031 73.673562
-73.541287 70.595715
-68.550029 67.736001
-68.993583 70.593583
-61.968527 69.391386
-72.170077 57.898101
-67.905326 55.374835
-68.859757 56.210027
-66.536248 61.039508
-74.089142 46.077086
-67.680106 35.866755
-63.957832 44.741126
-77.827988 39.191317
-70.430333 46.843477
-68.962306 34.297959
-69.520175 33.894858
-70.269993 30.879159
-70.849088 35.117896
-72.378844 26.156412
-69.623450 28.287975
-69.729452 22.768713
-76.198942 19.137692
-75.772918 -36.163933
-76.156074 -37.166363
-79.642052 -37.256195
-76.143398 -31.078077
-76.717756 -36.057830
-76.340933 -31.574188
-79.149048 -39.238573
-75.072835 -35.100777
-99.200579 -27.317896
-98.226223 -29.174566
-93.485970 -15.588528
-103.263041 -23.132990
-103.358478 -24.965381
-108.997154 -18.088921
-105.057544 -22.532523
-99.515105 -29.700353
-113.884257 -17.331527
-114.940361 -16.923796
-115.532303 -16.550525
-115.839855 -16.076198
-118.804453 -14.017842
-118.585403 -14.028121
-127.473482 -7.745809
-115.510977 -16.622719
-124.768250 -8.739697
-133.673137 5.370216
-132.074507 2.549491
-128.916287 -4.295828
-137.079564 11.100974
-128.356542 -4.001043
-134.727601 7.137202
-132.974433 3.811990
-132.148659 12.819535
-141.699065 19.688890
-138.828678 15.301009
-145.466533 25.584070
-147.567987 26.803722
-132.514484 31.930344
-139.398529 31.120629
-135.504017 28.182855
-143.142428 33.901235
-143.431634 31.832456
-145.127853 29.320385
-141.355286 39.309320
-139.893449 43.923468
-139.201534 49.002228
-139.770472 45.541270
-141.806398 36.800636
-133.405940 54.557752
-130.364984 58.153307
-132.096067 56.017679
-136.566264 51.526246
-129.922197 58.630211
-129.079039 59.576078
-125.987652 63.975983
-128.118328 59.006254
-121.733536 70.220216
-114.764521 79.390340
-119.219758 74.014443
-123.213778 67.933265
-114.295186 82.748583
-110.327537 86.048308
-113.095799 83.397395
-113.529942 83.189143
-108.490977 87.854104
-98.890044 96.816282
-102.675654 91.764832
-103.166959 92.337050
-97.096831 91.076485
-86.231200 98.209160
-97.531654 100.587369
-99.532247 99.840416
-87.464806 103.626941
-89.595455 103.886178
-85.460064 102.263051
-83.646355 105.059868
-73.349613 107.238558
-66.896715 109.466269
-75.564240 106.819178
-66.253746 109.746807
-64.550125 113.132298
-65.680158 107.558870
-63.371490 115.768443
-62.128552 117.571008
-54.242791 125.514770
-52.869367 127.339944
-51.525825 127.328464
-52.953723 126.978344
-45.757503 136.076922
-47.906276 133.248576
-40.518854 141.416618
-43.192459 139.271419
-34.321050 147.515887
-42.147523 140.451852
-43.188569 139.403269
-37.347623 144.815053
-26.848073 154.974911
-32.446329 149.514136
-31.936968 150.205379
-33.936153 148.371669
-22.622348 157.764592
-27.339186 154.492207
-21.577318 158.670409
-26.888102 155.035703
-11.246687 166.880572
-11.350156 166.816286
-10.238263 167.187727
-12.757436 165.742600
-4.072393 169.395224
-4.608625 167.906236
-2.082957 170.031119
-3.938548 169.529411
7.650627 173.284856
7.515161 173.160267
12.810222 174.012597
6.771404 172.705499
23.225884 175.106963
22.805469 174.884647
17.260012 174.569067
20.480847 174.949340
40.472275 174.703537
38.492316 174.829967
32.473730 174.964838
25.934000 175.083682
52.702032 173.792495
43.947474 174.383360
41.242753 174.259886
46.983377 174.439415
51.966726 174.648974
58.807161 170.520909
60.371459 167.984327
51.441275 175.037375
65.690197 163.027677
72.553946 158.054782
58.384834 170.056063
66.219588 163.109622
-76.306709 -41.961686
-67.415459 -44.806761
-72.069087 -50.740419
-74.753178 -44.367230
-70.162568 -54.876600
-68.586590 -58.897412
-69.431880 -56.766851
-70.164007 -55.124988
-61.899933 -75.625229
-60.973497 -76.835081
-63.751363 -66.844497
-68.039121 -60.558975
-62.196107 -75.731455
-56.468419 -84.468060
-60.253553 -79.454040
-63.457193 -74.463663
-56.079185 -91.495128
-52.626955 -87.079846
-55.041024 -92.534019
-55.452009 -88.310410
-40.735060 -88.494858
-48.891535 -90.465914
-45.011959 -89.318930
-45.515278 -89.869459
-26.087803 -92.930005
-31.689637 -91.941420
-41.500810 -90.261583
-36.642477 -91.376497
-19.215343 -93.979574
-18.196153 -94.107923
-23.682560 -93.439773
-20.967767 -93.843500
-11.737798 -94.202539
4.644691 -94.422290
-8.275740 -94.492268
-9.853377 -94.456923
-5.787810 -94.406232
8.390700 -94.381081
1.226599 -94.509029
10.896579 -93.356461
10.167210 -93.847760
8.404269 -94.328242
12.269150 -93.958935
19.745836 -93.738151
28.955276 -93.240481
31.860286 -93.120697
26.780950 -93.470186
21.719344 -93.441638
46.831310 -90.093787
48.050712 -91.720412
48.057903 -90.247791
56.564307 -91.405992
54.163811 -91.238327
58.743635 -91.145196
48.938207 -88.779523
53.101859 -91.601334
54.906415 -91.216303
70.806005 -89.145474
54.439463 -90.664814
61.996719 -90.769416
77.962400 -88.698135
77.060615 -88.141089
74.975206 -86.862200
77.489139 -88.483131
96.742458 -86.403491
96.698829 -86.408739
88.808997 -87.042655
98.138869 -86.305651
100.933446 -85.529946
108.610295 -83.519953
101.619641 -84.362982
105.020036 -84.492674
120.598816 -80.074290
119.524731 -84.456936
120.566674 -82.406155
120.299344 -83.013550
123.524042 -76.299285
133.765830 -66.258697
134.701593 -65.835818
126.027087 -70.601640
135.075780 -64.733782
135.892247 -64.617887
136.887109 -63.336775
136.434428 -63.420540
144.323879 -53.828643
143.980724 -54.078384
139.553184 -57.661928
143.090147 -54.372711
137.622144 -43.039322
143.803658 -54.026704
142.563379 -55.177398
144.651852 -41.454574
139.512369 -31.326788
142.294538 -30.259358
139.961779 -30.789440
139.520115 -30.499892
142.364236 -21.713958
142.828821 -30.135522
140.139093 -14.239687
140.840435 -18.400978
143.120176 -8.009760
141.081423 -1.903761
139.628786 -13.218295
140.450588 -6.949512
129.127332 0.167961
146.957902 3.095249
143.709570 1.469585
128.621273 0.471016
135.412054 14.361444
141.906128 5.214552
134.508013 11.847554
130.997250 24.948306
131.857099 23.872445
127.945294 31.906362
133.672824 20.527939
122.474639 32.747788
127.543776 40.916826
124.407975 52.072634
123.359542 55.336837
126.642990 46.274000
124.179121 53.899623
124.873149 58.368640
124.040475 58.943579
124.390503 54.860918
117.531611 75.782471
120.646551 66.684830
119.643882 69.044832
116.630149 78.625562
112.809743 88.028074
114.267743 85.648793
113.937163 86.681948
113.567439 87.912787
108.359341 101.179376
112.680355 90.181051
105.884827 107.465900
106.085353 106.899138
104.862043 109.356509
100.288443 117.996858
102.573978 114.786851
105.499341 108.349975
101.026257 117.220550
103.629687 112.355327
101.972979 115.811416
96.076097 126.205079
94.330174 129.073181
85.347427 139.372896
93.948566 129.897422
99.839348 119.653500
89.356546 136.683328
89.405386 136.962927
91.293152 133.903586
86.437424 141.218740
74.876080 155.649831
84.821145 143.244422
77.929077 152.261288
81.091933 148.530296
72.657954 157.932367
70.935985 159.138322
75.841083 154.449835
79.199903 150.982176
