-63.197260 14.888080
-77.148421 11.421188
-74.925468 12.400313
-69.016312 6.077216
-73.222703 8.801134
-82.001475 9.569164
-91.743706 10.464655
-77.121140 11.995009
-81.746814 5.980556
-104.297667 8.369972
-94.675170 8.759545
-94.040290 8.351626
-104.554229 7.458562
-112.770274 8.893043
-101.675896 3.991183
-107.884895 9.492213
-104.775684 10.744867
-101.226527 24.332109
-104.693730 12.207888
-103.698690 25.000477
-108.928335 36.534138
-111.559290 18.275909
-108.213442 29.728458
-104.814187 19.005437
-104.592705 44.973807
-111.640263 38.406207
-100.865795 47.811430
-95.765233 45.131843
-98.737329 50.548971
-97.165967 48.952012
-86.730486 51.335700
-95.613586 50.207516
-101.395266 51.767038
-93.949255 54.846369
-88.545660 54.914750
-95.249334 47.443308
-76.584777 64.377185
-81.827463 59.285663
-90.516217 71.201462
-85.949446 60.869853
-74.432643 67.535271
-64.335966 72.001050
-78.869389 67.017664
-82.870734 61.911864
-64.615277 72.677760
-73.292062 73.782095
-64.165802 73.672405
-73.539220 70.583325
-68.546495 67.727656
-68.992418 70.586784
-61.966916 69.383978
-72.170181 57.891224
-67.901706 55.370130
-68.855638 56.205454
-66.532896 61.036815
-74.090001 46.074903
-67.678812 35.866217
-63.956438 44.738977
-77.826230 39.194660
-70.430120 46.840131
-68.962244 34.297929
-69.519822 33.896380
-70.272188 30.880567
-70.848591 35.118525
-72.381581 26.172224
-69.626169 28.288811
-69.728735 22.782857
-76.205448 19.161334
-75.773749 -36.161840
-76.145859 -37.153223
-79.622040 -37.226432
-76.141475 -31.073297
-76.720323 -36.049243
-76.339967 -31.573511
-79.107182 -39.185608
-75.067534 -35.096542
-99.124579 -27.192959
-98.167916 -29.105156
-93.450395 -15.475397
-103.249449 -22.982340
-103.358478 -24.965381
-108.975016 -17.985736
-104.965534 -22.414705
-99.515105 -29.700353
-113.787281 -17.167735
-114.940361 -16.923796
-115.532303 -16.550525
-115.772307 -15.964466
-118.804453 -14.017842
-118.503926 -13.939992
-127.485384 -7.611763
-115.510977 -16.622719
-124.689214 -8.653823
-133.155903 5.668866
-131.702830 2.834926
-128.916287 -4.295828
-136.496548 11.435192
-128.215761 -3.912059
-134.256217 7.440817
-132.423960 4.123092
-132.032409 13.385580
-140.987562 20.482599
-138.052309 15.980994
-144.932923 26.760779
-148.364417 28.441289
-132.460964 32.173915
-139.418093 31.643769
-135.559781 28.452295
-143.209176 34.305046
-143.852365 32.469120
-145.843301 30.016139
-141.533786 39.372213
-139.893449 43.923468
-139.201534 49.002228
-139.770472 45.541270
-141.846536 36.829695
-133.405940 54.557752
-130.364984 58.153307
-132.096067 56.017679
-136.566264 51.526246
-129.896548 58.609428
-129.079039 59.576078
-125.953276 63.951414
-128.121893 58.991810
-121.733536 70.220216
-114.744391 79.373462
-119.194102 73.997277
-123.213778 67.933265
-114.295186 82.748583
-110.316279 86.034797
-113.095799 83.397395
-113.529942 83.189143
-108.462807 87.827501
-98.854401 96.776628
-102.648128 91.721702
-103.144734 92.314918
-97.092337 91.051058
-86.217335 98.158824
-97.515340 100.566619
-99.522309 99.792473
-87.451940 103.554183
-89.567219 103.847653
-85.446109 102.217842
-83.613680 104.992175
-73.324962 107.194061
-66.886657 109.443200
-75.544480 106.783863
-66.229448 109.725991
-64.550125 113.132298
-65.671061 107.546353
-63.344286 115.729041
-62.105914 117.547074
-54.242791 125.514770
-52.869367 127.339944
-51.525825 127.328464
-52.953723 126.978344
-45.757503 136.076922
-47.906276 133.248576
-40.458733 141.362713
-43.192459 139.271419
-34.251701 147.426561
-42.092696 140.394400
-43.188569 139.403269
-37.347623 144.815053
-26.848073 154.974911
-32.446329 149.514136
-31.936968 150.205379
-33.857638 148.289438
-22.622348 157.764592
-27.339186 154.492207
-21.577318 158.670409
-26.888102 155.035703
-11.246687 166.880572
-11.350156 166.816286
-10.238263 167.187727
-12.757436 165.742600
-4.072393 169.395224
-4.547772 167.776510
-2.082957 170.031119
-3.938548 169.529411
7.723760 173.044810
7.529809 173.008750
12.810222 174.012597
6.841977 172.434562
23.232767 174.876621
22.825208 174.714161
17.280735 174.373437
20.480847 174.949340
40.466822 174.587075
38.492316 174.829967
32.473730 174.964838
25.934000 175.083682
52.650820 173.699070
43.922888 174.245721
41.242753 174.259886
46.983377 174.439415
51.967173 174.583152
58.807161 170.520909
60.301135 167.898747
51.414162 175.004386
65.690197 163.027677
72.316118 157.793693
58.304783 169.961632
66.219588 163.109622
-76.242405 -41.911021
-67.383624 -44.766794
-71.998704 -50.710379
-74.715587 -44.344684
-70.162568 -54.876600
-68.508504 -58.853469
-69.431880 -56.766851
-70.164007 -55.124988
-61.837495 -75.600707
-60.876182 -76.771944
-63.751363 -66.844497
-67.979148 -60.531726
-62.105261 -75.665076
-56.412382 -84.424778
-60.203461 -79.427471
-63.398329 -74.420304
-56.077675 -91.502470
-52.605140 -87.011755
-55.051456 -92.538720
-55.450227 -88.295793
-40.689463 -88.359045
-48.894464 -90.440291
-44.995872 -89.201582
-45.510025 -89.818873
-26.074175 -92.815544
-31.656919 -91.781015
-41.479637 -90.098215
-36.629080 -91.274244
-19.215343 -93.979574
-18.196153 -94.107923
-23.682560 -93.439773
-20.967767 -93.843500
-11.737798 -94.202539
4.640700 -94.183444
-8.274819 -94.365313
-9.853377 -94.456923
-5.792424 -94.224316
8.376688 -94.040452
1.229743 -94.386105
10.958725 -93.200680
10.135251 -93.559937
8.391055 -94.018045
12.264419 -93.777753
19.740415 -93.530580
28.955276 -93.240481
31.860286 -93.120697
26.780950 -93.470186
21.719344 -93.441638
46.800335 -89.907836
48.038388 -91.524811
48.057903 -90.247791
56.542915 -91.061812
54.206623 -90.790836
58.743635 -91.145196
48.909598 -88.640407
53.087297 -91.267850
54.881520 -90.946591
70.806005 -89.145474
54.419878 -90.357999
61.960580 -90.480772
77.935049 -88.477044
77.046983 -87.969574
74.842226 -86.643268
77.455691 -88.191509
96.742458 -86.403491
96.698829 -86.408739
88.808997 -87.042655
98.138869 -86.305651
100.877110 -85.315131
108.566769 -83.339042
101.545074 -84.099481
105.020036 -84.492674
120.571560 -80.011630
119.515940 -84.452714
120.529687 -82.376949
120.299344 -83.013550
123.452175 -76.192378
133.658617 -66.152875
134.595197 -65.738647
125.959843 -70.525801
134.959665 -64.648646
135.892247 -64.617887
136.738661 -63.188188
136.301868 -63.320961
144.323879 -53.828643
143.980724 -54.078384
139.553184 -57.661928
143.090147 -54.372711
137.595233 -43.018787
143.803658 -54.026704
142.536538 -55.144225
144.651852 -41.454574
139.515119 -31.325155
142.291162 -30.237884
139.961779 -30.789440
139.518973 -30.499100
142.348175 -21.698235
142.828821 -30.135522
140.133689 -14.235376
140.835998 -18.391524
143.064445 -7.973567
141.080727 -1.897029
139.627981 -13.219154
140.452000 -6.946395
129.126372 0.169031
146.960991 3.083618
143.705206 1.467296
128.621273 0.471016
135.409983 14.360204
141.904427 5.211864
134.507983 11.846305
130.995015 24.947440
131.854303 23.871027
127.945294 31.906362
133.672824 20.527939
122.474135 32.752749
127.539086 40.915579
124.410552 52.073557
123.357047 55.335037
126.642990 46.274000
124.179121 53.899623
125.036357 57.995128
124.024591 58.936922
124.393238 54.842106
117.476341 75.763412
120.646551 66.684830
119.609528 69.033223
116.630149 78.625562
112.736418 87.998813
114.168571 85.612847
113.937163 86.681948
113.496328 87.887622
108.359341 101.179376
112.680355 90.181051
105.884827 107.465900
106.085353 106.899138
104.755949 109.309537
100.042824 117.857453
102.310046 114.642520
105.377005 108.294810
100.736219 117.059949
103.629687 112.355327
101.740094 115.688121
95.908622 126.109978
94.172375 128.963829
85.329065 139.160744
93.720800 129.762810
99.668260 119.557670
89.211102 136.585185
89.246499 136.857404
91.293152 133.903586
86.056953 140.940764
74.544579 155.342112
84.434880 142.960915
77.573833 151.953637
80.572964 148.134438
72.512553 157.769286
70.833111 159.018442
75.705739 154.323135
78.801179 150.645695
