30.499902 147.632948
29.710000 147.350000
34.640441 57.128797
30.230000 55.830000
31.248802 70.596340
30.320000 73.960000
29.254252 90.652924
30.410000 93.030000
32.924055 131.118466
30.500000 129.040000
30.159829 14.474161
31.500000 19.040000
29.831455 36.712370
31.250000 37.080000
96.782545 142.158931
91.500000 142.620000
94.676233 128.276070
92.350000 124.600000
93.056020 56.745512
93.500000 53.280000
92.917928 70.868756
93.230000 71.020000
96.823385 91.686734
93.250000 90.100000
89.921920 103.000594
93.500000 106.660000
90.356515 15.168754
94.500000 17.260000
97.658561 33.342881
93.590000 35.010000
152.252977 90.223864
152.410000 91.390000
151.091366 108.018961
152.500000 109.030000
148.987992 131.688384
152.250000 126.590000
149.942728 14.892679
153.500000 17.920000
150.785066 39.275176
153.250000 36.350000
152.089341 50.944120
153.400000 54.980000
151.317800 74.420368
153.320000 72.200000
207.168709 56.667293
207.500000 56.540000
207.792725 73.018444
207.410000 74.190000
203.551378 93.362545
207.250000 94.360000
210.762468 15.060752
208.000000 19.890000
207.857121 37.951317
207.860000 37.960000
207.035860 113.543739
207.020000 113.450000
30.073978 113.829959
29.820000 110.360000
29.654669 166.320281
29.820000 165.200000
