3.897116 60.749451
-14.279691 82.702956
8.634175 153.144533
36.366623 74.021340
32.890912 169.473543
52.683336 105.688998
75.598777 17.602103
30.139696 188.444957
51.126513 98.772477
69.229539 3.403529
86.518974 202.351506
52.002886 86.467532
65.132302 240.044051
76.987707 186.568205
118.373288 212.929455
86.751060 62.710461
86.641058 247.478494
110.687580 96.285332
94.667462 209.058425
110.894113 113.300109
114.465196 23.053781
97.848060 305.194300
89.074437 209.634132
116.160085 12.851756
93.441749 302.706604
124.785493 207.524697
152.515610 54.275496
105.011559 313.380187
112.407861 231.609869
132.448675 39.838657
172.757829 337.343437
159.658739 215.432275
162.656438 56.370061
167.542064 362.202880
189.778310 253.230050
167.524815 86.077510
210.363175 205.272741
215.292023 311.085677
233.347454 51.438989
204.483241 374.618414
261.112072 406.162533
192.596517 64.027722
283.162418 442.319962
213.761326 988.301033
253.111479 33.976843
264.625849 947.256770
251.964181 993.029763
242.917176 459.822268
230.726477 60.146830
296.158300 456.256196
280.177159 909.741913
301.977504 1036.622633
268.987590 211.094664
277.842781 160.630293
287.812581 248.238614
257.849586 132.218096
255.573239 1222.956418
297.400696 22.399140
302.871608 237.459078
327.829346 516.986599
270.429932 116.854438
350.630861 917.039828
312.691944 1064.821345
313.009502 1217.346487
317.104410 1257.961981
287.656084 265.609304
299.055256 532.072165
275.337074 102.076519
353.350637 62.834916
295.481553 911.508475
295.612667 1046.325910
301.418342 1173.027484
306.541959 1260.033255
305.093444 168.154193
306.198516 555.284665
297.579472 219.384512
335.164887 229.080205
318.712866 310.267846
306.416904 74.397182
300.661030 7.540157
289.772631 230.556266
338.395463 146.620710
302.455009 603.216479
332.762464 919.472463
357.331915 1008.144926
338.900350 1136.291321
349.385884 1273.710055
394.945421 320.731260
361.106596 94.541937
349.466291 248.252791
381.883123 611.435256
323.760444 31.695693
363.817936 150.928019
335.288347 241.804002
367.786767 909.854940
377.258031 1006.508338
360.282913 1138.642816
318.922585 1367.320062
340.184166 629.012758
350.569280 201.995313
326.198868 233.865421
366.990635 200.051353
349.659000 83.505224
368.496480 20.204925
364.181084 874.244019
385.299406 655.095924
382.294878 1023.859585
394.327709 1178.084678
403.561576 1303.390571
410.005958 247.368175
381.890814 114.715045
349.841408 828.273228
381.173339 674.586961
407.388653 25.312946
380.170328 798.111013
366.431845 219.148105
396.135477 114.401550
384.080051 678.139268
390.534794 758.010885
385.215509 1015.197182
407.533910 1143.694027
372.291472 1311.716356
417.743589 159.112688
413.759249 182.708984
387.208471 194.647501
429.203947 728.016454
402.199471 218.041985
373.173370 688.121204
429.478957 13.755957
439.688195 748.663107
404.773161 1047.861432
393.873132 1153.856395
449.358936 1262.792031
415.519583 716.047051
409.467165 30.017934
399.008115 744.358969
485.723031 104.511890
446.411565 1001.469479
425.764691 1122.337574
484.756682 1322.147477
441.348970 786.261197
401.922093 54.236010
444.332374 808.821314
439.745685 956.068150
421.417354 1094.994713
453.868250 1318.268576
441.031397 820.268041
476.796233 864.882850
453.811515 30.402454
452.775015 917.454841
468.169385 1084.244229
501.809513 930.160614
450.839594 947.280168
466.872867 1267.354935
463.892006 1047.604895
498.542089 969.874830
446.369464 990.217660
482.928262 1023.110697
507.227745 26.623472
490.127241 175.818714
499.559820 1260.263248
491.575956 32.267862
466.933698 221.973656
505.445455 1272.894910
506.423517 41.618351
530.566820 1260.985607
548.040547 131.211851
521.249637 44.453739
547.459155 133.563669
556.319942 172.458438
587.808476 1230.652446
510.080857 134.550966
563.837278 50.112966
518.276870 77.958819
573.478657 53.764642
536.409280 150.349134
546.783387 1252.326842
593.294264 190.788392
599.099588 1198.663858
605.795987 196.175410
619.022359 1185.861446
617.142051 192.210178
610.517758 1202.062526
642.006282 160.236481
640.640773 1182.526626
661.185341 206.907656
641.817911 1139.566083
703.200006 200.623511
699.974343 1124.930369
702.877065 238.143019
664.976056 1148.137920
692.387151 192.647466
699.605316 1111.808917
688.798304 188.729808
695.964895 1052.283177
736.128764 191.571366
756.029835 1056.739149
753.284279 1041.906081
739.761319 213.331444
726.570452 1033.851128
782.972162 986.473762
764.616930 240.579473
760.231933 943.558152
717.867150 938.960532
801.875644 950.456503
851.513212 914.801214
806.356112 294.463605
780.506040 865.870299
801.790383 843.428468
791.008291 818.461685
839.476740 815.106418
788.176462 757.127876
791.314987 269.166784
802.304769 738.324445
834.507984 708.558191
807.658702 688.835368
819.992402 818.429118
886.670021 257.142677
837.124283 844.970017
842.282623 228.485961
873.151184 823.843758
886.690485 247.070916
889.688790 808.420972
898.184922 259.171156
884.904355 793.719445
881.711604 208.727194
913.209490 843.408967
912.715341 225.786693
939.845620 829.329878
927.132524 233.203274
976.118062 830.251481
972.237055 220.282661
984.633589 830.608155
982.577267 1012.556039
922.451830 213.500507
1019.900046 1044.012050
1042.320932 829.198833
986.632485 979.229392
980.603927 166.462453
1004.669104 1043.197504
1007.611398 841.097770
1073.629362 969.941492
1029.129894 164.083961
1011.419131 868.642799
1042.171192 1083.834036
1040.889863 860.650883
1068.300099 778.505009
1061.830675 961.462342
1034.206732 153.186245
1036.244315 1061.066690
1090.337162 866.464569
1067.441613 784.374358
1054.849821 898.692407
1046.502727 1166.130639
1043.805521 878.226130
1056.627235 160.699251
1091.514450 1101.294143
1063.665458 1180.648332
1075.051837 1241.567377
1064.975080 756.328465
1110.355879 750.966213
1022.087007 699.170967
1078.861824 123.222430
1096.927218 687.074429
1094.164000 828.030090
1042.763997 1050.887029
1124.264167 1152.374007
1118.962997 665.093763
1098.121543 1260.701659
1103.356271 643.312895
1107.196100 593.270955
1092.902718 141.648759
1162.146285 821.447962
1110.856907 1075.072109
1099.950377 1140.649556
1101.623216 575.293239
1095.274300 1248.480921
1107.044412 505.803833
1093.229474 530.344134
1109.845457 865.912516
1123.519171 122.099710
1119.976503 1030.765589
1136.353145 1107.409232
1110.206455 1253.539954
1148.158449 880.032590
1132.039390 91.292120
1130.891647 1026.715920
1126.528184 1108.152034
1159.510004 1290.950611
1124.366984 934.344481
1175.901847 89.736453
1214.794701 1018.447260
1145.781796 1077.212809
1157.341840 1270.275038
1171.279144 930.849596
1137.599424 993.156267
1202.533542 121.484397
1203.596734 1063.968041
1172.302778 920.989394
1140.865871 1268.824468
1177.250755 956.787334
1175.964860 945.664201
1223.408858 112.562423
1170.458087 1034.624135
1208.329257 970.165993
1181.449981 1273.940412
1200.479290 1003.206545
1210.668435 1022.893797
1193.865772 129.446537
1224.187817 982.798407
1247.846434 975.821340
1238.739472 1267.657300
1236.297803 131.254730
1235.832378 1268.767629
1301.422898 94.255352
1242.641834 1247.952494
1284.622883 79.441095
1268.416295 1196.422800
1297.462959 172.084645
1303.387552 1211.761415
1306.715943 132.771627
1310.781620 1158.307148
1314.458540 129.984254
1329.425197 1187.630087
1345.505223 176.636452
1390.995105 1115.634208
1377.448050 173.170214
1349.478994 1116.692402
1366.556590 196.128987
1449.852745 1123.969661
1376.604234 861.032136
1370.457611 856.785172
1383.026403 785.491880
1383.952275 1075.392946
1379.880457 875.351774
1387.077532 204.414852
1387.982627 768.871375
1413.690224 894.768885
1421.815639 722.025565
1408.366424 944.785063
1435.875405 1068.274642
1427.292447 974.985175
1386.518239 1077.619196
1399.183297 691.095312
1409.461240 973.636078
1441.809567 1026.490442
1420.224348 246.982182
1417.871706 636.088931
1374.126947 653.023843
1434.578485 258.912057
1454.027799 647.815211
1412.069066 308.527083
1438.522223 599.486191
1417.940092 324.583715
1462.654931 589.732403
1478.160070 345.520673
1460.553719 570.164978
1442.987663 368.622661
1458.980941 531.205295
1494.345054 402.052164
1445.723139 532.061483
1462.828805 417.004408
1478.151074 465.387392
1466.470278 456.787172
1492.170780 443.715790
