1.744515 79.195889
-0.740447 105.266593
33.831266 122.414842
29.011533 37.207911
36.736373 138.064347
43.547068 109.446951
45.503352 39.319939
48.945705 173.175377
54.776592 119.475975
45.626509 27.866856
61.600332 168.577731
70.547655 93.444485
68.102581 224.521437
69.263486 202.813188
88.937572 191.851284
65.177477 30.843285
88.356013 261.877035
95.815138 89.420821
96.419064 194.948107
88.991173 62.665765
99.958265 35.715884
92.548029 285.898972
106.508215 207.256128
107.722464 26.588505
120.021700 284.745160
130.701664 221.442978
150.423830 32.238769
143.555080 304.213151
147.943091 224.577247
142.391736 43.709623
158.535917 323.582060
153.966500 243.346351
169.571332 45.700626
184.573572 351.348564
174.587970 252.481394
194.884873 54.150234
194.993040 248.363546
185.463408 351.267305
218.513666 60.786635
219.766010 384.722066
219.745765 413.757842
229.789282 46.138588
241.377968 430.970192
251.389165 979.444645
257.987233 33.868890
251.681033 946.682352
262.119159 1030.117735
275.156820 457.395772
270.919541 49.510241
280.274570 482.440414
275.257206 925.992327
288.612302 1031.563532
268.720035 194.842103
268.193301 165.213308
284.163988 225.153517
274.836378 127.826166
283.973792 1237.506780
282.317410 35.967099
297.250000 256.505555
271.386144 514.899467
289.415313 115.197340
291.554052 906.633872
295.730575 1046.690587
298.163957 1189.040351
289.716362 1259.541320
312.904656 276.996261
302.067515 520.088504
292.782461 99.468348
315.216824 26.609135
318.991132 917.811266
319.202868 1046.862352
314.373224 1178.595790
313.172736 1295.092278
313.941492 188.283145
322.470600 540.394628
325.804099 170.207558
312.133920 213.136751
301.727589 294.304099
317.660034 88.418658
332.794115 17.261748
320.532391 227.492586
322.930040 158.891969
323.127097 578.704716
336.802187 902.694479
334.226108 1044.165357
333.578716 1161.090983
330.376763 1290.033238
325.998693 301.340237
333.804222 74.368741
345.061099 230.173203
338.492653 600.595228
345.228814 5.367577
334.511831 155.259605
346.360975 218.256901
355.372876 897.545815
359.861853 1026.876018
342.959983 1160.089965
355.325911 1310.739220
366.515051 619.753976
359.348433 207.850984
368.536452 281.395677
364.541340 180.555880
353.090187 94.713938
361.223129 23.074876
368.917709 864.554043
366.708032 651.857605
353.295865 1018.604698
361.252536 1142.030616
371.746813 1300.553330
362.732244 270.483891
363.971323 111.877465
384.502543 829.076454
390.291611 683.184868
384.629328 20.341306
378.051736 794.663007
388.716008 250.993071
383.878277 142.400804
384.856235 693.189473
403.213423 765.148715
393.221425 1007.171254
390.939499 1131.910366
395.158630 1299.021183
397.445019 157.328079
398.792207 217.316563
393.636388 180.757611
398.692039 747.313717
389.634147 196.476043
377.280187 703.419679
400.439046 38.496556
404.127325 721.239521
407.232380 1000.798696
407.244136 1134.282402
396.834918 1294.672735
425.217679 746.741053
407.249828 49.564093
423.973637 771.707031
438.931875 74.432665
428.889833 989.304677
419.326600 1124.200623
435.792649 1289.729625
437.556620 802.601708
435.210334 59.395143
428.777092 834.899722
442.498371 976.606480
456.311184 1104.381239
457.032144 1278.070782
458.535781 849.109077
468.254990 877.648016
474.342055 23.953954
457.519180 902.221529
451.908162 1087.653718
459.973230 922.032705
467.267928 961.201103
459.031925 1279.238158
463.735013 1049.900990
465.344497 980.943672
475.032147 1019.853128
471.371520 1001.909662
483.430928 20.908703
494.005601 174.986181
486.819301 1265.813698
499.959997 14.943329
499.978888 180.342750
484.945063 1251.135583
520.498618 35.183369
521.940874 1239.881599
522.722619 150.043801
532.091639 40.900299
535.263785 138.088244
561.109460 161.977899
541.761698 1237.476914
543.303696 117.717294
554.217671 60.361092
549.331976 88.374564
566.817032 63.338548
550.806133 160.436477
563.452635 1229.868405
561.490589 180.721526
570.416453 1201.576655
602.894309 182.158790
604.885135 1201.848001
605.653640 177.239692
614.811660 1194.055148
643.563226 182.159208
637.653600 1176.106361
652.142852 192.055242
656.727949 1173.674811
675.372268 183.278433
683.345018 1159.964448
680.890274 201.118937
686.361455 1138.331667
692.286380 198.294398
705.561972 1111.903877
733.210717 216.440881
727.366172 1091.181137
731.076094 222.450350
742.949455 1066.687407
762.325233 1048.703711
763.989922 222.080524
768.325406 1019.484316
782.494284 996.275528
786.613064 242.368839
778.497656 965.814372
788.223679 939.307328
802.266027 929.325344
797.758956 894.408446
790.504031 261.176515
801.223897 872.169488
810.513437 840.349141
815.247278 825.157841
799.256547 802.249947
810.269685 767.350038
809.578980 265.082390
825.497055 740.167218
809.989271 699.233269
822.330738 671.951464
841.819598 799.408119
850.848925 261.012646
855.663092 810.796556
867.961822 260.627538
877.329205 818.473973
879.134728 248.189358
890.132831 811.887702
899.452980 239.736813
896.796077 819.240350
915.264306 251.292231
912.763292 815.486951
940.490403 229.348646
936.553013 814.336228
947.053929 221.076774
958.073697 823.098194
983.840055 210.957168
980.473858 814.773692
991.469403 1008.074629
996.705688 194.085599
980.949395 1037.205674
1011.715489 801.623864
1009.684167 966.260158
1005.221379 189.606208
1002.903705 1051.075932
1028.990844 803.987999
1021.349620 962.904613
1018.055773 185.246995
1010.447943 845.762471
1033.547448 1062.165168
1022.505334 868.599705
1035.839682 797.572147
1039.665889 933.287140
1057.240801 170.954373
1044.164755 1066.978607
1051.264548 887.023486
1061.651865 788.743946
1059.719224 955.726420
1063.516775 1204.112678
1058.181570 919.279634
1058.243826 160.210080
1062.490282 1064.261170
1062.662682 1170.001923
1069.921346 1225.136006
1064.377937 770.850375
1067.703862 749.807463
1070.824220 703.810842
1074.098624 147.110911
1068.767858 673.642432
1080.541925 794.892514
1092.444246 1059.076239
1076.331920 1141.841176
1092.259131 651.516118
1088.243830 1262.997630
1090.205985 632.575865
1097.184034 598.009254
1110.520510 144.978423
1106.816015 837.670702
1099.398223 1052.997096
1112.582488 1116.439092
1096.646641 576.209353
1094.604932 1256.653253
1123.873980 547.006462
1123.954125 541.009550
1109.042291 846.113161
1122.096006 135.886761
1114.155300 1055.137130
1112.596271 1114.736067
1117.456083 1268.786918
1132.805209 885.271379
1135.792657 122.690367
1131.080985 1036.833380
1139.450929 1121.196012
1149.332247 1272.351432
1150.781640 890.906559
1154.251234 122.588361
1160.106242 1016.661588
1153.444355 1092.757890
1159.849410 1274.737830
1171.035736 911.804972
1155.508054 980.198183
1178.251216 117.420414
1175.382459 1083.397779
1178.663244 922.699009
1196.699370 1264.497443
1185.528542 962.620961
1183.310600 947.774698
1210.263293 113.106127
1196.947765 1060.031995
1202.814839 951.795926
1196.289632 1263.287882
1207.640708 979.794505
1208.785544 1025.467345
1220.553220 113.476383
1217.906743 987.166949
1218.155945 1007.747715
1211.087209 1264.158140
1230.236176 121.976796
1232.359674 1243.199409
1248.857158 117.072310
1255.095844 1244.483533
1266.598207 123.585791
1261.167765 1224.384450
1283.502323 120.822655
1282.996140 1209.506276
1308.143174 138.552644
1309.409279 1198.144733
1329.581908 137.746102
1343.166424 1173.698515
1356.618888 155.916705
1356.519543 1169.121817
1365.425719 179.923201
1370.996953 1127.980953
1379.861830 199.525574
1392.013601 1113.400727
1394.013424 810.340559
1398.599724 859.160458
1407.341632 793.211039
1390.702668 1086.977511
1396.228277 876.583396
1402.818067 214.934737
1391.380405 749.131980
1405.097807 918.999313
1411.200244 726.723104
1405.183572 936.277726
1408.717321 1064.909671
1408.788693 952.969402
1421.349367 1040.521396
1419.516877 708.447132
1404.232309 986.810192
1423.176226 1013.029285
1414.096487 239.855829
1414.432930 685.367739
1424.335643 658.821977
1425.118701 264.537083
1429.297308 644.974341
1433.408446 297.315206
1430.707262 617.977025
1449.349089 320.666857
1448.105457 597.951543
1462.740000 345.014099
1466.660611 561.272743
1466.272349 364.868229
1467.237082 535.575405
1470.771473 384.136146
1471.002586 523.812118
1477.270647 420.291858
1472.267522 489.906075
1471.190998 448.474419
1464.895932 477.623015
