-72.744750 12.851497
-83.142267 5.070980
-94.111251 4.085078
-103.200777 7.921514
-109.245827 18.109465
-105.755444 28.331051
-101.058176 41.144972
-94.964907 49.387359
-91.582028 53.770601
-83.327735 62.589170
-75.008623 71.324128
-63.225386 71.489137
-62.054357 62.791218
-63.717638 51.571386
-65.543692 39.842392
-69.906708 28.170862
-70.285552 19.200167
-76.953770 -35.321564
-86.114361 -37.319619
-96.491454 -31.741175
-108.976977 -29.656082
-119.907222 -25.449793
-127.331880 -19.213086
-135.245606 -11.365734
-141.460814 1.353342
-140.939072 11.144601
-144.075551 21.581425
-143.828713 36.561698
-136.879001 43.096732
-135.660450 56.871310
-129.886500 66.392986
-126.849894 78.698820
-115.331963 87.738513
-108.047120 96.297018
-96.039409 98.088362
-86.668041 108.658583
-74.778825 114.920026
-64.246498 117.482211
-50.581333 124.831154
-40.272737 134.508873
-34.068653 143.816043
-32.391305 155.826708
-26.558083 167.150174
-15.166435 174.433348
-7.518080 177.165019
6.817570 178.483040
19.490008 178.432756
31.630585 179.637681
48.341927 180.348351
63.134273 179.415445
73.966848 174.176576
-72.380083 -47.017665
-69.586856 -58.285616
-75.356005 -70.564605
-66.248793 -82.080488
-57.965041 -91.654303
-45.883756 -91.817356
-27.270872 -96.490109
-20.048629 -99.732224
-8.447336 -101.289109
5.941395 -99.914515
16.719842 -99.732789
32.738234 -97.914685
43.819313 -101.211681
52.107824 -101.066970
62.648920 -97.615482
79.887946 -92.853178
94.159751 -93.553445
109.962317 -93.524397
121.811115 -86.785125
136.249433 -80.553501
147.032506 -69.550236
148.003981 -55.760970
145.885359 -45.012420
146.024929 -32.074517
141.045131 -23.825779
142.441398 -8.833080
140.140758 5.636388
133.856256 20.030816
133.204697 29.843384
128.956229 47.632703
127.682067 63.063939
120.795198 74.662363
115.383194 88.308080
114.642998 101.517218
105.792385 111.792614
102.832648 123.359243
94.967240 131.937505
92.410166 144.679600
88.292339 154.306646
82.288020 162.467336
