-71.898654 11.109863
-82.068238 5.797699
-93.909284 8.369859
-98.747851 6.757105
-108.193165 15.905531
-109.567494 33.883457
-105.102410 41.695013
-97.445894 49.456834
-91.168812 55.633280
-85.445655 70.593045
-72.549103 75.488325
-60.866150 70.201554
-63.496192 65.320026
-71.458197 53.650773
-69.570457 41.692108
-63.568979 31.480862
-69.703538 20.939726
-73.872518 -40.626927
-83.815206 -39.788507
-100.876590 -28.162893
-111.520586 -29.047659
-122.590813 -28.202976
-128.381291 -16.824894
-139.525207 -6.544847
-138.268729 0.458965
-139.267560 11.190433
-146.505662 21.230798
-140.175721 37.681939
-140.526510 52.511238
-134.013023 58.545616
-130.108490 70.538848
-121.760358 82.034417
-114.287339 91.789313
-108.185521 88.691240
-94.565521 100.105170
-84.328013 104.978952
-73.522219 113.658517
-65.806803 113.874774
-48.137587 125.878685
-37.966042 136.121138
-37.413011 146.823382
-33.061573 156.318431
-28.129287 165.735123
-17.397040 172.516045
-4.367210 169.031467
1.048432 177.405502
19.856537 179.717801
38.183212 182.880629
45.591461 185.787256
58.298026 179.663459
69.862818 172.412018
-71.815694 -48.086984
-72.172751 -58.975663
-73.663841 -76.800522
-64.671708 -89.650656
-53.344537 -94.315429
-51.395381 -94.378946
-37.298225 -99.268258
-14.576282 -98.679981
-3.899837 -97.617112
6.894104 -96.967130
18.441012 -101.383222
28.014968 -100.997099
46.864904 -104.019417
55.464195 -96.827280
61.108361 -94.897518
80.255917 -92.740719
96.058682 -97.279008
109.867883 -91.215743
122.196334 -88.229107
140.082897 -82.823924
147.196725 -68.463947
147.325714 -56.014751
145.039610 -45.815817
145.290790 -30.847051
142.842362 -18.810685
139.488048 -14.594537
136.350034 4.713163
137.169322 16.092449
131.705122 38.530435
132.263824 51.533196
131.655200 59.804693
121.764376 71.164982
120.105774 85.201395
107.800249 101.690310
106.889209 113.562969
101.594008 126.725589
98.455821 134.243969
86.680543 146.070630
86.634541 149.784215
82.288428 164.754463
