49.623329 1503.836412
25.899310 1448.717533
51.572032 1513.827395
17.196939 1471.155980
61.127917 1514.836479
102.153465 1437.490352
62.667491 1529.882749
101.389167 1428.766699
80.383208 1495.279723
156.135024 1401.828490
150.767912 1480.475493
95.405539 1390.336523
81.879124 1467.145124
146.606492 1379.880938
136.055543 1331.714045
119.159221 1476.443287
164.103284 1305.491221
126.198493 1307.970557
153.856724 1437.565520
161.963621 1287.728070
188.550681 1285.734543
146.478680 1406.587467
181.968655 1258.668919
188.758808 1214.293855
251.047925 1401.770690
237.818376 1171.342044
184.625584 1136.382883
212.624828 1166.839110
191.243150 1390.092866
251.717573 1125.205070
277.007569 1083.746281
209.963865 1380.576259
223.400445 1344.984343
254.127742 1115.083201
282.804404 1314.560721
252.312345 1291.211651
290.226543 1122.827729
323.493645 1274.209252
244.585304 1245.001874
295.771415 1123.015386
314.391201 1218.601870
364.009216 1198.487199
374.251792 1077.372633
338.003620 1197.304167
362.505420 1108.073200
330.787126 1162.274855
359.750165 1156.545532
371.184613 709.152791
391.172281 745.922100
378.355338 717.982234
342.111869 737.196593
348.838480 773.498430
417.417571 1178.465316
350.040364 648.854145
377.541567 838.555622
409.337235 1027.157216
407.914102 898.807775
416.869813 654.940141
424.964853 1212.268831
378.093002 934.572090
465.836533 710.030511
429.607193 702.457845
449.453626 739.689122
429.990698 1161.223533
403.008942 744.864405
484.484633 1214.642308
465.216506 774.212529
450.427511 766.323786
500.193836 1210.020807
473.166181 768.473005
544.353525 751.762471
559.221990 1194.223032
512.313859 673.644136
539.980408 26.826011
498.718621 75.493682
606.721070 715.765311
572.429296 58.236400
571.405576 100.390569
574.135651 1162.034751
620.537918 710.389535
565.761370 24.959853
599.981789 81.587248
567.485872 1179.210086
609.631208 688.859147
598.698142 30.623215
560.670164 102.902002
644.228990 1119.681461
637.368900 670.521890
647.604055 52.427791
586.089924 157.870733
710.384915 1078.087084
581.485761 687.778700
692.146332 64.509330
698.647227 1071.430429
649.040344 89.427176
687.152818 662.897563
672.991426 1077.016026
656.836036 56.632660
664.099458 109.657398
629.884922 770.549638
707.469982 664.308917
747.926064 57.281088
701.233246 1019.756913
669.336330 117.125812
709.758771 774.405880
717.437528 1020.778689
727.306597 1066.337745
689.563195 646.028640
684.655005 991.742231
779.308417 36.070065
712.339849 104.837236
761.064103 812.163365
718.308645 1084.602964
727.757202 695.034417
802.074403 34.967811
740.271768 919.873803
789.348488 101.220023
744.643399 787.342180
788.559489 874.657395
758.510396 1074.351258
768.367946 957.676128
740.315235 675.950280
729.869615 854.490448
752.870850 30.222907
701.385476 866.516353
778.618099 109.447875
762.481150 794.978582
786.840494 1029.199296
764.099675 931.323908
758.290751 711.327790
739.063590 41.759089
801.080629 97.071084
794.784992 799.353197
792.002777 1042.528929
821.991560 959.522044
811.172547 708.749206
790.369651 12.169855
850.576622 994.234657
786.458754 88.829363
766.348170 800.993316
781.445561 697.341036
850.723060 -13.498285
784.050546 87.068447
832.856966 789.544124
841.459821 932.124642
805.896610 693.788469
826.377945 29.318308
832.239876 90.747390
838.491824 779.136561
885.881497 936.255856
797.117230 716.665028
907.518636 21.238175
876.098459 78.175897
884.226819 798.608010
905.916038 951.231432
866.146568 669.976339
808.511828 32.291601
927.263039 94.215916
841.117544 806.511541
923.833294 975.056953
938.010275 663.109460
899.795995 8.036666
930.189366 120.140035
876.825323 790.202886
879.706980 2.549218
846.742467 641.295467
963.605806 100.204431
927.697001 783.160264
884.400529 991.817970
1003.797320 16.854045
932.916505 107.788623
949.452068 795.688442
955.644275 27.939610
932.489406 584.209928
990.795953 111.028191
990.071498 783.730716
973.936991 982.897970
1002.581116 264.273595
978.679249 223.552261
996.683426 305.372842
951.977477 23.567772
980.128530 157.596538
1021.098992 189.833762
994.902033 156.108487
1024.171822 784.199044
1008.222667 551.250115
1017.994760 33.975133
975.844447 348.405513
1025.493516 792.132343
986.555192 1018.937058
1040.951212 540.841163
1003.343298 35.344270
996.032410 110.215096
989.444230 800.638244
1032.028717 145.672553
966.692917 520.163084
1098.642760 148.493487
1000.632918 417.897753
1108.201769 760.969946
1102.896311 461.437380
1072.901644 972.029698
1064.003868 432.470185
1015.991288 176.695560
1083.727043 738.859724
1123.855560 469.508616
1076.684654 458.742337
1135.030979 16.747352
1133.846144 182.171967
1132.483505 731.618748
1055.014706 85.518513
1088.941777 149.680554
1058.361508 945.481003
1124.585460 137.977577
1124.879819 70.758468
1140.686801 703.138857
1110.830847 673.025878
1078.579318 685.789677
1110.815041 39.771328
1100.063582 626.702044
1139.461512 589.297408
1160.691876 192.352236
1053.115224 585.748505
1121.901137 554.351818
1204.056509 940.515281
1169.747803 528.198577
1192.931800 535.580635
1156.557832 152.739168
1111.943071 27.448317
1160.549649 229.469978
1169.981969 165.114475
1160.764414 44.952478
1210.154320 888.592519
1168.676074 168.947556
1186.263106 41.890650
1132.300103 262.190139
1166.231443 657.395275
1220.160872 155.660527
1196.311708 36.319191
1209.632461 650.324953
1215.028927 880.048410
1234.817648 282.519724
1225.653153 146.538007
1162.158732 24.091970
1239.535111 626.788301
1215.643565 849.154712
1218.204857 147.691458
1328.417523 59.928438
1290.324486 645.735028
1228.999910 313.149657
1262.906129 827.122030
1243.747281 155.621079
1292.658648 77.361741
1333.387207 608.812066
1286.550906 789.649187
1270.583679 353.817275
1247.355060 191.540910
1315.749499 54.949751
1297.863588 622.606151
1315.852959 773.951724
1291.196061 761.527301
1386.493373 169.496122
1344.881795 414.051802
1343.821620 105.999676
1313.906485 599.321633
1347.350964 438.930784
1317.437673 446.677350
1340.151522 751.326596
1320.524019 102.387449
1326.685816 129.827336
1272.118988 451.439679
1336.181796 509.109018
1299.813755 517.607343
1306.717733 581.577314
1348.636744 727.652578
1359.142382 934.467370
1378.303705 526.698935
1320.887135 689.368230
1315.027412 916.944608
1384.024058 605.279381
1339.193165 911.933887
1330.666423 870.868548
1401.679245 961.471085
1354.250113 490.658141
1458.271797 855.171535
1350.303189 663.964770
1434.139499 596.684561
1360.472971 917.764914
1388.356289 503.168283
1348.482425 872.513885
1427.949892 665.596444
1425.931792 582.952564
1420.798317 983.562342
1389.330169 511.671886
1356.933100 860.517729
1403.859306 668.814467
1447.296583 585.241471
1479.917657 962.193216
1356.941716 513.116594
1459.733213 862.773733
1467.210279 660.868410
1425.161309 570.355840
1434.212670 597.680659
1485.899412 807.520340
1427.536945 722.569821
1518.127193 970.802354
1482.628000 760.703670
1450.001763 801.874776
1449.183689 751.145781
1435.477175 783.194590
1495.250482 585.007295
1485.639136 920.877096
1465.635747 614.276254
1482.199708 954.794838
1476.134569 902.157676
1534.963274 643.226195
1541.538301 905.790349
1509.543419 684.846892
1579.431688 831.473280
1460.052871 734.574634
1556.713819 781.361815
1647.675341 764.856982
1624.868497 801.128988
1664.366136 671.159105
1675.732057 834.972482
1616.652558 694.116340
1679.599263 880.566335
1699.476891 605.282669
1676.586837 879.070291
1694.754050 596.333786
1715.630911 896.758517
1673.062300 575.356665
1723.744018 933.000188
1682.438965 605.790719
1675.263287 991.510171
1748.665777 757.834629
1785.516993 790.255006
1707.435172 700.504601
1691.515321 840.163431
1793.318480 720.048609
1761.826960 581.176544
1770.256339 971.139931
1783.947050 702.857870
1738.994202 563.129869
1729.904228 842.855071
1782.373567 538.445544
1801.125914 574.368252
1766.196432 500.076739
1767.698376 960.636187
1846.185314 849.498379
1818.930320 671.569164
1798.495796 592.993513
1811.717104 526.949021
1792.099944 982.580484
1830.301677 871.391307
1851.505381 698.623771
1839.605989 598.348638
1837.704695 508.593969
1807.845509 972.815786
1838.840943 856.163511
1852.744086 723.232657
1882.810243 612.018574
1819.296889 941.841083
1890.326480 500.827300
1883.614783 938.909746
1878.999440 706.571596
1900.770980 923.235715
1910.195532 958.263146
1875.106632 591.703017
1885.403721 509.725162
1889.198052 761.584240
1874.034532 572.692440
1919.623990 566.061134
1884.000719 498.141408
1860.237686 763.396925
1899.411380 164.254185
1838.266918 449.984339
1927.653567 632.003303
1882.426054 102.385756
1848.427011 162.802612
1902.383688 437.195511
1897.593954 775.774479
1962.779173 99.064248
1951.758819 604.411471
1858.935740 822.173533
1937.343816 174.638853
1926.055082 380.845051
1897.239773 853.111559
1932.215078 66.980060
1897.785716 628.177496
1931.964059 150.170568
1893.663488 876.790760
1970.186242 77.738242
1919.807982 328.912172
1975.735192 633.070971
1950.772562 167.118432
1939.938004 39.430240
1967.346931 657.270017
1968.598339 148.902946
1931.551843 903.313493
2041.582182 289.360898
1944.350735 62.592060
1976.180640 650.722646
1962.176107 127.664160
2008.887148 49.704817
2035.232840 654.396202
2040.513771 280.558432
2043.764114 137.174612
2030.496766 913.994658
1997.659540 36.897213
2007.254643 221.440586
2020.054937 164.064715
2013.811168 25.675156
2040.838087 217.339164
2024.712244 177.208249
2056.988288 937.776931
2092.383753 534.634792
2139.205357 573.305552
2073.548388 32.474188
2068.540955 582.287789
2121.953394 583.743507
2056.686418 183.013610
2051.865161 603.728776
2147.616827 640.329211
2120.186679 672.178031
2036.158886 59.602164
2101.978879 694.950608
2105.603070 966.128900
2068.569640 728.249825
2124.546860 128.781466
2107.477544 173.084325
2114.328034 735.594890
2155.828587 103.996241
2106.417272 192.497012
2155.670529 455.042375
2104.810252 747.893071
2160.571606 421.946930
2183.642075 1003.926099
2118.728830 201.310230
2122.234524 490.015785
2160.779434 758.121728
2212.347060 401.661352
2245.811329 523.863118
2196.364047 182.161027
2163.438792 775.953904
2152.396609 410.347411
2153.530995 39.375345
2167.426751 132.155906
2169.644733 123.972623
2190.577274 112.714263
2149.467344 1012.778855
2227.064736 793.351757
2222.208152 30.285317
2228.987359 327.471615
2220.964139 556.860062
2205.548485 769.773631
2240.917664 21.792763
2244.087556 292.668756
2272.149505 1003.729459
2207.756902 224.224463
2262.787903 262.263942
2239.731736 779.743659
2248.570231 211.229268
2169.608433 131.362538
2237.391463 41.857971
2310.832806 609.185803
2238.373862 102.883202
2247.237932 788.597149
2220.075345 14.557673
2234.585622 112.253551
2272.090895 1013.935975
2266.612756 793.033412
2333.201311 642.440694
2286.136100 40.697793
2292.266542 82.134640
2268.574840 800.542267
2304.576678 648.163365
2273.059705 19.473521
2288.995912 86.355406
2306.224004 694.770655
2322.986452 953.605420
2289.095891 803.627624
2344.058188 9.651117
2375.521292 709.654317
2286.928782 109.368072
2314.955013 950.843242
2340.235268 799.584133
2355.333240 8.833672
2418.678617 728.803601
2366.849466 105.904209
2339.387998 967.999432
2352.542921 797.693255
2361.841397 34.664711
2404.064080 723.405286
2377.769390 89.596906
2404.797440 969.407519
2381.773475 827.004917
2391.079429 10.902506
2400.037275 742.841075
2409.443550 122.061617
2407.344776 966.644841
2414.056548 800.303156
2390.933619 0.005045
2385.814398 984.762407
2384.319748 1033.116880
2462.033858 705.937883
2380.905400 89.638636
2393.022877 951.555563
2481.386283 802.521637
2415.147466 1032.032616
2463.911626 41.004246
2387.714603 702.046844
2412.170743 119.313168
2458.599953 1037.487987
2397.459547 980.254317
2480.025408 767.684768
2445.345471 5.616736
2464.655880 683.668324
2496.557562 86.580864
2488.798399 1050.488217
2418.393061 948.172370
2414.989630 853.870232
2433.617690 780.348487
2494.387038 43.322982
2485.342544 883.182630
2471.706263 698.852491
2483.948713 112.748813
2495.489807 1052.822134
2518.632576 923.675372
2420.117558 951.959842
2525.301188 812.429419
2483.910898 923.053058
2549.274958 41.669550
2481.877558 690.370645
2528.610342 109.476559
2509.110584 1061.615915
2530.489352 947.800695
2500.970111 782.740872
2491.644999 1002.821126
2489.534767 48.211170
2560.304562 652.604296
2521.727431 102.748073
2521.686242 1071.733202
2535.835824 1019.313515
2478.410000 796.318681
2525.076343 1048.162479
2532.066135 56.756233
2549.001590 678.256685
2527.960512 123.238829
2557.631048 1084.699379
2536.362254 1060.419238
2573.019774 60.247085
2643.385079 694.191000
2557.376562 120.136010
2573.936679 1120.120852
2575.888893 60.016788
2603.908928 689.465885
2552.882016 95.437181
2557.738122 1148.689535
2505.624717 28.514769
2610.922463 699.373301
2674.087755 108.617721
2657.157381 37.113824
2635.891811 707.508941
2722.760498 71.524332
2650.816631 1135.743082
2640.717225 -0.991857
2613.338293 725.571844
2647.814316 90.598577
2651.233130 38.470914
2693.981311 790.620617
2628.512286 52.042062
2615.152568 1200.920501
2632.234652 760.320488
2711.569463 782.118889
2697.455120 1202.749420
2739.391677 775.674556
2765.944832 767.206016
2719.179614 1202.768065
2736.122019 777.386128
2805.164668 1217.669820
2801.323456 629.535033
2795.584728 743.977755
2767.407256 705.607127
2823.133724 737.089776
2825.471935 1215.598538
2739.656757 683.925679
2827.619728 979.147486
2842.867456 892.948226
2827.974261 996.167460
2808.645926 701.169422
2849.489702 1196.322957
2844.465439 820.381875
2835.371040 795.233869
2810.449780 693.791042
2777.002952 780.628627
2832.906784 1200.103087
2828.636447 746.970475
2854.805794 690.466375
2851.361569 714.726388
2875.588064 1106.648044
2877.158771 1188.671272
2899.429075 1091.840048
2946.151374 1223.509137
2889.067253 1106.049078
2984.827985 1209.113849
2897.828625 1248.594708
2958.177297 1129.449383
2868.452231 1276.461803
2952.237003 1289.295368
2969.658770 1139.464531
2949.473604 1290.133797
2963.790282 1309.031295
2900.199601 1097.785152
2948.954404 1311.806601
3009.963760 1120.424509
2972.202931 1361.199004
2953.212614 1386.308556
2988.162834 1139.609648
2993.806932 1165.039701
3019.331954 1202.783793
2976.679395 1426.199014
2983.447364 1201.548131
3017.646071 1213.835617
2956.639146 1410.219278
3040.037168 1255.010307
3045.783447 1293.645463
3027.359298 1428.614607
3027.899535 1323.110569
3049.357679 1303.558569
2999.281767 1471.276717
3049.864500 1326.778202
3056.300247 1365.972282
3069.689115 1506.694811
3182.773015 1375.197906
3091.923502 1418.671319
3072.532309 1500.624207
3128.313750 1428.316439
3128.496719 1497.303513
3146.899105 1448.689637
3131.366756 1509.269685
3148.039261 1456.844298
3136.048779 1505.442457
3178.424696 1451.185185
3177.425967 1502.149739
3222.327202 1474.152448
3207.644962 1500.926110
522.476945 53.476393
575.181703 49.695998
2627.116291 77.174650
2569.424664 1099.066654
659.922772 941.409057
647.537481 1018.912704
2756.781112 840.468665
1043.333315 110.842336
1051.222091 68.383934
1000.505179 75.255089
1080.134121 68.750201
1098.970475 48.777879
1071.870637 93.616741
1061.175940 98.747699
2136.662598 57.667065
2109.021856 99.756827
2168.040768 79.777153
2169.234324 56.096461
2116.638264 100.035315
2155.583104 78.836467
2080.998881 51.983713
2134.719495 62.364734
2226.736068 53.534559
2112.052293 20.789738
2152.910550 2.551055
1060.971480 24.895146
1050.682652 25.370868
1087.106134 68.351148
1356.493146 597.330998
1305.211974 600.217615
1328.359768 532.920099
877.828862 961.149942
777.246726 954.373975
861.551810 962.647437
1221.250500 167.615389
2223.466121 170.916355
2201.298399 191.751954
