-128.059200 -395.024025
-130.176346 -390.225466
-125.912030 -386.324515
-120.942864 -378.016751
-105.101531 -385.569655
-108.096076 -382.215978
-110.857457 -391.299733
-106.206429 -387.558152
-93.235428 -385.244306
-90.347298 -392.845183
-93.404005 -388.152292
-94.325141 -385.711222
-78.198634 -385.184577
-86.584726 -384.709991
-76.455030 -390.149452
-76.882072 -387.006597
-66.163062 -386.040290
-61.966455 -387.811664
-68.602138 -386.796570
-60.355479 -390.777573
-41.851004 -385.993991
-49.684085 -383.546537
-44.737183 -379.630464
-43.585988 -384.903070
-32.490866 -384.117214
-34.884393 -385.232486
-35.010697 -386.067630
-34.171582 -388.023321
-128.417320 -372.163705
-131.181860 -377.382611
-130.904859 -378.405912
-125.218977 -373.877896
-128.730377 -358.910560
-131.181327 -361.884841
-126.086098 -359.354317
-121.746719 -362.774070
-129.299094 -341.744064
-131.878568 -349.022376
-123.585055 -341.215285
-132.243391 -351.592555
-127.564954 -338.915671
-121.903428 -326.687034
-129.792924 -331.992699
-130.183904 -330.841505
-131.576676 -316.392960
-128.754891 -312.923468
-131.075245 -308.594594
-132.875756 -310.336017
-129.549923 -297.707836
-128.230330 -295.493701
-129.744202 -297.789075
-131.679409 -304.888381
-142.335109 -292.473077
-139.075428 -294.497781
-142.617252 -296.538442
-148.854826 -289.266036
-156.691392 -283.557902
-161.561685 -286.747968
-147.957177 -284.999516
-156.618465 -290.981890
-180.467168 -276.182382
-174.757225 -263.922061
-179.070815 -272.838201
-173.067299 -271.070556
-183.028503 -258.245992
-185.031563 -256.550433
-184.065547 -263.638486
-188.468161 -262.571790
-206.932542 -255.254889
-196.057520 -257.127943
-209.468003 -254.058398
-200.580233 -257.960596
-205.231018 -250.696593
-212.582441 -239.590411
-212.026495 -255.030066
-210.575669 -247.495824
-224.770515 -231.799301
-235.833527 -238.890982
-220.184539 -234.403392
-226.747136 -233.718370
-242.960323 -225.718497
-240.358328 -214.391995
-249.561992 -222.285026
-237.441290 -223.063241
-257.931297 -212.158383
-246.163909 -214.144405
-249.105369 -208.644550
-249.536100 -214.705149
-267.844618 -208.571075
-272.621630 -200.408826
-271.003708 -204.047373
-264.282198 -200.425028
-276.083858 -189.488444
-273.039173 -179.015569
-271.628243 -181.318340
-278.798584 -192.759147
-285.534621 -173.495624
-289.311148 -173.044323
-284.718339 -167.143888
-276.787443 -171.112304
-296.393197 -162.669511
-307.574556 -158.629228
-298.115308 -160.589834
-302.688935 -155.780592
-306.961658 -145.556038
-303.760005 -150.824510
-306.432499 -148.126029
-309.592602 -138.718803
-317.050006 -121.884789
-309.623906 -136.179054
-320.599029 -133.960246
-315.667282 -127.795253
-326.393081 -104.669113
-327.758393 -103.286877
-326.337611 -114.435184
-328.099113 -120.665145
-332.049254 -88.934525
-337.578286 -89.141758
-335.317370 -94.435667
-340.936987 -85.932521
-341.258774 -67.465913
-343.264781 -66.027709
-347.979316 -60.461209
-342.160370 -65.904477
-341.807508 -44.595703
-346.816417 -41.967636
-347.780553 -40.870545
-353.646825 -46.936736
-355.689959 -22.774213
-348.267899 -18.454850
-355.942637 -22.154380
-353.847840 -20.630599
-359.387769 3.554715
-365.095458 6.070161
-353.378176 -1.026730
-364.441412 4.427744
-365.595847 30.679119
-356.963629 25.455623
-360.626081 30.542955
-358.922498 25.805405
-353.962922 52.158327
-361.256027 52.196489
-359.821840 54.320761
-363.728365 54.692394
-359.113926 75.021588
-358.024582 74.293450
-351.899097 78.132135
-362.346966 81.618048
-354.340404 94.308868
-357.700985 98.282889
-360.532825 100.995760
-362.308207 95.432196
-354.794819 122.234095
-351.004798 124.545563
-346.967242 118.895465
-354.902616 118.772292
-348.750124 145.068322
-345.763889 152.711633
-348.392616 144.967742
-350.630981 152.293053
-341.673936 166.150806
-335.865058 165.644917
-347.029738 165.703968
-344.288481 158.306391
-332.704210 185.772075
-328.638757 192.622916
-335.914556 178.292507
-323.049915 185.443544
-312.787068 206.426985
-324.479557 204.809277
-325.880060 203.853012
-319.632043 205.267811
-314.268395 221.714465
-318.950690 230.550803
-316.989977 222.137603
-310.692749 221.077769
-301.806343 241.971053
-303.036881 243.551322
-303.159317 244.660542
-308.261678 249.420220
-290.335498 261.497604
-291.153404 257.138030
-293.788669 271.161539
-293.967330 259.347849
-277.096675 273.999934
-278.984474 274.454645
-276.939919 275.277963
-278.343214 273.217999
-268.602502 295.304136
-265.980823 298.226285
-267.773641 299.427507
-265.524395 289.735841
-253.426533 306.124973
-256.227547 307.625954
-251.157413 307.165072
-249.677166 304.588203
-226.595116 323.213999
-227.924521 324.435269
-235.304133 321.220084
-232.235978 327.929136
-220.461231 332.465741
-224.215652 330.192602
-217.142761 335.349638
-212.829615 330.474628
-207.604946 342.649654
-202.485176 349.733345
-195.505716 348.698057
-199.849982 349.094953
-176.450237 363.603954
-185.432807 359.449231
-182.045714 357.470012
-185.495848 366.798432
-164.826934 367.593727
-166.119748 374.445633
-160.081018 366.279244
-167.486531 374.559362
-131.600920 379.008203
-133.398123 377.476875
-139.239293 381.350405
-132.654508 385.857233
-112.446693 388.136843
-122.375524 383.555942
-116.750392 386.028428
-121.796308 387.230311
-92.621646 391.248900
-87.894902 391.021941
-97.087576 396.375329
-95.857272 391.062730
-74.624578 403.086443
-68.467560 395.784531
-75.621904 396.619506
-79.625459 401.697416
-59.451071 395.567287
-62.240611 397.585404
-52.304340 407.014641
-58.025607 402.339580
-26.510628 401.799182
-35.539900 395.870540
-34.078112 404.141352
-29.946252 401.699598
-12.234843 412.946180
-13.645368 413.192495
-16.168528 407.307968
-16.749990 403.756416
7.977211 406.741691
11.028907 407.115355
9.997757 405.619129
17.030399 407.520785
35.953560 403.524705
34.070147 403.169381
31.846923 411.593495
30.776839 408.948675
54.961957 406.251215
53.070008 401.791046
51.999998 401.680614
60.398377 407.618882
70.224013 405.401821
75.341392 409.258639
79.464506 407.072096
72.930019 399.506958
90.423805 390.080049
92.945171 402.461157
92.676360 394.717825
94.467194 400.773373
116.552038 389.972320
112.907890 378.599628
118.722089 380.386134
113.103447 391.167670
146.674867 380.615850
136.851014 381.898106
145.929249 378.783378
134.549844 388.907870
155.276620 378.774877
157.490779 370.487949
156.609460 375.190699
163.606912 379.222204
172.803031 364.618130
181.064353 366.899387
173.407336 352.960536
177.166729 360.142347
202.777445 350.361372
200.233005 350.243403
195.513238 353.464197
194.827663 350.573305
205.010662 342.726287
209.581095 339.942132
211.781031 337.619062
210.004725 342.829739
227.745064 329.315439
232.352515 327.125510
221.901549 334.397440
223.266351 336.125035
244.770933 312.432839
244.370595 313.764709
244.742213 311.795958
249.450539 307.061032
265.024811 297.273026
265.336362 296.053439
258.065042 292.923160
266.345847 295.071236
281.743219 273.317044
277.222454 277.950295
284.431346 277.225945
276.700693 279.003157
284.739489 253.629777
292.177064 267.774535
288.859332 259.358322
299.249460 253.409145
299.247591 242.421302
313.535702 235.370379
312.165482 239.261756
305.015481 239.130490
59.927585 -379.686029
57.836552 -392.224095
51.499289 -383.208226
57.531046 -383.922345
81.383898 -382.274121
73.295224 -381.457584
75.467629 -386.583849
74.476337 -381.498331
96.582514 -390.351757
89.513270 -378.088503
87.457277 -378.873167
98.865600 -381.613084
110.934610 -378.141037
107.655518 -379.365504
104.137855 -381.575090
111.873376 -381.863524
129.165937 -389.079946
127.417686 -389.127651
133.430662 -380.407387
136.212813 -386.534005
143.713327 -377.709973
137.768415 -391.645153
153.453887 -381.494120
152.226540 -380.864723
149.638168 -371.966661
148.950212 -360.345975
142.327103 -370.348125
145.170620 -375.137113
143.752608 -349.009968
144.444114 -347.344183
149.220084 -342.464856
151.183963 -346.652032
137.863785 -336.993250
144.115877 -330.587513
145.024384 -331.047933
149.194674 -327.622923
145.764036 -311.551853
140.418344 -315.218314
153.162172 -312.071332
135.890377 -315.640334
137.948031 -287.641507
147.760215 -288.059923
143.390401 -288.057231
140.590612 -295.671506
161.928430 -284.046594
158.480727 -292.784330
157.914800 -285.121773
157.046292 -283.298203
177.269904 -283.391816
176.351713 -266.531266
183.504215 -282.564956
168.473652 -274.476867
195.506986 -264.986897
189.417272 -267.279344
195.211028 -272.958107
194.964699 -265.109258
213.461769 -243.518756
209.735517 -249.958272
218.938346 -252.858339
220.304664 -255.588056
233.051060 -239.336706
236.981250 -238.620837
230.365536 -237.715679
231.336480 -239.481377
243.943887 -222.174991
253.136660 -225.536369
255.188996 -225.956653
251.443584 -228.279175
270.090015 -216.512489
264.214954 -212.397140
272.657209 -213.128929
263.549919 -211.097175
273.487296 -202.497283
280.871921 -192.317613
280.486385 -200.896890
279.376058 -191.782072
287.352408 -173.312797
297.755489 -173.367473
291.012470 -185.764087
298.064834 -185.365990
305.840650 -158.341999
304.212656 -163.355070
304.265245 -164.805653
308.765141 -161.766327
321.639790 -139.231410
326.413876 -138.396138
322.626999 -138.428357
319.794054 -138.054502
328.031240 -121.893696
327.644297 -119.085545
334.753517 -126.160513
328.208407 -122.097182
342.249721 -104.331494
337.806192 -102.965490
338.608987 -101.475728
344.401968 -103.941573
342.398867 -82.659518
347.300087 -87.318430
352.712338 -84.245113
337.822976 -84.724597
351.161919 -62.971952
343.277570 -63.349879
348.699395 -59.705739
351.910773 -67.583873
351.194858 -41.039127
361.009090 -44.876457
350.595270 -42.595156
355.709620 -39.668636
366.297029 -18.735497
359.595276 -21.531557
363.997282 -26.245768
369.667495 -19.732465
371.477357 7.482481
363.720069 10.426644
370.265720 12.185988
362.718059 4.895900
369.041895 22.812252
359.441848 31.252896
357.280639 24.861175
364.967534 26.866793
362.098522 54.104240
364.926749 50.106631
365.765301 52.489201
371.310933 53.398028
363.839191 71.054065
365.593747 67.680255
357.424461 65.642330
361.752605 60.396941
358.978451 86.773876
362.423563 93.096131
361.464847 96.882924
364.253331 93.543776
363.484819 111.524158
351.819204 113.133116
367.634426 108.721035
365.637124 105.736313
350.933558 139.849292
354.150994 142.181199
359.363807 128.726095
354.899869 132.642891
345.829805 159.601148
346.003073 156.974917
343.900019 162.034440
349.511599 150.855248
340.948455 172.629913
338.823132 176.959795
335.968755 175.531974
334.209549 179.453870
330.742440 197.703783
328.507929 194.370073
334.553280 197.753146
330.127954 202.117646
319.501066 219.505951
317.887672 219.254701
322.022100 216.594825
318.433276 228.842234
-33.607493 -370.215161
-33.648042 -368.811877
-35.928043 -364.312115
-41.473506 -369.531275
-34.503300 -350.527348
-36.111422 -349.429280
-35.862501 -350.087264
-34.779655 -355.274303
-34.203570 -341.452645
-35.228436 -337.253160
-33.758078 -331.018964
-32.561130 -332.769158
-27.932013 -316.859455
-44.467639 -315.905766
-37.436679 -313.941413
-38.087724 -318.631097
-40.308891 -295.305963
-35.461334 -287.570229
-34.429998 -297.396802
-43.199310 -298.319968
-45.946253 -280.461885
-36.668963 -272.776151
-37.634317 -275.078098
-39.688466 -272.029401
-38.134788 -248.165022
-37.362806 -257.867883
-36.579610 -253.930986
-38.717117 -263.156970
-38.479918 -239.925975
-40.282357 -238.007905
-36.118392 -246.070523
-37.982156 -236.970896
-39.355888 -215.519439
-38.369387 -211.371603
-38.075397 -217.224290
-40.285584 -212.830088
53.697166 -356.163688
56.216919 -373.570821
59.739819 -361.910345
56.039249 -367.144983
54.698583 -344.055120
57.162024 -338.729328
50.668489 -342.386957
51.782290 -341.543422
53.257066 -327.297048
54.464543 -330.750364
54.916064 -335.710728
56.453121 -329.678115
49.128568 -313.753411
52.127176 -303.579853
51.870694 -315.426856
57.061458 -318.811803
56.575260 -305.121379
55.952191 -289.664462
50.833244 -294.271363
52.073694 -300.702062
51.002296 -278.432321
54.527539 -286.858602
56.101623 -279.796712
55.683697 -276.979599
55.631907 -257.840481
50.922826 -254.881634
42.826477 -261.929652
52.886111 -261.192655
52.715399 -250.182244
52.606988 -241.169088
48.596726 -247.886055
51.547763 -240.334576
50.803036 -220.225927
48.921731 -213.950114
51.701628 -225.191850
47.800714 -224.873159
72.155303 -215.183582
65.113312 -214.200826
64.685196 -213.486057
62.331549 -207.823956
83.826718 -203.754759
88.755692 -205.522144
80.964572 -202.418429
75.994396 -206.414051
94.694446 -196.772940
103.564145 -207.067790
96.638191 -193.036085
103.983787 -199.670298
121.336935 -192.985732
125.652139 -191.230586
128.575850 -185.825994
121.059337 -182.657385
143.395583 -179.231267
147.883761 -172.365539
141.888934 -180.562311
139.172127 -180.261629
158.648469 -166.290021
159.289178 -164.899694
158.657746 -165.431482
160.623411 -174.128863
166.851770 -154.572306
166.735350 -153.162726
172.736886 -155.990244
166.408890 -162.145542
187.068068 -143.451048
189.012430 -145.740603
186.208206 -141.851758
187.468958 -143.354964
202.013684 -121.524011
199.773307 -127.482271
201.881996 -125.786394
202.342808 -130.737168
219.020972 -103.902118
213.125989 -103.274395
213.013667 -111.242103
214.531251 -109.300693
221.364578 -93.407518
226.273752 -90.090475
220.938094 -89.007661
230.292371 -91.175336
232.770543 -83.714128
236.382383 -79.542375
230.461449 -77.181942
234.311895 -84.743383
237.701161 -65.907158
238.682681 -66.755533
247.903782 -66.649566
240.722729 -66.908774
250.755607 -52.161455
248.463455 -49.197317
247.058596 -49.661550
247.002928 -47.744345
248.772558 -23.054124
252.994248 -28.059348
252.460079 -26.478434
255.511984 -24.885719
248.849276 -7.069917
256.910398 -14.794542
265.017736 -8.933238
260.455251 -15.918211
263.165109 15.249558
260.885034 21.115576
260.218976 12.643410
262.254061 16.535773
263.059550 35.247543
264.717145 29.325099
265.254683 27.698062
269.037345 42.419731
261.360738 59.009972
262.359101 60.027520
261.189003 60.820282
258.804355 58.495704
258.631963 80.032482
260.774132 82.568033
264.826780 88.675416
252.346067 78.764499
258.895717 102.651203
261.437365 96.584350
253.045718 101.585302
251.688393 105.160703
248.231435 125.202972
243.246320 126.356904
246.591520 122.059888
251.541631 126.621593
242.936562 145.891127
247.663878 141.215012
238.901275 140.715909
251.158228 142.635901
234.745655 171.509818
235.631944 164.994423
230.643023 168.638876
234.050788 165.058510
216.354132 181.632289
220.817116 185.648428
227.815684 181.959006
222.865223 181.442660
213.182660 200.892397
212.912684 191.455920
209.151371 190.979598
216.309630 193.608424
198.401200 212.615997
204.549066 211.149165
206.073559 204.625844
206.496187 217.101196
189.134561 230.256150
195.082594 222.719378
189.912313 226.686585
187.236589 230.254675
171.493102 239.880580
172.778953 232.591965
167.189400 238.914885
168.798121 246.329350
151.020526 248.844033
152.444478 256.978788
153.181042 255.692500
154.236668 256.599214
136.249752 266.049528
136.994384 265.811361
136.121261 266.155221
137.189181 265.153556
119.177572 276.608225
114.421887 278.988711
117.794011 267.974662
116.885428 275.778364
95.844172 287.783578
87.346840 288.403358
94.021387 285.880840
95.719258 287.376971
71.847310 294.369579
74.385973 293.274109
68.820914 297.853766
75.040092 297.379294
49.105530 299.860767
44.195765 301.936136
49.213058 293.457686
55.225280 301.955230
25.035776 303.644081
21.707871 302.420155
20.463467 299.657432
32.094769 300.866252
-0.178183 300.756553
11.692305 300.673875
9.640566 305.860974
9.360757 302.821653
-20.048537 298.360699
-15.499644 300.319736
-22.971076 301.526751
-12.734272 309.202917
-44.631756 297.452688
-38.544061 295.905874
-47.799419 297.239916
-42.261551 292.670503
-69.745430 293.998824
-66.631610 297.090902
-72.671005 286.092254
-76.416749 291.371002
-58.854692 -212.031937
-57.603882 -218.985995
-55.973908 -211.072999
-56.010200 -212.976941
-81.772622 -211.046085
-77.020119 -205.054169
-76.775878 -205.008803
-76.214135 -206.155613
-95.631393 -189.393679
-101.012260 -188.826411
-97.937585 -198.066056
-91.957555 -192.391495
-124.344132 -188.147623
-122.773881 -186.949636
-123.998981 -187.706645
-118.026508 -193.439176
-140.055629 -174.511159
-134.957599 -165.559903
-139.322292 -179.364926
-136.119203 -177.794610
-168.390614 -160.688868
-153.927318 -159.591717
-162.260890 -154.248218
-168.020409 -152.457028
-172.995897 -141.709664
-179.566872 -146.031314
-175.931858 -145.656562
-177.151636 -135.108199
-197.535633 -128.215917
-202.038718 -123.433430
-194.030126 -127.702562
-193.897667 -130.313912
-203.916840 -113.148829
-198.583561 -109.733447
-200.153963 -108.937308
-205.919144 -109.697222
-216.441026 -88.906545
-216.042184 -96.011383
-212.613974 -101.248017
-217.029940 -95.626151
-232.524798 -71.863300
-224.863668 -81.603316
-229.830686 -74.013168
-227.055567 -77.591301
-236.705752 -54.497834
-235.393192 -56.100787
-236.147639 -53.781013
-238.273024 -50.045035
-245.469807 -28.366165
-242.587373 -32.898164
-245.383503 -32.070654
-240.323231 -38.386297
-246.719413 -10.755267
-251.020761 -7.547632
-245.003116 3.477776
-252.940526 -1.957056
-254.756835 22.976028
-252.942834 21.988314
-256.725736 26.262139
-260.231513 23.592662
-263.493895 48.218784
-247.420601 48.930012
-250.944058 53.225997
-257.586228 45.025216
-257.679161 71.174209
-249.570957 65.825332
-252.952835 67.704553
-255.204590 71.737324
-248.661936 83.892872
-252.003351 91.881252
-253.889983 97.185826
-244.671525 95.394249
-246.364709 110.329157
-246.070243 113.670773
-248.460089 121.082704
-250.877406 116.156668
-240.966930 133.311993
-240.187519 132.745010
-234.396024 133.650014
-237.707818 133.770631
-221.190574 151.851488
-225.116875 156.912611
-234.083885 155.247372
-227.697454 154.770332
-217.552631 169.127863
-209.407532 176.674952
-213.755220 183.472986
-211.401729 183.426154
-212.441338 192.846585
-208.677258 190.461313
-204.841482 187.438235
-200.546058 192.991636
-191.947781 203.465652
-195.270890 214.113054
-190.721949 216.110567
-198.083837 208.143208
-179.644264 227.727124
-184.988297 219.504040
-182.151066 230.869858
-176.263402 217.715013
-162.070020 243.416388
-171.219013 242.562032
-167.067510 239.031831
-165.823675 238.375382
-150.044667 250.047469
-149.397072 250.283929
-143.867542 248.828782
-145.832198 247.424944
-129.306954 266.559625
-136.661402 264.630835
-130.240138 265.474516
-131.651779 258.648301
-106.369301 274.290847
-102.367195 271.363011
-103.223423 275.877899
-109.914521 275.403694
-93.020281 282.537560
-91.074860 274.857607
-89.092484 276.458395
-89.779770 275.280819
-103.082460 -349.768387
-96.884712 -346.154839
-99.854020 -356.870181
-94.485676 -354.462980
-89.306616 -363.109822
-94.628648 -370.406959
-95.455886 -364.521297
-93.972534 -360.533947
-76.246443 -363.502567
-80.679168 -356.757025
-74.232709 -363.644412
-75.164671 -358.355729
-61.892363 -355.982582
-63.528382 -356.236611
-65.481454 -353.385479
-60.444819 -356.879724
-59.524644 -346.610255
-59.589324 -339.388054
-64.268481 -344.780865
-57.963047 -346.044160
-102.062562 -335.753725
-100.880028 -342.248312
-106.750140 -330.025459
-101.325032 -336.566348
-95.664760 -321.626866
-92.395046 -329.569991
-98.903564 -325.771115
-90.777471 -328.149948
-81.016399 -319.856860
-78.408514 -318.245317
-75.581236 -321.504474
-88.884239 -317.788728
-72.641399 -317.579179
-67.037108 -322.338216
-59.529895 -322.261687
-72.100375 -315.021076
-59.705570 -333.305114
-66.115240 -332.444321
-62.908723 -336.463119
-56.261659 -332.370034
85.631432 -354.070860
88.773239 -355.727735
86.308049 -355.301200
94.385274 -363.512047
105.536392 -366.658597
112.325652 -363.942596
103.437778 -359.711105
102.998966 -361.005879
121.464191 -356.240597
116.446845 -351.589472
106.735065 -356.248528
115.652659 -354.560677
117.628133 -340.151869
120.416746 -346.897021
130.223913 -347.229876
126.050535 -344.689001
128.742189 -330.566137
123.175199 -337.864001
119.355545 -338.571764
114.305338 -328.866975
77.332546 -348.734404
80.934880 -354.274199
87.378286 -351.219409
79.068788 -349.844669
69.465399 -331.104824
71.690732 -326.023776
77.431658 -342.350618
87.126577 -334.540576
82.549929 -327.927859
76.515994 -320.954187
78.765008 -322.938936
89.008115 -324.686241
96.393601 -309.736301
103.861936 -311.955475
98.197189 -317.433502
99.746682 -318.194812
104.951954 -325.021330
113.857713 -320.013389
112.806102 -323.225747
104.170882 -315.283205
